0 0 0 0
0.00416667 0 0 0
0.00833333 0 0 0
0.0125 0 0 0
0.0166667 0 0 0
0.0208333 0 0 0
0.025 0 0 0
0.0291667 0 0 0
0.0333333 0 0 0
0.0375 0 0 0
0.0416667 0 0 0
0.0458333 0 0 0
0.05 0 0 0
0.0541667 0 0 0
0.0583333 0 0 0
0.0625 0 0 0
0.0666667 0 0 0
0.0708333 0 0 0
0.075 0 0 0
0.0791667 0 0 0
0.0833333 0 0 0
0.0875 0 0 0
0.0916667 0 0 0
0.0958333 0 0 0
0.1 0 0 0
0.104167 0 0 0
0.108333 0 0 0
0.1125 0 0 0
0.116667 0 0 0
0.120833 0 0 0
0.125 0 0 0
0.129167 0 0 0
0.133333 0 0 0
0.1375 0 0 0
0.141667 0 0 0
0.145833 0 0 0
0.15 0 0 0
0.154167 0 0 0
0.158333 0 0 0
0.1625 0 0 0
0.166667 0 0 0
0.170833 0 0 0
0.175 0 0 0
0.179167 0 0 0
0.183333 0 0 0
0.1875 0 0 0
0.191667 0 0 0
0.195833 0 0 0
0.2 0 0 0
0.204167 0 0 0
0.208333 0 0 0
0.2125 0 0 0
0.216667 0 0 0
0.220833 -7.48015e-321 1.18576e-322 1.96826e-319
0.225 -2.01e-317 7.64833e-319 5.05494e-316
0.229167 -4.52812e-314 1.71953e-315 1.11753e-312
0.233333 -8.83814e-311 3.33775e-312 2.14131e-309
0.2375 -1.50217e-307 5.62321e-309 3.57404e-306
0.241667 -2.23395e-304 8.26383e-306 5.22123e-303
0.245833 -2.92004e-301 1.06441e-302 6.7063e-300
0.25 -3.36928e-298 1.20705e-299 7.606e-297
0.254167 -3.44585e-295 1.21026e-296 7.64832e-294
0.258333 -3.13586e-292 1.07727e-293 6.8454e-291
0.2625 -2.54875e-289 8.54547e-291 5.47343e-288
0.266667 -1.85671e-286 6.06311e-288 3.92355e-285
0.270833 -1.21638e-283 3.86111e-285 2.52997e-282
0.275 -7.18943e-281 2.21423e-282 1.47218e-279
0.279167 -3.84554e-278 1.14709e-279 7.75439e-277
0.283333 -1.86694e-275 5.38438e-277 3.70802e-274
0.2875 -8.24956e-273 2.29661e-274 1.61422e-271
0.291667 -3.32678e-270 8.92562e-272 6.41457e-269
0.295833 -1.22751e-267 3.16899e-269 2.33278e-266
0.3 -4.15437e-265 1.03044e-266 7.78294e-264
0.304167 -1.29266e-262 3.0759e-264 2.38782e-261
0.308333 -3.70638e-260 8.44824e-262 6.75191e-259
0.3125 -9.8139e-258 2.13968e-259 1.76344e-256
0.316667 -2.40473e-255 5.00759e-257 4.2629e-254
0.320833 -5.46379e-253 1.08511e-254 9.55718e-252
0.325 -1.15335e-250 2.18126e-252 1.99098e-249
0.329167 -2.26605e-248 4.07503e-250 3.86118e-247
0.333333 -4.15142e-246 7.08762e-248 6.98328e-245
0.3375 -7.10368e-244 1.14959e-245 1.17986e-242
0.341667 -1.13723e-241 1.74162e-243 1.86528e-240
0.345833 -1.70602e-239 2.46829e-241 2.7637e-238
0.35 -2.40189e-237 3.27719e-239 3.8436e-236
0.354167 -3.17834e-235 4.08202e-237 5.02486e-234
0.358333 -3.95863e-233 4.77627e-235 6.18396e-232
0.3625 -4.64711e-231 5.25638e-233 7.17402e-230
0.366667 -5.14865e-229 5.44732e-231 7.85574e-228
0.370833 -5.39054e-227 5.32183e-229 8.13012e-226
0.375 -5.33998e-225 4.90649e-227 7.96213e-224
0.379167 -5.01113e-223 4.27299e-225 7.3876e-222
0.383333 -4.45988e-221 3.51824e-223 6.50162e-220
0.3875 -3.76869e-219 2.7409e-221 5.43338e-218
0.391667 -3.02697e-217 2.02177e-219 4.31636e-216
0.395833 -2.3133e-215 1.41281e-217 3.26303e-214
0.4 -1.68386e-213 9.35705e-216 2.34975e-212
0.404167 -1.16857e-211 5.87489e-214 1.6134e-210
0.408333 -7.73916e-210 3.49687e-212 1.05731e-208
0.4125 -4.89584e-208 1.97272e-210 6.61908e-207
0.416667 -2.96103e-206 1.05407e-208 3.96205e-205
0.420833 -1.71364e-204 5.32809e-207 2.26958e-203
0.425 -9.49779e-203 2.54266e-205 1.2452e-201
0.429167 -5.04556e-201 1.14178e-203 6.54874e-200
0.433333 -2.57113e-199 4.79847e-202 3.30404e-198
0.4375 -1.25778e-197 1.87003e-200 1.60042e-196
0.441667 -5.91117e-196 6.64536e-199 7.44824e-195
0.445833 -2.67085e-194 2.07999e-197 3.33285e-193
0.45 -1.16102e-192 5.24132e-196 1.43493e-191
0.454167 -4.85897e-191 7.03187e-195 5.94832e-190
0.458333 -1.95909e-189 -2.65948e-193 2.37574e-188
0.4625 -7.61474e-188 -2.87926e-191 9.14806e-187
0.466667 -2.85512e-186 -1.59395e-189 3.39829e-185
0.470833 -1.03333e-184 -6.49151e-188 1.21862e-183
0.475 -3.61218e-183 -1.78299e-186 4.22107e-182
0.479167 -1.22039e-181 3.49478e-186 1.41319e-180
0.483333 -3.98778e-180 5.14444e-183 4.5761e-179
0.4875 -1.26127e-178 4.99238e-181 1.43428e-177
0.491667 -3.86507e-177 3.5889e-179 4.35534e-176
0.495833 -1.14916e-175 2.25068e-177 1.28292e-174
0.5 -3.32188e-174 1.29694e-175 3.67268e-173
0.504167 -9.36772e-173 7.02381e-174 1.02485e-171
0.508333 -2.59146e-171 3.61556e-172 2.80132e-170
0.5125 -7.09627e-170 1.77993e-170 7.56044e-169
0.516667 -1.95009e-168 8.41019e-169 2.03982e-167
0.520833 -5.47828e-167 3.82242e-167 5.59764e-166
0.525 -1.60489e-165 1.67352e-165 1.59379e-164
0.529167 -4.97126e-164 7.06542e-164 4.78457e-163
0.533333 -1.62889e-162 2.87875e-162 1.52079e-161
0.5375 -5.57118e-161 1.13271e-160 5.06663e-160
0.541667 -1.94978e-159 4.30661e-159 1.73623e-158
0.545833 -6.85247e-158 1.58302e-157 6.00191e-157
0.55 -2.38477e-156 5.62841e-156 2.06128e-155
0.554167 -8.1441e-155 1.93662e-154 6.96159e-154
0.558333 -2.71454e-153 6.45145e-153 2.2978e-152
0.5625 -8.80456e-152 2.08172e-151 7.38623e-151
0.566667 -2.77464e-150 6.50914e-150 2.30798e-149
0.570833 -8.48956e-149 1.97309e-148 7.00413e-148
0.575 -2.52142e-147 5.80058e-147 2.06368e-146
0.579167 -7.26942e-146 1.65451e-145 5.90313e-145
0.583333 -2.03484e-144 4.58054e-144 1.63961e-143
0.5875 -5.53162e-143 1.23134e-142 4.42308e-142
0.591667 -1.46083e-141 3.21525e-141 1.15921e-140
0.595833 -3.74898e-140 8.15815e-140 2.9525e-139
0.6 -9.35281e-139 2.01217e-138 7.31064e-138
0.604167 -2.269e-137 4.82598e-137 1.76037e-136
0.608333 -5.3547e-136 1.12592e-135 4.12367e-135
0.6125 -1.22968e-134 2.55608e-134 9.40022e-134
0.616667 -2.74883e-133 5.64853e-133 2.08598e-132
0.620833 -5.98333e-132 1.21543e-131 4.50756e-131
0.625 -1.26858e-130 2.54739e-130 9.48788e-130
0.629167 -2.62063e-129 5.202e-129 1.94594e-128
0.633333 -5.27644e-128 1.03535e-127 3.89004e-127
0.6375 -1.03575e-126 2.00898e-126 7.58186e-126
0.641667 -1.98279e-125 3.80159e-125 1.44119e-124
0.645833 -3.7028e-124 7.01748e-124 2.67249e-123
0.65 -6.74746e-123 1.264e-122 4.83596e-122
0.654167 -1.20012e-121 2.2222e-121 8.54167e-121
0.658333 -2.08405e-120 3.81423e-120 1.47304e-119
0.6625 -3.53429e-119 6.39348e-119 2.48093e-118
0.666667 -5.85493e-118 1.04686e-117 4.08183e-117
0.670833 -9.47719e-117 1.67482e-116 6.56221e-116
0.675 -1.49929e-115 2.61874e-115 1.03112e-114
0.679167 -2.31872e-114 4.00281e-114 1.58394e-113
0.683333 -3.50649e-113 5.98264e-113 2.37928e-112
0.6875 -5.18637e-112 8.74542e-112 3.49569e-111
0.691667 -7.5045e-111 1.25063e-110 5.02462e-110
0.695833 -1.06255e-109 1.75001e-109 7.06734e-109
0.7 -1.47246e-108 2.39669e-108 9.72948e-108
0.704167 -1.99757e-107 3.21322e-107 1.3113e-106
0.708333 -2.6535e-106 4.21815e-106 1.73055e-105
0.7125 -3.45213e-105 5.4231e-105 2.23683e-104
0.716667 -4.39946e-104 6.82983e-104 2.83229e-103
0.720833 -5.49345e-103 8.42752e-103 3.5139e-102
0.725 -6.72222e-102 1.01907e-101 4.27244e-101
0.729167 -8.06285e-101 1.20785e-100 5.09194e-100
0.733333 -9.48111e-100 1.40349e-99 5.94974e-99
0.7375 -1.09322e-98 1.5991e-98 6.81714e-98
0.741667 -1.23628e-97 1.78689e-97 7.66089e-97
0.745833 -1.37141e-96 1.95864e-96 8.44519e-96
0.75 -1.49258e-95 2.10633e-95 9.13424e-95
0.754167 -1.59407e-94 2.22276e-94 9.69497e-94
0.758333 -1.67092e-93 2.30213e-93 1.00997e-92
0.7625 -1.71931e-92 2.34052e-92 1.03284e-91
0.766667 -1.73692e-91 2.33623e-91 1.03704e-90
0.770833 -1.72307e-90 2.28988e-90 1.02251e-89
0.775 -1.6788e-89 2.20433e-89 9.90196e-89
0.779167 -1.60671e-88 2.08437e-88 9.4195e-88
0.783333 -1.51073e-87 1.93634e-87 8.80352e-87
0.7875 -1.39578e-86 1.76751e-86 8.08491e-86
0.791667 -1.26734e-85 1.58557e-85 7.29711e-85
0.795833 -1.13105e-84 1.39803e-84 6.47366e-84
0.8 -9.92319e-84 1.21178e-83 5.64595e-83
0.804167 -8.55977e-83 1.03268e-82 4.84145e-82
0.808333 -7.26069e-82 8.65385e-82 4.08253e-81
0.8125 -6.05705e-81 7.13207e-81 3.38578e-80
0.816667 -4.97018e-80 5.78157e-80 2.76202e-79
0.820833 -4.01209e-79 4.61062e-79 2.21661e-78
0.825 -3.18652e-78 3.61755e-78 1.75029e-77
0.829167 -2.4904e-77 2.79301e-77 1.36001e-76
0.833333 -1.9155e-76 2.1222e-76 1.04003e-75
0.8375 -1.45015e-75 1.58714e-75 7.82846e-75
0.841667 -1.08073e-74 1.16846e-74 5.8008e-74
0.845833 -7.92956e-74 8.46906e-74 4.23189e-73
0.85 -5.72879e-73 6.04414e-73 3.03998e-72
0.854167 -4.07577e-72 4.2478e-72 2.15054e-71
0.858333 -2.8559e-71 2.94018e-71 1.49837e-70
0.8625 -1.97112e-70 2.00456e-70 1.02833e-69
0.866667 -1.3402e-69 1.34631e-69 6.95252e-69
0.870833 -8.9776e-69 8.90849e-69 4.6312e-68
0.875 -5.92566e-68 5.80823e-68 3.03974e-67
0.879167 -3.8543e-67 3.73175e-67 1.96616e-66
0.883333 -2.47078e-66 2.36296e-66 1.25339e-65
0.8875 -1.56116e-65 1.47477e-65 7.87567e-65
0.891667 -9.72374e-65 9.07312e-65 4.87826e-64
0.895833 -5.97082e-64 5.50304e-64 2.97896e-63
0.9 -3.61489e-63 3.29082e-63 1.79362e-62
0.904167 -2.15804e-62 1.94047e-62 1.06489e-61
0.908333 -1.27049e-61 1.12837e-61 6.23495e-61
0.9125 -7.3768e-61 6.47111e-61 3.60042e-60
0.916667 -4.2247e-60 3.66044e-60 2.05073e-59
0.920833 -2.38668e-59 2.04246e-59 1.15223e-58
0.925 -1.33015e-58 1.12429e-58 6.38682e-58
0.929167 -7.31406e-58 6.10592e-58 3.49289e-57
0.933333 -3.96829e-57 3.27195e-57 1.88486e-56
0.9375 -2.12459e-56 1.73015e-56 1.0037e-55
0.941667 -1.12256e-55 9.02862e-56 5.27466e-55
0.945833 -5.85391e-55 4.65002e-55 2.73585e-54
0.95 -3.01313e-54 2.36385e-54 1.40065e-53
0.954167 -1.53096e-53 1.18619e-53 7.07856e-53
0.958333 -7.6792e-53 5.87612e-53 3.5316e-52
0.9625 -3.80286e-52 2.87386e-52 1.73958e-51
0.966667 -1.85944e-51 1.38775e-51 8.4605e-51
0.970833 -8.97762e-51 6.61697e-51 4.06314e-50
0.975 -4.28039e-50 3.11563e-50 1.92696e-49
0.979167 -2.01549e-49 1.44878e-49 9.02527e-49
0.983333 -9.3731e-49 6.65361e-49 4.17501e-48
0.9875 -4.3055e-48 3.01818e-48 1.90764e-47
0.991667 -1.95358e-47 1.35237e-47 8.61003e-47
0.995833 -8.75666e-47 5.986e-47 3.83896e-46
1 -3.87768e-46 2.61758e-46 1.69104e-45
1.00417 -1.69654e-45 1.13087e-45 7.35957e-45
1.00833 -7.33398e-45 4.82733e-45 3.16475e-44
1.0125 -3.13278e-44 2.03613e-44 1.34475e-43
1.01667 -1.32239e-43 8.48669e-44 5.64658e-43
1.02083 -5.51645e-43 3.49568e-43 2.34315e-42
1.025 -2.27433e-42 1.42303e-42 9.60971e-42
1.02917 -9.2676e-42 5.7254e-42 3.89532e-41
1.03333 -3.73274e-41 2.27687e-41 1.56071e-40
1.0375 -1.48614e-40 8.95019e-41 6.18124e-40
1.04167 -5.84909e-40 3.47788e-40 2.42006e-39
1.04583 -2.27581e-39 1.336e-39 9.36691e-39
1.05 -8.75446e-39 5.07382e-39 3.58436e-38
1.05417 -3.32958e-38 1.90511e-38 1.35611e-37
1.05833 -1.2521e-37 7.07272e-38 5.07303e-37
1.0625 -4.65587e-37 2.59629e-37 1.87652e-36
1.06667 -1.71197e-36 9.4242e-37 6.86391e-36
1.07083 -6.22513e-36 3.38283e-36 2.48282e-35
1.075 -2.2386e-35 1.20083e-35 8.8817e-35
1.07917 -7.96162e-35 4.21566e-35 3.14227e-34
1.08333 -2.80055e-34 1.46371e-34 1.09953e-33
1.0875 -9.74365e-34 5.02654e-34 3.80543e-33
1.09167 -3.35317e-33 1.70736e-33 1.30273e-32
1.09583 -1.14147e-32 5.73645e-33 4.41145e-32
1.1 -3.84383e-32 1.90651e-32 1.47774e-31
1.10417 -1.28049e-31 6.26802e-32 4.8969e-31
1.10833 -4.22002e-31 2.03862e-31 1.60536e-30
1.1125 -1.37593e-30 6.55947e-31 5.20672e-30
1.11667 -4.43856e-30 2.08808e-30 1.67076e-29
1.12083 -1.41665e-29 6.57637e-30 5.30445e-29
1.125 -4.4738e-29 2.04928e-29 1.66631e-28
1.12917 -1.39797e-28 6.31838e-29 5.17933e-28
1.13333 -4.32255e-28 1.92759e-28 1.59299e-27
1.1375 -1.32257e-27 5.81889e-28 4.84822e-27
1.14167 -4.00451e-27 1.73819e-27 1.46016e-26
1.14583 -1.19989e-26 5.13803e-27 4.35187e-26
1.15 -3.55804e-26 1.50297e-26 1.28358e-25
1.15417 -1.04416e-25 4.35084e-26 3.74676e-25
1.15833 -3.03267e-25 1.24645e-25 1.08239e-24
1.1625 -8.71756e-25 3.53397e-25 3.09469e-24
1.16667 -2.4802e-24 9.91633e-25 8.75728e-24
1.17083 -6.98412e-24 2.7539e-24 2.45272e-23
1.175 -1.94661e-23 7.56941e-24 6.79931e-23
1.17917 -5.37032e-23 2.05922e-23 1.86564e-22
1.18333 -1.4665e-22 5.5447e-23 5.06694e-22
1.1875 -3.964e-22 1.47773e-22 1.36216e-21
1.19167 -1.06063e-21 3.89818e-22 3.62476e-21
1.19583 -2.80918e-21 1.01785e-21 9.54795e-21
1.2 -7.36525e-21 2.63067e-21 2.48958e-20
1.20417 -1.91159e-20 6.73001e-21 6.42587e-20
1.20833 -4.91141e-20 1.70426e-20 1.64186e-19
1.2125 -1.24919e-19 4.27202e-20 4.15278e-19
1.21667 -3.14532e-19 1.06001e-19 1.0398e-18
1.22083 -7.84007e-19 2.60356e-19 2.57733e-18
1.225 -1.93463e-18 6.3301e-19 6.32417e-18
1.22917 -4.72611e-18 1.52349e-18 1.53622e-17
1.23333 -1.14297e-17 3.62958e-18 3.6942e-17
1.2375 -2.73653e-17 8.55973e-18 8.79442e-17
1.24167 -6.48627e-17 1.99826e-17 2.07259e-16
1.24583 -1.52203e-16 4.61773e-17 4.8355e-16
1.25 -3.53576e-16 1.05631e-16 1.11684e-15
1.25417 -8.13156e-16 2.39185e-16 2.55362e-15
1.25833 -1.85138e-15 5.36113e-16 5.78015e-15
1.2625 -4.17297e-15 1.18947e-15 1.2952e-14
1.26667 -9.31151e-15 2.61228e-15 2.87307e-14
1.27083 -2.05692e-14 5.67873e-15 6.30902e-14
1.275 -4.49813e-14 1.22191e-14 1.37145e-13
1.27917 -9.73776e-14 2.60241e-14 2.95117e-13
1.28333 -2.08686e-13 5.48598e-14 6.28636e-13
1.2875 -4.42717e-13 1.14463e-13 1.32552e-12
1.29167 -9.29721e-13 2.36371e-13 2.76661e-12
1.29583 -1.93269e-12 4.83098e-13 5.71577e-12
1.3 -3.97692e-12 9.77173e-13 1.16884e-11
1.30417 -8.10018e-12 1.9561e-12 2.36582e-11
1.30833 -1.63304e-11 3.87506e-12 4.73957e-11
1.3125 -3.25864e-11 7.59655e-12 9.39753e-11
1.31667 -6.43582e-11 1.47363e-11 1.84413e-10
1.32083 -1.25801e-10 2.82862e-11 3.58146e-10
1.325 -2.43365e-10 5.37222e-11 6.88332e-10
1.32917 -4.65922e-10 1.0095e-10 1.30915e-09
1.33333 -8.8273e-10 1.87674e-10 2.46385e-09
1.3375 -1.65495e-09 3.45162e-10 4.5883e-09
1.34167 -3.07015e-09 6.27969e-10 8.45435e-09
1.34583 -5.63549e-09 1.1301e-09 1.54125e-08
1.35 -1.02347e-08 2.01155e-09 2.77977e-08
1.35417 -1.83894e-08 3.54114e-09 4.95973e-08
1.35833 -3.26873e-08 6.1648e-09 8.75367e-08
1.3625 -5.74752e-08 1.06126e-08 1.52818e-07
1.36667 -9.99631e-08 1.80636e-08 2.63865e-07
1.37083 -1.71958e-07 3.03967e-08 4.50578e-07
1.375 -2.92548e-07 5.05639e-08 7.60863e-07
1.37917 -4.92176e-07 8.31371e-08 1.27042e-06
1.38333 -8.18756e-07 1.35093e-07 2.09727e-06
1.3875 -1.34665e-06 2.1692e-07 3.42277e-06
1.39167 -2.18967e-06 3.44135e-07 5.52166e-06
1.39583 -3.51943e-06 5.39329e-07 8.80397e-06
1.4 -5.59096e-06 8.34832e-07 1.38723e-05
1.40417 -8.77735e-06 1.27611e-06 2.15983e-05
1.40833 -1.36158e-05 1.92589e-06 3.32224e-05
1.4125 -2.08673e-05 2.86905e-06 5.0479e-05
1.41667 -3.15906e-05 4.21799e-06 7.5751e-05
1.42083 -4.72335e-05 6.11822e-06 0.00011225
1.425 -6.97366e-05 8.75336e-06 0.000164217
1.42917 -0.00010165 1.23487e-05 0.000237135
1.43333 -0.000146251 1.71719e-05 0.000337925
1.4375 -0.000207653 2.35291e-05 0.000475104
1.44167 -0.000290883 3.17542e-05 0.000658849
1.44583 -0.000401908 4.21895e-05 0.000900925
1.45 -0.00054757 5.51555e-05 0.0012144
1.45417 -0.000735399 7.0908e-05 0.00161311
1.45833 -0.000973263 8.9584e-05 0.00211071
1.4625 -0.00126882 0.000111136 0.00271947
1.46667 -0.00162878 0.000135258 0.00344856
1.47083 -0.00205787 0.000161322 0.00430201
1.475 -0.00255773 0.000188308 0.00527654
1.47917 -0.00312562 0.000214779 0.0063592
1.48333 -0.00375315 0.000238884 0.00752538
1.4875 -0.00442521 0.000258415 0.00873744
1.49167 -0.00511929 0.000270933 0.00994429
1.49583 -0.00580541 0.000273965 0.0110825
1.5 -0.00644687 0.000265256 0.012079
1.50417 -0.00700204 0.000243077 0.0128558
1.50833 -0.00742709 0.000206529 0.0133364
1.5125 -0.00767975 0.000155825 0.0134535
1.51667 -0.00772359 9.247e-05 0.013157
1.52083 -0.00753259 1.93008e-05 0.0124215
1.525 -0.00709506 -5.96634e-05 0.0112521
1.52917 -0.00641644 -0.000139581 0.00968644
1.53333 -0.00552021 -0.000215342 0.00779286
1.5375 -0.00444622 -0.00028226 0.00566371
1.54167 -0.00324656 -0.000336803 0.00340409
1.54583 -0.00197899 -0.000377244 0.00111743
1.55 -0.000698759 -0.000404078 -0.00111012
1.55417 0.000549891 -0.000420095 -0.00322379
1.55833 0.00174108 -0.000430036 -0.0052098
1.5625 0.00287192 -0.00043982 -0.00709813
1.56667 0.00396311 -0.000455444 -0.00895672
1.57083 0.00505484 -0.000481718 -0.0108774
1.575 0.00619825 -0.000521085 -0.0129552
1.57917 0.00744352 -0.000572747 -0.0152642
1.58333 0.00882667 -0.000632337 -0.0178347
1.5875 0.0103574 -0.000692216 -0.0206361
1.59167 0.0120104 -0.000742406 -0.0235689
1.59583 0.0137225 -0.000771972 -0.0264682
1.6 0.0153954 -0.000770623 -0.0291178
1.60417 0.0169045 -0.000730198 -0.0312728
1.60833 0.0181119 -0.00064578 -0.0326861
1.6125 0.0188811 -0.000516264 -0.0331344
1.61667 0.0190907 -0.000344371 -0.0324395
1.62083 0.018646 -0.000136237 -0.0304835
1.625 0.0174866 9.92083e-05 -0.0272175
1.62917 0.0155911 0.000350844 -0.022666
1.63333 0.012979 0.000605807 -0.0169289
1.6375 0.00971215 0.00084982 -0.0101829
1.64167 0.00589595 0.00106756 -0.00268269
1.64583 0.00167916 0.00124331 0.00524222
1.65 -0.00274821 0.00136218 0.0131979
1.65417 -0.00716198 0.00141175 0.020748
1.65833 -0.0113175 0.00138422 0.0274492
1.6625 -0.0149702 0.00127826 0.0328969
1.66667 -0.017902 0.00110023 0.0367742
1.67083 -0.0199474 0.000864119 0.038895
1.675 -0.0210158 0.000589997 0.0392288
1.67917 -0.0211031 0.000301138 0.0379016
1.68333 -0.0202895 2.0458e-05 0.0351713
1.6875 -0.0187233 -0.000232846 0.031382
1.69167 -0.0165958 -0.000445587 0.0269119
1.69583 -0.0141121 -0.000611224 0.0221251
1.7 -0.0114672 -0.000728833 0.0173414
1.70417 -0.00883097 -0.000800935 0.012827
1.70833 -0.00634528 -0.000831118 0.00880216
1.7125 -0.00412924 -0.000822401 0.00545767
1.71667 -0.00228751 -0.000776952 0.00296502
1.72083 -0.000914488 -0.000697185 0.00147263
1.725 -9.02512e-05 -0.000587636 0.00108519
1.72917 0.000132286 -0.00045664 0.00183242
1.73333 -0.000255388 -0.000316854 0.0036401
1.7375 -0.00120279 -0.000184104 0.00631672
1.74167 -0.00259563 -7.4697e-05 0.00956494
1.74583 -0.00426495 -1.98074e-06 0.0130183
1.75 -0.0060094 2.67334e-05 0.0162947
1.75417 -0.00762524 1.18578e-05 0.0190516
1.75833 -0.00893582 -3.87218e-05 0.0210282
1.7625 -0.00981273 -0.000111715 0.0220649
1.76667 -0.0101836 -0.000191613 0.0220965
1.77083 -0.0100263 -0.000264003 0.0211256
1.775 -0.0093531 -0.00031811 0.0191869
1.77917 -0.00819068 -0.000348008 0.016313
1.78333 -0.00656226 -0.000352438 0.0125108
1.7875 -0.00447597 -0.000333536 0.00775292
1.79167 -0.00192149 -0.000294984 0.00198481
1.79583 0.00112496 -0.000240161 -0.00485576
1.8 0.0046893 -0.000170743 -0.0128106
1.80417 0.00878444 -8.61439e-05 -0.0218712
1.80833 0.0133951 1.60579e-05 -0.0319548
1.8125 0.0184663 0.000138726 -0.0428927
1.81667 0.0239 0.000283192 -0.0544369
1.82083 0.0295603 0.000447359 -0.0662829
1.825 0.0352878 0.000624715 -0.0781015
1.82917 0.0409165 0.000804897 -0.0895663
1.83333 0.0462872 0.000975933 -0.100365
1.8375 0.0512506 0.0011275 -0.110187
1.84167 0.0556586 0.00125396 -0.118698
1.84583 0.0593476 0.00135572 -0.125507
1.85 0.0621248 0.00143808 -0.130168
1.85417 0.0637669 0.00150784 -0.132204
1.85833 0.06404 0.00156886 -0.131176
1.8625 0.0627366 0.0016187 -0.126767
1.86667 0.0597191 0.00164795 -0.11885
1.87083 0.0549538 0.00164272 -0.107516
1.875 0.0485215 0.00158942 -0.0930571
1.87917 0.0405998 0.00147971 -0.0758931
1.88333 0.031424 0.00131351 -0.0564901
1.8875 0.0212423 0.00109888 -0.0352872
1.89167 0.0102798 0.000848976 -0.0126583
1.89583 -0.0012775 0.00057769 0.0110899
1.9 -0.0132801 0.000295906 0.0356966
1.90417 -0.0256006 9.70127e-06 0.0609189
1.90833 -0.0381191 -0.000279269 0.0865111
1.9125 -0.0507112 -0.000572055 0.112211
1.91667 -0.0632417 -0.000870514 0.137723
1.92083 -0.0755557 -0.00117598 0.162689
1.925 -0.0874643 -0.00148849 0.186651
1.92917 -0.0987247 -0.00180608 0.209009
1.93333 -0.109022 -0.00212378 0.22899
1.9375 -0.117957 -0.00243256 0.24565
1.94167 -0.12505 -0.00271891 0.257891
1.94583 -0.129753 -0.00296576 0.264506
1.95 -0.131473 -0.00315468 0.264231
1.95417 -0.129601 -0.00326843 0.255817
1.95833 -0.123553 -0.00329262 0.238145
1.9625 -0.11282 -0.00321551 0.210367
1.96667 -0.0970527 -0.00302669 0.172104
1.97083 -0.0761571 -0.00271596 0.123651
1.975 -0.0503928 -0.00227439 0.0661359
1.97917 -0.0204491 -0.00169808 0.00160411
1.98333 0.0125292 -0.000993858 -0.0670263
1.9875 0.0469786 -0.000184133 -0.136124
1.99167 0.0810118 0.000691386 -0.201594
1.99583 0.112554 0.00157842 -0.25918
2 0.139499 0.00241433 -0.304793
2.00417 0.159875 0.00313557 -0.334839
2.00833 0.17201 0.00368381 -0.346561
2.0125 0.174691 0.00400993 -0.338365
2.01667 0.167325 0.00407642 -0.310088
2.02083 0.150059 0.00385997 -0.263172
2.025 0.123847 0.00335529 -0.20066
2.02917 0.0904242 0.00257949 -0.12701
2.03333 0.0521938 0.00157522 -0.0477292
2.0375 0.0120183 0.000410137 0.0311255
2.04167 -0.0270389 -0.000828177 0.103496
2.04583 -0.0619947 -0.00204089 0.163877
2.05 -0.0902172 -0.00312782 0.207815
2.05417 -0.109665 -0.00399637 0.232328
2.05833 -0.119082 -0.00456834 0.236209
2.0625 -0.118125 -0.00478554 0.220166
2.06667 -0.107412 -0.00461506 0.18677
2.07083 -0.0884684 -0.00405503 0.14018
2.075 -0.063562 -0.00313933 0.0856665
2.07917 -0.0354447 -0.00193928 0.0290024
2.08333 -0.00703486 -0.000559856 -0.0241897
2.0875 0.0189103 0.00087012 -0.0690399
2.09167 0.040084 0.00221253 -0.101905
2.09583 0.054848 0.00333654 -0.120673
2.1 0.0623604 0.00413425 -0.124891
2.10417 0.0626127 0.00453346 -0.115703
2.10833 0.0563768 0.00450649 -0.0956293
2.1125 0.0450723 0.00407458 -0.0681912
2.11667 0.0305633 0.00330737 -0.037425
2.12083 0.0149061 0.00231625 -0.00734254
2.125 7.73551e-05 0.00124106 0.0185865
2.12917 -0.0122774 0.000230509 0.0378505
2.13333 -0.0210352 -0.000580838 0.0491421
2.1375 -0.025696 -0.00109457 0.0524004
2.14167 -0.0263777 -0.00126373 0.0486529
2.14583 -0.0237146 -0.00109697 0.0397046
2.15 -0.0186859 -0.000650019 0.0277486
2.15417 -0.012416 -7.02286e-06 0.01498
2.15833 -0.0059859 0.000742039 0.00328178
2.1625 -0.000288303 0.00152006 -0.00598299
2.16667 0.0040613 0.00227133 -0.0120683
2.17083 0.00675962 0.00295802 -0.01485
2.175 0.00780762 0.00354832 -0.0147551
2.17917 0.00746853 0.00400378 -0.0126248
2.18333 0.00619432 0.00427403 -0.00951289
2.1875 0.0045222 0.00430272 -0.00644188
2.19167 0.0029516 0.00404304 -0.00416274
2.19583 0.00182803 0.00347515 -0.00299081
2.2 0.00127 0.00261717 -0.00277748
2.20417 0.00116742 0.0015237 -0.00303005
2.20833 0.00125333 0.000272329 -0.00312872
2.2125 0.00121842 -0.00105601 -0.00254893
2.21667 0.00082047 -0.00239424 -0.00100704
2.22083 -5.08182e-05 -0.00369662 0.00149916
2.225 -0.00136317 -0.0049335 0.00472381
2.22917 -0.00296569 -0.00607596 0.00822536
2.23333 -0.00461875 -0.00707687 0.0114089
2.2375 -0.00601754 -0.00785771 0.0135787
2.24167 -0.00682164 -0.00830912 0.0140451
2.24583 -0.00671298 -0.00830936 0.0123032
2.25 -0.00548685 -0.00775775 0.0082368
2.25417 -0.00314811 -0.00661277 0.00225031
2.25833 3.68168e-05 -0.00492002 -0.00475461
2.2625 0.00357026 -0.00281743 -0.0115712
2.26667 0.00683411 -0.000513502 -0.0169736
2.27083 0.00923716 0.00175382 -0.0199835
2.275 0.0103407 0.0037616 -0.0200343
2.27917 0.00992691 0.00533432 -0.0170278
2.28333 0.00801327 0.00635776 -0.0113292
2.2875 0.0048423 0.00677896 -0.00374367
2.29167 0.000865174 0.00660319 0.00453733
2.29583 -0.00329043 0.00589431 0.0120751
2.3 -0.00689812 0.00477554 0.0174442
2.30417 -0.00927154 0.00341963 0.0195738
2.30833 -0.00993634 0.00202113 0.0180498
2.3125 -0.00877027 0.000755414 0.0132455
2.31667 -0.00604608 -0.000257967 0.00621746
2.32083 -0.00235551 -0.000968775 -0.00158166
2.325 0.00154983 -0.00138064 -0.00864967
2.32917 0.0049327 -0.00152044 -0.0137245
2.33333 0.00720425 -0.00141672 -0.0159702
2.3375 0.00800319 -0.00110295 -0.0150794
2.34167 0.0072367 -0.000638998 -0.0113202
2.34583 0.00509856 -0.000125224 -0.00551732
2.35 0.00205328 0.000314974 0.00108218
2.35417 -0.00124134 0.000583502 0.00707903
2.35833 -0.00408296 0.000656658 0.0112738
2.3625 -0.00590827 0.000595038 0.01297
2.36667 -0.00643765 0.00049752 0.0121012
2.37083 -0.00571588 0.000425222 0.00913901
2.375 -0.00403804 0.000350941 0.0048609
2.37917 -0.001814 0.000178673 0.000113519
2.38333 0.000549439 -0.000171969 -0.00432691
2.3875 0.00270035 -0.000675719 -0.00779483
2.39167 0.00433972 -0.00117989 -0.00975145
2.39583 0.00521852 -0.00148156 -0.00984874
2.4 0.00517573 -0.00145996 -0.00803866
2.40417 0.00420819 -0.00117071 -0.00465152
2.40833 0.00251913 -0.000826322 -0.000360517
2.4125 0.000493287 -0.000667196 0.0039821
2.41667 -0.00140576 -0.00081006 0.00756698
2.42083 -0.00276616 -0.00118273 0.00980574
2.425 -0.00332019 -0.00159143 0.0104078
2.42917 -0.00296596 -0.00186624 0.00937577
2.43333 -0.00174005 -0.00197002 0.00698102
2.4375 0.000210526 -0.00198846 0.00375508
2.44167 0.0026292 -0.00201822 0.000467915
2.44583 0.0051437 -0.00205675 -0.00197114
2.45 0.0073017 -0.00199453 -0.00272091
2.45417 0.00867672 -0.00171876 -0.00127263
2.45833 0.00901517 -0.00123435 0.00234645
2.4625 0.00834917 -0.000685653 0.00753888
2.46667 0.00700426 -0.000246429 0.013299
2.47083 0.00548864 3.34163e-05 0.0184987
2.475 0.00431905 0.000286532 0.0221774
2.47917 0.00386725 0.000727064 0.0237421
2.48333 0.00428269 0.00146275 0.0230528
2.4875 0.00548966 0.00237608 0.0204184
2.49167 0.00722051 0.0031803 0.0165282
2.49583 0.00905537 0.00361123 0.0123161
2.5 0.0104763 0.00360025 0.00874413
2.50417 0.0109639 0.00329114 0.00653093
2.50833 0.0101394 0.00289786 0.00591039
2.5125 0.00790595 0.0025333 0.00653282
2.51667 0.00451052 0.00215313 0.00757204
2.52083 0.000480297 0.00164641 0.00800202
2.525 -0.00354549 0.000973987 0.00692284
2.52917 -0.0070062 0.000224601 0.0038092
2.53333 -0.00955114 -0.000450754 -0.00137851
2.5375 -0.0110821 -0.000949821 -0.00820305
2.54167 -0.0117339 -0.00126806 -0.0158367
2.54583 -0.0118296 -0.00145375 -0.0232133
2.55 -0.0118173 -0.00153328 -0.0292627
2.55417 -0.0121651 -0.00148923 -0.0332091
2.55833 -0.0132137 -0.00130423 -0.0348392
2.5625 -0.0150388 -0.0010097 -0.0345956
2.56667 -0.0174052 -0.000679982 -0.0334148
2.57083 -0.0198572 -0.000381726 -0.0323692
2.575 -0.0218999 -0.000139753 -0.0322911
2.57917 -0.0231678 4.57515e-05 -0.0335508
2.58333 -0.0234983 0.000165198 -0.0360315
2.5875 -0.0229071 0.000205914 -0.0392208
2.59167 -0.0215313 0.000198376 -0.0423187
2.59583 -0.0195874 0.000232908 -0.0443518
2.6 -0.0173339 0.000392417 -0.0443566
2.60417 -0.014991 0.000646644 -0.0416519
2.60833 -0.0126206 0.000826785 -0.0360966
2.6125 -0.0100426 0.000743093 -0.0281527
2.61667 -0.00688354 0.000358997 -0.018672
2.62083 -0.00276554 -0.00014872 -0.00851932
2.625 0.00246843 -0.000522364 0.00173138
2.62917 0.00863458 -0.000635019 0.011857
2.63333 0.015251 -0.000576668 0.0218337
2.6375 0.0216801 -0.00052997 0.0316412
2.64167 0.0272653 -0.000567778 0.0411537
2.64583 0.0314169 -0.000586749 0.0501063
2.65 0.0336858 -0.000443723 0.0580484
2.65417 0.0338652 -0.000139984 0.0642759
2.65833 0.0320854 0.000153059 0.0678489
2.6625 0.0288073 0.000255976 0.0678044
2.66667 0.0246689 0.000152826 0.0635255
2.67083 0.0202531 -1.03912e-05 0.0550734
2.675 0.0159099 -8.31041e-05 0.04329
2.67917 0.0117171 -3.74054e-05 0.0296287
2.68333 0.00755884 6.39959e-05 0.0158148
2.6875 0.00325236 0.000184166 0.00346456
2.69167 -0.0013208 0.000342383 -0.00626745
2.69583 -0.00608047 0.00052042 -0.0129509
2.7 -0.0106447 0.000593736 -0.0169442
2.70417 -0.0143467 0.000425571 -0.0191581
2.70833 -0.0164353 4.57655e-05 -0.0205693
2.7125 -0.0163916 -0.00031358 -0.0217378
2.71667 -0.0141734 -0.000418133 -0.0226073
2.72083 -0.0102348 -0.00027112 -0.0226615
2.725 -0.00534545 -0.00011066 -0.0212459
2.72917 -0.000369666 -0.00014123 -0.0178221
2.73333 0.00387579 -0.000297779 -0.0121132
2.7375 0.00672251 -0.00032876 -0.0042642
2.74167 0.00780888 -0.00011756 0.00494495
2.74583 0.00726895 0.000137417 0.0140351
2.75 0.00576913 0.000119447 0.0211611
2.75417 0.0042496 -0.000241286 0.0248023
2.75833 0.00347295 -0.000660006 0.0244039
2.7625 0.00368066 -0.00078593 0.0205383
2.76667 0.00457915 -0.000561084 0.0145364
2.77083 0.00559127 -0.00024033 0.00793625
2.775 0.00612295 -6.99948e-05 0.00210641
2.77917 0.00569169 -2.61129e-05 -0.00192912
2.78333 0.00398808 8.04827e-05 -0.00366792
2.7875 0.00099907 0.000295128 -0.00336224
2.79167 -0.00285179 0.000422286 -0.00206697
2.79583 -0.00674635 0.000272682 -0.00126215
2.8 -0.00979084 -6.79526e-05 -0.00218252
2.80417 -0.0114329 -0.000307415 -0.00530734
2.80833 -0.0116789 -0.000277026 -0.0103326
2.8125 -0.0110002 -0.000104825 -0.0164999
2.81667 -0.0100922 -1.53314e-05 -0.0229113
2.82083 -0.00969229 -2.73322e-05 -0.0286674
2.825 -0.0104689 4.71279e-05 -0.0330002
2.82917 -0.0128509 0.000305655 -0.0355677
2.83333 -0.0167873 0.000572207 -0.036739
2.8375 -0.0216368 0.000596949 -0.0375164
2.84167 -0.0263691 0.000390103 -0.0390237
2.84583 -0.0299886 0.000239406 -0.0419261
2.85 -0.0318758 0.000365413 -0.0461997
2.85417 -0.0318598 0.000654293 -0.051281
2.85833 -0.0301185 0.000818313 -0.0562804
2.8625 -0.027105 0.000771701 -0.060071
2.86667 -0.0235063 0.000721847 -0.061414
2.87083 -0.0200735 0.000857666 -0.0593315
2.875 -0.017288 0.00106147 -0.0535726
2.87917 -0.0150977 0.00103913 -0.0447574
2.88333 -0.0129784 0.000693589 -0.0340255
2.8875 -0.010276 0.000236971 -0.0225112
2.89167 -0.00651538 -9.89469e-05 -0.0110743
2.89583 -0.00147345 -0.000340439 -0.000320191
2.9 0.00486872 -0.000656372 0.00940963
2.90417 0.0122842 -0.00104029 0.018227
2.90833 0.0202069 -0.00127475 0.026792
2.9125 0.0278247 -0.00124495 0.0360097
2.91667 0.0344202 -0.00113477 0.0464861
2.92083 0.0396795 -0.00118437 0.0582256
2.925 0.0436793 -0.00133988 0.0707657
2.92917 0.0466358 -0.00132958 0.0834236
2.93333 0.0487577 -0.00109869 0.0953057
2.9375 0.0503202 -0.000961909 0.105232
2.94167 0.0516894 -0.0011798 0.111996
2.94583 0.0530559 -0.00152358 0.114935
2.95 0.0541052 -0.00151612 0.114238
2.95417 0.0540765 -0.00111859 0.110584
2.95833 0.0522482 -0.000903489 0.104498
2.9625 0.0483336 -0.0013492 0.0961658
2.96667 0.0423591 -0.00213095 0.0857909
2.97083 0.0342849 -0.00243313 0.0737941
2.975 0.0239929 -0.001989 0.0603607
2.97917 0.0117489 -0.00147654 0.0448655
2.98333 -0.00149901 -0.0016435 0.0261164
2.9875 -0.0145301 -0.00225128 0.00344488
2.99167 -0.0266116 -0.0022891 -0.0224533
2.99583 -0.0377225 -0.00127328 -0.0498244
