0 0 0 0
0.00416667 0 0 0
0.00833333 0 0 0
0.0125 0 0 0
0.0166667 0 0 0
0.0208333 0 0 0
0.025 0 0 0
0.0291667 0 0 0
0.0333333 0 0 0
0.0375 0 0 0
0.0416667 0 0 0
0.0458333 0 0 0
0.05 0 0 0
0.0541667 0 0 0
0.0583333 0 0 0
0.0625 0 0 0
0.0666667 0 0 0
0.0708333 0 0 0
0.075 0 0 0
0.0791667 0 0 0
0.0833333 0 0 0
0.0875 0 0 0
0.0916667 0 0 0
0.0958333 0 0 0
0.1 0 0 0
0.104167 0 0 0
0.108333 0 0 0
0.1125 0 0 0
0.116667 0 0 0
0.120833 0 0 0
0.125 0 0 0
0.129167 0 0 0
0.133333 0 0 0
0.1375 0 0 0
0.141667 0 0 0
0.145833 0 0 0
0.15 0 0 0
0.154167 0 0 0
0.158333 0 0 0
0.1625 0 0 0
0.166667 0 0 0
0.170833 0 0 0
0.175 0 0 0
0.179167 0 0 0
0.183333 0 0 0
0.1875 0 0 0
0.191667 -2.94463e-321 4.49254e-320 6.03748e-320
0.195833 -1.03784e-316 1.48628e-315 1.99843e-315
0.2 -2.78814e-312 3.90721e-311 5.25317e-311
0.204167 -6.01419e-308 8.25099e-307 1.10924e-306
0.208333 -1.0509e-303 1.41206e-302 1.89819e-302
0.2125 -1.49996e-299 1.97473e-298 2.65437e-298
0.216667 -1.7625e-295 2.27439e-294 3.05694e-294
0.220833 -1.71756e-291 2.17329e-290 2.92085e-290
0.225 -1.3978e-287 1.73491e-286 2.33152e-286
0.229167 -9.56269e-284 1.16464e-282 1.56504e-282
0.233333 -5.53368e-280 6.6153e-279 8.88903e-279
0.2375 -2.72456e-276 3.19812e-275 4.29707e-275
0.241667 -1.14774e-272 1.32324e-271 1.77783e-271
0.245833 -4.15855e-269 4.71049e-268 6.32837e-268
0.25 -1.30248e-265 1.44993e-264 1.94781e-264
0.254167 -3.54314e-262 3.87739e-261 5.20855e-261
0.258333 -8.40934e-259 9.04906e-258 1.21551e-257
0.2625 -1.74887e-255 1.85098e-254 2.48619e-254
0.266667 -3.20001e-252 3.33202e-251 4.47527e-251
0.270833 -5.17176e-249 5.29924e-248 7.11713e-248
0.275 -7.4103e-246 7.47362e-245 1.0037e-244
0.279167 -9.44679e-243 9.37991e-242 1.25966e-241
0.283333 -1.07512e-239 1.0512e-238 1.41163e-238
0.2875 -1.09588e-236 1.05536e-235 1.41716e-235
0.291667 -1.00356e-233 9.52094e-233 1.27845e-232
0.295833 -8.28121e-231 7.7413e-230 1.03945e-229
0.3 -6.17508e-228 5.68895e-227 7.63849e-227
0.304167 -4.17228e-225 3.78892e-224 5.08718e-224
0.308333 -2.56106e-222 2.29294e-221 3.07852e-221
0.3125 -1.43175e-219 1.264e-218 1.69702e-218
0.316667 -7.30733e-217 6.36247e-216 8.54189e-216
0.320833 -3.4127e-214 2.93105e-213 3.93497e-213
0.325 -1.46166e-211 1.23851e-210 1.66269e-210
0.329167 -5.75349e-209 4.81043e-208 6.45783e-208
0.333333 -2.08565e-206 1.72091e-205 2.31023e-205
0.3375 -6.97643e-204 5.68175e-203 7.62732e-203
0.341667 -2.1574e-201 1.7345e-200 2.32842e-200
0.345833 -6.17918e-199 4.90492e-198 6.58435e-198
0.35 -1.64209e-196 1.28711e-195 1.7278e-195
0.354167 -4.05571e-194 3.13951e-193 4.21442e-193
0.358333 -9.32509e-192 7.12986e-191 9.57098e-191
0.3625 -1.99913e-189 1.50994e-188 2.02691e-188
0.366667 -4.00218e-187 2.98647e-186 4.00898e-186
0.370833 -7.49301e-185 5.5248e-184 7.41641e-184
0.375 -1.31384e-182 9.57305e-182 1.28508e-181
0.379167 -2.16046e-180 1.55581e-179 2.08853e-179
0.383333 -3.3362e-178 2.37471e-177 3.18786e-177
0.3875 -4.84413e-176 3.40857e-175 4.57578e-175
0.391667 -6.62183e-174 4.60658e-173 6.18413e-173
0.395833 -8.53222e-172 5.86886e-171 7.87881e-171
0.4 -1.03747e-169 7.05669e-169 9.47363e-169
0.404167 -1.19181e-167 8.01699e-167 1.07631e-166
0.408333 -1.29488e-165 8.61505e-165 1.15662e-164
0.4125 -1.33201e-163 8.76597e-163 1.17692e-162
0.416667 -1.29864e-161 8.45442e-161 1.13512e-160
0.420833 -1.20116e-159 7.73643e-159 1.03875e-158
0.425 -1.05503e-157 6.72341e-157 9.02764e-157
0.429167 -8.8083e-156 5.55439e-155 7.45824e-155
0.433333 -6.99638e-154 4.36593e-153 5.86262e-153
0.4375 -5.29168e-152 3.26807e-151 4.38858e-151
0.441667 -3.81439e-150 2.3316e-149 3.13115e-149
0.445833 -2.62259e-148 1.58681e-147 2.13105e-147
0.45 -1.72131e-146 1.03099e-145 1.38466e-145
0.454167 -1.07934e-144 6.40004e-144 8.59591e-144
0.458333 -6.4707e-143 3.79877e-142 5.10239e-142
0.4625 -3.71166e-141 2.15753e-140 2.89807e-140
0.466667 -2.03854e-139 1.17337e-138 1.5762e-138
0.470833 -1.07278e-137 6.11486e-137 8.21463e-137
0.475 -5.41303e-136 3.05566e-135 4.10517e-135
0.479167 -2.62058e-134 1.46514e-133 1.96848e-133
0.483333 -1.21804e-132 6.74511e-132 9.06296e-132
0.4875 -5.43885e-131 2.98339e-130 4.00884e-130
0.491667 -2.33454e-129 1.26855e-128 1.70469e-128
0.495833 -9.63839e-128 5.18845e-127 6.97279e-127
0.5 -3.82974e-126 2.04248e-125 2.74509e-125
0.504167 -1.46535e-124 7.74301e-124 1.04074e-123
0.508333 -5.4021e-123 2.82837e-122 3.80191e-122
0.5125 -1.91984e-121 9.96024e-121 1.33897e-120
0.516667 -6.58082e-120 3.38328e-119 4.54855e-119
0.520833 -2.17684e-118 1.10908e-117 1.4912e-117
0.525 -6.95224e-117 3.51044e-116 4.72031e-116
0.529167 -2.14479e-115 1.07336e-114 1.44342e-114
0.533333 -6.3946e-114 3.17189e-113 4.26584e-113
0.5375 -1.84337e-112 9.06325e-112 1.21902e-111
0.541667 -5.14016e-111 2.50517e-110 3.36981e-110
0.545833 -1.38708e-109 6.70148e-109 9.0153e-109
0.55 -3.62385e-108 1.73568e-107 2.33519e-107
0.554167 -9.16999e-107 4.35429e-106 5.85887e-106
0.558333 -2.24841e-105 1.0585e-104 1.42441e-104
0.5625 -5.34395e-104 2.49441e-103 3.35703e-103
0.566667 -1.23169e-102 5.7005e-102 7.6727e-102
0.570833 -2.75398e-101 1.26385e-100 1.70129e-100
0.575 -5.97584e-100 2.71942e-99 3.66108e-99
0.579167 -1.25886e-98 5.68087e-98 7.64886e-98
0.583333 -2.57544e-97 1.15256e-96 1.55202e-96
0.5875 -5.11882e-96 2.27184e-95 3.05958e-95
0.591667 -9.88744e-95 4.35212e-94 5.8619e-94
0.595833 -1.85668e-93 8.10549e-93 1.09187e-92
0.6 -3.39056e-92 1.4681e-91 1.97789e-91
0.604167 -6.02316e-91 2.58681e-90 3.48551e-90
0.608333 -1.04119e-89 4.4355e-89 5.97726e-89
0.6125 -1.75197e-88 7.40326e-88 9.97792e-88
0.616667 -2.87036e-87 1.20319e-86 1.62185e-86
0.620833 -4.58026e-86 1.90459e-85 2.56765e-85
0.625 -7.1205e-85 2.9373e-84 3.96045e-84
0.629167 -1.07874e-83 4.41465e-83 5.95325e-83
0.633333 -1.59306e-82 6.46791e-82 8.72337e-82
0.6375 -2.29386e-81 9.23986e-81 1.24638e-80
0.641667 -3.22135e-80 1.2874e-79 1.73685e-79
0.645833 -4.41321e-79 1.74993e-78 2.36122e-78
0.65 -5.89965e-78 2.32111e-77 3.13239e-77
0.654167 -7.69766e-77 3.00497e-76 4.05591e-76
0.658333 -9.80518e-76 3.79806e-75 5.12717e-75
0.6625 -1.2196e-74 4.68771e-74 6.32915e-74
0.666667 -1.48165e-73 5.65112e-73 7.63114e-73
0.670833 -1.75848e-72 6.65553e-72 8.98893e-72
0.675 -2.03933e-71 7.65946e-71 1.03466e-70
0.679167 -2.31148e-70 8.61539e-70 1.16398e-69
0.683333 -2.56114e-69 9.47336e-69 1.28011e-68
0.6875 -2.77466e-68 1.01853e-67 1.37655e-67
0.691667 -2.93972e-67 1.07096e-66 1.44766e-66
0.695833 -3.04653e-66 1.1015e-65 1.4892e-65
0.7 -3.08883e-65 1.10839e-64 1.49878e-64
0.704167 -3.06446e-64 1.09139e-63 1.47606e-63
0.708333 -2.97553e-63 1.05178e-62 1.42275e-62
0.7125 -2.82815e-62 9.92215e-62 1.34242e-61
0.716667 -2.63176e-61 9.16433e-61 1.24012e-60
0.720833 -2.39813e-60 8.28863e-60 1.12183e-59
0.725 -2.14019e-59 7.34219e-59 9.93921e-59
0.729167 -1.87093e-58 6.37091e-58 8.62602e-58
0.733333 -1.60236e-57 5.41601e-57 7.33453e-57
0.7375 -1.3447e-56 4.51158e-56 6.1109e-56
0.741667 -1.10593e-55 3.68312e-55 4.98974e-55
0.745833 -8.91506e-55 2.94718e-54 3.9935e-54
0.75 -7.04506e-54 2.31188e-53 3.13328e-53
0.754167 -5.45846e-53 1.77809e-52 2.41032e-52
0.758333 -4.14708e-52 1.34102e-51 1.8182e-51
0.7625 -3.09003e-51 9.91896e-51 1.34512e-50
0.766667 -2.25833e-50 7.19626e-50 9.76095e-50
0.770833 -1.61911e-49 5.12171e-49 6.94847e-49
0.775 -1.13889e-48 3.5764e-48 4.853e-48
0.779167 -7.86074e-48 2.45049e-47 3.32589e-47
0.783333 -5.32441e-47 1.64775e-46 2.23685e-46
0.7875 -3.53964e-46 1.08746e-45 1.47655e-45
0.791667 -2.30981e-45 7.04474e-45 9.5674e-45
0.795833 -1.4797e-44 4.48023e-44 6.08586e-44
0.8 -9.30681e-44 2.79747e-43 3.80085e-43
0.804167 -5.74781e-43 1.71518e-42 2.33086e-42
0.808333 -3.48599e-42 1.0327e-41 1.40371e-41
0.8125 -2.07643e-41 6.10674e-41 8.30242e-41
0.816667 -1.21483e-40 3.54694e-40 4.82329e-40
0.820833 -6.98184e-40 2.02373e-39 2.75256e-39
0.825 -3.942e-39 1.13435e-38 1.54321e-38
0.829167 -2.18674e-38 6.24702e-38 8.50053e-38
0.833333 -1.19193e-37 3.38044e-37 4.60089e-37
0.8375 -6.38437e-37 1.79756e-36 2.44708e-36
0.841667 -3.36072e-36 9.39384e-36 1.27909e-35
0.845833 -1.73872e-35 4.82485e-35 6.57108e-35
0.85 -8.84189e-35 2.4358e-34 3.3181e-34
0.854167 -4.4199e-34 1.20879e-33 1.64699e-33
0.858333 -2.17202e-33 5.89713e-33 8.03668e-33
0.8625 -1.04937e-32 2.82842e-32 3.85544e-32
0.866667 -4.98474e-32 1.3338e-31 1.8185e-31
0.870833 -2.32825e-31 6.18454e-31 8.43384e-31
0.875 -1.06935e-30 2.81984e-30 3.84623e-30
0.879167 -4.82988e-30 1.26435e-29 1.72493e-29
0.883333 -2.14541e-29 5.57522e-29 7.60776e-29
0.8875 -9.37266e-29 2.41786e-28 3.30003e-28
0.891667 -4.02734e-28 1.03133e-27 1.40791e-27
0.895833 -1.70216e-27 4.32701e-27 5.90818e-27
0.9 -7.07666e-27 1.78574e-26 2.43878e-26
0.904167 -2.89417e-26 7.24953e-26 9.90265e-26
0.908333 -1.16441e-25 2.89522e-25 3.95557e-25
0.9125 -4.60882e-25 1.1375e-24 1.5544e-24
0.916667 -1.79471e-24 4.39676e-24 6.00937e-24
0.920833 -6.87599e-24 1.67203e-23 2.28572e-23
0.925 -2.59195e-23 6.25601e-23 8.55375e-23
0.929167 -9.61349e-23 2.30307e-22 3.14952e-22
0.933333 -3.50841e-22 8.34224e-22 1.14103e-21
0.9375 -1.25987e-21 2.97327e-21 4.06747e-21
0.941667 -4.4518e-21 1.04273e-20 1.42671e-20
0.945833 -1.54792e-20 3.59836e-20 4.92422e-20
0.95 -5.2963e-20 1.2219e-19 1.67238e-19
0.954167 -1.78325e-19 4.08293e-19 5.58903e-19
0.958333 -5.90839e-19 1.34251e-18 1.83799e-18
0.9625 -1.92641e-18 4.3438e-18 5.94778e-18
0.966667 -6.18091e-18 1.38304e-17 1.89398e-17
0.970833 -1.95154e-17 4.33319e-17 5.93473e-17
0.975 -6.06352e-17 1.33595e-16 1.82991e-16
0.979167 -1.85391e-16 4.05298e-16 5.55212e-16
0.983333 -5.57783e-16 1.20992e-15 1.6576e-15
0.9875 -1.65138e-15 3.55409e-15 4.86954e-15
0.991667 -4.81091e-15 1.02726e-14 1.40757e-14
0.995833 -1.37909e-14 2.92149e-14 4.00331e-14
1 -3.88987e-14 8.17493e-14 1.12026e-13
1.00417 -1.07954e-13 2.25064e-13 3.08428e-13
1.00833 -2.94771e-13 6.09611e-13 8.35425e-13
1.0125 -7.91877e-13 1.62445e-12 2.22618e-12
1.01667 -2.09285e-12 4.25837e-12 5.83568e-12
1.02083 -5.44127e-12 1.0981e-11 1.50479e-11
1.025 -1.39162e-11 2.78532e-11 3.81668e-11
1.02917 -3.50084e-11 6.94886e-11 9.52123e-11
1.03333 -8.66209e-11 1.70501e-10 2.33596e-10
1.0375 -2.10785e-10 4.11414e-10 5.63595e-10
1.04167 -5.04415e-10 9.76189e-10 1.33709e-09
1.04583 -1.18694e-09 2.27745e-09 3.11892e-09
1.05 -2.74609e-09 5.22374e-09 7.15239e-09
1.05417 -6.24601e-09 1.17783e-08 1.61233e-08
1.05833 -1.3965e-08 2.61036e-08 3.5724e-08
1.0625 -3.06887e-08 5.68563e-08 7.77878e-08
1.06667 -6.62753e-08 1.2169e-07 1.66436e-07
1.07083 -1.40637e-07 2.55897e-07 3.49862e-07
1.075 -2.93192e-07 5.28614e-07 7.22423e-07
1.07917 -6.00393e-07 1.0725e-06 1.46505e-06
1.08333 -1.20745e-06 2.13677e-06 2.91737e-06
1.0875 -2.38433e-06 4.17956e-06 5.70324e-06
1.09167 -4.62202e-06 8.02449e-06 1.09431e-05
1.09583 -8.79355e-06 1.51187e-05 2.06035e-05
1.1 -1.64154e-05 2.79449e-05 3.80544e-05
1.10417 -3.0059e-05 5.06596e-05 6.89294e-05
1.10833 -5.39758e-05 9.00435e-05 0.000122406
1.1125 -9.50134e-05 0.000156865 0.000213031
1.11667 -0.000163898 0.000267746 0.000363214
1.12083 -0.000276943 0.000447568 0.000606422
1.125 -0.000458193 0.000732386 0.00099101
1.12917 -0.000741885 0.00117259 0.00158433
1.13333 -0.00117496 0.00183583 0.00247644
1.1375 -0.00181904 0.00280885 0.00378218
1.14167 -0.0027511 0.00419688 0.00563992
1.14583 -0.00406147 0.006119 0.00820459
1.15 -0.00584784 0.00869746 0.0116327
1.15417 -0.00820366 0.0120394 0.016057
1.15833 -0.0111999 0.0162098 0.0215497
1.1625 -0.0148599 0.0211971 0.0280763
1.16667 -0.0191292 0.026874 0.0354437
1.17083 -0.0238439 0.0329611 0.0432532
1.175 -0.0287048 0.0390016 0.0508714
1.17917 -0.0332661 0.0443616 0.0574341
1.18333 -0.0369484 0.0482655 0.0619011
1.1875 -0.0390857 0.0498753 0.0631687
1.19167 -0.039008 0.048414 0.060239
1.19583 -0.0361566 0.0433189 0.0524277
1.2 -0.0302141 0.0343996 0.0395704
1.20417 -0.0212247 0.0219619 0.022179
1.20833 -0.00966871 0.00685775 0.0014915
1.2125 0.00353745 -0.00957284 -0.0206244
1.21667 0.0171368 -0.0256771 -0.0419242
1.22083 0.0297182 -0.0397601 -0.0601588
1.225 0.0399617 -0.050395 -0.0734873
1.22917 0.0468847 -0.0566914 -0.0808206
1.23333 0.0500217 -0.0584443 -0.0819942
1.2375 0.0494814 -0.0561141 -0.0777117
1.24167 0.0458613 -0.0506412 -0.0692774
1.24583 0.0400482 -0.0431652 -0.0582186
1.25 0.0329825 -0.0347553 -0.0459463
1.25417 0.0254781 -0.0262643 -0.0335936
1.25833 0.0181725 -0.0183603 -0.022091
1.2625 0.0116185 -0.0117047 -0.0124134
1.26667 0.00645109 -0.00715648 -0.0058239
1.27083 0.00350852 -0.00584292 -0.00390464
1.275 0.00378726 -0.00898105 -0.00824369
1.27917 0.00818116 -0.0174553 -0.0198234
1.28333 0.017074 -0.0313036 -0.0383511
1.2875 0.0299628 -0.0493617 -0.0618791
1.29167 0.0453237 -0.0692952 -0.0869959
1.29583 0.0608537 -0.0880943 -0.109628
1.3 0.0740518 -0.102877 -0.126177
1.30417 0.082918 -0.111665 -0.134499
1.30833 0.0864535 -0.113763 -0.134247
1.3125 0.0847155 -0.109559 -0.126395
1.31667 0.0783944 -0.0998425 -0.112197
1.32083 0.0681459 -0.0850452 -0.0921703
1.325 0.0540648 -0.0648504 -0.0657252
1.32917 0.0356317 -0.0384498 -0.0317084
1.33333 0.0122023 -0.00534394 0.0103966
1.3375 -0.0162165 0.0337529 0.0593019
1.34167 -0.0483545 0.0764373 0.11149
1.34583 -0.0816084 0.118878 0.161833
1.35 -0.11259 0.156702 0.20494
1.35417 -0.138003 0.186043 0.236501
1.35833 -0.155391 0.204236 0.253961
1.3625 -0.163407 0.209914 0.256336
1.36667 -0.161616 0.202705 0.24359
1.37083 -0.150134 0.182936 0.216237
1.375 -0.12949 0.151677 0.175559
1.37917 -0.100838 0.111083 0.124212
1.38333 -0.0662898 0.0646178 0.0665757
1.3875 -0.0289699 0.0167609 0.00826211
1.39167 0.00747023 -0.0278767 -0.0451445
1.39583 0.0396993 -0.0656003 -0.089433
1.4 0.0654351 -0.0942313 -0.122338
1.40417 0.0836005 -0.112925 -0.143042
1.40833 0.0938755 -0.121464 -0.151156
1.4125 0.0960988 -0.119703 -0.146196
1.41667 0.0901157 -0.107751 -0.128171
1.42083 0.076298 -0.0868145 -0.0989277
1.425 0.0563433 -0.0599744 -0.0630451
1.42917 0.0335854 -0.0320384 -0.0271823
1.43333 0.0122885 -0.00818077 0.00214438
1.4375 -0.00386311 0.00796987 0.0211227
1.44167 -0.0131904 0.0156119 0.0298683
1.44583 -0.0164152 0.0165684 0.0314724
1.45 -0.0157557 0.0137564 0.0295702
1.45417 -0.0133705 0.00941285 0.0261749
1.45833 -0.0102463 0.00427437 0.0212272
1.4625 -0.0062275 -0.00188524 0.0139068
1.46667 -0.000970335 -0.00902501 0.00438484
1.47083 0.00509559 -0.0160498 -0.005523
1.475 0.0106247 -0.021119 -0.0132683
1.47917 0.0140922 -0.0227139 -0.0171337
1.48333 0.0147131 -0.0205025 -0.0170546
1.4875 0.0127517 -0.0153051 -0.0141116
1.49167 0.00905294 -0.00832849 -0.00938682
1.49583 0.00434969 -0.000474448 -0.00340194
1.5 -0.000952967 0.00764824 0.00335776
1.50417 -0.00638111 0.0151843 0.00957019
1.50833 -0.0109455 0.0207508 0.0130766
1.5125 -0.0133262 0.022985 0.0121614
1.51667 -0.0127442 0.0216204 0.00713582
1.52083 -0.00979738 0.018109 0.000683244
1.525 -0.00639918 0.0150407 -0.00365342
1.52917 -0.00466883 0.0146293 -0.00380999
1.53333 -0.00557704 0.0174065 -0.000486811
1.5375 -0.00843765 0.0221641 0.00367323
1.54167 -0.0116493 0.0271411 0.00627259
1.54583 -0.0140231 0.0314012 0.00683351
1.55 -0.0155576 0.0352434 0.00663777
1.55417 -0.0170736 0.0394113 0.0071126
1.55833 -0.0191625 0.0439435 0.00838397
1.5625 -0.0214736 0.0477604 0.00928898
1.56667 -0.0229607 0.0493281 0.00866209
1.57083 -0.022776 0.0477381 0.00655321
1.575 -0.0209391 0.0432228 0.00424286
1.57917 -0.0181961 0.0367112 0.00314073
1.58333 -0.0152735 0.0288969 0.00362694
1.5875 -0.012228 0.0196472 0.00477169
1.59167 -0.0084104 0.00819844 0.00498282
1.59583 -0.00298438 -0.00607275 0.00295948
1.6 0.00443962 -0.0228742 -0.0016161
1.60417 0.0134293 -0.0406825 -0.00781773
1.60833 0.02273 -0.0570455 -0.0136708
1.6125 0.0306166 -0.0694004 -0.0169311
1.61667 0.0355531 -0.0761009 -0.0163838
1.62083 0.0369607 -0.0771394 -0.0129485
1.625 0.0356215 -0.0740196 -0.00948072
1.62917 0.0332256 -0.0686527 -0.00887034
1.63333 0.0311306 -0.0619308 -0.0116163
1.6375 0.0292052 -0.0531208 -0.0150107
1.64167 0.025845 -0.0407728 -0.0150653
1.64583 0.0194026 -0.0245718 -0.00988443
1.65 0.00995097 -0.0065549 -0.00157204
1.65417 -0.000220372 0.00955931 0.00522906
1.65833 -0.00801096 0.0206116 0.00707501
1.6625 -0.011738 0.0260299 0.00446625
1.66667 -0.0122742 0.0279282 0.00116425
1.67083 -0.0121029 0.0291998 0.000794914
1.675 -0.0131616 0.0312491 0.00388642
1.67917 -0.0153883 0.0332195 0.00787482
1.68333 -0.0171175 0.0331347 0.00968978
1.6875 -0.0167307 0.0297161 0.00828218
1.69167 -0.013957 0.023297 0.00496113
1.69583 -0.00981883 0.0153504 0.00180244
1.7 -0.00562537 0.00741944 2.81134e-05
1.70417 -0.00213151 0.000466096 -0.000328629
1.70833 0.000536525 -0.00510304 0.000156579
1.7125 0.00252265 -0.00918051 0.000735521
1.71667 0.00402612 -0.0118426 0.000554492
1.72083 0.00528527 -0.0132624 -0.00100132
1.725 0.00641446 -0.0134584 -0.0035056
1.72917 0.00707477 -0.012117 -0.00521344
1.73333 0.00650123 -0.00893658 -0.00428163
1.7375 0.00423216 -0.00439012 -0.000770329
1.74167 0.000968543 -4.68169e-05 0.00275414
1.74583 -0.00153318 0.00227205 0.00325367
1.75 -0.00183558 0.00202426 0.00027627
1.75417 -0.000279129 0.000652877 -0.00320069
1.75833 0.00110413 0.000466076 -0.00348348
1.7625 0.000446234 0.00250539 4.34458e-05
1.76667 -0.00205818 0.00546295 0.00406225
1.77083 -0.00423046 0.00685623 0.00459579
1.775 -0.00404582 0.00540302 0.00114657
1.77917 -0.0016886 0.00222593 -0.00272751
1.78333 0.00065099 -0.000339849 -0.0031422
1.7875 0.00106436 -0.00107394 1.86511e-05
1.79167 -0.000131358 -0.000886241 0.00306579
1.79583 -0.000878389 -0.00149695 0.00255879
1.8 0.000253369 -0.00328043 -0.000987966
1.80417 0.00241771 -0.00466673 -0.00377256
1.80833 0.00337087 -0.00378347 -0.00291602
1.8125 0.0019028 -0.000563497 0.000489021
1.81667 -0.000847757 0.00297649 0.00278653
1.82083 -0.00260012 0.00459353 0.00187904
1.825 -0.00227417 0.00381333 -0.000635042
1.82917 -0.000885671 0.00198908 -0.0015971
1.83333 -0.000123047 0.000567749 -5.23171e-05
1.8375 -0.000373312 -0.000324432 0.00177836
1.84167 -0.000504199 -0.00141157 0.00135669
1.84583 0.000448823 -0.00272803 -0.000995127
1.85 0.00184283 -0.00314473 -0.00245986
1.85417 0.00207598 -0.00170306 -0.00120227
1.85833 0.000580471 0.000906821 0.00130138
1.8625 -0.0013149 0.00273292 0.00201714
1.86667 -0.00181756 0.00255033 0.000119317
1.87083 -0.000731109 0.00111274 -0.00190639
1.875 0.000379005 0.000145212 -0.00132667
1.87917 0.000148583 0.000320202 0.00132236
1.88333 -0.000911431 0.00067713 0.00272935
1.8875 -0.00111982 8.08598e-05 0.000886401
1.89167 0.000170257 -0.0012193 -0.00225006
1.89583 0.00164466 -0.00187135 -0.00294864
1.9 0.00157595 -0.0010978 -0.000214368
1.90417 -4.53569e-05 0.000340603 0.00287895
1.90833 -0.00141882 0.00100036 0.00274575
1.9125 -0.00101364 0.000352883 -0.00048013
1.91667 0.000649041 -0.000675099 -0.0030666
1.92083 0.00158626 -0.00073945 -0.00199176
1.925 0.000617246 0.000415213 0.00158636
1.92917 -0.00125736 0.0015208 0.00362929
1.93333 -0.00189025 0.00100151 0.00174125
1.9375 -0.00034475 -0.00117556 -0.0021381
1.94167 0.0019401 -0.00299645 -0.003806
1.94583 0.0025239 -0.00225946 -0.00139406
1.95 0.000589837 0.000815626 0.00248194
1.95417 -0.00198324 0.00333651 0.0034857
1.95833 -0.00250855 0.002728 0.000413845
1.9625 -0.000488789 -0.000239798 -0.00326775
1.96667 0.00171933 -0.00223692 -0.00326593
1.97083 0.00160226 -0.00131512 0.000463625
1.975 -0.000510819 0.000878969 0.00348744
1.97917 -0.00187928 0.00146346 0.00215396
1.98333 -0.000808279 6.74931e-05 -0.00189288
1.9875 0.00122666 -0.00102451 -0.0036745
1.99167 0.00155003 -0.000259936 -0.00103851
1.99583 -0.000230788 0.00113627 0.00273444
2 -0.00179698 0.00111997 0.0031472
2.00417 -0.00118929 -0.000303356 1.00742e-05
2.00833 0.000768656 -0.00130259 -0.00269564
2.0125 0.00171372 -0.000779307 -0.00197338
2.01667 0.000702736 0.000504873 0.000856896
2.02083 -0.000941181 0.00127385 0.00236847
2.025 -0.00148298 0.00110254 0.00119892
2.02917 -0.000616935 0.000264218 -0.000969364
2.03333 0.000624425 -0.000737204 -0.00184638
2.0375 0.00109655 -0.00107411 -0.000847836
2.04167 0.000424878 -4.44572e-05 0.000819663
2.04583 -0.000801669 0.00168609 0.00150874
2.05 -0.00142177 0.00217582 0.000551766
2.05417 -0.00072903 0.000531658 -0.00106729
2.05833 0.000601978 -0.00151335 -0.00154072
2.0625 0.00107414 -0.00156159 -0.000285211
2.06667 0.000183788 0.000298462 0.00111237
2.07083 -0.000869919 0.00171197 0.000808261
2.075 -0.000813215 0.0013597 -0.00072276
2.07917 -4.43951e-05 0.000423292 -0.00127379
2.08333 0.000120265 0.000298909 -0.000132857
2.0875 -0.000457209 0.000496968 0.000853555
2.09167 -0.000604475 -4.14376e-05 0.000157153
2.09583 0.000146849 -0.000789925 -0.00105962
2.1 0.000704168 -0.00039076 -0.000871162
2.10417 0.000127801 0.00104915 0.000300614
2.10833 -0.000879708 0.00200123 0.000472757
2.1125 -0.00108089 0.00168302 -0.000570465
2.11667 -0.000506988 0.000782697 -0.000983383
2.12083 -0.000108198 5.62217e-05 -3.7281e-05
2.125 -0.000146598 -0.000400085 0.000646618
2.12917 -0.000107498 -0.000364235 -0.000143079
2.13333 6.32315e-05 0.000550726 -0.0011957
2.1375 -0.000147316 0.00177763 -0.000933217
2.14167 -0.000702171 0.00204828 0.00012262
2.14583 -0.000939988 0.00126551 0.000504853
2.15 -0.000724688 0.000688976 0.000134823
2.15417 -0.000547692 0.000705612 -0.000203985
2.15833 -0.000372126 0.000182959 -0.000581053
2.1625 0.00030134 -0.00100872 -0.0011832
2.16667 0.000954277 -0.000920736 -0.00094822
2.17083 0.000276855 0.0012604 0.00070882
2.175 -0.00141719 0.0029022 0.00171993
2.17917 -0.00181555 0.00146299 -8.93683e-05
2.18333 4.5341e-06 -0.00113717 -0.0027248
2.1875 0.00155621 -0.00100724 -0.00200381
2.19167 0.000367764 0.0016411 0.00170945
2.19583 -0.00198392 0.00282281 0.00298498
2.2 -0.00203558 0.00131598 -0.00058362
2.20417 0.000114809 0.000522965 -0.00400324
2.20833 0.000857771 0.0024208 -0.0020926
2.2125 -0.0011774 0.00400884 0.00240721
2.21667 -0.00292736 0.00253678 0.00284578
2.22083 -0.00182951 0.000454637 -0.00125918
2.225 0.00022813 0.00129068 -0.00386477
2.22917 0.000200579 0.0035786 -0.00180615
2.23333 -0.00141049 0.00353583 0.0011928
2.2375 -0.00203574 0.00167352 0.00116953
2.24167 -0.00135375 0.00142088 -0.000646133
2.24583 -0.000890289 0.00234322 -0.00145099
2.25 -0.000586683 0.000742598 -0.00141298
2.25417 0.000684755 -0.00288114 -0.00147718
2.25833 0.00187439 -0.00345653 -0.000514679
2.2625 0.000891545 -0.000146691 0.00168091
2.26667 -0.00101318 0.000924936 0.00201247
2.27083 -0.000137534 -0.00380147 -0.0010012
2.275 0.00353841 -0.00896682 -0.00299546
2.27917 0.0053837 -0.00851997 0.000311512
2.28333 0.00320393 -0.00542015 0.00529968
2.2875 0.00114831 -0.00661788 0.00486671
2.29167 0.00337844 -0.0116849 -0.000316756
2.29583 0.0073678 -0.0139835 -0.00204816
2.3 0.00783364 -0.0118285 0.0029559
2.30417 0.00499465 -0.0106625 0.00791751
2.30833 0.00389965 -0.0134159 0.00635525
2.3125 0.00639889 -0.0160426 0.00148919
2.31667 0.00882153 -0.0150359 0.000595915
2.32083 0.00817292 -0.0130296 0.00436457
2.325 0.00616481 -0.0134035 0.00733817
2.32917 0.00557946 -0.0145236 0.00643368
2.33333 0.00625293 -0.0134726 0.00379026
2.3375 0.00660339 -0.0113504 0.00227887
2.34167 0.00630947 -0.0104838 0.00258816
2.34583 0.00553299 -0.00969896 0.00420078
2.35 0.00385236 -0.00685739 0.00566957
2.35417 0.00176846 -0.00339813 0.00466197
2.35833 0.00102524 -0.00180562 0.00103756
2.3625 0.00165608 -0.000750102 -0.00130097
2.36667 0.00103283 0.00262353 0.000670902
2.37083 -0.00214048 0.00733611 0.003699
2.375 -0.00526485 0.0102161 0.00232202
2.37917 -0.00571027 0.0114907 -0.0026194
2.38333 -0.00499358 0.0139278 -0.00496849
2.3875 -0.00617409 0.0175292 -0.00278532
2.39167 -0.00899096 0.0200783 -0.0009923
2.39583 -0.0109097 0.02201 -0.0031556
2.4 -0.0115153 0.0252755 -0.00644748
2.40417 -0.0122725 0.0280815 -0.00735162
2.40833 -0.0130285 0.0270086 -0.00704022
2.4125 -0.0126019 0.0242163 -0.00763371
2.41667 -0.0120732 0.0252863 -0.00790533
2.42083 -0.0132724 0.0288851 -0.00678755
2.425 -0.0143751 0.0268107 -0.00676753
2.42917 -0.0117682 0.0172421 -0.00905736
2.43333 -0.00660537 0.00924682 -0.00949197
2.4375 -0.00417302 0.00875322 -0.00494283
2.44167 -0.00533528 0.00845018 -0.000183564
2.44583 -0.00435522 -0.000225544 -0.00135723
2.45 0.00182186 -0.0121292 -0.00519451
2.45417 0.00777775 -0.0162437 -0.00311644
2.45833 0.00789164 -0.0139196 0.00465948
2.4625 0.00560612 -0.0164624 0.00840945
2.46667 0.00790058 -0.0255209 0.00409323
2.47083 0.0136178 -0.0295563 -2.06101e-05
2.475 0.0150584 -0.0229284 0.00347453
2.47917 0.0104119 -0.0154972 0.00944228
2.48333 0.00653208 -0.0163448 0.00878759
2.4875 0.00772155 -0.0190099 0.00280221
2.49167 0.0092521 -0.0129262 0.000216877
2.49583 0.00578988 -0.00136463 0.00306904
2.5 4.79803e-05 0.00420667 0.00473395
2.50417 -0.00228606 0.0029161 0.00167332
2.50833 -0.00173055 0.00442579 -0.00159758
2.5125 -0.00287857 0.0112762 -0.00120965
2.51667 -0.00584505 0.0146715 -6.23272e-06
2.52083 -0.00651755 0.010373 -0.00131892
2.525 -0.00439672 0.00636997 -0.00287276
2.52917 -0.00358314 0.00893971 -0.00160515
2.53333 -0.00525934 0.0116358 0.000209872
2.5375 -0.00535043 0.00651673 -0.000942372
2.54167 -0.00176703 -0.0018014 -0.00305186
2.54583 0.00150932 -0.00350302 -0.00180149
2.55 0.000880715 0.000352117 0.00159526
2.55417 -0.00089651 0.00028992 0.00199637
2.55833 0.000515002 -0.00544511 -0.00096667
2.5625 0.0037376 -0.00863509 -0.00209403
2.56667 0.00419632 -0.0054708 0.000706632
2.57083 0.00182499 -0.00232732 0.0029528
2.575 0.000834726 -0.0040099 0.00105632
2.57917 0.0024312 -0.00580806 -0.00195878
2.58333 0.00310729 -0.00259475 -0.00170678
2.5875 0.000948599 0.00189207 0.000616844
2.59167 -0.00117957 0.00163862 0.000820846
2.59583 -0.00062137 -0.00139392 -0.00138383
2.6 0.000849977 -0.00105026 -0.00258681
2.60417 0.000397495 0.00255482 -0.00150875
2.60833 -0.00127552 0.00387799 -0.000389839
2.6125 -0.00163474 0.00153714 -0.000734396
2.61667 -0.000600761 -9.29646e-05 -0.00129813
2.62083 -0.000136624 0.001236 -0.000851786
2.625 -0.000724504 0.00254115 -7.03358e-05
2.62917 -0.00102284 0.00151186 0.000190507
2.63333 -0.000537485 0.000189426 0.000333263
2.6375 -0.000254177 0.000796644 0.000869635
2.64167 -0.000655406 0.00201538 0.00144437
2.64583 -0.00100923 0.00172283 0.00168552
2.65 -0.000803444 0.000486366 0.00177704
2.65417 -0.000453975 0.000137274 0.00178928
2.65833 -0.000409653 0.00086538 0.00156057
2.6625 -0.000613741 0.00149719 0.0013863
2.66667 -0.000889015 0.00128072 0.00166994
2.67083 -0.00102277 0.000232491 0.00192285
2.675 -0.00065859 -0.00111762 0.00142608
2.67917 0.00010152 -0.00170858 0.000810176
2.68333 0.000367961 -0.00095106 0.0014264
2.6875 -0.000366838 -6.33733e-06 0.00305428
2.69167 -0.00119843 -0.000496517 0.00393834
2.69583 -0.00102261 -0.00180766 0.00350641
2.7 -0.000342654 -0.00166207 0.0033421
2.70417 -0.000585621 0.000271498 0.00467184
2.70833 -0.00185093 0.00163995 0.0064013
2.7125 -0.0027509 0.00111782 0.00678555
2.71667 -0.00257578 0.00050057 0.00594735
2.72083 -0.00223422 0.00162279 0.00543623
2.725 -0.00262453 0.00327544 0.00588215
2.72917 -0.00327051 0.00325392 0.00630591
2.73333 -0.00325675 0.00197247 0.0056186
2.7375 -0.00261939 0.00160491 0.00388561
2.74167 -0.00199683 0.00235972 0.00198909
2.74583 -0.00147841 0.00213157 0.000591874
2.75 -0.000630438 -1.27257e-05 -0.000415605
2.75417 0.00060554 -0.00222566 -0.00170383
2.75833 0.00177473 -0.00257171 -0.00376499
2.7625 0.00261641 -0.0016825 -0.00623853
2.76667 0.00332443 -0.00152936 -0.00811883
2.77083 0.00404439 -0.00258089 -0.00888
2.775 0.00460559 -0.00353022 -0.00923058
2.77917 0.00492079 -0.00343606 -0.0103304
2.78333 0.00525153 -0.00289438 -0.0122447
2.7875 0.00580818 -0.00297529 -0.0136932
2.79167 0.00636529 -0.00385875 -0.0136626
2.79583 0.00659047 -0.00484471 -0.0128509
2.8 0.00659084 -0.00527651 -0.0128786
2.80417 0.00680681 -0.00522327 -0.0141982
2.80833 0.0074209 -0.00538597 -0.0155501
2.8125 0.00814636 -0.00625801 -0.0157151
2.81667 0.00859526 -0.00731475 -0.0150985
2.82083 0.00866139 -0.00748842 -0.0150355
2.825 0.00856176 -0.00670761 -0.0159265
2.82917 0.00860181 -0.0062009 -0.0166444
2.83333 0.00874966 -0.00658203 -0.0156984
2.8375 0.00835752 -0.00649805 -0.0126511
2.84167 0.00666379 -0.0044261 -0.00841063
2.84583 0.00381372 -0.00117956 -0.00417422
2.85 0.000900213 0.00105498 5.83072e-05
2.85417 -0.00147818 0.00199106 0.00565674
2.85833 -0.00416772 0.00365868 0.0134712
2.8625 -0.00818648 0.00717615 0.0220247
2.86667 -0.0128873 0.0109164 0.0286469
2.87083 -0.016436 0.0127915 0.0325072
2.875 -0.0180715 0.0129512 0.0352388
2.87917 -0.0188141 0.0130637 0.0380162
2.88333 -0.0196638 0.0138203 0.0393415
2.8875 -0.0200561 0.0142491 0.0368576
2.89167 -0.0186684 0.0130831 0.0305089
2.89583 -0.0151736 0.0101177 0.0226295
2.9 -0.0106347 0.0064428 0.0152305
2.90417 -0.00638818 0.00349396 0.00826313
2.90833 -0.00282699 0.00148527 0.000576664
2.9125 0.000760039 -0.000929899 -0.00804736
2.91667 0.00505742 -0.00459581 -0.0159597
2.92083 0.00934974 -0.0079561 -0.0207681
2.925 0.0118154 -0.00874195 -0.0217569
2.92917 0.0117039 -0.00733866 -0.0209251
2.93333 0.0105568 -0.00647196 -0.0206472
2.9375 0.0102665 -0.00721579 -0.0204537
2.94167 0.0104282 -0.00747488 -0.0177042
2.94583 0.00903348 -0.00538554 -0.0118084
2.95 0.00567623 -0.00222059 -0.00586014
2.95417 0.00244755 -0.000401416 -0.00286893
2.95833 0.00115938 -0.000104937 -0.00195683
2.9625 0.00108021 0.000420123 -3.67214e-05
2.96667 0.00032286 0.00200757 0.00371377
2.97083 -0.00145277 0.00359974 0.00696371
2.975 -0.00273573 0.00379995 0.00758121
2.97917 -0.00219176 0.00240144 0.00633874
2.98333 -0.0002627 0.000539797 0.00594065
2.9875 0.00129786 -0.000327722 0.0080208
2.99167 0.00134751 -4.0596e-05 0.0113249
2.99583 0.000789203 -0.000222853 0.0129809
