0 0 0 0
0.00416667 0 0 0
0.00833333 0 0 0
0.0125 0 0 0
0.0166667 0 0 0
0.0208333 0 0 0
0.025 0 0 0
0.0291667 0 0 0
0.0333333 0 0 0
0.0375 0 0 0
0.0416667 0 0 0
0.0458333 0 0 0
0.05 0 0 0
0.0541667 0 0 0
0.0583333 0 0 0
0.0625 0 0 0
0.0666667 0 0 0
0.0708333 0 0 0
0.075 0 0 0
0.0791667 0 0 0
0.0833333 0 0 0
0.0875 0 0 0
0.0916667 0 0 0
0.0958333 0 0 0
0.1 0 0 0
0.104167 0 0 0
0.108333 0 0 0
0.1125 0 0 0
0.116667 0 0 0
0.120833 0 0 0
0.125 -1.82804e-322 3.78948e-321 8.18173e-321
0.129167 -2.0713e-316 2.85593e-315 6.08258e-315
0.133333 -1.00455e-310 1.3401e-309 2.85475e-309
0.1375 -3.2105e-305 4.14804e-304 8.83831e-304
0.141667 -6.93329e-300 8.68414e-299 1.85076e-298
0.145833 -1.03514e-294 1.25803e-293 2.68173e-293
0.15 -1.091e-289 1.28762e-288 2.74546e-288
0.154167 -8.27439e-285 9.49104e-284 2.02417e-283
0.158333 -4.59593e-280 5.12734e-279 1.09379e-278
0.1625 -1.9001e-275 2.0632e-274 4.40247e-274
0.166667 -5.93523e-271 6.27688e-270 1.33972e-269
0.170833 -1.42026e-266 1.46383e-265 3.12521e-265
0.175 -2.63716e-262 2.65056e-261 5.66038e-261
0.179167 -3.84511e-258 3.77086e-257 8.0551e-257
0.183333 -4.4514e-254 4.26181e-253 9.1065e-253
0.1875 -4.13408e-250 3.86607e-249 8.26335e-249
0.191667 -3.10983e-246 2.84208e-245 6.07653e-245
0.195833 -1.91195e-242 1.70841e-241 3.65382e-241
0.2 -9.68857e-239 8.46814e-238 1.81168e-237
0.204167 -4.07862e-235 3.48854e-234 7.46581e-234
0.208333 -1.437e-231 1.20329e-230 2.576e-230
0.2125 -4.26691e-228 3.49931e-227 7.49388e-227
0.216667 -1.07482e-224 8.63624e-224 1.85011e-223
0.220833 -2.311e-221 1.82e-220 3.9003e-220
0.225 -4.2662e-218 3.29417e-217 7.06201e-217
0.229167 -6.79903e-215 5.14913e-214 1.10427e-213
0.233333 -9.40325e-212 6.98694e-211 1.49896e-210
0.2375 -1.13415e-208 8.27064e-208 1.77502e-207
0.241667 -1.19853e-205 8.58043e-205 1.84222e-204
0.245833 -1.11465e-202 7.83633e-202 1.68312e-201
0.25 -9.16126e-200 6.32656e-199 1.35939e-198
0.254167 -6.68087e-197 4.53316e-196 9.74433e-196
0.258333 -4.33927e-194 2.8937e-193 6.22276e-193
0.2625 -2.51926e-191 1.65154e-190 3.55303e-190
0.266667 -1.31187e-188 8.4565e-188 1.82006e-187
0.270833 -6.14743e-186 3.89744e-185 8.39193e-185
0.275 -2.60037e-183 1.62183e-182 3.49364e-182
0.279167 -9.95883e-181 6.11168e-180 1.31712e-179
0.283333 -3.46298e-178 2.09158e-177 4.50958e-177
0.2875 -1.09632e-175 6.51818e-175 1.406e-174
0.291667 -3.16814e-173 1.85456e-172 4.00224e-172
0.295833 -8.37776e-171 4.82946e-170 1.04271e-169
0.3 -2.03209e-168 1.1538e-167 2.49231e-167
0.304167 -4.5315e-166 2.53467e-165 5.47778e-165
0.308333 -9.31052e-164 5.13127e-163 1.10948e-162
0.3125 -1.76625e-161 9.59283e-161 2.07519e-160
0.316667 -3.09991e-159 1.65944e-158 3.59163e-158
0.320833 -5.04322e-157 2.66138e-156 5.76313e-156
0.325 -7.61963e-155 3.96449e-154 8.58942e-154
0.329167 -1.07104e-152 5.49514e-152 1.19119e-151
0.333333 -1.40302e-150 7.09944e-150 1.53977e-149
0.3375 -1.71567e-148 8.56329e-148 1.85826e-147
0.341667 -1.96156e-146 9.65867e-146 2.0971e-145
0.345833 -2.10009e-144 1.02028e-143 2.21645e-143
0.35 -2.10853e-142 1.01085e-141 2.19719e-141
0.354167 -1.98815e-140 9.40667e-140 2.04579e-139
0.358333 -1.76296e-138 8.23308e-138 1.79157e-137
0.3625 -1.47209e-136 6.78641e-136 1.47761e-135
0.366667 -1.15899e-134 5.27501e-134 1.1492e-133
0.370833 -8.61419e-133 3.87122e-132 8.43869e-132
0.375 -6.05144e-131 2.68552e-130 5.85752e-130
0.379167 -4.02265e-129 1.76306e-128 3.8478e-128
0.383333 -2.53314e-127 1.09659e-126 2.39471e-126
0.3875 -1.51276e-125 6.46888e-125 1.41352e-124
0.391667 -8.57613e-124 3.62302e-123 7.92161e-123
0.395833 -4.62026e-122 1.92845e-121 4.21912e-121
0.4 -2.36765e-120 9.76479e-120 2.13772e-119
0.404167 -1.1552e-118 4.7081e-118 1.03136e-117
0.408333 -5.37129e-117 2.16347e-116 4.74236e-116
0.4125 -2.38216e-115 9.48345e-115 2.08013e-114
0.416667 -1.00857e-113 3.96883e-113 8.71107e-113
0.420833 -4.07989e-112 1.58708e-111 3.48575e-111
0.425 -1.57814e-110 6.06917e-110 1.33388e-109
0.429167 -5.84172e-109 2.22122e-108 4.88505e-108
0.433333 -2.07092e-107 7.78599e-107 1.71351e-106
0.4375 -7.03612e-106 2.61588e-105 5.76088e-105
0.441667 -2.29278e-104 8.42974e-104 1.85774e-103
0.445833 -7.17057e-103 2.60738e-102 5.75011e-102
0.45 -2.15377e-101 7.74603e-101 1.70945e-100
0.454167 -6.21709e-100 2.21169e-99 4.88438e-99
0.458333 -1.72581e-98 6.0732e-98 1.34218e-97
0.4625 -4.60982e-97 1.60482e-96 3.54922e-96
0.466667 -1.18556e-95 4.08331e-95 9.03718e-95
0.470833 -2.93744e-94 1.00099e-93 2.217e-93
0.475 -7.01561e-93 2.3655e-92 5.243e-92
0.479167 -1.61605e-91 5.39182e-91 1.19595e-90
0.483333 -3.59227e-90 1.18604e-89 2.63271e-89
0.4875 -7.70972e-89 2.51909e-88 5.59594e-88
0.491667 -1.5984e-87 5.16879e-87 1.14907e-86
0.495833 -3.20277e-86 1.02506e-85 2.28055e-85
0.5 -6.20539e-85 1.9658e-84 4.37683e-84
0.504167 -1.16311e-83 3.64719e-83 8.1267e-83
0.508333 -2.11e-82 6.54949e-82 1.4605e-81
0.5125 -3.70634e-81 1.13889e-80 2.54164e-80
0.516667 -6.30668e-80 1.91853e-79 4.2849e-79
0.520833 -1.04e-78 3.13221e-78 7.00113e-78
0.525 -1.66274e-77 4.95806e-77 1.10911e-76
0.529167 -2.57837e-76 7.61245e-76 1.70425e-75
0.533333 -3.87947e-75 1.13412e-74 2.54108e-74
0.5375 -5.6659e-74 1.64015e-73 3.67784e-73
0.541667 -8.03524e-73 2.30334e-72 5.16917e-72
0.545833 -1.10693e-71 3.14226e-71 7.05764e-71
0.55 -1.4818e-70 4.16572e-70 9.36405e-70
0.554167 -1.92822e-69 5.36848e-69 1.20777e-68
0.558333 -2.43987e-68 6.72782e-68 1.51484e-67
0.5625 -3.00308e-67 8.20166e-67 1.84823e-66
0.566667 -3.59663e-66 9.72912e-66 2.19427e-65
0.570833 -4.19268e-65 1.12338e-64 2.53575e-64
0.575 -4.75868e-64 1.26297e-63 2.85325e-63
0.579167 -5.2603e-63 1.38294e-62 3.12692e-62
0.583333 -5.66491e-62 1.47531e-61 3.33862e-61
0.5875 -5.94506e-61 1.53377e-60 3.47387e-60
0.591667 -6.08167e-60 1.55436e-59 3.52352e-59
0.595833 -6.06612e-59 1.53596e-58 3.48478e-58
0.6 -5.90115e-58 1.48032e-57 3.36144e-57
0.604167 -5.60031e-57 1.39185e-56 3.16327e-56
0.608333 -5.18619e-56 1.27703e-55 2.90484e-55
0.6125 -4.68762e-55 1.14365e-54 2.60368e-54
0.616667 -4.13648e-54 9.9992e-54 2.27844e-53
0.620833 -3.56439e-53 8.5374e-53 1.94704e-52
0.625 -2.99996e-52 7.11988e-52 1.62518e-51
0.629167 -2.46672e-51 5.80102e-51 1.32529e-50
0.633333 -1.98197e-50 4.61866e-50 1.05609e-49
0.6375 -1.55645e-49 3.59419e-49 8.22556e-49
0.641667 -1.1949e-48 2.73432e-48 6.26316e-48
0.645833 -8.96954e-48 2.034e-47 4.6631e-47
0.65 -6.58477e-47 1.47976e-46 3.39544e-46
0.654167 -4.72854e-46 1.05307e-45 2.41848e-45
0.658333 -3.32211e-45 7.33215e-45 1.68537e-44
0.6625 -2.28392e-44 4.99566e-44 1.1493e-43
0.666667 -1.53676e-43 3.33135e-43 7.6708e-43
0.670833 -1.01221e-42 2.17466e-42 5.01175e-42
0.675 -6.52748e-42 1.3899e-41 3.20595e-41
0.679167 -4.12198e-41 8.69891e-41 2.00824e-40
0.683333 -2.54932e-40 5.33226e-40 1.23208e-39
0.6875 -1.54444e-39 3.20178e-39 7.40443e-39
0.691667 -9.16671e-39 1.88353e-38 4.35959e-38
0.695833 -5.33112e-38 1.08573e-37 2.51516e-37
0.7 -3.03844e-37 6.13343e-37 1.42206e-36
0.704167 -1.69736e-36 3.39611e-36 7.88068e-36
0.708333 -9.29504e-36 1.84339e-35 4.28119e-35
0.7125 -4.99046e-35 9.81001e-35 2.28024e-34
0.716667 -2.62725e-34 5.11915e-34 1.19089e-33
0.720833 -1.35641e-33 2.61974e-33 6.09943e-33
0.725 -6.86854e-33 1.31494e-32 3.06404e-32
0.729167 -3.41174e-32 6.47437e-32 1.50986e-31
0.733333 -1.66257e-31 3.12739e-31 7.29913e-31
0.7375 -7.9492e-31 1.48221e-30 3.46215e-30
0.741667 -3.72958e-30 6.89342e-30 1.61143e-29
0.745833 -1.71726e-29 3.14631e-29 7.36065e-29
0.75 -7.76067e-29 1.40947e-28 3.29993e-28
0.754167 -3.44266e-28 6.19791e-28 1.45219e-27
0.758333 -1.49922e-27 2.67555e-27 6.27358e-27
0.7625 -6.40997e-27 1.13397e-26 2.66086e-26
0.766667 -2.69095e-26 4.719e-26 1.10812e-25
0.770833 -1.10932e-25 1.92841e-25 4.53152e-25
0.775 -4.491e-25 7.73908e-25 1.81985e-24
0.779167 -1.78569e-24 3.05039e-24 7.17787e-24
0.783333 -6.97399e-24 1.18095e-23 2.78074e-23
0.7875 -2.67548e-23 4.49113e-23 1.05819e-22
0.791667 -1.00832e-22 1.67787e-22 3.95585e-22
0.795833 -3.73342e-22 6.15841e-22 1.45284e-21
0.8 -1.35818e-21 2.22086e-21 5.24234e-21
0.804167 -4.85482e-21 7.86938e-21 1.85863e-20
0.808333 -1.70525e-20 2.74004e-20 6.4751e-20
0.8125 -5.88605e-20 9.37549e-20 2.21673e-19
0.816667 -1.99667e-19 3.15266e-19 7.45784e-19
0.820833 -6.65672e-19 1.04191e-18 2.46588e-18
0.825 -2.18125e-18 3.38432e-18 8.01326e-18
0.829167 -7.02527e-18 1.0805e-17 2.55944e-17
0.833333 -2.22408e-17 3.39082e-17 8.03517e-17
0.8375 -6.92128e-17 1.046e-16 2.47958e-16
0.841667 -2.11731e-16 3.17189e-16 7.52156e-16
0.845833 -6.36739e-16 9.45541e-16 2.24283e-15
0.85 -1.88246e-15 2.77095e-15 6.57442e-15
0.854167 -5.47133e-15 7.98314e-15 1.89452e-14
0.858333 -1.56339e-14 2.26112e-14 5.36695e-14
0.8625 -4.39197e-14 6.29633e-14 1.49469e-13
0.866667 -1.21303e-13 1.72372e-13 4.09235e-13
0.870833 -3.29389e-13 4.63946e-13 1.10153e-12
0.875 -8.79373e-13 1.22769e-12 2.91486e-12
0.879167 -2.30814e-12 3.19398e-12 7.58298e-12
0.883333 -5.95628e-12 8.16943e-12 1.93935e-11
0.8875 -1.51114e-11 2.0543e-11 4.87596e-11
0.891667 -3.76917e-11 5.07854e-11 1.20516e-10
0.895833 -9.24247e-11 1.23427e-10 2.92816e-10
0.9 -2.22802e-10 2.9489e-10 6.99357e-10
0.904167 -5.27987e-10 6.92592e-10 1.64187e-09
0.908333 -1.22994e-09 1.59898e-09 3.78877e-09
0.9125 -2.8163e-09 3.62855e-09 8.5931e-09
0.916667 -6.3385e-09 8.09331e-09 1.91545e-08
0.920833 -1.4021e-08 1.77416e-08 4.19593e-08
0.925 -3.04806e-08 3.8221e-08 9.03215e-08
0.929167 -6.5116e-08 8.09131e-08 1.91039e-07
0.933333 -1.36689e-07 1.68307e-07 3.96988e-07
0.9375 -2.81913e-07 3.43962e-07 8.10424e-07
0.941667 -5.71198e-07 6.90548e-07 1.62508e-06
0.945833 -1.13683e-06 1.36175e-06 3.20044e-06
0.95 -2.2222e-06 2.63732e-06 6.18947e-06
0.954167 -4.26565e-06 5.01563e-06 1.17527e-05
0.958333 -8.03954e-06 9.36506e-06 2.19071e-05
0.9625 -1.48745e-05 1.71649e-05 4.00785e-05
0.966667 -2.70107e-05 3.08765e-05 7.19496e-05
0.970833 -4.81297e-05 5.44974e-05 0.000126716
0.975 -8.41344e-05 9.4358e-05 0.000218884
0.979167 -0.000144245 0.000160221 0.000370721
0.983333 -0.000242477 0.000266727 0.000615457
0.9875 -0.000399523 0.000435193 0.00100119
0.991667 -0.000644998 0.000695669 0.00159525
0.995833 -0.00101988 0.00108907 0.00248861
1 -0.00157878 0.00166893 0.00379916
1.00417 -0.00239143 0.00250228 0.00567264
1.00833 -0.00354255 0.00366856 0.00827916
1.0125 -0.00512888 0.00525577 0.0118029
1.01667 -0.00725208 0.00735252 0.0164226
1.02083 -0.0100063 0.0100352 0.0222818
1.025 -0.01346 0.0133497 0.0294473
1.02917 -0.017631 0.0172889 0.0378591
1.03333 -0.0224589 0.0217678 0.047278
1.0375 -0.0277763 0.0265998 0.0572394
1.04167 -0.0332862 0.0314813 0.067027
1.04583 -0.0385524 0.0359907 0.0756828
1.05 -0.0430124 0.0396078 0.0820644
1.05417 -0.0460185 0.04176 0.0849599
1.05833 -0.0469089 0.0418935 0.0832553
1.0625 -0.0451078 0.0395657 0.0761372
1.06667 -0.0402383 0.0345419 0.063296
1.07083 -0.0322301 0.0268797 0.0450851
1.075 -0.0213945 0.0169759 0.0225849
1.07917 -0.00844061 0.00555624 -0.00246494
1.08333 0.00558518 -0.00640239 -0.0278803
1.0875 0.019438 -0.0178133 -0.0513685
1.09167 0.0318732 -0.0276608 -0.0709237
1.09583 0.0418641 -0.0351815 -0.0851867
1.1 0.0487863 -0.0400005 -0.0936722
1.10417 0.0525153 -0.0421819 -0.096791
1.10833 0.0534068 -0.0421765 -0.0956523
1.1125 0.05216 -0.0406792 -0.0917052
1.11667 0.0496074 -0.0384426 -0.0863404
1.12083 0.046502 -0.036109 -0.0805988
1.125 0.0433812 -0.0341245 -0.0751047
1.12917 0.0405628 -0.0327651 -0.07025
1.13333 0.0382709 -0.0322589 -0.0665453
1.1375 0.0368336 -0.0329408 -0.064954
1.14167 0.0368413 -0.0353459 -0.0669937
1.14583 0.0391572 -0.0401619 -0.0744597
1.15 0.0447138 -0.0480121 -0.0887743
1.15417 0.0541252 -0.059118 -0.110154
1.15833 0.0672393 -0.072962 -0.136918
1.1625 0.0828148 -0.088101 -0.165281
1.16667 0.0984943 -0.102248 -0.189821
1.17083 0.111151 -0.112643 -0.204568
1.175 0.117544 -0.116632 -0.2044
1.17917 0.115077 -0.112266 -0.186265
1.18333 0.102411 -0.09872 -0.149817
1.1875 0.079722 -0.0764172 -0.0972711
1.19167 0.0485261 -0.046829 -0.0326287
1.19583 0.011213 -0.0120876 0.0393466
1.2 -0.0295077 0.0254127 0.113927
1.20417 -0.0709951 0.0632691 0.18672
1.20833 -0.110789 0.0991311 0.253489
1.2125 -0.146497 0.130649 0.309831
1.21667 -0.175646 0.155462 0.351103
1.22083 -0.195716 0.17135 0.372874
1.225 -0.204446 0.17658 0.371828
1.22917 -0.200352 0.170322 0.346755
1.23333 -0.183219 0.152963 0.299189
1.2375 -0.154354 0.12616 0.233368
1.24167 -0.116458 0.0925926 0.155553
1.24583 -0.0731721 0.0555098 0.0729883
1.25 -0.0284901 0.0182487 -0.00710603
1.25417 0.0137626 -0.016135 -0.0782712
1.25833 0.0502793 -0.0450734 -0.135274
1.2625 0.0784714 -0.066584 -0.174447
1.26667 0.0966152 -0.07935 -0.194016
1.27083 0.104 -0.0828232 -0.194355
1.275 0.101034 -0.0773115 -0.17795
1.27917 0.0891969 -0.0639621 -0.148909
1.28333 0.0707548 -0.04459 -0.112084
1.2875 0.0483098 -0.0213878 -0.0721519
1.29167 0.0243489 0.00337259 -0.0330397
1.29583 0.00099191 0.0275439 0.00213428
1.3 -0.0200134 0.0492017 0.0308144
1.30417 -0.0371859 0.0667218 0.0509132
1.30833 -0.0493231 0.0789317 0.0611825
1.3125 -0.0557485 0.0853347 0.0619073
1.31667 -0.0566662 0.0862596 0.0553348
1.32083 -0.0533 0.0827403 0.0452227
1.325 -0.0475377 0.0760452 0.0354019
1.32917 -0.0411145 0.0670273 0.0280126
1.33333 -0.0347503 0.0556648 0.0225158
1.3375 -0.0278141 0.0411452 0.0162817
1.34167 -0.0188458 0.0225572 0.00659018
1.34583 -0.00672127 -0.000146319 -0.00714078
1.35 0.00823865 -0.0254955 -0.0223954
1.35417 0.0239731 -0.0506247 -0.0346537
1.35833 0.0374885 -0.072191 -0.0399735
1.3625 0.046334 -0.0876141 -0.0374298
1.36667 0.049834 -0.0959444 -0.0297878
1.37083 0.0492882 -0.0978926 -0.0219214
1.375 0.0470234 -0.0950821 -0.0179972
1.37917 0.0449388 -0.0890539 -0.0192544
1.38333 0.0435008 -0.080648 -0.0237423
1.3875 0.0417887 -0.070052 -0.0279777
1.39167 0.0384265 -0.0573118 -0.0291954
1.39583 0.0326481 -0.042812 -0.0266218
1.4 0.0247365 -0.0273489 -0.0211282
1.40417 0.0156457 -0.0118197 -0.0139336
1.40833 0.00626973 0.00311408 -0.00566471
1.4125 -0.00295439 0.0170372 0.00343536
1.41667 -0.0117964 0.0294458 0.0125315
1.42083 -0.0196586 0.0394144 0.0196363
1.425 -0.0253369 0.0456751 0.0223343
1.42917 -0.0275088 0.0471998 0.0194801
1.43333 -0.0256749 0.043923 0.0125148
1.4375 -0.0207907 0.0370379 0.00510746
1.44167 -0.0149596 0.0285556 0.0010491
1.44583 -0.010261 0.0203521 0.00177826
1.45 -0.00750979 0.013341 0.00538361
1.45417 -0.00587734 0.00734271 0.00794491
1.45833 -0.0036979 0.00171224 0.00633527
1.4625 0.000115442 -0.00378231 0.000463727
1.46667 0.00510785 -0.00852502 -0.00668465
1.47083 0.00950758 -0.0114023 -0.0112137
1.475 0.0114706 -0.0116597 -0.0110463
1.47917 0.0103995 -0.00958265 -0.00720354
1.48333 0.00734586 -0.00645055 -0.00277676
1.4875 0.00421824 -0.00377137 -0.000507047
1.49167 0.0024314 -0.00235862 -0.00087848
1.49583 0.00202525 -0.00192877 -0.00211752
1.5 0.00187637 -0.00149617 -0.00193175
1.50417 0.000758649 -0.000241708 0.000517173
1.50833 -0.00162303 0.00180503 0.00399435
1.5125 -0.00442188 0.00375824 0.00633682
1.51667 -0.00636158 0.00450455 0.00632611
1.52083 -0.00673872 0.00346535 0.0046971
1.525 -0.00589121 0.000936864 0.00344773
1.52917 -0.00478737 -0.00218052 0.00403923
1.53333 -0.00412965 -0.004976 0.00601185
1.5375 -0.00375976 -0.00695343 0.00722742
1.54167 -0.00288488 -0.00800466 0.00562908
1.54583 -0.000939479 -0.00807149 0.00112869
1.55 0.00166742 -0.00690937 -0.00396692
1.55417 0.00362038 -0.00425402 -0.00648884
1.55833 0.003632 -0.000290361 -0.0048254
1.5625 0.00154974 0.00402178 -0.000342071
1.56667 -0.00128797 0.0071802 0.00343277
1.57083 -0.00285092 0.00792461 0.00339392
1.575 -0.00187045 0.00607293 -0.000703471
1.57917 0.00114002 0.00276292 -0.00590111
1.58333 0.00414475 -0.000178134 -0.00819626
1.5875 0.00502666 -0.00136749 -0.00563239
1.59167 0.00316401 -0.000713072 9.07229e-05
1.59583 -8.12319e-05 0.000657401 0.00484228
1.6 -0.00239375 0.00134219 0.00525436
1.60417 -0.00229276 0.000765717 0.0013834
1.60833 -0.000274969 -0.000426854 -0.00332796
1.6125 0.00162241 -0.000995023 -0.00482496
1.61667 0.00151842 -0.000238397 -0.00174386
1.62083 -0.000719278 0.0013077 0.0034542
1.625 -0.00330676 0.00223616 0.00648068
1.62917 -0.00397889 0.00144385 0.00473383
1.63333 -0.00187799 -0.000836351 -0.000559177
1.6375 0.00166003 -0.00304656 -0.00533813
1.64167 0.00409814 -0.00343849 -0.00600627
1.64583 0.00368601 -0.00147538 -0.00229183
1.65 0.00083359 0.00163301 0.00265861
1.65417 -0.00223856 0.00374912 0.0049473
1.65833 -0.00326787 0.00338946 0.00306864
1.6625 -0.00168832 0.000843768 -0.00105728
1.66667 0.00104424 -0.00205191 -0.00388682
1.67083 0.0027309 -0.00331131 -0.00324294
1.675 0.00220416 -0.00226322 3.04859e-05
1.67917 0.000153606 4.90046e-05 0.00300514
1.68333 -0.00158791 0.00179568 0.00323048
1.6875 -0.00161054 0.00182084 0.000697521
1.69167 -2.56416e-05 0.000458821 -0.00234784
1.69583 0.00174627 -0.000887415 -0.00340687
1.7 0.00222107 -0.000976164 -0.00176482
1.70417 0.0010501 0.000278318 0.00108117
1.70833 -0.000778888 0.00181975 0.00279809
1.7125 -0.0018155 0.00237707 0.00213315
1.71667 -0.00131642 0.001493 -0.000195449
1.72083 0.000230008 -0.00016149 -0.00223369
1.725 0.00157516 -0.00136456 -0.00242255
1.72917 0.00172298 -0.00128862 -0.000772349
1.73333 0.000656137 -7.49742e-05 0.00128569
1.7375 -0.000749642 0.00133727 0.00213609
1.74167 -0.00147448 0.0019239 0.00125376
1.74583 -0.00112823 0.00128098 -0.000475549
1.75 -0.000161715 -0.000147533 -0.00156855
1.75417 0.000579651 -0.00142217 -0.00117699
1.75833 0.000543898 -0.00176282 0.000263715
1.7625 -0.000149939 -0.00105814 0.00146342
1.76667 -0.00089644 0.000103586 0.00139474
1.77083 -0.00114189 0.000886379 0.000159132
1.775 -0.000815686 0.000803284 -0.00111949
1.77917 -0.00032332 1.10076e-05 -0.00128196
1.78333 -0.0001459 -0.000902882 -0.000162599
1.7875 -0.000408384 -0.00142146 0.00123741
1.79167 -0.00079227 -0.00143624 0.00161933
1.79583 -0.000868657 -0.00116315 0.000572472
1.8 -0.000550095 -0.000819851 -0.000985041
1.80417 -0.000223572 -0.000467958 -0.00157728
1.80833 -0.000387975 -0.000171636 -0.00053633
1.8125 -0.00109672 -0.000184178 0.00128095
1.81667 -0.00176725 -0.000792548 0.00218253
1.82083 -0.00164596 -0.00188154 0.00121016
1.825 -0.000574755 -0.00273867 -0.000866451
1.82917 0.000698527 -0.00250019 -0.00217228
1.83333 0.00109555 -0.00095929 -0.00149252
1.8375 0.000236515 0.00105692 0.000496011
1.84167 -0.00107188 0.00224119 0.00180891
1.84583 -0.00147893 0.00189531 0.00107705
1.85 -0.000356235 0.000571098 -0.00107727
1.85417 0.00152827 -0.000359921 -0.00263871
1.85833 0.00265727 0.000150986 -0.00221647
1.8625 0.00216565 0.00197782 -0.000425486
1.86667 0.000631494 0.0039634 0.000807124
1.87083 -0.000528932 0.00486344 0.000276757
1.875 -0.000437318 0.0042624 -0.00128979
1.87917 0.000492673 0.00277409 -0.00212111
1.88333 0.00112154 0.00149011 -0.00136109
1.8875 0.000775842 0.0011679 7.50681e-05
1.89167 -0.000197549 0.00172334 0.000637163
1.89583 -0.000965819 0.00233428 -0.000103749
1.9 -0.00109641 0.00209544 -0.00108266
1.90417 -0.000833033 0.000793855 -0.0010735
1.90833 -0.000639691 -0.00082838 -9.08857e-05
1.9125 -0.00068272 -0.00166335 0.000727895
1.91667 -0.0008001 -0.00123627 0.000492273
1.92083 -0.000825023 -0.0001351 -0.00046565
1.925 -0.000794596 0.000618884 -0.00104134
1.92917 -0.000849101 0.000588059 -0.000605388
1.93333 -0.00101432 0.000197672 0.000341196
1.9375 -0.00112719 6.85276e-05 0.00072415
1.94167 -0.000984851 0.000339242 2.79144e-05
1.94583 -0.000594001 0.000768441 -0.00114179
1.95 -0.00026658 0.001243 -0.00164377
1.95417 -0.000372497 0.0018512 -0.00100642
1.95833 -0.000915526 0.00251651 -1.06863e-05
1.9625 -0.00142521 0.00292421 9.27553e-05
1.96667 -0.00141251 0.00293773 -0.00100102
1.97083 -0.000934742 0.00282393 -0.00222373
1.975 -0.000567631 0.0028718 -0.00230989
1.97917 -0.000760958 0.00296717 -0.00125963
1.98333 -0.00133016 0.00276579 -0.00034335
1.9875 -0.00166507 0.00218648 -0.000648379
1.99167 -0.00137717 0.00153209 -0.00188275
1.99583 -0.000689242 0.00117134 -0.0027215
2 -0.000238673 0.00121276 -0.00218759
2.00417 -0.000474545 0.00135736 -0.000637967
2.00833 -0.00110101 0.000967122 0.000505861
2.0125 -0.00115507 -0.00041432 9.59552e-05
2.01667 2.73484e-05 -0.00231056 -0.0014045
2.02083 0.00179844 -0.00344847 -0.00205906
2.025 0.00260714 -0.00323527 -0.000493963
2.02917 0.00185085 -0.00285021 0.00216649
2.03333 0.000929131 -0.00400337 0.00323198
2.0375 0.00170272 -0.00659404 0.00177673
2.04167 0.00402962 -0.00864473 0.000148691
2.04583 0.00578413 -0.0089314 0.00113519
2.05 0.00558383 -0.00857076 0.00424685
2.05417 0.00452921 -0.00923202 0.00631417
2.05833 0.00458436 -0.0108593 0.00570554
2.0625 0.00605673 -0.0123812 0.00426083
2.06667 0.00765339 -0.0137235 0.00446579
2.07083 0.00844475 -0.0153607 0.00629104
2.075 0.00856287 -0.0164392 0.00794648
2.07917 0.00825956 -0.0155879 0.00848826
2.08333 0.00764588 -0.0136856 0.00822229
2.0875 0.00736755 -0.013352 0.00749094
2.09167 0.00806258 -0.0148614 0.006732
2.09583 0.00884432 -0.0150442 0.00700068
2.1 0.00790107 -0.0118281 0.00851677
2.10417 0.00526127 -0.00754675 0.00924385
2.10833 0.00328912 -0.00541648 0.00722447
2.1125 0.00329853 -0.00472677 0.00411802
2.11667 0.00337294 -0.00262348 0.0036001
2.12083 0.00132587 0.000805101 0.00577334
2.125 -0.00167119 0.0030899 0.00636588
2.12917 -0.00291493 0.00441072 0.00297847
2.13333 -0.00267291 0.00762222 -0.00106708
2.1375 -0.00378278 0.0127068 -0.00174485
2.14167 -0.00685063 0.015859 -0.000461861
2.14583 -0.0091959 0.0158842 -0.00151363
2.15 -0.00943602 0.0169145 -0.00523116
2.15417 -0.00980035 0.0216664 -0.00805425
2.15833 -0.0120797 0.0262282 -0.00875525
2.1625 -0.0143049 0.0260068 -0.00985508
2.16667 -0.0141361 0.0234065 -0.0123213
2.17083 -0.013049 0.023849 -0.0136117
2.175 -0.0136988 0.0263607 -0.0127042
2.17917 -0.0149041 0.0249488 -0.0125863
2.18333 -0.0133646 0.0189083 -0.0148953
2.1875 -0.00956698 0.0143654 -0.0160443
2.19167 -0.00745125 0.0138829 -0.0126213
2.19583 -0.00780531 0.0117787 -0.00756016
2.2 -0.00658745 0.00367075 -0.00609181
2.20417 -0.00151697 -0.00560086 -0.00743508
2.20833 0.00386289 -0.00930453 -0.00594832
2.2125 0.00556558 -0.00936184 -0.000142079
2.21667 0.00519601 -0.0125377 0.00499955
2.22083 0.00684286 -0.0188628 0.00583102
2.225 0.0102983 -0.0217002 0.00508445
2.22917 0.0117714 -0.018891 0.00659133
2.23333 0.0103026 -0.0159481 0.009181
2.2375 0.00889017 -0.0163441 0.00946526
2.24167 0.00897488 -0.0158837 0.00776115
2.24583 0.00818117 -0.0106597 0.00697723
2.25 0.00504814 -0.00458594 0.00714235
2.25417 0.00217511 -0.00324739 0.00550301
2.25833 0.0020207 -0.00434803 0.00192126
2.2625 0.00247063 -0.00124705 -0.000125315
2.26667 6.89617e-05 0.00578836 0.000847162
2.27083 -0.00404954 0.00934448 0.00146264
2.275 -0.00544822 0.00654199 -0.00131858
2.27917 -0.00326743 0.00368325 -0.00496919
2.28333 -0.00170422 0.00604284 -0.004873
2.2875 -0.00346787 0.00932594 -0.00151085
2.29167 -0.00552406 0.00686491 3.01014e-05
2.29583 -0.00399151 0.00083338 -0.00219047
2.3 -0.000397062 -0.00110137 -0.00407131
2.30417 0.000778396 0.00171746 -0.00209886
2.30833 -0.000777606 0.00215293 0.00110936
2.3125 -0.00109675 -0.00232349 0.00125612
2.31667 0.00113697 -0.00505357 -0.000689828
2.32083 0.00240098 -0.00159079 -0.00060973
2.325 0.00062917 0.00222861 0.0014815
2.32917 -0.000951121 -0.000139169 0.00171012
2.33333 0.00063541 -0.00464948 -0.000423892
2.3375 0.00268559 -0.00329856 -0.00094995
2.34167 0.0012969 0.00220835 0.00124882
2.34583 -0.00168191 0.00324194 0.0018956
2.35 -0.00152094 -0.00108439 -0.00122139
2.35417 0.00127208 -0.00259047 -0.00377401
2.35833 0.00166707 0.00178581 -0.00192955
2.3625 -0.00133694 0.00495891 0.00093482
2.36667 -0.00302287 0.00216217 -0.000244281
2.37083 -0.000957851 -0.00124924 -0.00373044
2.375 0.00120504 0.000174869 -0.0040379
2.37917 0.00030713 0.0026144 -0.000975404
2.38333 -0.00124772 0.000625779 0.000718773
2.3875 -0.000375022 -0.00274223 -0.000465249
2.39167 0.0012575 -0.00159149 -0.0013012
2.39583 0.000734327 0.00216672 -0.000252449
2.4 -0.000777753 0.00239702 0.000562267
2.40417 -0.000592336 -0.000436983 0.000355273
2.40833 0.000395505 -0.000694494 0.00102968
2.4125 -0.0002989 0.00213921 0.00250017
2.41667 -0.00174827 0.00302687 0.00197109
2.42083 -0.00121194 0.000663182 -0.000559072
2.425 0.000666544 -0.000760148 -0.00117516
2.42917 0.000835439 0.000445002 0.00143525
2.43333 -0.000740407 0.000961425 0.00316392
2.4375 -0.00106679 -0.000797349 0.00102119
2.44167 0.000623201 -0.00204665 -0.00184604
2.44583 0.00181992 -0.00147954 -0.00123548
2.45 0.00131503 -0.0016854 0.00156939
2.45417 0.000872459 -0.00354405 0.00243789
2.45833 0.00149991 -0.00394064 0.000973647
2.4625 0.00175481 -0.00179228 7.92344e-05
2.46667 0.00101981 -0.000841967 0.000575141
2.47083 0.000961396 -0.00294956 0.000746041
2.475 0.00200091 -0.00387667 0.000527888
2.47917 0.00172155 -0.000421445 0.00156012
2.48333 -0.000781881 0.00297231 0.00290037
2.4875 -0.00215324 0.000865795 0.00148308
2.49167 0.000209343 -0.00349447 -0.00187753
2.49583 0.00302633 -0.00275257 -0.00199111
2.5 0.00158409 0.00210036 0.00239354
2.50417 -0.0022927 0.00273968 0.00483108
2.50833 -0.00236685 -0.00238344 0.000569338
2.5125 0.00192217 -0.00465489 -0.00474267
2.51667 0.00390089 0.000319884 -0.00281414
2.52083 0.000255733 0.0046427 0.00375993
2.525 -0.00333572 0.00130856 0.00479175
2.52917 -0.00143994 -0.00337314 -0.00130385
2.53333 0.00221957 -0.000550319 -0.00492618
2.5375 0.00139543 0.00518263 -0.00102797
2.54167 -0.00198494 0.00345718 0.00320108
2.54583 -0.00175903 -0.00299448 0.00121561
2.55 0.00120236 -0.00238099 -0.00243003
2.55417 0.000929446 0.00495748 -0.00155846
2.55833 -0.00216566 0.00622891 0.000782336
2.5625 -0.00186119 -0.00121798 -0.000389884
2.56667 0.00184559 -0.00451592 -0.00182172
2.57083 0.00195166 0.00219383 0.00100526
2.575 -0.00256764 0.00716775 0.00365764
2.57917 -0.0039056 0.00180644 0.000382132
2.58333 0.000805047 -0.00411378 -0.00385952
2.5875 0.00357914 0.000112121 -0.000817007
2.59167 -0.000955568 0.00736415 0.00599042
2.59583 -0.0060119 0.00562951 0.00616489
2.6 -0.00390851 -0.00134711 -0.000188203
2.60417 0.00136974 -0.00179256 -0.00255124
2.60833 0.0013661 0.00359076 0.0030034
2.6125 -0.00326685 0.00439522 0.00855461
2.61667 -0.00516273 -0.000953126 0.00746123
2.62083 -0.00230097 -0.00393394 0.00305311
2.625 0.000406101 -0.00122465 0.00179685
2.62917 -0.000358358 0.00119664 0.00487362
2.63333 -0.0026901 -0.000756137 0.00876736
2.6375 -0.00368052 -0.0036792 0.00972168
2.64167 -0.00282905 -0.00335056 0.00682463
2.64583 -0.00152373 -0.000461634 0.00332858
2.65 -0.00143899 0.00142539 0.00357617
2.65417 -0.00279913 0.000290962 0.00675767
2.65833 -0.00369731 -0.00209109 0.00719451
2.6625 -0.00266826 -0.00178107 0.0028201
2.66667 -0.00118261 0.00176191 -0.00165312
2.67083 -0.00102583 0.00341705 -0.00253756
2.675 -0.000855286 -0.000188995 -0.00226106
2.67917 0.00103913 -0.00398496 -0.00374034
2.68333 0.00280765 -0.00188714 -0.00590906
2.6875 0.00242737 0.00237315 -0.00784583
2.69167 0.00235723 0.000966584 -0.0109014
2.69583 0.00533601 -0.00422659 -0.0139903
2.7 0.00833722 -0.00442877 -0.0135994
2.70417 0.0070658 0.00087785 -0.0109186
2.70833 0.00390672 0.00326893 -0.0116546
2.7125 0.0044436 -0.000170755 -0.0163803
2.71667 0.00810424 -0.00307891 -0.0186906
2.72083 0.00937472 -0.00159985 -0.0155172
2.725 0.00697226 0.00031678 -0.0119005
2.72917 0.00512284 -0.00089464 -0.0128229
2.73333 0.00641028 -0.00341228 -0.0167192
2.7375 0.00894886 -0.00472081 -0.0192903
2.74167 0.0101895 -0.00488597 -0.0186391
2.74583 0.00948208 -0.00470255 -0.0157485
2.75 0.00777517 -0.0050705 -0.0137422
2.75417 0.00720267 -0.00691048 -0.0153525
2.75833 0.00893209 -0.00874185 -0.0178385
2.7625 0.0103089 -0.00779861 -0.0143988
2.76667 0.00773843 -0.0054296 -0.00436245
2.77083 0.00274355 -0.00559615 0.00428217
2.775 -4.44299e-05 -0.00673843 0.00723158
2.77917 -0.00094243 -0.00327776 0.0108236
2.78333 -0.00463094 0.00361784 0.0206783
2.7875 -0.0114279 0.00689931 0.0320703
2.79167 -0.0167221 0.00648613 0.0385711
2.79583 -0.019307 0.0093699 0.0415334
2.8 -0.0221349 0.0153631 0.0439104
2.80417 -0.0247008 0.0161461 0.0435612
2.80833 -0.0233749 0.0107871 0.0394446
2.8125 -0.0193384 0.00807143 0.035284
2.81667 -0.0172084 0.0105012 0.031128
2.82083 -0.0159626 0.0102757 0.021277
2.825 -0.0104844 0.00438256 0.00599532
2.82917 -0.00177493 -0.000387821 -0.00569431
2.83333 0.00384285 -0.000777042 -0.0101861
2.8375 0.00543498 -0.00208864 -0.0147865
2.84167 0.00816936 -0.00692648 -0.0238659
2.84583 0.0135692 -0.0110257 -0.031133
2.85 0.0175919 -0.0123462 -0.0309729
2.85417 0.018087 -0.013454 -0.0266414
2.85833 0.0167463 -0.0143098 -0.0226217
2.8625 0.014569 -0.0125324 -0.0187006
2.86667 0.0116138 -0.00967103 -0.014692
2.87083 0.00929124 -0.00831216 -0.0117692
2.875 0.00773675 -0.0061381 -0.00784303
2.87917 0.00423468 -0.001192 -0.000624494
2.88333 -0.00131402 0.00218275 0.00546474
2.8875 -0.0041976 0.000879157 0.00487122
2.89167 -0.00245422 -0.000232332 0.00124077
2.89583 -0.000811293 0.00294079 0.00225176
2.9 -0.00283916 0.00614559 0.00695722
2.90417 -0.00546333 0.00551003 0.0082906
2.90833 -0.00529174 0.00484666 0.00516843
2.9125 -0.00395358 0.00708432 0.0026569
2.91667 -0.00359493 0.00803681 0.00308461
2.92083 -0.00332945 0.00525396 0.00490545
2.925 -0.00276095 0.00315326 0.0069055
2.92917 -0.00293488 0.00387791 0.0075714
2.93333 -0.00257018 0.00333529 0.00496459
2.9375 0.000364016 0.00054356 0.00139256
2.94167 0.00347223 0.000220339 0.00190903
2.94583 0.00305084 0.00303147 0.00542808
2.95 0.00109579 0.00410819 0.00544307
2.95417 0.00204504 0.00295639 0.00158856
2.95833 0.00465232 0.00393458 0.000934169
2.9625 0.00456381 0.00663059 0.00597598
2.96667 0.00231675 0.00670703 0.0114108
2.97083 0.00140357 0.00514118 0.0141677
2.975 0.00160831 0.00576047 0.0165044
2.97917 0.00124272 0.00627618 0.0186369
2.98333 0.00200757 0.00266915 0.018346
2.9875 0.00504491 -0.00153529 0.0173998
2.99167 0.00694808 -0.00134462 0.018636
2.99583 0.00588508 -0.000548911 0.0186776
