0 0 0 0
0.00416667 0 0 0
0.00833333 0 0 0
0.0125 0 0 0
0.0166667 0 0 0
0.0208333 0 0 0
0.025 0 0 0
0.0291667 0 0 0
0.0333333 0 0 0
0.0375 0 0 0
0.0416667 0 0 0
0.0458333 0 0 0
0.05 0 0 0
0.0541667 0 0 0
0.0583333 0 0 0
0.0625 0 0 0
0.0666667 0 0 0
0.0708333 0 0 0
0.075 0 0 0
0.0791667 0 0 0
0.0833333 0 0 0
0.0875 0 0 0
0.0916667 0 0 0
0.0958333 0 0 0
0.1 0 0 0
0.104167 0 0 0
0.108333 0 0 0
0.1125 0 0 0
0.116667 0 0 0
0.120833 0 0 0
0.125 0 0 0
0.129167 0 0 0
0.133333 0 0 0
0.1375 0 0 0
0.141667 0 0 0
0.145833 0 0 0
0.15 0 0 0
0.154167 0 0 0
0.158333 0 0 0
0.1625 0 0 0
0.166667 0 0 0
0.170833 0 0 0
0.175 0 0 0
0.179167 0 0 0
0.183333 0 0 0
0.1875 0 0 0
0.191667 -1.15611e-321 0 3.87891e-320
0.195833 -1.16815e-317 1.15444e-318 3.38107e-316
0.2 -8.53521e-314 1.03803e-314 2.41609e-312
0.204167 -5.18718e-310 7.74302e-311 1.43654e-308
0.208333 -2.6446e-306 4.82269e-307 7.16724e-305
0.2125 -1.14036e-302 2.52342e-303 3.0251e-301
0.216667 -4.19135e-299 1.1157e-299 1.08855e-297
0.220833 -1.32286e-295 4.19175e-296 3.36425e-294
0.225 -3.61031e-292 1.34553e-292 8.99245e-291
0.229167 -8.57563e-289 3.70951e-289 2.09239e-287
0.233333 -1.78348e-285 8.82787e-286 4.26362e-284
0.2375 -3.26503e-282 1.82232e-282 7.64967e-281
0.241667 -5.28697e-279 3.27835e-279 1.21432e-277
0.245833 -7.6042e-276 5.16292e-276 1.71277e-274
0.25 -9.7504e-273 7.14849e-273 2.15452e-271
0.254167 -1.11816e-269 8.7378e-270 2.42492e-268
0.258333 -1.15009e-266 9.46608e-267 2.44892e-265
0.2625 -1.06366e-263 9.12339e-264 2.2248e-262
0.266667 -8.86609e-261 7.851e-261 1.82247e-259
0.270833 -6.67549e-258 6.05303e-258 1.34908e-256
0.275 -4.54965e-255 4.19497e-255 9.0436e-254
0.279167 -2.81271e-252 2.62155e-252 5.50131e-251
0.283333 -1.58059e-249 1.48173e-249 3.04299e-248
0.2875 -8.0901e-247 7.59642e-247 1.53365e-245
0.291667 -3.77935e-244 3.54219e-244 7.05699e-243
0.295833 -1.61471e-241 1.50627e-241 2.97068e-240
0.3 -6.32205e-239 5.85587e-239 1.14631e-237
0.304167 -2.27288e-236 2.08636e-236 4.06269e-235
0.308333 -7.51799e-234 6.82812e-234 1.32507e-232
0.3125 -2.29231e-231 2.05725e-231 3.98482e-230
0.316667 -6.45519e-229 5.71835e-229 1.10697e-227
0.320833 -1.68195e-226 1.4694e-226 2.84592e-225
0.325 -4.06226e-224 3.4974e-224 6.78331e-223
0.329167 -9.11032e-222 7.7251e-222 1.50159e-220
0.333333 -1.90042e-219 1.58637e-219 3.09234e-218
0.3375 -3.6935e-217 3.03389e-217 5.93427e-216
0.341667 -6.69873e-215 5.4128e-215 1.06288e-213
0.345833 -1.13551e-212 9.02342e-213 1.77955e-211
0.35 -1.80172e-210 1.40774e-210 2.78934e-209
0.354167 -2.6799e-208 2.0584e-208 4.0991e-207
0.358333 -3.74196e-206 2.82502e-206 5.65569e-205
0.3625 -4.91163e-204 3.64423e-204 7.33645e-203
0.366667 -6.06841e-202 4.42453e-202 8.95914e-201
0.370833 -7.06654e-200 5.0626e-200 1.0313e-198
0.375 -7.76538e-198 5.46604e-198 1.12041e-196
0.379167 -8.06246e-196 5.57566e-196 1.1502e-194
0.383333 -7.91829e-194 5.37967e-194 1.11707e-192
0.3875 -7.36456e-192 4.91528e-192 1.02751e-190
0.391667 -6.4937e-190 4.2575e-190 8.96129e-189
0.395833 -5.43417e-188 3.49979e-188 7.41816e-187
0.4 -4.32034e-186 2.73314e-186 5.83462e-185
0.404167 -3.26652e-184 2.0298e-184 4.36471e-183
0.408333 -2.35103e-182 1.43496e-182 3.10848e-181
0.4125 -1.61231e-180 9.66576e-181 2.1096e-179
0.416667 -1.05452e-178 6.20928e-179 1.36556e-177
0.420833 -6.58366e-177 3.80754e-177 8.43858e-176
0.425 -3.92702e-175 2.23061e-175 4.98254e-174
0.429167 -2.2398e-173 1.24953e-173 2.81333e-172
0.433333 -1.22254e-171 6.69839e-172 1.52032e-170
0.4375 -6.39098e-170 3.43907e-170 7.86938e-169
0.441667 -3.20231e-168 1.69237e-168 3.90457e-167
0.445833 -1.53914e-166 7.98848e-167 1.85849e-165
0.45 -7.10117e-165 3.61964e-165 8.49219e-164
0.454167 -3.14724e-163 1.57546e-163 3.72788e-162
0.458333 -1.34085e-161 6.59171e-162 1.57322e-160
0.4625 -5.4951e-160 2.65294e-160 6.38696e-159
0.466667 -2.16772e-158 1.02774e-158 2.49611e-157
0.470833 -8.23645e-157 3.83484e-157 9.3967e-156
0.475 -3.01621e-155 1.37908e-155 3.40959e-154
0.479167 -1.0652e-153 4.78273e-154 1.19318e-152
0.483333 -3.62999e-152 1.60053e-152 4.02948e-151
0.4875 -1.19437e-150 5.1714e-151 1.31395e-149
0.491667 -3.79643e-149 1.61418e-149 4.13943e-148
0.495833 -1.16642e-147 4.87008e-148 1.26059e-146
0.5 -3.46587e-146 1.421e-146 3.7129e-145
0.504167 -9.96491e-145 4.01194e-145 1.05824e-143
0.508333 -2.77371e-143 1.09658e-143 2.92017e-142
0.5125 -7.47812e-142 2.90312e-142 7.80552e-141
0.516667 -1.95379e-140 7.44807e-141 2.02198e-139
0.520833 -4.9491e-139 1.85261e-139 5.07854e-138
0.525 -1.21601e-137 4.46977e-138 1.23734e-136
0.529167 -2.89941e-136 1.04652e-136 2.92566e-135
0.533333 -6.7117e-135 2.37881e-135 6.71639e-134
0.5375 -1.50902e-133 5.25185e-134 1.49765e-132
0.541667 -3.29673e-132 1.12665e-132 3.24514e-131
0.545833 -7.00121e-131 2.34946e-131 6.83566e-130
0.55 -1.44591e-129 4.76461e-130 1.40032e-128
0.554167 -2.90507e-128 9.40018e-129 2.79091e-127
0.558333 -5.68053e-127 1.80494e-127 5.41381e-126
0.5625 -1.08144e-125 3.37419e-126 1.02249e-124
0.566667 -2.00517e-124 6.14355e-125 1.88095e-123
0.570833 -3.62242e-123 1.08985e-123 3.3714e-122
0.575 -6.37812e-122 1.88437e-122 5.88994e-121
0.579167 -1.09493e-120 3.17661e-121 1.0033e-119
0.583333 -1.83325e-119 5.2229e-120 1.66691e-118
0.5875 -2.99464e-118 8.37816e-119 2.70209e-117
0.591667 -4.77412e-117 1.31165e-117 4.27497e-116
0.595833 -7.4303e-116 2.00472e-116 6.60311e-115
0.6 -1.12932e-114 2.99221e-115 9.96045e-114
0.604167 -1.6767e-113 4.36279e-114 1.46776e-112
0.608333 -2.43249e-112 6.21583e-113 2.11352e-111
0.6125 -3.44928e-111 8.65608e-112 2.97479e-110
0.616667 -4.78201e-110 1.17857e-110 4.09382e-109
0.620833 -6.48364e-109 1.56935e-109 5.5099e-108
0.625 -8.59944e-108 2.04426e-108 7.25467e-107
0.629167 -1.11604e-106 2.60566e-107 9.34688e-106
0.633333 -1.41763e-105 3.25072e-106 1.1787e-104
0.6375 -1.7629e-104 3.97037e-105 1.45525e-103
0.641667 -2.14677e-103 4.74876e-104 1.75946e-102
0.645833 -2.56058e-102 5.56334e-103 2.08369e-101
0.65 -2.99222e-101 6.38559e-102 2.41771e-100
0.654167 -3.42652e-100 7.18254e-101 2.74911e-99
0.658333 -3.84606e-99 7.91896e-100 3.06406e-98
0.6625 -4.23234e-98 8.55989e-99 3.34826e-97
0.666667 -4.56713e-97 9.0735e-98 3.588e-96
0.670833 -4.8339e-96 9.43373e-97 3.7713e-95
0.675 -5.01923e-95 9.62244e-96 3.88891e-94
0.679167 -5.11388e-94 9.631e-95 3.93506e-93
0.683333 -5.11362e-93 9.46087e-94 3.90798e-92
0.6875 -5.01946e-92 9.12329e-93 3.80993e-91
0.691667 -4.8375e-91 8.63809e-92 3.64694e-90
0.695833 -4.57831e-90 8.03182e-91 3.42826e-89
0.7 -4.25591e-89 7.33537e-90 3.16542e-88
0.704167 -3.88652e-88 6.58148e-89 2.87133e-87
0.708333 -3.48732e-87 5.80225e-88 2.55923e-86
0.7125 -3.07511e-86 5.02711e-87 2.24174e-85
0.716667 -2.6653e-85 4.28121e-86 1.93013e-84
0.720833 -2.27102e-84 3.58439e-85 1.63377e-83
0.725 -1.90265e-83 2.95078e-84 1.35977e-82
0.729167 -1.56758e-82 2.38894e-83 1.11298e-81
0.733333 -1.27031e-81 1.90234e-82 8.96036e-81
0.7375 -1.01265e-80 1.49025e-81 7.09656e-80
0.741667 -7.94249e-80 1.14863e-80 5.52997e-79
0.745833 -6.13001e-79 8.71211e-80 4.24049e-78
0.75 -4.6563e-78 6.50356e-79 3.20033e-77
0.754167 -3.48144e-77 4.77891e-78 2.3775e-76
0.758333 -2.56259e-76 3.45716e-77 1.73884e-75
0.7625 -1.85723e-75 2.46255e-76 1.25219e-74
0.766667 -1.32548e-74 1.72737e-75 8.88002e-74
0.770833 -9.31683e-74 1.19339e-74 6.20229e-73
0.775 -6.45068e-73 8.12138e-74 4.26718e-72
0.779167 -4.3999e-72 5.44491e-73 2.89228e-71
0.783333 -2.95691e-71 3.59682e-72 1.93154e-70
0.7875 -1.95815e-70 2.34137e-71 1.27112e-69
0.791667 -1.27797e-69 1.5021e-70 8.24419e-69
0.795833 -8.22087e-69 9.49856e-70 5.27031e-68
0.8 -5.213e-68 5.92108e-69 3.32128e-67
0.804167 -3.25898e-67 3.63897e-68 2.06351e-66
0.808333 -2.00887e-66 2.20517e-67 1.26413e-65
0.8125 -1.22109e-65 1.31777e-66 7.63674e-65
0.816667 -7.32012e-65 7.76644e-66 4.54995e-64
0.820833 -4.32823e-64 4.51477e-65 2.67383e-63
0.825 -2.52449e-63 2.58898e-64 1.55002e-62
0.829167 -1.45262e-62 1.46469e-63 8.86469e-62
0.833333 -8.24692e-62 8.17588e-63 5.00216e-61
0.8375 -4.61996e-61 4.50337e-62 2.78525e-60
0.841667 -2.55408e-60 2.44793e-61 1.53048e-59
0.845833 -1.39355e-59 1.3133e-60 8.3002e-59
0.85 -7.50498e-59 6.95457e-60 4.44316e-58
0.854167 -3.98981e-58 3.63549e-59 2.34789e-57
0.858333 -2.09398e-57 1.87621e-58 1.22486e-56
0.8625 -1.08506e-56 9.56016e-58 6.309e-56
0.866667 -5.55175e-56 4.8101e-57 3.20875e-55
0.870833 -2.80507e-55 2.38994e-56 1.61159e-54
0.875 -1.39969e-54 1.17274e-55 7.99375e-54
0.879167 -6.89814e-54 5.68373e-55 3.91619e-53
0.883333 -3.358e-53 2.72095e-54 1.89509e-52
0.8875 -1.61478e-52 1.28676e-53 9.05912e-52
0.891667 -7.67126e-52 6.01176e-53 4.27825e-51
0.895833 -3.6006e-51 2.77501e-52 1.9962e-50
0.9 -1.66983e-50 1.26568e-51 9.20313e-50
0.904167 -7.65227e-50 5.70437e-51 4.19269e-49
0.908333 -3.46549e-49 2.54069e-50 1.88759e-48
0.9125 -1.55105e-48 1.11838e-49 8.39877e-48
0.916667 -6.8613e-48 4.86571e-49 3.69356e-47
0.920833 -3.00011e-47 2.09247e-48 1.60556e-46
0.925 -1.29672e-46 8.8952e-48 6.89912e-46
0.929167 -5.54076e-46 3.73823e-47 2.93072e-45
0.933333 -2.34062e-45 1.55317e-46 1.23082e-44
0.9375 -9.77599e-45 6.3803e-46 5.11081e-44
0.941667 -4.03727e-44 2.59157e-45 2.09837e-43
0.945833 -1.64869e-43 1.04091e-44 8.51928e-43
0.95 -6.65798e-43 4.1344e-44 3.4204e-42
0.954167 -2.65903e-42 1.62402e-43 1.3581e-41
0.958333 -1.05029e-41 6.30924e-43 5.33326e-41
0.9625 -4.10323e-41 2.42433e-42 2.0715e-40
0.966667 -1.58561e-40 9.21429e-42 7.95857e-40
0.970833 -6.06106e-40 3.46426e-41 3.02459e-39
0.975 -2.29194e-39 1.28843e-40 1.13711e-38
0.979167 -8.57405e-39 4.74064e-40 4.22928e-38
0.983333 -3.17335e-38 1.72568e-39 1.55626e-37
0.9875 -1.16205e-37 6.21521e-39 5.66595e-37
0.991667 -4.21041e-37 2.21484e-38 2.04107e-36
0.995833 -1.50953e-36 7.80982e-38 7.27548e-36
1 -5.35547e-36 2.72505e-37 2.56627e-35
1.00417 -1.88023e-35 9.40936e-37 8.95783e-35
1.00833 -6.53286e-35 3.21529e-36 3.09444e-34
1.0125 -2.24644e-34 1.08736e-35 1.05793e-33
1.01667 -7.64545e-34 3.63944e-35 3.57976e-33
1.02083 -2.57542e-33 1.20567e-34 1.1989e-32
1.025 -8.58712e-33 3.95336e-34 3.97438e-32
1.02917 -2.83413e-32 1.28313e-33 1.30414e-31
1.03333 -9.25939e-32 4.12245e-33 4.23615e-31
1.0375 -2.99469e-31 1.3111e-32 1.36215e-30
1.04167 -9.58838e-31 4.12793e-32 4.33609e-30
1.04583 -3.03933e-30 1.28664e-31 1.3665e-29
1.05 -9.53818e-30 3.9703e-31 4.2636e-29
1.05417 -2.96363e-29 1.21297e-30 1.31708e-28
1.05833 -9.11732e-29 3.66898e-30 4.02836e-28
1.0625 -2.77722e-28 1.09882e-29 1.21995e-27
1.06667 -8.37657e-28 3.25842e-29 3.65821e-27
1.07083 -2.50178e-27 9.5675e-29 1.08622e-26
1.075 -7.39896e-27 2.78171e-28 3.19378e-26
1.07917 -2.16693e-26 8.00867e-28 9.29908e-26
1.08333 -6.28466e-26 2.28325e-27 2.68124e-25
1.0875 -1.80508e-25 6.44619e-27 7.65603e-25
1.09167 -5.13446e-25 1.80227e-26 2.16498e-24
1.09583 -1.44641e-24 4.99011e-26 6.06316e-24
1.1 -4.03549e-24 1.36832e-25 1.68169e-23
1.10417 -1.11511e-23 3.71583e-25 4.61962e-23
1.10833 -3.05187e-23 9.99371e-25 1.25687e-22
1.1125 -8.27275e-23 2.66199e-24 3.38689e-22
1.11667 -2.22114e-22 7.02269e-24 9.03966e-22
1.12083 -5.90683e-22 1.83494e-23 2.38973e-21
1.125 -1.55593e-21 4.74865e-23 6.25748e-21
1.12917 -4.0597e-21 1.21717e-22 1.62297e-20
1.13333 -1.04922e-20 3.09011e-22 4.16951e-20
1.1375 -2.68609e-20 7.77031e-22 1.06104e-19
1.14167 -6.81171e-20 1.93531e-21 2.67458e-19
1.14583 -1.71112e-19 4.77433e-21 6.67822e-19
1.15 -4.25791e-19 1.16662e-20 1.65178e-18
1.15417 -1.04956e-18 2.82358e-20 4.04697e-18
1.15833 -2.56284e-18 6.76904e-20 9.82201e-18
1.1625 -6.1992e-18 1.60736e-19 2.36137e-17
1.16667 -1.48544e-17 3.78054e-19 5.62374e-17
1.17083 -3.52598e-17 8.80752e-19 1.32673e-16
1.175 -8.29112e-17 2.0324e-18 3.10055e-16
1.17917 -1.93132e-16 4.64534e-18 7.17781e-16
1.18333 -4.45658e-16 1.05167e-17 1.64605e-15
1.1875 -1.01872e-15 2.35823e-17 3.7393e-15
1.19167 -2.30684e-15 5.23766e-17 8.41458e-15
1.19583 -5.17466e-15 1.1522e-16 1.87571e-14
1.2 -1.14986e-14 2.51045e-16 4.1418e-14
1.20417 -2.5311e-14 5.41752e-16 9.05936e-14
1.20833 -5.51906e-14 1.15789e-15 1.96285e-13
1.2125 -1.19209e-13 2.45102e-15 4.2126e-13
1.21667 -2.55058e-13 5.13839e-15 8.95537e-13
1.22083 -5.40559e-13 1.06684e-14 1.88573e-12
1.225 -1.1348e-12 2.19355e-14 3.93305e-12
1.22917 -2.35969e-12 4.46645e-14 8.12506e-12
1.23333 -4.8601e-12 9.00599e-14 1.6625e-11
1.2375 -9.91468e-12 1.7982e-13 3.36915e-11
1.24167 -2.0033e-11 3.55523e-13 6.76234e-11
1.24583 -4.00898e-11 6.95985e-13 1.34424e-10
1.25 -7.9457e-11 1.34902e-12 2.64634e-10
1.25417 -1.55965e-10 2.58882e-12 5.15931e-10
1.25833 -3.0318e-10 4.91845e-12 9.96089e-10
1.2625 -5.83636e-10 9.25068e-12 1.90436e-09
1.26667 -1.11258e-09 1.72232e-11 3.60517e-09
1.27083 -2.10016e-09 3.17409e-11 6.75787e-09
1.275 -3.92541e-09 5.78978e-11 1.25424e-08
1.27917 -7.26454e-09 1.04522e-10 2.30472e-08
1.28333 -1.33107e-08 1.86736e-10 4.19273e-08
1.2875 -2.41456e-08 3.30128e-10 7.55081e-08
1.29167 -4.33607e-08 5.77472e-10 1.34611e-07
1.29583 -7.70811e-08 9.99383e-10 2.37537e-07
1.3 -1.35633e-07 1.71096e-09 4.14873e-07
1.30417 -2.3622e-07 2.89738e-09 7.17135e-07
1.30833 -4.07165e-07 4.85261e-09 1.22674e-06
1.3125 -6.94531e-07 8.03695e-09 2.07652e-06
1.31667 -1.17232e-06 1.31611e-08 3.47787e-06
1.32083 -1.9579e-06 2.13062e-08 5.76289e-06
1.325 -3.23509e-06 3.40928e-08 9.44661e-06
1.32917 -5.28798e-06 5.39112e-08 1.5317e-05
1.33333 -8.5497e-06 8.42303e-08 2.45629e-05
1.3375 -1.36717e-05 1.29996e-07 3.89535e-05
1.34167 -2.16195e-05 1.98135e-07 6.10821e-05
1.34583 -3.38039e-05 2.98151e-07 9.46938e-05
1.35 -5.22545e-05 4.42819e-07 0.000145113
1.35417 -7.98454e-05 6.48905e-07 0.000219783
1.35833 -0.00012058 9.37846e-07 0.000328937
1.3625 -0.000179937 1.33625e-06 0.000486387
1.36667 -0.000265282 1.87597e-06 0.000710417
1.37083 -0.000386319 2.59357e-06 0.00102474
1.375 -0.000555572 3.52859e-06 0.00145943
1.37917 -0.000788838 4.72048e-06 0.00205167
1.38333 -0.00110554 6.20338e-06 0.00284623
1.3875 -0.00152891 7.9985e-06 0.00389528
1.39167 -0.00208581 1.01037e-05 0.00525739
1.39583 -0.00280612 1.24799e-05 0.00699533
1.4 -0.00372147 1.50353e-05 0.0091723
1.40417 -0.00486323 1.76073e-05 0.0118464
1.40833 -0.00625947 1.99446e-05 0.0150634
1.4125 -0.00793111 2.16919e-05 0.018847
1.41667 -0.00988703 2.23799e-05 0.0231887
1.42083 -0.0121187 2.14265e-05 0.0280359
1.425 -0.0145942 1.81511e-05 0.0332816
1.42917 -0.0172535 1.18096e-05 0.0387553
1.43333 -0.0200039 1.64992e-06 0.0442194
1.4375 -0.0227189 -1.30088e-05 0.0493712
1.44167 -0.0252401 -3.26775e-05 0.0538533
1.44583 -0.0273833 -5.75855e-05 0.0572741
1.45 -0.0289497 -8.75684e-05 0.0592382
1.45417 -0.0297421 -0.000121972 0.0593852
1.45833 -0.0295852 -0.000159594 0.0574339
1.4625 -0.028348 -0.000198678 0.0532265
1.46667 -0.0259655 -0.000236992 0.0467663
1.47083 -0.0224565 -0.000271978 0.03824
1.475 -0.0179332 -0.000300993 0.0280181
1.47917 -0.0125989 -0.000321607 0.0166279
1.48333 -0.00673106 -0.000331933 0.00469558
1.4875 -0.00065036 -0.000330924 -0.00713722
1.49167 0.00532386 -0.000318592 -0.0183153
1.49583 0.0109253 -0.000296084 -0.0284741
1.5 0.0159922 -0.000265564 -0.0375268
1.50417 0.0205083 -0.0002299 -0.0457153
1.50833 0.0246242 -0.000192159 -0.0536056
1.5125 0.0286485 -0.00015499 -0.0620176
1.51667 0.0330072 -0.000119988 -0.0718895
1.52083 0.0381693 -8.71805e-05 -0.0840898
1.525 0.0445498 -5.47439e-05 -0.0992049
1.52917 0.0524025 -1.90817e-05 -0.117337
1.53333 0.061722 2.47149e-05 -0.137956
1.5375 0.0721765 8.20423e-05 -0.159838
1.54167 0.083087 0.000157713 -0.181119
1.54583 0.0934649 0.000254816 -0.199463
1.55 0.102107 0.000373734 -0.212333
1.55417 0.107741 0.000511519 -0.217324
1.55833 0.10919 0.000661781 -0.212502
1.5625 0.105549 0.000815138 -0.196701
1.56667 0.0963201 0.000960179 -0.169729
1.57083 0.0815092 0.00108475 -0.132442
1.575 0.0616515 0.00117739 -0.086701
1.57917 0.0377748 0.00122855 -0.0352005
1.58333 0.0113063 0.00123162 0.018783
1.5875 -0.016062 0.00118344 0.0716942
1.59167 -0.0425288 0.00108443 0.120021
1.59583 -0.0663465 0.00093836 0.160609
1.6 -0.0859776 0.000751928 0.190952
1.60417 -0.100237 0.00053418 0.209442
1.60833 -0.108413 0.000295836 0.215564
1.6125 -0.110355 4.85141e-05 0.209994
1.61667 -0.106515 -0.000196182 0.194575
1.62083 -0.0979152 -0.000427693 0.172133
1.625 -0.0860452 -0.000637556 0.146114
1.62917 -0.0726635 -0.000820233 0.120082
1.63333 -0.0595369 -0.000973473 0.0971434
1.6375 -0.0481538 -0.00109793 0.0794172
1.64167 -0.0394702 -0.00119597 0.0676803
1.64583 -0.0337543 -0.0012699 0.0612929
1.65 -0.030578 -0.00132002 0.0584477
1.65417 -0.0289681 -0.00134317 0.0566964
1.65833 -0.0276881 -0.00133246 0.05362
1.6625 -0.0255765 -0.00127851 0.047458
1.66667 -0.021848 -0.00117203 0.0375141
1.67083 -0.0162693 -0.00100731 0.0242227
1.675 -0.00916051 -0.000785481 0.00887111
1.67917 -0.00122991 -0.0005164 -0.00690909
1.68333 0.00669344 -0.000218544 -0.0216902
1.6875 0.0139288 8.34796e-05 -0.0346337
1.69167 0.0201166 0.00036317 -0.0455801
1.69583 0.0252369 0.000596989 -0.0548309
1.7 0.0294786 0.000768473 -0.0627405
1.70417 0.0330262 0.000870433 -0.0693147
1.70833 0.0358665 0.000904779 -0.0740111
1.7125 0.0377086 0.000880266 -0.075848
1.71667 0.0380612 0.000809176 -0.0737898
1.72083 0.0364399 0.00070418 -0.0672513
1.725 0.0326181 0.000576408 -0.0564944
1.72917 0.0268077 0.0004351 -0.0427309
1.73333 0.0196826 0.000288485 -0.0278606
1.7375 0.0122216 0.000145007 -0.0139313
1.74167 0.00542561 1.39102e-05 -0.00252779
1.74583 1.78215e-05 -9.53811e-05 0.00566781
1.75 -0.00375184 -0.000175022 0.0109683
1.75417 -0.00612148 -0.000220911 0.0143979
1.75833 -0.00764786 -0.000234236 0.0171559
1.7625 -0.00892638 -0.00022156 0.0200537
1.76667 -0.010317 -0.000193159 0.0231531
1.77083 -0.0117871 -0.000160091 0.0257439
1.775 -0.0129293 -0.000130979 0.0266548
1.77917 -0.0131408 -0.000109696 0.0247616
1.78333 -0.0118864 -9.47389e-05 0.0194863
1.7875 -0.00893969 -8.05232e-05 0.0111
1.79167 -0.00451305 -6.00687e-05 0.000728671
1.79583 0.000765476 -2.81107e-05 -0.00992616
1.8 0.00601313 1.64495e-05 -0.0190426
1.80417 0.01033 6.95685e-05 -0.0251548
1.80833 0.0130333 0.000122854 -0.0275057
1.8125 0.0138182 0.000165852 -0.0261798
1.81667 0.0128032 0.000189089 -0.0219979
1.82083 0.0104571 0.000186928 -0.0162199
1.825 0.00743695 0.000159353 -0.0101617
1.82917 0.0043945 0.000112138 -0.00485134
1.83333 0.00181217 5.53435e-05 -0.000833776
1.8375 -7.88219e-05 6.29403e-07 0.00182038
1.84167 -0.00127829 -4.17457e-05 0.00333195
1.84583 -0.00191563 -6.52836e-05 0.00396046
1.85 -0.00212369 -6.82742e-05 0.00382107
1.85417 -0.00195672 -5.33496e-05 0.00287474
1.85833 -0.00139816 -2.60052e-05 0.0010981
1.8625 -0.000453013 7.12718e-06 -0.00127515
1.86667 0.000735188 3.95385e-05 -0.00361461
1.87083 0.00182945 6.53736e-05 -0.00499449
1.875 0.00236822 7.953e-05 -0.00454486
1.87917 0.00195123 7.79316e-05 -0.00189916
1.88333 0.000456486 5.84073e-05 0.00251281
1.8875 -0.00183686 2.20139e-05 0.00753441
1.89167 -0.00431361 -2.59908e-05 0.0117427
1.89583 -0.00627349 -7.65223e-05 0.0141008
1.9 -0.00725516 -0.000118903 0.014461
1.90417 -0.00726169 -0.000144437 0.0136253
1.90833 -0.00675221 -0.000149843 0.0128944
1.9125 -0.00638656 -0.000138735 0.0133293
1.91667 -0.00665216 -0.000120117 0.0151333
1.92083 -0.00757993 -0.000104307 0.0175142
1.925 -0.0087165 -9.81792e-05 0.0191224
1.92917 -0.00937702 -0.000102152 0.0188241
1.93333 -0.00903875 -0.000110547 0.0163637
1.9375 -0.00764831 -0.000115161 0.0125286
1.94167 -0.00566251 -0.000110115 0.00872077
1.94583 -0.00379964 -9.5262e-05 0.00619223
1.95 -0.00264894 -7.62559e-05 0.00539451
1.95417 -0.00236685 -6.12618e-05 0.00580462
1.95833 -0.00262703 -5.61929e-05 0.00628456
1.9625 -0.00283022 -6.11553e-05 0.00570551
1.96667 -0.0024237 -7.00067e-05 0.00343633
1.97083 -0.00112979 -7.31148e-05 -0.000564565
1.975 0.0010324 -6.16622e-05 -0.00601136
1.97917 0.00389295 -3.12196e-05 -0.0126179
1.98333 0.00729224 1.69347e-05 -0.020188
1.9875 0.0111131 7.67615e-05 -0.028393
1.99167 0.0151615 0.000139481 -0.0364513
1.99583 0.0190155 0.000195312 -0.0430528
2 0.0220098 0.000234376 -0.0467187
2.00417 0.0234357 0.000247227 -0.046457
2.00833 0.0228681 0.000225767 -0.0423041
2.0125 0.0204097 0.00016475 -0.0353513
2.01667 0.0166643 6.30534e-05 -0.0271708
2.02083 0.0124232 -7.64503e-05 -0.0189705
2.025 0.00824655 -0.000248941 -0.0110202
2.02917 0.00421158 -0.000450611 -0.0027395
2.03333 -5.00179e-07 -0.000680423 0.00660538
2.0375 -0.00473345 -0.000938745 0.0170746
2.04167 -0.00995609 -0.00122272 0.0276781
2.04583 -0.0151151 -0.00152046 0.0367244
2.05 -0.0193499 -0.00180742 0.0426624
2.05417 -0.0219258 -0.00204762 0.0448347
2.05833 -0.0225868 -0.00219983 0.0436311
2.0625 -0.021591 -0.00222617 0.0399734
2.06667 -0.0194238 -0.00209976 0.0345552
2.07083 -0.0164216 -0.00180871 0.0274366
2.075 -0.0126011 -0.00135669 0.0183173
2.07917 -0.00782879 -0.000762085 0.00727408
2.08333 -0.00219594 -5.79886e-05 -0.00463705
2.0875 0.00370919 0.000706615 -0.0154544
2.09167 0.00888353 0.00146673 -0.0231173
2.09583 0.0123408 0.00214545 -0.0265084
2.1 0.0136205 0.00266411 -0.0260212
2.10417 0.0130245 0.00295708 -0.0232452
2.10833 0.0114074 0.00298693 -0.0199691
2.1125 0.00965435 0.00275458 -0.0171728
2.11667 0.00819833 0.00230096 -0.0146754
2.12083 0.0068909 0.00170007 -0.0116175
2.125 0.00528484 0.00104583 -0.00736749
2.12917 0.00309329 0.000436544 -0.00216039
2.13333 0.000480617 -3.99437e-05 0.00297673
2.1375 -0.00201496 -0.000318756 0.00690529
2.14167 -0.0038421 -0.000366668 0.00910871
2.14583 -0.00479018 -0.000185593 0.00992213
2.15 -0.00507013 0.000190666 0.0101214
2.15417 -0.00508123 0.000706609 0.0102366
2.15833 -0.00506744 0.00129974 0.0101487
2.1625 -0.00494118 0.00191465 0.0092759
2.16667 -0.00440622 0.00251083 0.0071741
2.17083 -0.00326755 0.00306089 0.00404941
2.175 -0.00167017 0.00354064 0.000765826
2.17917 -7.18212e-05 0.00391734 -0.00166081
2.18333 0.00103043 0.00414356 -0.00268939
2.1875 0.00140815 0.00416181 -0.00253019
2.19167 0.00121391 0.00391956 -0.00189297
2.19583 0.000828474 0.00338824 -0.0014399
2.2 0.000578355 0.00257743 -0.00137717
2.20417 0.000543876 0.00153705 -0.00146448
2.20833 0.000584769 0.000345501 -0.00136166
2.2125 0.000525986 -0.000911477 -0.000973815
2.21667 0.000327035 -0.00216243 -0.000502908
2.22083 9.58299e-05 -0.00336244 -0.000203276
2.225 -4.08905e-05 -0.00449028 -0.000107053
2.22917 -7.0569e-05 -0.00553127 2.40343e-09
2.23333 -9.65562e-05 -0.00645387 0.000316019
2.2375 -0.000203001 -0.00719204 0.000718966
2.24167 -0.000312842 -0.00764427 0.000731083
2.24583 -0.000188136 -0.0076936 -0.00015541
2.25 0.000396134 -0.00724335 -0.00201836
2.25417 0.00143046 -0.00625502 -0.00428782
2.25833 0.00258747 -0.00477255 -0.0059887
2.2625 0.00336957 -0.00292247 -0.00631401
2.26667 0.00340362 -0.000890239 -0.00513394
2.27083 0.00267814 0.00111673 -0.00307716
2.275 0.00155215 0.00290447 -0.00112458
2.27917 0.000527422 0.00431567 -2.3381e-06
2.28333 -5.62757e-05 0.00523937 0.000209959
2.2875 -0.000194802 0.00561394 1.12938e-05
2.29167 -0.000156704 0.00543143 4.0583e-05
2.29583 -0.000248839 0.00474503 0.000602626
2.3 -0.000588324 0.00367234 0.0014875
2.30417 -0.0010379 0.00238394 0.00217943
2.30833 -0.00133378 0.00107242 0.00227329
2.3125 -0.00129828 -9.02246e-05 0.00178733
2.31667 -0.000978648 -0.000988861 0.00115342
2.32083 -0.000615763 -0.00157792 0.000901669
2.325 -0.000470255 -0.00186641 0.00126821
2.32917 -0.000632205 -0.0018884 0.00200692
2.33333 -0.0009504 -0.00168104 0.00254651
2.3375 -0.00113432 -0.00128462 0.00239617
2.34167 -0.000962203 -0.000759749 0.00152126
2.34583 -0.000450848 -0.00019976 0.000413372
2.35 0.000138329 0.000282949 -0.000219769
2.35417 0.000472182 0.000597898 5.68835e-05
2.35833 0.000382249 0.000719976 0.00109329
2.3625 -8.25776e-06 0.000700558 0.00227051
2.36667 -0.00037092 0.000629716 0.00298377
2.37083 -0.00041775 0.000569738 0.00312884
2.375 -0.000118832 0.000508034 0.00318951
2.37917 0.000290196 0.000370759 0.00381765
2.38333 0.000534697 9.57154e-05 0.00522127
2.3875 0.000586857 -0.000286772 0.0068817
2.39167 0.000762549 -0.000632984 0.00789923
2.39583 0.00151466 -0.000756269 0.00775107
2.4 0.00306141 -0.00055126 0.00685033
2.40417 0.00515421 -8.44156e-05 0.00638449
2.40833 0.00721016 0.000423637 0.00747133
2.4125 0.00874583 0.000724488 0.010266
2.41667 0.00977918 0.000694621 0.0137668
2.42083 0.0108541 0.000405809 0.0165481
2.425 0.0126267 6.16159e-05 0.0178822
2.42917 0.0153186 -0.000151101 0.0183463
2.43333 0.0184767 -0.000181524 0.0193874
2.4375 0.0212507 -0.000115989 0.0221691
2.44167 0.0229764 -7.00177e-05 0.0266371
2.44583 0.0235916 -7.14872e-05 0.031578
2.45 0.0235432 -4.05604e-05 0.0356104
2.45417 0.023274 0.00011582 0.0382442
2.45833 0.022745 0.000383869 0.0400797
2.4625 0.0214171 0.000616208 0.0419708
2.46667 0.0187213 0.000638184 0.043901
2.47083 0.0146039 0.000404033 0.0446084
2.475 0.00965707 6.31331e-05 0.0423559
2.47917 0.00469715 -0.000136022 0.0362354
2.48333 0.000143515 -3.70851e-05 0.0268892
2.4875 -0.00426033 0.00029461 0.0160128
2.49167 -0.00913066 0.000617243 0.00504377
2.49583 -0.0147981 0.000699847 -0.00584496
2.5 -0.0208934 0.000497567 -0.0175963
2.50417 -0.0265322 0.000171148 -0.0311203
2.50833 -0.0309503 -5.82118e-05 -0.0461669
2.5125 -0.0340555 -8.81592e-05 -0.0612069
2.51667 -0.0364418 2.71175e-06 -0.074415
2.52083 -0.0388813 4.93002e-05 -0.0848946
2.525 -0.0417479 -4.80968e-05 -0.0931092
2.52917 -0.0448576 -0.000252539 -0.100215
2.53333 -0.0478142 -0.000449812 -0.106957
2.5375 -0.0504971 -0.00056479 -0.113112
2.54167 -0.0532192 -0.000620105 -0.117922
2.54583 -0.0563985 -0.000693565 -0.121011
2.55 -0.0600371 -0.000832915 -0.12287
2.55417 -0.0634712 -0.00101674 -0.124408
2.55833 -0.0656135 -0.00118841 -0.125936
2.5625 -0.065482 -0.0013122 -0.126475
2.56667 -0.0625768 -0.00139003 -0.124021
2.57083 -0.0568315 -0.00143588 -0.116542
2.575 -0.0482552 -0.00145442 -0.102935
2.57917 -0.0366513 -0.00145348 -0.0832192
2.58333 -0.0217167 -0.00146218 -0.0579943
2.5875 -0.003473 -0.00150898 -0.0277726
2.59167 0.0173243 -0.0015678 0.00711575
2.59583 0.0391508 -0.00154093 0.0459414
2.6 0.0601117 -0.0013281 0.0868482
2.60417 0.0784947 -0.000933303 0.126683
2.60833 0.0931031 -0.00049349 0.161653
2.6125 0.103205 -0.00017108 0.188427
2.61667 0.108263 3.10625e-06 0.204972
2.62083 0.107781 0.000174141 0.210661
2.625 0.10147 0.000527292 0.205787
2.62917 0.0896187 0.00109196 0.191034
2.63333 0.073348 0.00168514 0.16739
2.6375 0.0544766 0.00206524 0.136504
2.64167 0.0350378 0.00214989 0.101017
2.64583 0.0167621 0.00207798 0.0643702
2.65 0.00084635 0.00205424 0.0300439
2.65417 -0.0119331 0.00214231 0.000674088
2.65833 -0.0210023 0.00222168 -0.0223667
2.6625 -0.0259593 0.00214036 -0.0387201
2.66667 -0.0267972 0.00188374 -0.0484681
2.67083 -0.0241506 0.00157602 -0.0518023
2.675 -0.019275 0.00133253 -0.0491999
2.67917 -0.0136856 0.00114957 -0.041843
2.68333 -0.00867945 0.000956507 -0.0317558
2.6875 -0.00505059 0.000745532 -0.0213921
2.69167 -0.00311699 0.000598514 -0.012902
2.69583 -0.0029136 0.000570529 -0.00758175
2.7 -0.00431929 0.000588412 -0.0058115
2.70417 -0.00703136 0.000519345 -0.00735261
2.70833 -0.0104982 0.000345521 -0.0116367
2.7125 -0.0139655 0.000219158 -0.0178217
2.71667 -0.0166672 0.000294199 -0.0247187
2.72083 -0.0180523 0.000513857 -0.0308516
2.725 -0.0179229 0.000624564 -0.0347779
2.72917 -0.0164377 0.000439217 -0.035544
2.73333 -0.0140139 5.92518e-05 -0.0330204
2.7375 -0.0111702 -0.000221898 -0.0279323
2.74167 -0.00835586 -0.000250088 -0.0215652
2.74583 -0.00583051 -0.000198673 -0.0152709
2.75 -0.00365863 -0.000380152 -0.00998637
2.75417 -0.00180625 -0.000886834 -0.00599284
2.75833 -0.000227098 -0.00148011 -0.00302233
2.7625 0.00116002 -0.00186259 -0.000591022
2.76667 0.00254966 -0.00201041 0.00172884
2.77083 0.00421032 -0.00216804 0.00428329
2.775 0.00624961 -0.00251654 0.00742213
2.77917 0.0083627 -0.00292396 0.0113767
2.78333 0.00986222 -0.00308184 0.0158482
2.7875 0.0100678 -0.00285269 0.0196925
2.79167 0.00875866 -0.00239736 0.0212212
2.79583 0.00628046 -0.00193881 0.0191501
2.8 0.00322375 -0.00148177 0.0135193
2.80417 2.23645e-05 -0.000852757 0.00578327
2.80833 -0.0031232 4.26377e-06 -0.00204354
2.8125 -0.00599319 0.000881997 -0.00844275
2.81667 -0.00815884 0.00152139 -0.0127964
2.82083 -0.00916702 0.0019075 -0.0150392
2.825 -0.00893747 0.00225257 -0.0152255
2.82917 -0.00790868 0.00267952 -0.0136
2.83333 -0.0067115 0.00302619 -0.0109656
2.8375 -0.0056696 0.00304246 -0.00863673
2.84167 -0.00461942 0.00272811 -0.00768688
2.84583 -0.00319334 0.00235698 -0.00808781
2.85 -0.00123247 0.00213973 -0.00862191
2.85417 0.00107416 0.00196519 -0.00775674
2.85833 0.00336576 0.00157003 -0.00474887
2.8625 0.00531691 0.00091974 -8.48695e-05
2.86667 0.00666036 0.000295049 0.0049342
2.87083 0.00711155 -3.6976e-05 0.00892667
2.875 0.00640758 -0.000134993 0.0109025
2.87917 0.00449828 -0.000272176 0.0103886
2.88333 0.00171726 -0.0005666 0.00746832
2.8875 -0.00123081 -0.000857028 0.002871
2.89167 -0.00347091 -0.000972638 -0.002037
2.89583 -0.00425568 -0.000994154 -0.00554393
2.9 -0.00327303 -0.00113014 -0.00614321
2.90417 -0.000846529 -0.00139633 -0.00314402
2.90833 0.00214245 -0.00157725 0.00290478
2.9125 0.0046721 -0.00153681 0.0102292
2.91667 0.00609964 -0.00141683 0.0164539
2.92083 0.00637818 -0.00140906 0.0196682
2.925 0.0058277 -0.00142867 0.0193147
2.92917 0.00478056 -0.00121153 0.0162413
2.93333 0.0035152 -0.000751653 0.011907
2.9375 0.00244558 -0.000432827 0.00750552
2.94167 0.0021161 -0.000570427 0.0037501
2.94583 0.00277868 -0.000948757 0.00119478
2.95 0.00397717 -0.00105868 0.000307673
2.95417 0.00475005 -0.000806079 0.000963528
2.95833 0.00440526 -0.000716854 0.00204794
2.9625 0.00307665 -0.00125291 0.00202856
2.96667 0.00144145 -0.00210202 0.00022572
2.97083 -5.00243e-05 -0.00247044 -0.00254422
2.975 -0.0015082 -0.00210003 -0.00478166
2.97917 -0.00316559 -0.00165515 -0.005764
2.98333 -0.00484048 -0.00185777 -0.00606204
2.9875 -0.00608018 -0.00245214 -0.00664671
2.99167 -0.00680287 -0.00243456 -0.00779565
2.99583 -0.00752212 -0.00135103 -0.00912498
