0 0 0 0
0.00416667 0 0 0
0.00833333 0 0 0
0.0125 0 0 0
0.0166667 0 0 0
0.0208333 0 0 0
0.025 0 0 0
0.0291667 0 0 0
0.0333333 0 0 0
0.0375 0 0 0
0.0416667 0 0 0
0.0458333 0 0 0
0.05 0 0 0
0.0541667 0 0 0
0.0583333 0 0 0
0.0625 0 0 0
0.0666667 0 0 0
0.0708333 0 0 0
0.075 0 0 0
0.0791667 0 0 0
0.0833333 0 0 0
0.0875 0 0 0
0.0916667 0 0 0
0.0958333 0 0 0
0.1 0 0 0
0.104167 0 0 0
0.108333 0 0 0
0.1125 0 0 0
0.116667 0 0 0
0.120833 0 0 0
0.125 -1.82804e-322 3.78948e-321 8.18173e-321
0.129167 -2.0713e-316 2.85593e-315 6.08258e-315
0.133333 -1.00455e-310 1.3401e-309 2.85475e-309
0.1375 -3.2105e-305 4.14804e-304 8.83831e-304
0.141667 -6.93329e-300 8.68414e-299 1.85076e-298
0.145833 -1.03514e-294 1.25803e-293 2.68173e-293
0.15 -1.091e-289 1.28762e-288 2.74546e-288
0.154167 -8.27439e-285 9.49104e-284 2.02417e-283
0.158333 -4.59593e-280 5.12734e-279 1.09379e-278
0.1625 -1.9001e-275 2.0632e-274 4.40247e-274
0.166667 -5.93523e-271 6.27688e-270 1.33972e-269
0.170833 -1.42026e-266 1.46383e-265 3.12521e-265
0.175 -2.63716e-262 2.65056e-261 5.66038e-261
0.179167 -3.84511e-258 3.77086e-257 8.0551e-257
0.183333 -4.4514e-254 4.26181e-253 9.1065e-253
0.1875 -4.13408e-250 3.86607e-249 8.26335e-249
0.191667 -3.10983e-246 2.84208e-245 6.07653e-245
0.195833 -1.91195e-242 1.70841e-241 3.65382e-241
0.2 -9.68857e-239 8.46814e-238 1.81168e-237
0.204167 -4.07862e-235 3.48854e-234 7.46581e-234
0.208333 -1.437e-231 1.20329e-230 2.576e-230
0.2125 -4.26691e-228 3.49931e-227 7.49388e-227
0.216667 -1.07482e-224 8.63624e-224 1.85011e-223
0.220833 -2.311e-221 1.82e-220 3.9003e-220
0.225 -4.2662e-218 3.29417e-217 7.06201e-217
0.229167 -6.79903e-215 5.14913e-214 1.10427e-213
0.233333 -9.40325e-212 6.98694e-211 1.49896e-210
0.2375 -1.13415e-208 8.27064e-208 1.77502e-207
0.241667 -1.19853e-205 8.58043e-205 1.84222e-204
0.245833 -1.11465e-202 7.83633e-202 1.68312e-201
0.25 -9.16126e-200 6.32656e-199 1.35939e-198
0.254167 -6.68087e-197 4.53316e-196 9.74433e-196
0.258333 -4.33927e-194 2.8937e-193 6.22276e-193
0.2625 -2.51926e-191 1.65154e-190 3.55303e-190
0.266667 -1.31187e-188 8.4565e-188 1.82006e-187
0.270833 -6.14743e-186 3.89744e-185 8.39193e-185
0.275 -2.60037e-183 1.62183e-182 3.49364e-182
0.279167 -9.95883e-181 6.11168e-180 1.31712e-179
0.283333 -3.46298e-178 2.09158e-177 4.50958e-177
0.2875 -1.09632e-175 6.51818e-175 1.406e-174
0.291667 -3.16814e-173 1.85456e-172 4.00224e-172
0.295833 -8.37776e-171 4.82946e-170 1.04271e-169
0.3 -2.03209e-168 1.1538e-167 2.49231e-167
0.304167 -4.5315e-166 2.53467e-165 5.47778e-165
0.308333 -9.31052e-164 5.13127e-163 1.10948e-162
0.3125 -1.76625e-161 9.59283e-161 2.07519e-160
0.316667 -3.09991e-159 1.65944e-158 3.59163e-158
0.320833 -5.04322e-157 2.66138e-156 5.76313e-156
0.325 -7.61963e-155 3.96449e-154 8.58942e-154
0.329167 -1.07104e-152 5.49514e-152 1.19119e-151
0.333333 -1.40302e-150 7.09944e-150 1.53977e-149
0.3375 -1.71567e-148 8.56329e-148 1.85826e-147
0.341667 -1.96156e-146 9.65868e-146 2.0971e-145
0.345833 -2.10009e-144 1.02028e-143 2.21646e-143
0.35 -2.10853e-142 1.01085e-141 2.19719e-141
0.354167 -1.98815e-140 9.40668e-140 2.04579e-139
0.358333 -1.76296e-138 8.23309e-138 1.79157e-137
0.3625 -1.47209e-136 6.78642e-136 1.47761e-135
0.366667 -1.15899e-134 5.27502e-134 1.1492e-133
0.370833 -8.6142e-133 3.87122e-132 8.4387e-132
0.375 -6.05145e-131 2.68553e-130 5.85753e-130
0.379167 -4.02266e-129 1.76306e-128 3.84781e-128
0.383333 -2.53315e-127 1.09659e-126 2.39472e-126
0.3875 -1.51276e-125 6.46889e-125 1.41353e-124
0.391667 -8.57615e-124 3.62303e-123 7.92163e-123
0.395833 -4.62027e-122 1.92845e-121 4.21913e-121
0.4 -2.36766e-120 9.76481e-120 2.13772e-119
0.404167 -1.1552e-118 4.7081e-118 1.03136e-117
0.408333 -5.3713e-117 2.16348e-116 4.74237e-116
0.4125 -2.38217e-115 9.48346e-115 2.08014e-114
0.416667 -1.00857e-113 3.96883e-113 8.71108e-113
0.420833 -4.07989e-112 1.58708e-111 3.48575e-111
0.425 -1.57814e-110 6.06918e-110 1.33388e-109
0.429167 -5.84173e-109 2.22122e-108 4.88506e-108
0.433333 -2.07092e-107 7.786e-107 1.71351e-106
0.4375 -7.03612e-106 2.61588e-105 5.76088e-105
0.441667 -2.29278e-104 8.42975e-104 1.85774e-103
0.445833 -7.17057e-103 2.60738e-102 5.75011e-102
0.45 -2.15378e-101 7.74603e-101 1.70945e-100
0.454167 -6.21709e-100 2.21169e-99 4.88438e-99
0.458333 -1.72581e-98 6.0732e-98 1.34218e-97
0.4625 -4.60982e-97 1.60482e-96 3.54922e-96
0.466667 -1.18556e-95 4.08331e-95 9.03718e-95
0.470833 -2.93744e-94 1.00099e-93 2.217e-93
0.475 -7.01561e-93 2.3655e-92 5.243e-92
0.479167 -1.61605e-91 5.39182e-91 1.19595e-90
0.483333 -3.59227e-90 1.18604e-89 2.63271e-89
0.4875 -7.70972e-89 2.51909e-88 5.59594e-88
0.491667 -1.5984e-87 5.16879e-87 1.14907e-86
0.495833 -3.20277e-86 1.02506e-85 2.28055e-85
0.5 -6.20539e-85 1.9658e-84 4.37683e-84
0.504167 -1.16311e-83 3.64719e-83 8.1267e-83
0.508333 -2.11e-82 6.54949e-82 1.4605e-81
0.5125 -3.70634e-81 1.13889e-80 2.54164e-80
0.516667 -6.30668e-80 1.91853e-79 4.2849e-79
0.520833 -1.04e-78 3.13221e-78 7.00113e-78
0.525 -1.66274e-77 4.95806e-77 1.10911e-76
0.529167 -2.57838e-76 7.61245e-76 1.70425e-75
0.533333 -3.87947e-75 1.13412e-74 2.54108e-74
0.5375 -5.6659e-74 1.64015e-73 3.67784e-73
0.541667 -8.03524e-73 2.30334e-72 5.16917e-72
0.545833 -1.10693e-71 3.14226e-71 7.05764e-71
0.55 -1.4818e-70 4.16572e-70 9.36405e-70
0.554167 -1.92822e-69 5.36848e-69 1.20777e-68
0.558333 -2.43987e-68 6.72782e-68 1.51484e-67
0.5625 -3.00308e-67 8.20166e-67 1.84823e-66
0.566667 -3.59664e-66 9.72912e-66 2.19427e-65
0.570833 -4.19268e-65 1.12338e-64 2.53575e-64
0.575 -4.75868e-64 1.26297e-63 2.85325e-63
0.579167 -5.26031e-63 1.38294e-62 3.12692e-62
0.583333 -5.66491e-62 1.47531e-61 3.33862e-61
0.5875 -5.94507e-61 1.53377e-60 3.47387e-60
0.591667 -6.08168e-60 1.55436e-59 3.52352e-59
0.595833 -6.06613e-59 1.53596e-58 3.48478e-58
0.6 -5.90115e-58 1.48032e-57 3.36144e-57
0.604167 -5.60032e-57 1.39185e-56 3.16328e-56
0.608333 -5.18619e-56 1.27704e-55 2.90484e-55
0.6125 -4.68763e-55 1.14365e-54 2.60368e-54
0.616667 -4.13648e-54 9.99921e-54 2.27844e-53
0.620833 -3.56439e-53 8.53741e-53 1.94705e-52
0.625 -2.99996e-52 7.11989e-52 1.62518e-51
0.629167 -2.46673e-51 5.80103e-51 1.32529e-50
0.633333 -1.98197e-50 4.61867e-50 1.05609e-49
0.6375 -1.55646e-49 3.59419e-49 8.22558e-49
0.641667 -1.1949e-48 2.73433e-48 6.26318e-48
0.645833 -8.96955e-48 2.034e-47 4.66311e-47
0.65 -6.58478e-47 1.47977e-46 3.39545e-46
0.654167 -4.72855e-46 1.05307e-45 2.41848e-45
0.658333 -3.32211e-45 7.33217e-45 1.68537e-44
0.6625 -2.28392e-44 4.99566e-44 1.1493e-43
0.666667 -1.53676e-43 3.33136e-43 7.6708e-43
0.670833 -1.01221e-42 2.17467e-42 5.01176e-42
0.675 -6.52748e-42 1.3899e-41 3.20596e-41
0.679167 -4.12199e-41 8.69892e-41 2.00824e-40
0.683333 -2.54933e-40 5.33226e-40 1.23208e-39
0.6875 -1.54444e-39 3.20178e-39 7.40443e-39
0.691667 -9.16672e-39 1.88353e-38 4.35959e-38
0.695833 -5.33112e-38 1.08573e-37 2.51516e-37
0.7 -3.03844e-37 6.13343e-37 1.42206e-36
0.704167 -1.69736e-36 3.39611e-36 7.88068e-36
0.708333 -9.29504e-36 1.84339e-35 4.28119e-35
0.7125 -4.99046e-35 9.81001e-35 2.28024e-34
0.716667 -2.62725e-34 5.11915e-34 1.19089e-33
0.720833 -1.35641e-33 2.61974e-33 6.09944e-33
0.725 -6.86854e-33 1.31494e-32 3.06404e-32
0.729167 -3.41174e-32 6.47437e-32 1.50986e-31
0.733333 -1.66257e-31 3.12739e-31 7.29913e-31
0.7375 -7.94921e-31 1.48221e-30 3.46215e-30
0.741667 -3.72958e-30 6.89342e-30 1.61143e-29
0.745833 -1.71726e-29 3.14631e-29 7.36065e-29
0.75 -7.76067e-29 1.40947e-28 3.29994e-28
0.754167 -3.44266e-28 6.19792e-28 1.45219e-27
0.758333 -1.49922e-27 2.67555e-27 6.27358e-27
0.7625 -6.40997e-27 1.13397e-26 2.66086e-26
0.766667 -2.69095e-26 4.719e-26 1.10812e-25
0.770833 -1.10932e-25 1.92841e-25 4.53152e-25
0.775 -4.491e-25 7.73908e-25 1.81985e-24
0.779167 -1.78569e-24 3.05039e-24 7.17787e-24
0.783333 -6.97399e-24 1.18095e-23 2.78074e-23
0.7875 -2.67548e-23 4.49113e-23 1.05819e-22
0.791667 -1.00832e-22 1.67787e-22 3.95585e-22
0.795833 -3.73343e-22 6.15841e-22 1.45284e-21
0.8 -1.35818e-21 2.22086e-21 5.24234e-21
0.804167 -4.85482e-21 7.86938e-21 1.85863e-20
0.808333 -1.70525e-20 2.74004e-20 6.4751e-20
0.8125 -5.88605e-20 9.37549e-20 2.21673e-19
0.816667 -1.99667e-19 3.15266e-19 7.45784e-19
0.820833 -6.65672e-19 1.04191e-18 2.46588e-18
0.825 -2.18125e-18 3.38432e-18 8.01326e-18
0.829167 -7.02527e-18 1.0805e-17 2.55944e-17
0.833333 -2.22408e-17 3.39082e-17 8.03517e-17
0.8375 -6.92128e-17 1.046e-16 2.47958e-16
0.841667 -2.11731e-16 3.17189e-16 7.52156e-16
0.845833 -6.36739e-16 9.45541e-16 2.24283e-15
0.85 -1.88247e-15 2.77095e-15 6.57442e-15
0.854167 -5.47133e-15 7.98314e-15 1.89452e-14
0.858333 -1.56339e-14 2.26112e-14 5.36695e-14
0.8625 -4.39197e-14 6.29633e-14 1.49469e-13
0.866667 -1.21303e-13 1.72372e-13 4.09235e-13
0.870833 -3.29389e-13 4.63946e-13 1.10153e-12
0.875 -8.79373e-13 1.22769e-12 2.91486e-12
0.879167 -2.30814e-12 3.19398e-12 7.58298e-12
0.883333 -5.95628e-12 8.16943e-12 1.93935e-11
0.8875 -1.51114e-11 2.0543e-11 4.87596e-11
0.891667 -3.76917e-11 5.07854e-11 1.20516e-10
0.895833 -9.24247e-11 1.23427e-10 2.92816e-10
0.9 -2.22802e-10 2.9489e-10 6.99357e-10
0.904167 -5.27987e-10 6.92592e-10 1.64187e-09
0.908333 -1.22994e-09 1.59898e-09 3.78877e-09
0.9125 -2.8163e-09 3.62855e-09 8.5931e-09
0.916667 -6.3385e-09 8.09331e-09 1.91545e-08
0.920833 -1.4021e-08 1.77416e-08 4.19593e-08
0.925 -3.04806e-08 3.8221e-08 9.03215e-08
0.929167 -6.5116e-08 8.09131e-08 1.91039e-07
0.933333 -1.36689e-07 1.68307e-07 3.96988e-07
0.9375 -2.81913e-07 3.43962e-07 8.10424e-07
0.941667 -5.71198e-07 6.90548e-07 1.62508e-06
0.945833 -1.13683e-06 1.36175e-06 3.20044e-06
0.95 -2.2222e-06 2.63732e-06 6.18947e-06
0.954167 -4.26565e-06 5.01563e-06 1.17527e-05
0.958333 -8.03954e-06 9.36506e-06 2.19071e-05
0.9625 -1.48745e-05 1.71649e-05 4.00785e-05
0.966667 -2.70107e-05 3.08765e-05 7.19496e-05
0.970833 -4.81297e-05 5.44974e-05 0.000126716
0.975 -8.41344e-05 9.4358e-05 0.000218884
0.979167 -0.000144245 0.000160221 0.000370721
0.983333 -0.000242477 0.000266727 0.000615457
0.9875 -0.000399523 0.000435193 0.00100119
0.991667 -0.000644998 0.000695669 0.00159525
0.995833 -0.00101988 0.00108907 0.00248861
1 -0.00157878 0.00166893 0.00379916
1.00417 -0.00239143 0.00250228 0.00567264
1.00833 -0.00354255 0.00366856 0.00827916
1.0125 -0.00512888 0.00525577 0.0118029
1.01667 -0.00725208 0.00735252 0.0164226
1.02083 -0.0100063 0.0100352 0.0222818
1.025 -0.01346 0.0133497 0.0294473
1.02917 -0.017631 0.0172889 0.0378591
1.03333 -0.0224589 0.0217678 0.047278
1.0375 -0.0277763 0.0265998 0.0572394
1.04167 -0.0332862 0.0314813 0.067027
1.04583 -0.0385524 0.0359907 0.0756828
1.05 -0.0430124 0.0396078 0.0820644
1.05417 -0.0460185 0.04176 0.0849599
1.05833 -0.0469089 0.0418935 0.0832553
1.0625 -0.0451078 0.0395657 0.0761372
1.06667 -0.0402383 0.0345419 0.063296
1.07083 -0.0322301 0.0268797 0.0450851
1.075 -0.0213946 0.0169759 0.0225849
1.07917 -0.00844066 0.00555638 -0.00246491
1.08333 0.00558509 -0.00640214 -0.0278802
1.0875 0.0194378 -0.0178128 -0.0513684
1.09167 0.0318729 -0.02766 -0.0709235
1.09583 0.0418636 -0.0351801 -0.0851863
1.1 0.0487854 -0.039998 -0.0936716
1.10417 0.0525138 -0.0421776 -0.0967899
1.10833 0.0534042 -0.0421691 -0.0956504
1.1125 0.0521556 -0.0406669 -0.0917021
1.11667 0.0496001 -0.0384222 -0.0863352
1.12083 0.04649 -0.0360759 -0.0805904
1.125 0.0433618 -0.0340715 -0.0750913
1.12917 0.0405318 -0.0326814 -0.0702287
1.13333 0.0382223 -0.0321287 -0.0665122
1.1375 0.0367583 -0.0327412 -0.064903
1.14167 0.0367265 -0.0350444 -0.0669165
1.14583 0.0389847 -0.0397136 -0.0743444
1.15 0.0444584 -0.0473556 -0.0886049
1.15417 0.0537531 -0.0581718 -0.109909
1.15833 0.0667059 -0.0716203 -0.136569
1.1625 0.0820624 -0.0862301 -0.164793
1.16667 0.0974508 -0.099683 -0.189149
1.17083 0.109729 -0.109189 -0.203661
1.175 0.115639 -0.112066 -0.203196
1.17917 0.112573 -0.106341 -0.184696
1.18333 0.0991836 -0.0911828 -0.147812
1.1875 0.0756424 -0.0670248 -0.0947611
1.19167 0.0434771 -0.0353751 -0.0295536
1.19583 0.00510048 0.00156435 0.0430292
1.2 -0.0367363 0.041293 0.118232
1.20417 -0.0793322 0.0812638 0.191621
1.20833 -0.120148 0.118949 0.258912
1.2125 -0.156695 0.151799 0.315644
1.21667 -0.186397 0.177246 0.357113
1.22083 -0.206629 0.192884 0.378831
1.225 -0.21504 0.196837 0.377434
1.22917 -0.210081 0.188207 0.351685
1.23333 -0.191519 0.167413 0.303116
1.2375 -0.160693 0.136256 0.235998
1.24167 -0.120395 0.0976714 0.156656
1.24583 -0.0744152 0.0552559 0.0724306
1.25 -0.0269373 0.0127451 -0.00934063
1.25417 0.0180035 -0.0264131 -0.0820772
1.25833 0.0569026 -0.0593309 -0.140437
1.2625 0.0870208 -0.0838434 -0.180676
1.26667 0.106562 -0.0986356 -0.200994
1.27083 0.114843 -0.103364 -0.201798
1.275 0.112405 -0.098727 -0.185664
1.27917 0.100948 -0.0863834 -0.156839
1.28333 0.0830142 -0.0686923 -0.120334
1.2875 0.0614833 -0.0483099 -0.0809797
1.29167 0.0390634 -0.0277858 -0.0428136
1.29583 0.0179872 -0.00927942 -0.0089968
1.3 -2.95471e-05 0.0055716 0.0179581
1.30417 -0.0136928 0.0157073 0.0360949
1.30833 -0.0221248 0.0207266 0.0443709
1.3125 -0.0250691 0.0210064 0.0433244
1.31667 -0.0231884 0.0177381 0.0354711
1.32083 -0.0181442 0.0127076 0.0248192
1.325 -0.012193 0.00775716 0.0154059
1.32917 -0.00733768 0.00410132 0.00951654
1.33333 -0.00445033 0.00185767 0.00668687
1.3375 -0.00293338 0.00012597 0.00428802
1.34167 -0.00123855 -0.00233717 -0.000478033
1.34583 0.00197776 -0.00619035 -0.00835705
1.35 0.00676305 -0.0108938 -0.017093
1.35417 0.0115912 -0.0148453 -0.0225273
1.35833 0.0141697 -0.0162522 -0.0211717
1.3625 0.0128804 -0.0142358 -0.0126182
1.36667 0.00793052 -0.0094777 -0.000155255
1.37083 0.0014304 -0.00397483 0.01089
1.375 -0.00369843 -3.14039e-05 0.0160482
1.37917 -0.0053038 0.000901975 0.0139913
1.38333 -0.00307611 -0.00114429 0.0068204
1.3875 0.00151352 -0.00487674 -0.0016165
1.39167 0.00625383 -0.00856052 -0.00804795
1.39583 0.00943047 -0.0108643 -0.0111545
1.4 0.0104541 -0.0112428 -0.0113241
1.40417 0.00962961 -0.00978537 -0.00942665
1.40833 0.00748763 -0.00685006 -0.00589416
1.4125 0.00435244 -0.00286502 -0.000899075
1.41667 0.00048216 0.00159208 0.0047363
1.42083 -0.00348981 0.00566967 0.0090483
1.425 -0.00641308 0.00839362 0.00969834
1.42917 -0.00712823 0.00915729 0.00566648
1.43333 -0.00534517 0.00823306 -0.00147954
1.4375 -0.0021589 0.00683904 -0.00801321
1.44167 0.000371634 0.00655605 -0.0102155
1.44583 0.000453451 0.00839106 -0.00687214
1.45 -0.00222657 0.0121223 -0.000242614
1.45417 -0.00622689 0.0164325 0.00535131
1.45833 -0.00930003 0.0197912 0.00641633
1.4625 -0.00993537 0.0214902 0.00260556
1.46667 -0.00839006 0.0220927 -0.00320247
1.47083 -0.00645669 0.0229716 -0.00707437
1.475 -0.00614893 0.0252732 -0.00679389
1.47917 -0.00828343 0.0290548 -0.00320035
1.48333 -0.0119851 0.0332005 0.000781672
1.4875 -0.015417 0.0361306 0.00252308
1.49167 -0.0171107 0.0367434 0.00158069
1.49583 -0.0168661 0.034903 -0.000294346
1.5 -0.015592 0.0311845 -0.000867521
1.50417 -0.0143222 0.0261768 0.000646712
1.50833 -0.0132711 0.0199631 0.00300875
1.5125 -0.0116983 0.0122027 0.00412988
1.51667 -0.00865261 0.00271549 0.00294758
1.52083 -0.00393444 -0.00795849 0.000399534
1.525 0.00155447 -0.0185312 -0.00133466
1.52917 0.00638515 -0.0275433 -0.00071098
1.53333 0.00964214 -0.0341129 0.00174243
1.5375 0.0115734 -0.038273 0.00367253
1.54167 0.0132912 -0.0406313 0.0027323
1.54583 0.015733 -0.0416368 -0.00141738
1.55 0.0187143 -0.041068 -0.00657304
1.55417 0.0208771 -0.0382027 -0.00947188
1.55833 0.0206573 -0.0325802 -0.00824895
1.5625 0.0175651 -0.0247632 -0.00396875
1.56667 0.0127676 -0.016441 5.61381e-05
1.57083 0.0084434 -0.00968383 0.000761413
1.575 0.00631905 -0.00581381 -0.00223576
1.57917 0.00647434 -0.00469349 -0.00621602
1.58333 0.00735682 -0.00496908 -0.00740352
1.5875 0.00704121 -0.00510968 -0.00397061
1.59167 0.00478488 -0.00448406 0.00237012
1.59583 0.00165495 -0.00368397 0.00754493
1.6 -0.000298017 -0.00388406 0.00824439
1.60417 0.000312144 -0.00577837 0.00454449
1.60833 0.00306084 -0.0089604 -0.00011931
1.6125 0.00602212 -0.0122439 -0.00167948
1.61667 0.007316 -0.0146438 0.00129683
1.62083 0.00664194 -0.016181 0.00646154
1.625 0.00552124 -0.0178078 0.00962103
1.62917 0.00601313 -0.0204806 0.00817946
1.63333 0.00893741 -0.0241399 0.00325568
1.6375 0.0130697 -0.0274713 -0.00126385
1.64167 0.0159906 -0.028705 -0.00192121
1.64583 0.0159074 -0.0268542 0.00153996
1.65 0.012968 -0.0224047 0.00609616
1.65417 0.00901634 -0.0168912 0.00803547
1.65833 0.00603597 -0.0116875 0.00597857
1.6625 0.00458759 -0.00697066 0.0018219
1.66667 0.00349747 -0.0016718 -0.00106194
1.67083 0.000971044 0.00557817 -0.000717219
1.675 -0.00386443 0.0152829 0.0018708
1.67917 -0.0102656 0.0265998 0.00379234
1.68333 -0.0165161 0.0378446 0.00275581
1.6875 -0.0212608 0.0474806 -0.00104912
1.69167 -0.0243754 0.0547717 -0.00524793
1.69583 -0.0267022 0.0596664 -0.00732718
1.7 -0.0289915 0.0621851 -0.00662476
1.70417 -0.0310234 0.0619771 -0.0046618
1.70833 -0.0316666 0.0584757 -0.00369803
1.7125 -0.0297851 0.0514794 -0.00482881
1.71667 -0.0252015 0.0415898 -0.00718246
1.72083 -0.0189194 0.0300782 -0.0087553
1.725 -0.0124486 0.0182703 -0.0080817
1.72917 -0.00680857 0.00694433 -0.00535778
1.73333 -0.0019976 -0.00380455 -0.00218835
1.7375 0.00270434 -0.0141877 -0.000265351
1.74167 0.00790931 -0.024176 -8.61396e-05
1.74583 0.0134602 -0.0332012 -0.000704838
1.75 0.0184364 -0.0402865 -0.000640443
1.75417 0.0217696 -0.0444835 0.000844128
1.75833 0.0229488 -0.0453224 0.00313112
1.7625 0.0222743 -0.0430181 0.00477457
1.76667 0.0205169 -0.0383323 0.00470941
1.77083 0.0183093 -0.032194 0.00314224
1.775 0.0157707 -0.0253301 0.00138681
1.77917 0.0126384 -0.0181529 0.000774043
1.78333 0.00875309 -0.0109485 0.00153964
1.7875 0.00445874 -0.00413325 0.00263469
1.79167 0.000547545 0.00173757 0.00265083
1.79583 -0.00224573 0.00627809 0.00109602
1.8 -0.00379846 0.00958663 -0.00109533
1.80417 -0.00470785 0.0121649 -0.00232459
1.80833 -0.00578771 0.0144126 -0.00175104
1.8125 -0.00732841 0.0161655 -9.84989e-05
1.81667 -0.00877665 0.0167968 0.000961365
1.82083 -0.00919457 0.0158668 0.00036473
1.825 -0.00815485 0.0137036 -0.00129234
1.82917 -0.00625113 0.0113023 -0.00227712
1.83333 -0.00468035 0.00959428 -0.00140295
1.8375 -0.00422156 0.00878213 0.00075121
1.84167 -0.00457439 0.00836656 0.00235169
1.84583 -0.00473039 0.00778522 0.00211654
1.85 -0.00403615 0.00699324 0.000609547
1.85417 -0.00287827 0.00644465 -0.000343898
1.85833 -0.00227684 0.00658374 0.000436396
1.8625 -0.00280558 0.00740487 0.00224032
1.86667 -0.00397824 0.00846285 0.00322572
1.87083 -0.00474617 0.00920199 0.00239401
1.875 -0.00454526 0.00921942 0.000652595
1.87917 -0.00374015 0.00829099 -0.000201028
1.88333 -0.00301562 0.00630785 0.000546364
1.8875 -0.00246937 0.00329432 0.00178186
1.89167 -0.00147695 -0.000539929 0.00186079
1.89583 0.000532388 -0.00484551 0.000444087
1.9 0.0033194 -0.00924465 -0.00118857
1.90417 0.00597537 -0.0133679 -0.00162589
1.90833 0.00777361 -0.0168366 -0.000854961
1.9125 0.00876691 -0.0193606 -0.000145427
1.91667 0.00953321 -0.0209229 -0.000557363
1.92083 0.0104403 -0.0217344 -0.00181893
1.925 0.0112316 -0.0218441 -0.00272505
1.92917 0.0112864 -0.0208642 -0.00246691
1.93333 0.010221 -0.018319 -0.00143134
1.9375 0.00825072 -0.0143262 -0.000729602
1.94167 0.00600389 -0.00969967 -0.00102538
1.94583 0.00395854 -0.00519689 -0.00184608
1.95 0.00203276 -0.00082982 -0.00206666
1.95417 -0.000221406 0.00381018 -0.00112136
1.95833 -0.00296401 0.00861371 0.000310048
1.9625 -0.00567403 0.0126804 0.000980622
1.96667 -0.00753464 0.015104 0.000477147
1.97083 -0.00821312 0.0158077 -0.000268879
1.975 -0.00814284 0.0154601 -5.49683e-05
1.97917 -0.00800411 0.0147534 0.00115867
1.98333 -0.00803856 0.0139326 0.00217948
1.9875 -0.00792704 0.0128501 0.00194321
1.99167 -0.00723576 0.0112248 0.000680275
1.99583 -0.00590089 0.00890403 -0.000369027
2 -0.00432909 0.00604826 -0.000242283
2.00417 -0.0030307 0.00300039 0.000792367
2.00833 -0.00204156 -9.94249e-05 0.00144277
2.0125 -0.000761522 -0.00328881 0.000626552
2.01667 0.00131062 -0.0061488 -0.0012408
2.02083 0.00358984 -0.0076411 -0.00233069
2.025 0.00464288 -0.00722285 -0.00132908
2.02917 0.00386539 -0.00589177 0.000691269
2.03333 0.00253811 -0.00524692 0.00116117
2.0375 0.00245748 -0.00545933 -0.000763377
2.04167 0.00362593 -0.00516261 -0.00276616
2.04583 0.00423023 -0.00366774 -0.00217286
2.05 0.00314644 -0.00213506 0.000443619
2.05417 0.00147802 -0.00178283 0.00194557
2.05833 0.000956024 -0.00206233 0.000825687
2.0625 0.00165917 -0.00188126 -0.000974226
2.06667 0.00231706 -0.00171047 -0.000990507
2.07083 0.00229367 -0.00269735 0.000611551
2.075 0.00204686 -0.0042003 0.00191261
2.07917 0.00190037 -0.00439964 0.00197278
2.08333 0.00171531 -0.00344979 0.00125167
2.0875 0.00178681 -0.00359969 0.000280808
2.09167 0.00261558 -0.00540128 -0.000426859
2.09583 0.00350691 -0.00628989 9.03134e-05
2.1 0.00297237 -0.0044706 0.00187751
2.10417 0.00115703 -0.00184924 0.00279598
2.10833 0.000168852 -0.000782921 0.000943074
2.1125 0.000866405 7.45167e-06 -0.00186512
2.11667 0.00105672 0.00310774 -0.00183649
2.12083 -0.00128684 0.00744149 0.00110823
2.125 -0.00448824 0.00953055 0.00256535
2.12917 -0.00536283 0.00922307 2.7822e-05
2.13333 -0.00405499 0.00984365 -0.00315402
2.1375 -0.00366467 0.0121289 -0.00279936
2.14167 -0.00516344 0.0126335 -0.000159585
2.14583 -0.00601108 0.00988301 0.000492912
2.15 -0.00465524 0.00745889 -0.00130988
2.15417 -0.00306431 0.00787561 -0.00220875
2.15833 -0.00298795 0.00767134 -0.00110941
2.1625 -0.00275333 0.00308112 -0.000546208
2.16667 -0.000476081 -0.00286627 -0.00144652
2.17083 0.00206292 -0.0046884 -0.00129159
2.175 0.00221665 -0.00368779 0.000795339
2.17917 0.00136717 -0.00605015 0.00161527
2.18333 0.00292435 -0.0121605 -0.000624303
2.1875 0.00623854 -0.0151929 -0.00235144
2.19167 0.00702675 -0.0120491 -5.17807e-05
2.19583 0.00426755 -0.00852499 0.00346001
2.2 0.00211501 -0.00977109 0.00300361
2.20417 0.00328624 -0.0118931 -0.000650041
2.20833 0.00473963 -0.00873717 -0.00183894
2.2125 0.00278379 -0.00228431 0.00106694
2.21667 -0.000943911 0.000807962 0.00334705
2.22083 -0.002393 0.000272132 0.00164743
2.225 -0.00162889 0.00198278 -0.00110024
2.22917 -0.00205251 0.00716649 -0.0010101
2.23333 -0.00418574 0.0098336 0.000702647
2.2375 -0.00485782 0.00687024 0.00060128
2.24167 -0.00288577 0.0034731 -0.000992962
2.24583 -0.00120511 0.00456827 -0.00114192
2.25 -0.00181194 0.00671825 0.00016053
2.25417 -0.00234846 0.00420761 3.58124e-05
2.25833 -0.000294875 -0.000963568 -0.00185236
2.2625 0.00236589 -0.00208098 -0.00221228
2.26667 0.00212173 0.00119109 0.000335471
2.27083 -0.000194702 0.00222792 0.00238653
2.275 -0.00051226 -0.00141114 0.000881398
2.27917 0.0018553 -0.00360344 -0.00172516
2.28333 0.00283683 0.000334865 -0.000935333
2.2875 2.69273e-05 0.00557379 0.00267903
2.29167 -0.00328305 0.00526628 0.00404198
2.29583 -0.00312378 0.00165132 0.00133558
2.3 -0.00102488 0.00233194 -0.00117195
2.30417 -0.00137857 0.00752179 0.000157743
2.30833 -0.00422459 0.0094007 0.00275197
2.3125 -0.00524243 0.00494222 0.00231007
2.31667 -0.00290761 0.000838425 -0.00019188
2.32083 -0.00082771 0.00207442 -0.00059138
2.325 -0.00139362 0.00348924 0.00114785
2.32917 -0.00173043 -0.00104719 0.00116296
2.33333 0.000953891 -0.00746576 -0.00108862
2.3375 0.00397904 -0.00794386 -0.00169419
2.34167 0.00355057 -0.00429318 0.000443034
2.34583 0.0015595 -0.00504244 0.00107944
2.35 0.00265751 -0.010848 -0.00194869
2.35417 0.00619779 -0.0133245 -0.00430684
2.35833 0.00704166 -0.00930279 -0.00221889
2.3625 0.00414553 -0.00581876 0.000851964
2.36667 0.00221822 -0.0075882 -0.000215614
2.37083 0.0036788 -0.00922072 -0.00368336
2.375 0.00486072 -0.00532702 -0.0040201
2.37917 0.00263831 6.1873e-05 -0.000987535
2.38333 -0.00046998 0.00117691 0.000697568
2.3875 -0.00119787 0.000725028 -0.000473174
2.39167 -0.00101813 0.00433194 -0.00127054
2.39583 -0.00269255 0.00991592 -0.000145341
2.4 -0.00496971 0.0112702 0.000791376
2.40417 -0.0051503 0.00887663 0.000736073
2.40833 -0.00417614 0.00846284 0.00155229
2.4125 -0.00461152 0.0106455 0.00311211
2.41667 -0.00559959 0.0104415 0.00259598
2.42083 -0.00442442 0.00654644 8.98016e-07
2.425 -0.00171515 0.00318955 -0.000750093
2.42917 -0.000531654 0.00225097 0.00166077
2.43333 -0.00101085 0.000773617 0.00312977
2.4375 -0.000358842 -0.00245663 0.00068102
2.44167 0.00198498 -0.00449465 -0.00251245
2.44583 0.0034271 -0.00417818 -0.00221933
2.45 0.00285137 -0.00440286 0.000296549
2.45417 0.00221137 -0.00624755 0.000914826
2.45833 0.00265182 -0.00653626 -0.000746492
2.4625 0.00272263 -0.00396936 -0.001755
2.46667 0.0016998 -0.00217765 -0.00125196
2.47083 0.00117852 -0.003177 -0.000930239
2.475 0.00163843 -0.00306577 -0.000868169
2.47917 0.000819902 0.00108626 0.000523505
2.48333 -0.00204259 0.00479012 0.00223701
2.4875 -0.00355418 0.00271961 0.00114847
2.49167 -0.00115193 -0.00181073 -0.00196821
2.49583 0.001855 -0.00152803 -0.00194223
2.5 0.000776604 0.00244894 0.00248101
2.50417 -0.00253491 0.00182679 0.00488248
2.50833 -0.00189511 -0.00467302 0.00055062
2.5125 0.00310331 -0.00805838 -0.00482601
2.51667 0.00560678 -0.00366609 -0.00293121
2.52083 0.00219502 0.000656068 0.0036477
2.525 -0.0014493 -0.00220418 0.00471897
2.52917 0.000179719 -0.00607731 -0.00130704
2.53333 0.00342833 -0.00222605 -0.00482878
2.5375 0.00208943 0.00463756 -0.000802303
2.54167 -0.00187195 0.00399982 0.00355816
2.54583 -0.00222946 -0.00153015 0.00166278
2.55 0.000217521 -0.00017909 -0.00196845
2.55417 -0.000471782 0.00780256 -0.00115556
2.55833 -0.00391164 0.00969678 0.00107963
2.5625 -0.00390456 0.00276618 -0.000233704
2.56667 -0.000399861 -0.000369714 -0.00185618
2.57083 -0.000284428 0.00590905 0.000720423
2.575 -0.00448125 0.00981012 0.00307893
2.57917 -0.00517043 0.00289535 -0.000505876
2.58333 0.000441034 -0.00480761 -0.00505454
2.5875 0.00425172 -0.00234831 -0.00230985
2.59167 0.000757775 0.00339523 0.00420752
2.59583 -0.00339543 0.000653222 0.00407986
2.6 -0.000653479 -0.00667402 -0.00261592
2.60417 0.00493768 -0.00686195 -0.005361
2.60833 0.00496395 -0.000869108 -0.000194295
2.6125 0.000215524 0.000586927 0.00496602
2.61667 -0.00177607 -0.00421698 0.00341853
2.62083 0.00108758 -0.00663075 -0.00155196
2.625 0.00379831 -0.0030303 -0.00341968
2.62917 0.00283229 0.000769133 -0.000887466
2.63333 -1.19497e-05 0.000450637 0.00258398
2.6375 -0.00167912 -0.00109822 0.00323763
2.64167 -0.00138072 -3.43776e-05 0.000215641
2.64583 -0.000340118 0.00298757 -0.00311513
2.65 -0.000296026 0.00467384 -0.00236227
2.65417 -0.00162172 0.00313507 0.00161879
2.65833 -0.00248859 8.10373e-05 0.00313094
2.6625 -0.00145863 -0.000533443 0.000149226
2.66667 -6.19081e-05 0.0020905 -0.00265627
2.67083 -0.000168811 0.00317449 -0.00176294
2.675 -0.000509355 -0.000465332 0.000314142
2.67917 0.00056195 -0.003818 0.0007446
2.68333 0.00119474 -0.00111537 0.000617224
2.6875 -0.00043737 0.0034364 0.000630991
2.69167 -0.00152149 0.00169115 -0.000785398
2.69583 0.000882492 -0.00430925 -0.00247977
2.7 0.00359938 -0.00529404 -0.000791301
2.70417 0.00207531 -0.000442716 0.0029561
2.70833 -0.00134555 0.00177179 0.00281225
2.7125 -0.00100837 -0.00153669 -0.00169153
2.71667 0.00237286 -0.0036637 -0.00379396
2.72083 0.0030148 -0.000581778 -0.000350351
2.725 -0.000347716 0.00329784 0.00339457
2.72917 -0.00315221 0.00370668 0.0025372
2.73333 -0.00259299 0.00222495 -0.000956064
2.7375 -0.000613655 0.0015545 -0.00275144
2.74167 0.000232745 0.00171453 -0.00148346
2.74583 -0.00052256 0.0018816 0.00150388
2.75 -0.00192431 0.00140749 0.00325371
2.75417 -0.00211273 -0.000273258 0.000978939
2.75833 3.32933e-05 -0.00182291 -0.0033285
2.7625 0.00229574 -0.00100953 -0.00345067
2.76667 0.00143991 0.000617748 0.00165436
2.77083 -0.00116163 -0.000764052 0.00456782
2.775 -0.00102954 -0.00386308 0.000776249
2.77917 0.00186651 -0.00368117 -0.00367558
2.78333 0.00306997 -0.00112135 -0.0023086
2.7875 0.00154223 -0.00186431 0.00159574
2.79167 0.000734348 -0.00491936 0.00209239
2.79583 0.00140031 -0.00346357 0.000263881
2.8 0.0007653 0.00188879 -0.00038759
2.80417 -0.000888613 0.00318705 -0.000714445
2.80833 -0.000555566 -0.000136159 -0.00153349
2.8125 0.000650816 -7.14399e-05 -0.000229898
2.81667 -0.000991135 0.00473342 0.0026674
2.82083 -0.00391868 0.00641007 0.00197258
2.825 -0.00322038 0.00258988 -0.00236945
2.82917 0.000237162 3.70721e-05 -0.00333566
2.83333 0.00103596 0.00154133 0.001095
2.8375 -0.00127669 0.00216641 0.0039166
2.84167 -0.00209539 0.000114878 0.00114227
2.84583 -0.000203786 -0.000747473 -0.00220055
2.85 0.00127196 0.000198741 -0.00168741
2.85417 0.00108007 -0.000121598 0.000488293
2.85833 0.000457928 -0.000992952 0.0016983
2.8625 -0.000421451 -2.34729e-05 0.00216175
2.86667 -0.00119423 0.000211445 0.00113262
2.87083 0.000159329 -0.00278168 -0.00169367
2.875 0.00293402 -0.00460208 -0.0021565
2.87917 0.00271735 -0.00158719 0.00231107
2.88333 -0.00102785 0.00129786 0.00582879
2.8875 -0.00268103 -0.000515412 0.00266794
2.89167 0.000100351 -0.00229631 -0.00200241
2.89583 0.00203057 0.000615033 -0.000238853
2.9 -0.000413388 0.00362425 0.0052154
2.90417 -0.00315743 0.00218837 0.00638419
2.90833 -0.00246396 0.000540475 0.00349171
2.9125 -0.000776681 0.00242559 0.00240233
2.91667 -0.000594444 0.003358 0.0039944
2.92083 -0.000212058 0.000181462 0.00552917
2.925 0.00113896 -0.0021274 0.00706804
2.92917 0.00138798 -0.000352577 0.00873672
2.93333 0.00104324 0.000835454 0.00797556
2.9375 0.00305735 -0.00142863 0.00565266
2.94167 0.00631743 -0.00303299 0.00720224
2.94583 0.0069307 -0.00202544 0.0127472
2.95 0.00594048 -0.00230367 0.0151919
2.95417 0.00784687 -0.0049215 0.0124045
2.95833 0.012221 -0.00607047 0.0112107
2.9625 0.0146941 -0.0053672 0.0153665
2.96667 0.0148993 -0.00604266 0.0199582
2.97083 0.0158473 -0.00706793 0.0211839
2.975 0.0174891 -0.00520043 0.0215628
2.97917 0.0179958 -0.00300921 0.0228877
2.98333 0.0185589 -0.00467204 0.0236157
2.9875 0.0203896 -0.00704697 0.0244177
2.99167 0.020728 -0.00514403 0.027085
2.99583 0.0178773 -0.00206915 0.028393
