0 0 0 0
0.00416667 0 0 0
0.00833333 0 0 0
0.0125 0 0 0
0.0166667 0 0 0
0.0208333 0 0 0
0.025 0 0 0
0.0291667 0 0 0
0.0333333 0 0 0
0.0375 0 0 0
0.0416667 0 0 0
0.0458333 0 0 0
0.05 0 0 0
0.0541667 0 0 0
0.0583333 0 0 0
0.0625 0 0 0
0.0666667 0 0 0
0.0708333 0 0 0
0.075 0 0 0
0.0791667 0 0 0
0.0833333 0 0 0
0.0875 0 0 0
0.0916667 0 0 0
0.0958333 0 0 0
0.1 0 0 0
0.104167 0 0 0
0.108333 0 0 0
0.1125 0 0 0
0.116667 0 0 0
0.120833 0 0 0
0.125 0 0 0
0.129167 0 0 0
0.133333 0 0 0
0.1375 0 0 0
0.141667 0 0 0
0.145833 0 0 0
0.15 0 0 0
0.154167 0 0 0
0.158333 0 0 0
0.1625 0 0 0
0.166667 0 0 0
0.170833 0 0 0
0.175 0 0 0
0.179167 0 0 0
0.183333 0 0 0
0.1875 0 0 0
0.191667 -2.94463e-321 4.49254e-320 6.03748e-320
0.195833 -1.03784e-316 1.48628e-315 1.99843e-315
0.2 -2.78814e-312 3.90721e-311 5.25317e-311
0.204167 -6.01419e-308 8.25099e-307 1.10924e-306
0.208333 -1.0509e-303 1.41206e-302 1.89819e-302
0.2125 -1.49996e-299 1.97473e-298 2.65437e-298
0.216667 -1.7625e-295 2.27439e-294 3.05694e-294
0.220833 -1.71756e-291 2.17329e-290 2.92085e-290
0.225 -1.3978e-287 1.73491e-286 2.33152e-286
0.229167 -9.56269e-284 1.16464e-282 1.56504e-282
0.233333 -5.53368e-280 6.6153e-279 8.88903e-279
0.2375 -2.72456e-276 3.19812e-275 4.29707e-275
0.241667 -1.14774e-272 1.32324e-271 1.77783e-271
0.245833 -4.15855e-269 4.71049e-268 6.32837e-268
0.25 -1.30248e-265 1.44993e-264 1.94781e-264
0.254167 -3.54314e-262 3.87739e-261 5.20855e-261
0.258333 -8.40934e-259 9.04906e-258 1.21551e-257
0.2625 -1.74887e-255 1.85098e-254 2.48619e-254
0.266667 -3.20001e-252 3.33202e-251 4.47527e-251
0.270833 -5.17176e-249 5.29924e-248 7.11713e-248
0.275 -7.4103e-246 7.47362e-245 1.0037e-244
0.279167 -9.44679e-243 9.37991e-242 1.25966e-241
0.283333 -1.07512e-239 1.0512e-238 1.41163e-238
0.2875 -1.09588e-236 1.05536e-235 1.41716e-235
0.291667 -1.00356e-233 9.52094e-233 1.27845e-232
0.295833 -8.28121e-231 7.7413e-230 1.03945e-229
0.3 -6.17508e-228 5.68895e-227 7.63849e-227
0.304167 -4.17228e-225 3.78892e-224 5.08718e-224
0.308333 -2.56106e-222 2.29294e-221 3.07852e-221
0.3125 -1.43175e-219 1.264e-218 1.69702e-218
0.316667 -7.30733e-217 6.36247e-216 8.54189e-216
0.320833 -3.4127e-214 2.93105e-213 3.93497e-213
0.325 -1.46166e-211 1.23851e-210 1.66269e-210
0.329167 -5.75349e-209 4.81043e-208 6.45783e-208
0.333333 -2.08565e-206 1.72091e-205 2.31023e-205
0.3375 -6.97643e-204 5.68175e-203 7.62733e-203
0.341667 -2.15741e-201 1.7345e-200 2.32842e-200
0.345833 -6.17918e-199 4.90492e-198 6.58435e-198
0.35 -1.64209e-196 1.28711e-195 1.7278e-195
0.354167 -4.05571e-194 3.13951e-193 4.21442e-193
0.358333 -9.3251e-192 7.12987e-191 9.57099e-191
0.3625 -1.99914e-189 1.50994e-188 2.02691e-188
0.366667 -4.00218e-187 2.98648e-186 4.00899e-186
0.370833 -7.49303e-185 5.52481e-184 7.41642e-184
0.375 -1.31384e-182 9.57306e-182 1.28508e-181
0.379167 -2.16047e-180 1.55581e-179 2.08853e-179
0.383333 -3.33621e-178 2.37472e-177 3.18786e-177
0.3875 -4.84414e-176 3.40858e-175 4.57579e-175
0.391667 -6.62185e-174 4.60659e-173 6.18415e-173
0.395833 -8.53224e-172 5.86887e-171 7.87883e-171
0.4 -1.03747e-169 7.0567e-169 9.47365e-169
0.404167 -1.19181e-167 8.017e-167 1.07631e-166
0.408333 -1.29488e-165 8.61506e-165 1.15663e-164
0.4125 -1.33202e-163 8.76599e-163 1.17692e-162
0.416667 -1.29864e-161 8.45443e-161 1.13512e-160
0.420833 -1.20116e-159 7.73644e-159 1.03875e-158
0.425 -1.05504e-157 6.72342e-157 9.02765e-157
0.429167 -8.80831e-156 5.5544e-155 7.45824e-155
0.433333 -6.99638e-154 4.36593e-153 5.86262e-153
0.4375 -5.29168e-152 3.26807e-151 4.38858e-151
0.441667 -3.81439e-150 2.3316e-149 3.13115e-149
0.445833 -2.62259e-148 1.58681e-147 2.13105e-147
0.45 -1.72132e-146 1.03099e-145 1.38466e-145
0.454167 -1.07934e-144 6.40004e-144 8.59591e-144
0.458333 -6.47071e-143 3.79877e-142 5.10239e-142
0.4625 -3.71166e-141 2.15753e-140 2.89807e-140
0.466667 -2.03854e-139 1.17337e-138 1.57621e-138
0.470833 -1.07278e-137 6.11486e-137 8.21463e-137
0.475 -5.41303e-136 3.05566e-135 4.10517e-135
0.479167 -2.62058e-134 1.46514e-133 1.96848e-133
0.483333 -1.21804e-132 6.74511e-132 9.06296e-132
0.4875 -5.43885e-131 2.98339e-130 4.00884e-130
0.491667 -2.33454e-129 1.26855e-128 1.70469e-128
0.495833 -9.63839e-128 5.18845e-127 6.97279e-127
0.5 -3.82974e-126 2.04248e-125 2.74509e-125
0.504167 -1.46535e-124 7.74301e-124 1.04074e-123
0.508333 -5.4021e-123 2.82837e-122 3.80191e-122
0.5125 -1.91984e-121 9.96024e-121 1.33897e-120
0.516667 -6.58082e-120 3.38328e-119 4.54855e-119
0.520833 -2.17684e-118 1.10908e-117 1.4912e-117
0.525 -6.95224e-117 3.51044e-116 4.72031e-116
0.529167 -2.14479e-115 1.07336e-114 1.44342e-114
0.533333 -6.3946e-114 3.17189e-113 4.26584e-113
0.5375 -1.84337e-112 9.06326e-112 1.21902e-111
0.541667 -5.14016e-111 2.50517e-110 3.36981e-110
0.545833 -1.38708e-109 6.70148e-109 9.0153e-109
0.55 -3.62385e-108 1.73568e-107 2.33519e-107
0.554167 -9.16999e-107 4.35429e-106 5.85888e-106
0.558333 -2.24841e-105 1.0585e-104 1.42441e-104
0.5625 -5.34395e-104 2.49441e-103 3.35703e-103
0.566667 -1.23169e-102 5.7005e-102 7.6727e-102
0.570833 -2.75398e-101 1.26385e-100 1.70129e-100
0.575 -5.97585e-100 2.71942e-99 3.66108e-99
0.579167 -1.25886e-98 5.68087e-98 7.64886e-98
0.583333 -2.57544e-97 1.15256e-96 1.55202e-96
0.5875 -5.11883e-96 2.27184e-95 3.05958e-95
0.591667 -9.88745e-95 4.35212e-94 5.86191e-94
0.595833 -1.85668e-93 8.10549e-93 1.09187e-92
0.6 -3.39056e-92 1.4681e-91 1.97789e-91
0.604167 -6.02316e-91 2.58681e-90 3.48551e-90
0.608333 -1.0412e-89 4.4355e-89 5.97727e-89
0.6125 -1.75197e-88 7.40327e-88 9.97794e-88
0.616667 -2.87037e-87 1.20319e-86 1.62185e-86
0.620833 -4.58027e-86 1.90459e-85 2.56766e-85
0.625 -7.12051e-85 2.93731e-84 3.96046e-84
0.629167 -1.07875e-83 4.41466e-83 5.95327e-83
0.633333 -1.59306e-82 6.46792e-82 8.72339e-82
0.6375 -2.29387e-81 9.23988e-81 1.24638e-80
0.641667 -3.22136e-80 1.28741e-79 1.73686e-79
0.645833 -4.41322e-79 1.74994e-78 2.36122e-78
0.65 -5.89967e-78 2.32111e-77 3.13239e-77
0.654167 -7.69767e-77 3.00498e-76 4.05592e-76
0.658333 -9.80519e-76 3.79807e-75 5.12718e-75
0.6625 -1.2196e-74 4.68771e-74 6.32916e-74
0.666667 -1.48166e-73 5.65113e-73 7.63115e-73
0.670833 -1.75849e-72 6.65553e-72 8.98894e-72
0.675 -2.03934e-71 7.65947e-71 1.03466e-70
0.679167 -2.31148e-70 8.6154e-70 1.16398e-69
0.683333 -2.56115e-69 9.47337e-69 1.28011e-68
0.6875 -2.77466e-68 1.01853e-67 1.37655e-67
0.691667 -2.93972e-67 1.07096e-66 1.44766e-66
0.695833 -3.04653e-66 1.1015e-65 1.4892e-65
0.7 -3.08884e-65 1.10839e-64 1.49879e-64
0.704167 -3.06446e-64 1.09139e-63 1.47606e-63
0.708333 -2.97553e-63 1.05178e-62 1.42275e-62
0.7125 -2.82815e-62 9.92216e-62 1.34242e-61
0.716667 -2.63177e-61 9.16433e-61 1.24012e-60
0.720833 -2.39813e-60 8.28863e-60 1.12183e-59
0.725 -2.14019e-59 7.3422e-59 9.93922e-59
0.729167 -1.87093e-58 6.37091e-58 8.62602e-58
0.733333 -1.60236e-57 5.41602e-57 7.33453e-57
0.7375 -1.3447e-56 4.51158e-56 6.11091e-56
0.741667 -1.10593e-55 3.68312e-55 4.98974e-55
0.745833 -8.91506e-55 2.94718e-54 3.9935e-54
0.75 -7.04506e-54 2.31188e-53 3.13328e-53
0.754167 -5.45846e-53 1.77809e-52 2.41032e-52
0.758333 -4.14708e-52 1.34102e-51 1.8182e-51
0.7625 -3.09003e-51 9.91896e-51 1.34512e-50
0.766667 -2.25833e-50 7.19627e-50 9.76095e-50
0.770833 -1.61911e-49 5.12171e-49 6.94847e-49
0.775 -1.13889e-48 3.5764e-48 4.853e-48
0.779167 -7.86074e-48 2.45049e-47 3.32589e-47
0.783333 -5.32441e-47 1.64775e-46 2.23685e-46
0.7875 -3.53964e-46 1.08746e-45 1.47655e-45
0.791667 -2.30981e-45 7.04474e-45 9.5674e-45
0.795833 -1.4797e-44 4.48023e-44 6.08586e-44
0.8 -9.30681e-44 2.79747e-43 3.80085e-43
0.804167 -5.74781e-43 1.71518e-42 2.33086e-42
0.808333 -3.48599e-42 1.0327e-41 1.40371e-41
0.8125 -2.07643e-41 6.10674e-41 8.30242e-41
0.816667 -1.21483e-40 3.54694e-40 4.8233e-40
0.820833 -6.98184e-40 2.02373e-39 2.75256e-39
0.825 -3.942e-39 1.13435e-38 1.54321e-38
0.829167 -2.18674e-38 6.24702e-38 8.50053e-38
0.833333 -1.19193e-37 3.38044e-37 4.60089e-37
0.8375 -6.38437e-37 1.79756e-36 2.44708e-36
0.841667 -3.36072e-36 9.39384e-36 1.27909e-35
0.845833 -1.73872e-35 4.82485e-35 6.57108e-35
0.85 -8.84189e-35 2.4358e-34 3.3181e-34
0.854167 -4.4199e-34 1.20879e-33 1.64699e-33
0.858333 -2.17202e-33 5.89713e-33 8.03668e-33
0.8625 -1.04937e-32 2.82842e-32 3.85544e-32
0.866667 -4.98474e-32 1.3338e-31 1.8185e-31
0.870833 -2.32825e-31 6.18455e-31 8.43384e-31
0.875 -1.06935e-30 2.81984e-30 3.84623e-30
0.879167 -4.82988e-30 1.26435e-29 1.72493e-29
0.883333 -2.14541e-29 5.57522e-29 7.60776e-29
0.8875 -9.37266e-29 2.41786e-28 3.30003e-28
0.891667 -4.02734e-28 1.03133e-27 1.40791e-27
0.895833 -1.70216e-27 4.32701e-27 5.90818e-27
0.9 -7.07666e-27 1.78574e-26 2.43878e-26
0.904167 -2.89417e-26 7.24953e-26 9.90265e-26
0.908333 -1.16441e-25 2.89522e-25 3.95557e-25
0.9125 -4.60882e-25 1.1375e-24 1.5544e-24
0.916667 -1.79471e-24 4.39676e-24 6.00937e-24
0.920833 -6.87599e-24 1.67203e-23 2.28572e-23
0.925 -2.59195e-23 6.25601e-23 8.55375e-23
0.929167 -9.61349e-23 2.30307e-22 3.14952e-22
0.933333 -3.50841e-22 8.34224e-22 1.14103e-21
0.9375 -1.25987e-21 2.97327e-21 4.06747e-21
0.941667 -4.4518e-21 1.04273e-20 1.42671e-20
0.945833 -1.54792e-20 3.59836e-20 4.92422e-20
0.95 -5.2963e-20 1.2219e-19 1.67238e-19
0.954167 -1.78325e-19 4.08293e-19 5.58903e-19
0.958333 -5.90839e-19 1.34251e-18 1.83799e-18
0.9625 -1.92641e-18 4.3438e-18 5.94778e-18
0.966667 -6.18091e-18 1.38304e-17 1.89398e-17
0.970833 -1.95154e-17 4.33319e-17 5.93473e-17
0.975 -6.06352e-17 1.33595e-16 1.82991e-16
0.979167 -1.85391e-16 4.05298e-16 5.55212e-16
0.983333 -5.57783e-16 1.20992e-15 1.6576e-15
0.9875 -1.65138e-15 3.55409e-15 4.86954e-15
0.991667 -4.81091e-15 1.02726e-14 1.40757e-14
0.995833 -1.37909e-14 2.92149e-14 4.00331e-14
1 -3.88987e-14 8.17493e-14 1.12026e-13
1.00417 -1.07954e-13 2.25064e-13 3.08428e-13
1.00833 -2.94771e-13 6.09611e-13 8.35425e-13
1.0125 -7.91877e-13 1.62445e-12 2.22618e-12
1.01667 -2.09285e-12 4.25837e-12 5.83568e-12
1.02083 -5.44127e-12 1.0981e-11 1.50479e-11
1.025 -1.39162e-11 2.78532e-11 3.81668e-11
1.02917 -3.50084e-11 6.94886e-11 9.52123e-11
1.03333 -8.66209e-11 1.70501e-10 2.33596e-10
1.0375 -2.10785e-10 4.11414e-10 5.63595e-10
1.04167 -5.04415e-10 9.76189e-10 1.33709e-09
1.04583 -1.18694e-09 2.27745e-09 3.11892e-09
1.05 -2.74609e-09 5.22375e-09 7.15239e-09
1.05417 -6.24601e-09 1.17783e-08 1.61233e-08
1.05833 -1.3965e-08 2.61036e-08 3.5724e-08
1.0625 -3.06887e-08 5.68563e-08 7.77878e-08
1.06667 -6.62753e-08 1.2169e-07 1.66436e-07
1.07083 -1.40637e-07 2.55897e-07 3.49862e-07
1.075 -2.93192e-07 5.28614e-07 7.22423e-07
1.07917 -6.00393e-07 1.0725e-06 1.46505e-06
1.08333 -1.20745e-06 2.13677e-06 2.91737e-06
1.0875 -2.38433e-06 4.17956e-06 5.70324e-06
1.09167 -4.62202e-06 8.02449e-06 1.09431e-05
1.09583 -8.79355e-06 1.51187e-05 2.06035e-05
1.1 -1.64154e-05 2.79449e-05 3.80544e-05
1.10417 -3.0059e-05 5.06596e-05 6.89294e-05
1.10833 -5.39758e-05 9.00435e-05 0.000122406
1.1125 -9.50134e-05 0.000156865 0.000213031
1.11667 -0.000163898 0.000267746 0.000363214
1.12083 -0.000276943 0.000447568 0.000606422
1.125 -0.000458193 0.000732386 0.00099101
1.12917 -0.000741885 0.00117259 0.00158433
1.13333 -0.00117496 0.00183583 0.00247644
1.1375 -0.00181904 0.00280885 0.00378218
1.14167 -0.0027511 0.00419688 0.00563992
1.14583 -0.00406147 0.006119 0.00820459
1.15 -0.00584784 0.00869746 0.0116327
1.15417 -0.00820366 0.0120394 0.016057
1.15833 -0.0111999 0.0162098 0.0215497
1.1625 -0.0148599 0.0211971 0.0280763
1.16667 -0.0191292 0.026874 0.0354437
1.17083 -0.0238439 0.0329611 0.0432532
1.175 -0.0287048 0.0390016 0.0508714
1.17917 -0.0332661 0.0443616 0.0574341
1.18333 -0.0369484 0.0482655 0.0619011
1.1875 -0.0390857 0.0498753 0.0631687
1.19167 -0.039008 0.048414 0.060239
1.19583 -0.0361566 0.0433189 0.0524277
1.2 -0.0302141 0.0343996 0.0395704
1.20417 -0.0212247 0.0219619 0.022179
1.20833 -0.00966871 0.00685775 0.0014915
1.2125 0.00353745 -0.00957284 -0.0206244
1.21667 0.0171368 -0.0256771 -0.0419242
1.22083 0.0297182 -0.0397601 -0.0601588
1.225 0.0399617 -0.050395 -0.0734873
1.22917 0.0468847 -0.0566914 -0.0808206
1.23333 0.0500217 -0.0584443 -0.0819942
1.2375 0.0494814 -0.0561141 -0.0777117
1.24167 0.0458613 -0.0506412 -0.0692774
1.24583 0.0400482 -0.0431652 -0.0582186
1.25 0.0329825 -0.0347553 -0.0459463
1.25417 0.0254781 -0.0262643 -0.0335936
1.25833 0.0181725 -0.0183603 -0.022091
1.2625 0.0116185 -0.0117047 -0.0124134
1.26667 0.00645109 -0.00715648 -0.0058239
1.27083 0.00350852 -0.00584292 -0.00390464
1.275 0.00378726 -0.00898105 -0.00824369
1.27917 0.00818116 -0.0174553 -0.0198234
1.28333 0.017074 -0.0313036 -0.0383511
1.2875 0.0299628 -0.0493617 -0.0618791
1.29167 0.0453237 -0.0692952 -0.0869959
1.29583 0.0608537 -0.0880943 -0.109628
1.3 0.0740518 -0.102877 -0.126177
1.30417 0.082918 -0.111665 -0.134499
1.30833 0.0864535 -0.113763 -0.134247
1.3125 0.0847155 -0.109559 -0.126395
1.31667 0.0783944 -0.0998424 -0.112197
1.32083 0.0681459 -0.085045 -0.0921702
1.325 0.0540647 -0.06485 -0.0657252
1.32917 0.0356315 -0.0384492 -0.0317084
1.33333 0.012202 -0.00534301 0.0103967
1.3375 -0.016217 0.0337545 0.0593021
1.34167 -0.0483553 0.0764398 0.111491
1.34583 -0.0816098 0.118882 0.161834
1.35 -0.112592 0.156709 0.204941
1.35417 -0.138007 0.186054 0.236502
1.35833 -0.155396 0.204253 0.253963
1.3625 -0.163416 0.20994 0.25634
1.36667 -0.16163 0.202746 0.243596
1.37083 -0.150156 0.182999 0.216246
1.375 -0.129523 0.151772 0.175572
1.37917 -0.100887 0.111224 0.124233
1.38333 -0.066363 0.0648251 0.0666058
1.3875 -0.0290768 0.0170614 0.00830588
1.39167 0.00731577 -0.027447 -0.0450816
1.39583 0.0394792 -0.0649939 -0.089344
1.4 0.0651258 -0.0933874 -0.122214
1.40417 0.0831718 -0.111767 -0.142871
1.40833 0.0932896 -0.119898 -0.150923
1.4125 0.0953099 -0.117617 -0.145884
1.41667 0.0890694 -0.105016 -0.12776
1.42083 0.0749319 -0.0832844 -0.098395
1.425 0.0545882 -0.0554933 -0.0623653
1.42917 0.031368 -0.0264477 -0.0263294
1.43333 0.00953548 -0.0013308 0.00319523
1.4375 -0.0072187 0.0162045 0.0223932
1.44167 -0.017202 0.0253136 0.0313744
1.44583 -0.0211137 0.0277558 0.0332204
1.45 -0.0211395 0.0263627 0.0315532
1.45417 -0.0193953 0.0232656 0.0283691
1.45833 -0.0168159 0.0190806 0.0235891
1.4625 -0.013188 0.0134537 0.0163716
1.46667 -0.00810772 0.00630266 0.00686595
1.47083 -0.00194865 -0.00138146 -0.00313144
1.475 0.00398907 -0.00782743 -0.0110871
1.47917 0.00820813 -0.0115361 -0.015291
1.48333 0.0099257 -0.0121333 -0.0156757
1.4875 0.00937835 -0.0103299 -0.0133082
1.49167 0.00735124 -0.00715834 -0.00924512
1.49583 0.00448831 -0.00329493 -0.00397279
1.5 0.00108371 0.000904611 0.00206607
1.50417 -0.00250931 0.00483283 0.0075942
1.50833 -0.00541577 0.0073115 0.0104937
1.5125 -0.00640554 0.007103 0.00907904
1.51667 -0.00474809 0.00395717 0.00367546
1.52083 -0.00103649 -0.000780875 -0.00303971
1.525 0.00287909 -0.00474376 -0.00755054
1.52917 0.00499492 -0.00602677 -0.00783781
1.53333 0.00449199 -0.00444229 -0.00465817
1.5375 0.00221816 -0.00151098 -0.000712064
1.54167 -8.56628e-05 0.000795797 0.00155626
1.54583 -0.00114616 0.00149555 0.00164471
1.55 -0.000960502 0.00104549 0.000842213
1.55417 -0.000446291 0.000559223 0.000619195
1.55833 -0.000390317 0.000628024 0.00117961
1.5625 -0.000717908 0.000843808 0.00146603
1.56667 -0.000706463 0.000374352 0.000432973
1.57083 0.000163659 -0.00105485 -0.00175117
1.575 0.00158734 -0.00273576 -0.00370577
1.57917 0.00261618 -0.0034906 -0.0039537
1.58333 0.00243443 -0.00264009 -0.00209015
1.5875 0.00102287 -0.000597954 0.00093251
1.59167 -0.000806712 0.00134946 0.003453
1.59583 -0.00194392 0.00185629 0.00405999
1.6 -0.00163581 0.000343495 0.00229193
1.60417 0.000113434 -0.00263337 -0.00109267
1.60833 0.00251612 -0.00563203 -0.00430069
1.6125 0.0043265 -0.00708 -0.00527244
1.61667 0.00446916 -0.00622532 -0.00296731
1.62083 0.00276984 -0.00376544 0.00154644
1.625 0.000313333 -0.0016158 0.00530764
1.62917 -0.00105729 -0.001711 0.00538171
1.63333 -2.29852e-05 -0.00451795 0.00129929
1.6375 0.00303259 -0.00843428 -0.00412265
1.64167 0.00604904 -0.0107818 -0.00671409
1.64583 0.00676782 -0.00982257 -0.00434623
1.65 0.00457986 -0.00619226 0.00112965
1.65417 0.00112522 -0.00244867 0.00530455
1.65833 -0.0010118 -0.00099728 0.00491549
1.6625 -0.000460968 -0.00213128 0.000568783
1.66667 0.0018169 -0.0038827 -0.00394708
1.67083 0.00344182 -0.00378108 -0.00504316
1.675 0.00269373 -0.000925987 -0.00226393
1.67917 -0.000125518 0.00341435 0.00175013
1.68333 -0.00316517 0.00703568 0.00387252
1.6875 -0.00470983 0.00859471 0.00302658
1.69167 -0.00446105 0.00840665 0.000512492
1.69583 -0.00342334 0.00781571 -0.00160733
1.7 -0.0028237 0.00800148 -0.00215402
1.70417 -0.0032198 0.00930184 -0.00118263
1.70833 -0.00442361 0.0113341 0.000600866
1.7125 -0.00591462 0.0134421 0.00229886
1.71667 -0.00714893 0.0150268 0.00292507
1.72083 -0.00767426 0.0157882 0.00178498
1.725 -0.00735628 0.016005 -0.000699383
1.72917 -0.00670872 0.0165954 -0.00271219
1.73333 -0.00680037 0.0185528 -0.00228759
1.7375 -0.00841687 0.0219403 0.000650192
1.74167 -0.0110897 0.0253936 0.00364462
1.74583 -0.0131302 0.0269216 0.00371478
1.75 -0.0129957 0.025535 0.000408028
1.75417 -0.0108042 0.0221474 -0.0033408
1.75833 -0.00834459 0.0186691 -0.00389351
1.7625 -0.00731872 0.0160295 -0.000673544
1.76667 -0.00750808 0.0131402 0.00299743
1.77083 -0.00686398 0.00800462 0.00317545
1.775 -0.00360641 -4.79609e-05 -0.000580865
1.77917 0.00179095 -0.00931622 -0.00465747
1.78333 0.0068778 -0.017044 -0.00513632
1.7875 0.00956891 -0.0218079 -0.00190352
1.79167 0.0101098 -0.0245226 0.00131247
1.79583 0.0105805 -0.0270551 0.00100665
1.8 0.0124914 -0.0299728 -0.00237625
1.80417 0.0150875 -0.031846 -0.00508615
1.80833 0.0161822 -0.0308189 -0.00425914
1.8125 0.0145596 -0.0267014 -0.000957051
1.81667 0.0112892 -0.0213027 0.00123556
1.82083 0.00855229 -0.0166955 0.000313488
1.825 0.00736048 -0.0133739 -0.00204228
1.82917 0.0067315 -0.0103145 -0.00263212
1.83333 0.00516069 -0.00672717 -0.000523116
1.8375 0.00259137 -0.00334499 0.00197831
1.84167 0.000562376 -0.00170672 0.00220858
1.84583 0.000399497 -0.00233306 0.00036623
1.85 0.00164696 -0.00405547 -0.000809664
1.85417 0.00263708 -0.00534153 0.00051129
1.85833 0.00249706 -0.00597901 0.00292005
1.8625 0.00212209 -0.00703325 0.00349142
1.86667 0.00290715 -0.00919073 0.00150343
1.87083 0.00483345 -0.0116747 -0.000500691
1.875 0.00636308 -0.0131764 0.000206526
1.87917 0.00634885 -0.0136023 0.00303303
1.88333 0.00556993 -0.0143206 0.00459605
1.8875 0.00587457 -0.0164794 0.00283723
1.89167 0.00788504 -0.0194384 -0.000297232
1.89583 0.0100826 -0.0212392 -0.00105181
1.9 0.0104527 -0.0205486 0.00160303
1.90417 0.00873943 -0.017816 0.00461336
1.90833 0.00661818 -0.0144504 0.00438838
1.9125 0.00562073 -0.0111134 0.00104048
1.91667 0.00529637 -0.00703361 -0.0017165
1.92083 0.003737 -0.000977672 -0.000861795
1.925 -0.00018266 0.00718903 0.00246012
1.92917 -0.00539511 0.0159487 0.00422167
1.93333 -0.00962079 0.0232757 0.00201724
1.9375 -0.0117001 0.0285442 -0.00224658
1.94167 -0.0127938 0.0332027 -0.00440366
1.94583 -0.0150903 0.039087 -0.00259349
1.95 -0.0192545 0.0458585 0.000612926
1.95417 -0.023366 0.0506263 0.000973297
1.95833 -0.024739 0.0507192 -0.00260601
1.9625 -0.0228205 0.046571 -0.0065804
1.96667 -0.019801 0.0410075 -0.00664171
1.97083 -0.0179673 0.0355971 -0.00279255
1.975 -0.0168458 0.0287892 0.000460559
1.97917 -0.0137905 0.018458 -0.000585987
1.98333 -0.00750454 0.00550813 -0.00429111
1.9875 -7.71867e-05 -0.00640746 -0.00563925
1.99167 0.00519513 -0.0147644 -0.00244157
1.99583 0.00751063 -0.0204887 0.00201306
2 0.00909555 -0.0259032 0.00315754
2.00417 0.0120651 -0.0314645 0.000693423
2.00833 0.0158069 -0.0355502 -0.00149621
2.0125 0.0180313 -0.0368182 -0.000458204
2.01667 0.0176607 -0.035492 0.00250987
2.02083 0.0157696 -0.0324137 0.00404184
2.025 0.0139194 -0.0280455 0.00282822
2.02917 0.0124747 -0.0227139 0.00056533
2.03333 0.0107149 -0.0168446 -0.000478106
2.0375 0.00793646 -0.0104761 0.000259666
2.04167 0.00415248 -0.00341827 0.00158509
2.04583 0.000165139 0.00352563 0.0019096
2.05 -0.00281772 0.00843518 0.00064401
2.05417 -0.00410264 0.0103494 -0.00117446
2.05833 -0.00432789 0.0107736 -0.00174098
2.0625 -0.00488604 0.0118813 -0.00052452
2.06667 -0.00619252 0.0136197 0.000827608
2.07083 -0.00709093 0.0140522 0.000450301
2.075 -0.00652239 0.0125114 -0.00114492
2.07917 -0.0051881 0.0107152 -0.00168068
2.08333 -0.00463078 0.0101693 -0.000392655
2.0875 -0.00500734 0.0100259 0.000863654
2.09167 -0.00495975 0.00868637 0.000486151
2.09583 -0.00377657 0.00638873 -0.000460622
2.1 -0.0024477 0.00473762 -0.000115008
2.10417 -0.00206216 0.00433362 0.00110735
2.10833 -0.00226001 0.00441209 0.00128997
2.1125 -0.0021399 0.00453099 0.000294344
2.11667 -0.00184818 0.00505074 -1.13788e-06
2.12083 -0.00213951 0.00588265 0.00109645
2.125 -0.00286453 0.00621461 0.00188413
2.12917 -0.00310158 0.00576802 0.00107612
2.13333 -0.00260274 0.00504316 -0.000135467
2.1375 -0.00197248 0.00403503 -0.000123054
2.14167 -0.00145243 0.00207984 0.000678721
2.14583 -0.000651222 -0.000652247 0.000875098
2.15 0.000470846 -0.00309042 0.000403976
2.15417 0.00153366 -0.00529432 5.43832e-06
2.15833 0.00278317 -0.00872457 -0.000460507
2.1625 0.00484764 -0.0134074 -0.00123023
2.16667 0.00712497 -0.0168022 -0.00123666
2.17083 0.00800411 -0.0172528 0.000163735
2.175 0.00740739 -0.0166967 0.000982445
2.17917 0.00735313 -0.0174649 -0.000899171
2.18333 0.00870938 -0.0179935 -0.0034842
2.1875 0.00918985 -0.0150961 -0.00263824
2.19167 0.00665943 -0.00964191 0.0012078
2.19583 0.00298146 -0.00588342 0.00258068
2.2 0.0017116 -0.00484057 -0.000919687
2.20417 0.00263642 -0.00267692 -0.0042509
2.20833 0.00194972 0.0028418 -0.00217529
2.2125 -0.00180883 0.00848471 0.00258706
2.21667 -0.00543368 0.0107946 0.00335023
2.22083 -0.006018 0.0113899 -0.000444357
2.225 -0.00508036 0.013319 -0.00282738
2.22917 -0.00548444 0.0152695 -0.000662257
2.23333 -0.00684154 0.0141304 0.00235623
2.2375 -0.0069115 0.0111595 0.00232401
2.24167 -0.00570501 0.0101435 0.000510223
2.24583 -0.00488188 0.0104571 -0.000295945
2.25 -0.0042716 0.00791942 -0.000323134
2.25417 -0.00252508 0.00272243 -0.0005799
2.25833 -0.00057494 0.000123149 4.57618e-05
2.2625 -0.000625961 0.00155972 0.00180774
2.26667 -0.00171448 0.00151487 0.00169256
2.27083 -0.000401388 -0.00337715 -0.00171521
2.275 0.00327281 -0.00806599 -0.00404276
2.27917 0.0048387 -0.00700672 -0.00105371
2.28333 0.00233103 -0.00341379 0.00357625
2.2875 -4.12658e-06 -0.00402402 0.00272724
2.29167 0.00188013 -0.00792753 -0.00289371
2.29583 0.00524194 -0.0082009 -0.00502088
2.3 0.00469581 -0.00341487 -0.00032765
2.30417 0.000610694 0.000255286 0.00440389
2.30833 -0.00161478 -0.000885915 0.00265342
2.3125 0.000205386 -0.00310497 -0.00239233
2.31667 0.00251084 -0.00260011 -0.00345203
2.32083 0.00214406 -0.00138227 0.000204058
2.325 0.000526172 -0.00236016 0.00316125
2.32917 0.000240228 -0.00388414 0.00234493
2.33333 0.00113726 -0.00339462 -0.00013776
2.3375 0.00180905 -0.00236493 -0.00146089
2.34167 0.00209721 -0.00319429 -0.000956798
2.34583 0.00217951 -0.00444807 0.000875169
2.35 0.00150223 -0.00362573 0.00262644
2.35417 0.00039925 -0.00196416 0.00198961
2.35833 0.000528266 -0.0019718 -0.00118326
2.3625 0.00193918 -0.00242586 -0.00301893
2.36667 0.00205356 -0.000489078 -0.000515988
2.37083 -0.00041672 0.00294573 0.00307299
2.375 -0.00290792 0.00474904 0.00230528
2.37917 -0.00279991 0.00500419 -0.00196706
2.38333 -0.00153602 0.00618441 -0.00359813
2.3875 -0.00204237 0.00804949 -0.000671207
2.39167 -0.00395896 0.00837874 0.00188023
2.39583 -0.00476323 0.00782696 0.000503274
2.4 -0.00414828 0.00858787 -0.00195436
2.40417 -0.00369078 0.00895186 -0.00198595
2.40833 -0.00327846 0.00546098 -0.000825522
2.4125 -0.00172552 0.000356381 -0.000692667
2.41667 -0.000171733 -0.000377398 -0.000452776
2.42083 -0.000648397 0.00256411 0.000915219
2.425 -0.00161959 0.00147845 0.000924437
2.42917 0.00032572 -0.00546194 -0.0016255
2.43333 0.00407074 -0.00972584 -0.0025829
2.4375 0.00459416 -0.00606148 0.00114226
2.44167 0.00133611 -0.00209779 0.00475432
2.44583 0.000160309 -0.00617998 0.0021531
2.45 0.0040144 -0.0127348 -0.00327416
2.45417 0.00730522 -0.0106765 -0.00279817
2.45833 0.00442337 -0.00196611 0.0034822
2.4625 -0.000870456 0.00103464 0.00589631
2.46667 -0.00110416 -0.00420206 0.000414339
2.47083 0.00294482 -0.00634124 -0.00467168
2.475 0.00363602 0.000692211 -0.00188317
2.47917 -0.00105908 0.00758822 0.00374257
2.48333 -0.00453373 0.00539374 0.00317313
2.4875 -0.00253141 0.000214785 -0.00232612
2.49167 0.000378915 0.00224151 -0.0041351
2.49583 -0.000995907 0.00837673 -0.000351516
2.5 -0.00406767 0.00802288 0.00230537
2.50417 -0.00357879 0.00144042 0.000261625
2.50833 -0.000565199 -0.000975629 -0.0019831
2.5125 7.04706e-05 0.0033209 -0.000609581
2.51667 -0.00176288 0.0050782 0.00143951
2.52083 -0.00173781 -0.000267043 0.000726147
2.525 0.000781424 -0.00455059 -0.000523405
2.52917 0.00160422 -0.00101094 0.000792545
2.53333 -0.000661105 0.00413312 0.00249405
2.5375 -0.00200957 0.00250546 0.00114669
2.54167 -0.000118448 -0.00222232 -0.00121996
2.54583 0.00147346 -0.00108319 -0.000316713
2.55 -0.000461705 0.0046492 0.0026256
2.55417 -0.00309778 0.00592219 0.00250711
2.55833 -0.00230159 0.00150064 -0.000944242
2.5625 0.000327116 -0.000375806 -0.0024333
2.56667 0.000231907 0.00349785 0.000168385
2.57083 -0.00236353 0.00597868 0.00234341
2.575 -0.00291516 0.00198759 0.000439095
2.57917 -0.000133557 -0.00325162 -0.0025589
2.58333 0.00220159 -0.00362439 -0.00225578
2.5875 0.0017132 -0.0020525 0.000181149
2.59167 0.0009105 -0.004348 0.000560175
2.59583 0.00238297 -0.00887093 -0.00145748
2.6 0.0045166 -0.00982371 -0.00253328
2.60417 0.00463001 -0.007293 -0.00143034
2.60833 0.00339819 -0.00641352 -0.000371685
2.6125 0.00316466 -0.00817171 -0.000801948
2.61667 0.00384307 -0.00821178 -0.00142422
2.62083 0.00350317 -0.00476161 -0.00100288
2.625 0.00189526 -0.00138855 -0.000249676
2.62917 0.000623654 -0.000669047 -6.02494e-05
2.63333 0.000287329 -0.000374742 -3.48644e-05
2.6375 -0.000196332 0.00209452 0.000378557
2.64167 -0.00147556 0.00556735 0.000876717
2.64583 -0.00286333 0.00761922 0.00111052
2.65 -0.00368778 0.00822677 0.00124167
2.65417 -0.00408931 0.00873324 0.00129168
2.65833 -0.00430781 0.00924569 0.0010566
2.6625 -0.00427195 0.00890488 0.000814035
2.66667 -0.00396517 0.00739734 0.000964795
2.67083 -0.00337785 0.00501104 0.00101001
2.675 -0.00226962 0.0022934 0.000202829
2.67917 -0.000742157 0.000209985 -0.000856703
2.68333 0.000359483 -0.00065501 -0.000822357
2.6875 0.000523887 -0.00130003 0.000121916
2.69167 0.000573913 -0.00311411 0.000287296
2.69583 0.00150423 -0.00534187 -0.000832207
2.7 0.00274764 -0.00573002 -0.00161267
2.70417 0.00288788 -0.00407038 -0.000814418
2.70833 0.00187608 -0.00280896 0.000475283
2.7125 0.00113128 -0.00326774 0.000535028
2.71667 0.00134864 -0.00359808 -0.000467924
2.72083 0.00158357 -0.00196033 -0.000934498
2.725 0.000925485 0.000348811 -0.000201228
2.72917 -0.00011933 0.000995878 0.00076197
2.73333 -0.000587206 0.000317486 0.000860149
2.7375 -0.000487782 0.000500676 0.000150895
2.74167 -0.000468504 0.00180636 -0.000490613
2.74583 -0.000637027 0.00213131 -0.000419548
2.75 -0.00054703 0.000456159 0.000210993
2.75417 -8.23603e-05 -0.00149377 0.0006602
2.75833 0.000378099 -0.00184603 0.00035473
2.7625 0.00062329 -0.0011817 -0.000415253
2.76667 0.000845699 -0.00133225 -0.000693174
2.77083 0.00114887 -0.0026043 1.26833e-05
2.775 0.00130761 -0.00355258 0.000961168
2.77917 0.001186 -0.00312412 0.000957219
2.78333 0.00100283 -0.00182791 -9.04554e-05
2.7875 0.000930857 -0.000707016 -0.000899464
2.79167 0.000727859 -3.1594e-05 -0.00041733
2.79583 8.97194e-05 0.00068007 0.000726348
2.8 -0.000799688 0.00182001 0.000987067
2.80417 -0.00140923 0.00314075 -2.36602e-05
2.80833 -0.00150289 0.00392374 -0.00100673
2.8125 -0.00137238 0.00376194 -0.000735917
2.81667 -0.00143311 0.00322658 0.000344668
2.82083 -0.00177381 0.00329464 0.000798217
2.825 -0.00207607 0.003854 5.01906e-05
2.82917 -0.00187773 0.0035462 -0.00100642
2.83333 -0.00107204 0.00178401 -0.00113718
2.8375 -0.000238696 5.54746e-05 -0.000132206
2.84167 -0.000129946 -2.44808e-05 0.00094538
2.84583 -0.000597437 0.000687294 0.000845231
2.85 -0.00052927 -9.08867e-05 -0.00036696
2.85417 0.000656066 -0.00259138 -0.00112331
2.85833 0.00196786 -0.00445766 -0.000233492
2.8625 0.00207415 -0.00407167 0.00130012
2.86667 0.00120433 -0.00265204 0.00137713
2.87083 0.000809752 -0.00217854 -0.000237865
2.875 0.00141356 -0.00266374 -0.00137309
2.87917 0.0019038 -0.00263628 -0.000443438
2.88333 0.00124759 -0.00141336 0.00128994
2.8875 -4.28484e-05 0.00021835 0.0015107
2.89167 -0.000701704 0.00116229 8.25972e-09
2.89583 -0.000365229 0.00114746 -0.00127027
2.9 0.000118698 0.000928096 -0.00082331
2.90417 -0.000203504 0.00150559 0.000640242
2.90833 -0.00128077 0.00276318 0.00127934
2.9125 -0.00201362 0.00318244 0.000231097
2.91667 -0.00143129 0.00180631 -0.00138548
2.92083 -3.84698e-05 3.33093e-05 -0.00155213
2.925 0.000510353 -3.7619e-05 0.000248175
2.92917 -0.000434722 0.00117294 0.00199857
2.93333 -0.00136013 0.00113528 0.00148138
2.9375 -0.00056109 -0.000878715 -0.000524843
2.94167 0.00126702 -0.00249018 -0.000960605
2.94583 0.00183374 -0.00177002 0.00123331
2.95 0.000544909 -9.98007e-05 0.00341882
2.95417 -0.000609976 2.04032e-05 0.00297494
2.95833 8.93561e-05 -0.0014574 0.00106341
2.9625 0.00176667 -0.00245245 0.000928884
2.96667 0.00235396 -0.00178226 0.00341919
2.97083 0.00137946 -0.000336576 0.00610938
2.975 0.000351543 0.0004074 0.00668867
2.97917 0.000739444 -5.94219e-07 0.00571956
2.98333 0.00230805 -0.000692719 0.00572614
2.9875 0.00349487 -0.000419957 0.00824164
2.99167 0.00327968 0.000833088 0.0120142
2.99583 0.00261429 0.00133531 0.0142676
