0 0 0 0
0.00416667 0 0 0
0.00833333 0 0 0
0.0125 0 0 0
0.0166667 0 0 0
0.0208333 0 0 0
0.025 0 0 0
0.0291667 0 0 0
0.0333333 0 0 0
0.0375 0 0 0
0.0416667 0 0 0
0.0458333 0 0 0
0.05 0 0 0
0.0541667 0 0 0
0.0583333 0 0 0
0.0625 0 0 0
0.0666667 0 0 0
0.0708333 0 0 0
0.075 0 0 0
0.0791667 0 0 0
0.0833333 0 0 0
0.0875 0 0 0
0.0916667 0 0 0
0.0958333 0 0 0
0.1 0 0 0
0.104167 0 0 0
0.108333 0 0 0
0.1125 0 0 0
0.116667 0 0 0
0.120833 0 0 0
0.125 0 0 0
0.129167 0 0 0
0.133333 0 0 0
0.1375 0 0 0
0.141667 0 0 0
0.145833 0 0 0
0.15 0 0 0
0.154167 0 0 0
0.158333 0 0 0
0.1625 0 0 0
0.166667 0 0 0
0.170833 0 0 0
0.175 0 0 0
0.179167 0 0 0
0.183333 0 0 0
0.1875 0 0 0
0.191667 0 0 0
0.195833 0 0 0
0.2 -5.97819e-322 0 2.12053e-320
0.204167 -4.40422e-318 -1.86337e-319 1.22653e-316
0.208333 -2.15137e-314 -8.75874e-316 5.86832e-313
0.2125 -8.83943e-311 -3.45158e-312 2.36262e-309
0.216667 -3.07569e-307 -1.14821e-308 8.05847e-306
0.220833 -9.12089e-304 -3.24382e-305 2.34342e-302
0.225 -2.31911e-300 -7.82581e-302 5.84514e-299
0.229167 -5.08469e-297 -1.62054e-298 1.25761e-295
0.233333 -9.66488e-294 -2.89379e-295 2.34657e-292
0.2375 -1.60076e-290 -4.47485e-292 3.81641e-289
0.241667 -2.32138e-287 -6.01451e-289 5.43626e-286
0.245833 -2.961e-284 -7.04837e-286 6.81314e-283
0.25 -3.33646e-281 -7.2193e-283 7.54527e-280
0.254167 -3.33488e-278 -6.47241e-280 7.41425e-277
0.258333 -2.96839e-275 -5.07992e-277 6.48966e-274
0.2625 -2.36172e-272 -3.4832e-274 5.07872e-271
0.266667 -1.68556e-269 -2.07419e-271 3.56618e-268
0.270833 -1.08279e-266 -1.05784e-268 2.25444e-265
0.275 -6.28108e-264 -4.46836e-266 1.28725e-262
0.279167 -3.30041e-261 -1.41706e-263 6.65929e-260
0.283333 -1.5756e-258 -1.9414e-261 3.13059e-257
0.2875 -6.85374e-256 1.50436e-258 1.34126e-254
0.291667 -2.72426e-253 1.68577e-255 5.25191e-252
0.295833 -9.92278e-251 1.09768e-252 1.88474e-249
0.3 -3.32141e-248 5.7474e-250 6.21647e-247
0.304167 -1.02473e-245 2.62829e-247 1.89003e-244
0.308333 -2.92341e-243 1.08684e-244 5.31361e-242
0.3125 -7.73969e-241 4.13525e-242 1.38622e-239
0.316667 -1.90952e-238 1.46067e-239 3.36937e-237
0.320833 -4.41208e-236 4.80998e-237 7.66695e-235
0.325 -9.60388e-234 1.47897e-234 1.64262e-232
0.329167 -1.98303e-231 4.24736e-232 3.3358e-230
0.333333 -3.91378e-229 1.13905e-229 6.46934e-228
0.3375 -7.43952e-227 2.852e-227 1.20731e-225
0.341667 -1.37077e-224 6.66725e-225 2.18252e-223
0.345833 -2.45803e-222 1.45568e-222 3.83882e-221
0.35 -4.29279e-220 2.96995e-220 6.57797e-219
0.354167 -7.28457e-218 5.66683e-218 1.09605e-216
0.358333 -1.19576e-215 1.01216e-215 1.76851e-214
0.3625 -1.88872e-213 1.69409e-213 2.74897e-212
0.366667 -2.85636e-211 2.6601e-211 4.09566e-210
0.370833 -4.11914e-209 3.92322e-209 5.82413e-208
0.375 -5.64742e-207 5.4412e-207 7.87989e-206
0.379167 -7.34673e-205 7.10516e-205 1.01222e-203
0.383333 -9.05852e-203 8.74579e-203 1.23297e-201
0.3875 -1.05812e-200 1.01597e-200 1.42334e-199
0.391667 -1.17093e-198 1.11513e-198 1.55707e-197
0.395833 -1.22794e-196 1.15776e-196 1.61461e-195
0.4 -1.22099e-194 1.13826e-194 1.58783e-193
0.404167 -1.15195e-192 1.06087e-192 1.48184e-191
0.408333 -1.03198e-190 9.3828e-191 1.31336e-189
0.4125 -8.78593e-189 7.88307e-189 1.10638e-187
0.416667 -7.11466e-187 6.29769e-187 8.86598e-186
0.420833 -5.48463e-185 4.78858e-185 6.76439e-184
0.425 -4.0285e-183 3.46879e-183 4.91792e-182
0.429167 -2.82174e-181 2.39601e-181 3.41003e-180
0.433333 -1.88642e-179 1.57952e-179 2.25696e-178
0.4375 -1.20467e-177 9.94615e-178 1.42706e-176
0.441667 -7.3546e-176 5.98748e-176 8.62707e-175
0.445833 -4.29598e-174 3.4486e-174 4.9904e-173
0.45 -2.40278e-172 1.90193e-172 2.76437e-171
0.454167 -1.28779e-170 1.00515e-170 1.46748e-169
0.458333 -6.61882e-169 5.0942e-169 7.47119e-168
0.4625 -3.2646e-167 2.47768e-167 3.65055e-166
0.466667 -1.54633e-165 1.1573e-165 1.7131e-164
0.470833 -7.0387e-164 5.19487e-164 7.72615e-163
0.475 -3.08101e-162 2.24245e-162 3.35109e-161
0.479167 -1.29774e-160 9.31483e-161 1.39874e-159
0.483333 -5.2632e-159 3.72567e-159 5.62195e-158
0.4875 -2.0566e-157 1.43575e-157 2.17724e-156
0.491667 -7.74724e-156 5.33412e-156 8.12934e-155
0.495833 -2.81513e-154 1.91165e-154 2.92812e-153
0.5 -9.87306e-153 6.61248e-153 1.01801e-151
0.504167 -3.34387e-151 2.20888e-151 3.41817e-150
0.508333 -1.09428e-149 7.12967e-150 1.10903e-148
0.5125 -3.46193e-148 2.22477e-148 3.47881e-147
0.516667 -1.05936e-146 6.71495e-147 1.05556e-145
0.520833 -3.13707e-145 1.96138e-145 3.09968e-144
0.525 -8.99443e-144 5.54699e-144 8.81348e-143
0.529167 -2.49805e-142 1.51962e-142 2.42763e-141
0.533333 -6.72372e-141 4.0346e-141 6.48071e-140
0.5375 -1.75468e-139 1.03861e-139 1.67753e-138
0.541667 -4.44182e-138 2.59346e-138 4.21226e-137
0.545833 -1.09116e-136 6.2846e-137 1.02648e-135
0.55 -2.60234e-135 1.47852e-135 2.4286e-134
0.554167 -6.02794e-134 3.37841e-134 5.58104e-133
0.558333 -1.35669e-132 7.50077e-133 1.24625e-131
0.5625 -2.96806e-131 1.61876e-131 2.70518e-130
0.566667 -6.3141e-130 3.3971e-130 5.71027e-129
0.570833 -1.30666e-128 6.93506e-129 1.17261e-127
0.575 -2.63141e-127 1.37774e-127 2.34338e-126
0.579167 -5.15876e-126 2.66452e-126 4.55917e-125
0.583333 -9.8489e-125 5.01832e-125 8.63842e-124
0.5875 -1.83175e-123 9.20734e-124 1.59456e-122
0.591667 -3.31994e-122 1.64625e-122 2.86846e-121
0.595833 -5.86571e-121 2.86936e-121 5.03043e-120
0.6 -1.0106e-119 4.87692e-120 8.603e-119
0.604167 -1.69843e-118 8.08563e-119 1.43523e-117
0.608333 -2.78522e-117 1.30805e-117 2.33643e-116
0.6125 -4.45804e-116 2.06544e-116 3.7126e-115
0.616667 -6.96682e-115 3.18422e-115 5.76003e-114
0.620833 -1.0633e-113 4.7943e-114 8.72814e-113
0.625 -1.58538e-112 7.05186e-113 1.29208e-111
0.629167 -2.30989e-111 1.01358e-111 1.8692e-110
0.633333 -3.28961e-110 1.42401e-110 2.64322e-109
0.6375 -4.58048e-109 1.95604e-109 3.65461e-108
0.641667 -6.23746e-108 2.62768e-108 4.9419e-107
0.645833 -8.30893e-107 3.45307e-107 6.53737e-106
0.65 -1.08301e-105 4.44007e-106 8.46212e-105
0.654167 -1.3816e-104 5.58769e-105 1.07208e-103
0.658333 -1.72542e-103 6.88396e-104 1.32972e-102
0.6625 -2.10998e-102 8.30448e-103 1.615e-101
0.666667 -2.52715e-101 9.81196e-102 1.92119e-100
0.670833 -2.96521e-100 1.13571e-100 2.23899e-99
0.675 -3.40916e-99 1.2881e-99 2.55693e-98
0.679167 -3.84153e-98 1.43183e-98 2.86194e-97
0.683333 -4.24347e-97 1.56024e-97 3.14034e-96
0.6875 -4.59609e-96 1.66703e-96 3.37875e-95
0.691667 -4.88202e-95 1.74677e-95 3.56526e-94
0.695833 -5.08677e-94 1.79538e-94 3.69038e-93
0.7 -5.20001e-93 1.81049e-93 3.74785e-92
0.704167 -5.2164e-92 1.7916e-92 3.73517e-91
0.708333 -5.13603e-91 1.74009e-91 3.65375e-90
0.7125 -4.96429e-90 1.6591e-90 3.50875e-89
0.716667 -4.71129e-89 1.5532e-89 3.3085e-88
0.720833 -4.39093e-88 1.42796e-88 3.06376e-87
0.725 -4.01963e-87 1.28947e-87 2.78677e-86
0.729167 -3.61496e-86 1.14393e-86 2.49028e-85
0.733333 -3.19439e-85 9.9712e-86 2.1866e-84
0.7375 -2.77403e-84 8.5415e-85 1.88687e-83
0.741667 -2.3678e-83 7.19171e-84 1.60043e-82
0.745833 -1.98685e-82 5.95269e-83 1.33452e-81
0.75 -1.63923e-81 4.84449e-82 1.09415e-80
0.754167 -1.32996e-80 3.87708e-81 8.82193e-80
0.758333 -1.06128e-79 3.05178e-80 6.99603e-79
0.7625 -8.33067e-79 2.36298e-79 5.45768e-78
0.766667 -6.43362e-78 1.80007e-78 4.18889e-77
0.770833 -4.889e-77 1.3493e-77 3.16364e-76
0.775 -3.65627e-76 9.95356e-77 2.35146e-75
0.779167 -2.69136e-75 7.22709e-76 1.72033e-74
0.783333 -1.95021e-74 5.16564e-75 1.239e-73
0.7875 -1.39133e-73 3.63514e-74 8.78571e-73
0.791667 -9.77405e-73 2.51892e-73 6.1346e-72
0.795833 -6.76198e-72 1.71894e-72 4.2185e-71
0.8 -4.60771e-71 1.15536e-71 2.85726e-70
0.804167 -3.0929e-70 7.64968e-71 1.90641e-69
0.808333 -2.04536e-69 4.9899e-70 1.25319e-68
0.8125 -1.33276e-68 3.20713e-69 8.11708e-68
0.816667 -8.55786e-68 2.0313e-68 5.1811e-67
0.820833 -5.41581e-67 1.26798e-67 3.25938e-66
0.825 -3.37829e-66 7.8017e-67 2.02112e-65
0.829167 -2.07739e-65 4.73206e-66 1.23549e-64
0.833333 -1.25944e-64 2.82975e-65 7.44617e-64
0.8375 -7.5287e-64 1.66852e-64 4.42504e-63
0.841667 -4.43811e-63 9.70167e-64 2.59324e-62
0.845833 -2.58023e-62 5.56344e-63 1.49884e-61
0.85 -1.47961e-61 3.14679e-62 8.54476e-61
0.854167 -8.36968e-61 1.75576e-61 4.80536e-60
0.858333 -4.67079e-60 9.66457e-61 2.6661e-59
0.8625 -2.57179e-59 5.24882e-60 1.45947e-58
0.866667 -1.3973e-58 2.81286e-59 7.88363e-58
0.870833 -7.49188e-58 1.48759e-58 4.20254e-57
0.875 -3.96448e-57 7.76442e-58 2.21103e-56
0.879167 -2.07068e-56 4.00007e-57 1.1482e-55
0.883333 -1.06762e-55 2.03423e-56 5.88594e-55
0.8875 -5.43416e-55 1.02128e-55 2.97875e-54
0.891667 -2.73088e-54 5.06222e-55 1.48836e-53
0.895833 -1.35508e-53 2.47759e-54 7.34311e-53
0.9 -6.63981e-53 1.19742e-53 3.57754e-52
0.904167 -3.21302e-52 5.71515e-53 1.72131e-51
0.908333 -1.53559e-51 2.69409e-52 8.17981e-51
0.9125 -7.249e-51 1.2544e-51 3.83945e-50
0.916667 -3.3803e-50 5.76941e-51 1.78022e-49
0.920833 -1.55719e-49 2.62142e-50 8.15435e-49
0.925 -7.08714e-49 1.17674e-49 3.69022e-48
0.929167 -3.18697e-48 5.2192e-49 1.65004e-47
0.933333 -1.41611e-47 2.28735e-48 7.2904e-47
0.9375 -6.21806e-47 9.90611e-48 3.18311e-46
0.941667 -2.69829e-46 4.2398e-47 1.3735e-45
0.945833 -1.15725e-45 1.79345e-46 5.85751e-45
0.95 -4.9057e-45 7.49837e-46 2.46908e-44
0.954167 -2.05561e-44 3.0989e-45 1.02878e-43
0.958333 -8.5148e-44 1.26602e-44 4.2375e-43
0.9625 -3.48684e-43 5.1132e-44 1.72553e-42
0.966667 -1.4117e-42 2.04171e-43 6.94682e-42
0.970833 -5.65109e-42 8.06071e-43 2.76523e-41
0.975 -2.23681e-41 3.1467e-42 1.08839e-40
0.979167 -8.75506e-41 1.21469e-41 4.23618e-40
0.983333 -3.38883e-40 4.63697e-41 1.63051e-39
0.9875 -1.29725e-39 1.75058e-40 6.20667e-39
0.991667 -4.91146e-39 6.53639e-40 2.33671e-38
0.995833 -1.83921e-38 2.41392e-39 8.70134e-38
1 -6.81257e-38 8.81785e-39 3.20499e-37
1.00417 -2.49616e-37 3.18625e-38 1.16775e-36
1.00833 -9.04777e-37 1.13893e-37 4.20901e-36
1.0125 -3.24443e-36 4.02751e-37 1.50085e-35
1.01667 -1.15102e-35 1.40903e-36 5.29475e-35
1.02083 -4.0402e-35 4.87721e-36 1.84809e-34
1.025 -1.40319e-34 1.67035e-35 6.38257e-34
1.02917 -4.82215e-34 5.66044e-35 2.18112e-33
1.03333 -1.63983e-33 1.8981e-34 7.37558e-33
1.0375 -5.51839e-33 6.29847e-34 2.46811e-32
1.04167 -1.83779e-32 2.06831e-33 8.17344e-32
1.04583 -6.05722e-32 6.72168e-33 2.67877e-31
1.05 -1.97587e-31 2.16193e-32 8.68905e-31
1.05417 -6.37928e-31 6.88212e-32 2.78956e-30
1.05833 -2.03859e-30 2.1684e-31 8.86421e-30
1.0625 -6.44834e-30 6.76248e-31 2.78807e-29
1.06667 -2.01904e-29 2.08757e-30 8.68048e-29
1.07083 -6.25797e-29 6.37906e-30 2.67531e-28
1.075 -1.92014e-28 1.92962e-29 8.16225e-28
1.07917 -5.83249e-28 5.77825e-29 2.46528e-27
1.08333 -1.75394e-27 1.71296e-28 7.37154e-27
1.0875 -5.22188e-27 5.02734e-28 2.18222e-26
1.09167 -1.53923e-26 1.46077e-27 6.39589e-26
1.09583 -4.49223e-26 4.2023e-27 1.856e-25
1.1 -1.2981e-25 1.19693e-26 5.33265e-25
1.10417 -3.71416e-25 3.37552e-26 1.51707e-24
1.10833 -1.05227e-24 9.42564e-26 4.27347e-24
1.1125 -2.95202e-24 2.60609e-25 1.192e-23
1.11667 -8.20067e-24 7.13489e-25 3.29233e-23
1.12083 -2.25593e-23 1.93425e-24 9.00475e-23
1.125 -6.14551e-23 5.19251e-24 2.43889e-22
1.12917 -1.65789e-22 1.38034e-23 6.54142e-22
1.13333 -4.42924e-22 3.6337e-23 1.73748e-21
1.1375 -1.17189e-21 9.47269e-23 4.5703e-21
1.14167 -3.07066e-21 2.44549e-22 1.19057e-20
1.14583 -7.96847e-21 6.25217e-22 3.07152e-20
1.15 -2.04797e-20 1.58298e-21 7.84783e-20
1.15417 -5.21292e-20 3.96922e-21 1.98586e-19
1.15833 -1.31418e-19 9.85653e-21 4.97688e-19
1.1625 -3.28133e-19 2.42402e-20 1.23531e-18
1.16667 -8.11466e-19 5.90398e-20 3.03679e-18
1.17083 -1.98756e-18 1.42414e-19 7.39391e-18
1.175 -4.82174e-18 3.40221e-19 1.78302e-17
1.17917 -1.15857e-17 8.04958e-19 4.25859e-17
1.18333 -2.75727e-17 1.8862e-18 1.0074e-16
1.1875 -6.49943e-17 4.37732e-18 2.36031e-16
1.19167 -1.51744e-16 1.00608e-17 5.4773e-16
1.19583 -3.50906e-16 2.2901e-17 1.25891e-15
1.2 -8.0373e-16 5.16274e-17 2.86583e-15
1.20417 -1.82335e-15 1.15266e-16 6.46154e-15
1.20833 -4.09702e-15 2.54871e-16 1.44294e-14
1.2125 -9.11805e-15 5.58119e-16 3.19141e-14
1.21667 -2.00988e-14 1.21037e-15 6.99099e-14
1.22083 -4.38801e-14 2.5995e-15 1.51674e-13
1.225 -9.48836e-14 5.52884e-15 3.25907e-13
1.22917 -2.03205e-13 1.16451e-14 6.93557e-13
1.23333 -4.31016e-13 2.42889e-14 1.46174e-12
1.2375 -9.05439e-13 5.01673e-14 3.05106e-12
1.24167 -1.88376e-12 1.02605e-13 6.30687e-12
1.24583 -3.88136e-12 2.07799e-13 1.29108e-11
1.25 -7.91999e-12 4.16708e-13 2.61731e-11
1.25417 -1.60043e-11 8.27405e-13 5.25427e-11
1.25833 -3.20267e-11 1.62663e-12 1.04451e-10
1.2625 -6.34651e-11 3.16612e-12 2.05607e-10
1.26667 -1.24536e-10 6.10121e-12 4.00756e-10
1.27083 -2.41977e-10 1.16396e-11 7.73431e-10
1.275 -4.65542e-10 2.19821e-11 1.4779e-09
1.27917 -8.86816e-10 4.10953e-11 2.796e-09
1.28333 -1.67255e-09 7.60469e-11 5.23689e-09
1.2875 -3.12304e-09 1.39287e-10 9.71037e-09
1.29167 -5.77306e-09 2.52498e-10 1.78239e-08
1.29583 -1.05644e-08 4.5299e-10 3.23856e-08
1.3 -1.91367e-08 8.04219e-10 5.82448e-08
1.30417 -3.43125e-08 1.41281e-09 1.03679e-07
1.30833 -6.08934e-08 2.45571e-09 1.82654e-07
1.3125 -1.06953e-07 4.22299e-09 3.18447e-07
1.31667 -1.85905e-07 7.18409e-09 5.49396e-07
1.32083 -3.19764e-07 1.20889e-08 9.37861e-07
1.325 -5.44222e-07 2.01197e-08 1.58402e-06
1.32917 -9.16417e-07 3.31148e-08 2.64674e-06
1.33333 -1.52665e-06 5.38937e-08 4.37472e-06
1.3375 -2.5158e-06 8.6718e-08 7.15211e-06
1.34167 -4.10069e-06 1.37935e-07 1.15642e-05
1.34583 -6.61048e-06 2.16852e-07 1.84902e-05
1.35 -1.05379e-05 3.36905e-07 2.9232e-05
1.35417 -1.66098e-05 5.17161e-07 4.56891e-05
1.35833 -2.58827e-05 7.8421e-07 7.05892e-05
1.3625 -3.98678e-05 1.17445e-06 0.000107788
1.36667 -6.06928e-05 1.73672e-06 0.000162645
1.37083 -9.13026e-05 2.53518e-06 0.000242475
1.375 -0.000135701 3.65212e-06 0.000357086
1.37917 -0.000199229 5.19048e-06 0.000519359
1.38333 -0.00028887 7.27519e-06 0.000745856
1.3875 -0.000413557 1.00528e-05 0.00105738
1.39167 -0.000584449 1.36884e-05 0.0014794
1.39583 -0.000815122 1.8358e-05 0.00204219
1.4 -0.0011216 2.42362e-05 0.00278052
1.40417 -0.00152215 3.14772e-05 0.00373276
1.40833 -0.00203673 4.01883e-05 0.00493911
1.4125 -0.00268596 5.03961e-05 0.00643877
1.41667 -0.00348959 6.20073e-05 0.00826599
1.42083 -0.00446437 7.47645e-05 0.0104449
1.425 -0.0056212 8.8204e-05 0.0129833
1.42917 -0.00696191 0.00010162 0.0158655
1.43333 -0.00847563 0.000114047 0.0190456
1.4375 -0.0101352 0.00012426 0.0224408
1.44167 -0.0118941 0.000130821 0.0259272
1.44583 -0.0136844 0.000132155 0.0293386
1.45 -0.0154168 0.000126684 0.0324704
1.45417 -0.0169828 0.000112992 0.0350877
1.45833 -0.0182598 9.00341e-05 0.0369417
1.4625 -0.0191198 5.73505e-05 0.0377901
1.46667 -0.0194407 1.52631e-05 0.0374237
1.47083 -0.0191198 -3.49824e-05 0.0356938
1.475 -0.0180882 -9.11711e-05 0.0325395
1.47917 -0.016324 -0.000150204 0.0280075
1.48333 -0.0138619 -0.000208337 0.0222622
1.4875 -0.0107967 -0.000261574 0.0155801
1.49167 -0.00727912 -0.000306179 0.00832713
1.49583 -0.00350218 -0.00033926 0.000918153
1.5 0.000320755 -0.000359321 -0.0062378
1.50417 0.00398496 -0.000366675 -0.0127996
1.50833 0.0073262 -0.000363625 -0.0185535
1.5125 0.0102503 -0.000354298 -0.023459
1.51667 0.0127541 -0.000344129 -0.0276692
1.52083 0.0149333 -0.000338982 -0.0315165
1.525 0.0169715 -0.00034405 -0.0354621
1.52917 0.0191109 -0.00036268 -0.0400105
1.53333 0.0216058 -0.000395348 -0.0456012
1.5375 0.0246666 -0.000439023 -0.0524953
1.54167 0.0284021 -0.000487084 -0.0606769
1.54583 0.0327723 -0.000529899 -0.0697925
1.55 0.0375616 -0.000556026 -0.0791426
1.55417 0.0423805 -0.000553886 -0.0877341
1.55833 0.0466973 -0.000513622 -0.0943898
1.5625 0.0498991 -0.000428832 -0.0978987
1.56667 0.0513712 -0.000297843 -0.0971848
1.57083 0.0505834 -0.0001243 -0.0914663
1.575 0.0471691 8.30185e-05 -0.0803797
1.57917 0.0409846 0.000311112 -0.0640524
1.58333 0.0321411 0.000544184 -0.0431156
1.5875 0.0210063 0.00076532 -0.018663
1.59167 0.00817796 0.000958152 0.00783465
1.59583 -0.00556228 0.00110831 0.0346427
1.6 -0.0193094 0.00120459 0.0598927
1.60417 -0.0321029 0.00123982 0.0817207
1.60833 -0.0429979 0.00121156 0.0984122
1.6125 -0.0511404 0.00112251 0.108551
1.61667 -0.0558432 0.000980761 0.111167
1.62083 -0.0566601 0.00079955 0.10587
1.625 -0.0534503 0.000596362 0.0929397
1.62917 -0.0464187 0.000391254 0.0733466
1.63333 -0.0361197 0.000204396 0.0486841
1.6375 -0.0234106 5.31585e-05 0.0209939
1.64167 -0.00935608 -5.06624e-05 -0.00748923
1.64583 0.00490747 -0.000102785 -0.0346319
1.65 0.0183215 -0.000106899 -0.0586718
1.65417 0.0300367 -7.33577e-05 -0.0784003
1.65833 0.0394946 -1.6311e-05 -0.093212
1.6625 0.0464403 4.9965e-05 -0.103017
1.66667 0.0508676 0.000114473 -0.108054
1.67083 0.0529173 0.000171545 -0.108669
1.675 0.0527675 0.000220869 -0.105148
1.67917 0.0505553 0.00026548 -0.0976537
1.68333 0.0463566 0.000308473 -0.0862922
1.6875 0.0402285 0.000349702 -0.0712645
1.69167 0.0322904 0.000383783 -0.0530287
1.69583 0.0228042 0.00040029 -0.032388
1.7 0.0122086 0.000386197 -0.0104416
1.70417 0.00108237 0.000329744 0.0116039
1.70833 -0.00996049 0.000224313 0.0327052
1.7125 -0.0204108 7.08462e-05 0.0522351
1.71667 -0.0299856 -0.000122102 0.0701111
1.72083 -0.038681 -0.000340646 0.0867372
1.725 -0.0467262 -0.000569244 0.102759
1.72917 -0.0544489 -0.000794245 0.118712
1.73333 -0.0620939 -0.00100592 0.134676
1.7375 -0.0696564 -0.00119823 0.150061
1.74167 -0.0767901 -0.00136669 0.163599
1.74583 -0.0828196 -0.00150536 0.173535
1.75 -0.0868532 -0.00160466 0.177962
1.75417 -0.0879587 -0.00165109 0.175186
1.75833 -0.0853466 -0.00162934 0.164037
1.7625 -0.0785138 -0.00152616 0.144047
1.76667 -0.0673226 -0.0013347 0.115511
1.77083 -0.0520154 -0.00105772 0.0794452
1.775 -0.0331863 -0.000708767 0.0375117
1.77917 -0.011736 -0.000310784 -0.00807264
1.78333 0.0111757 0.000107147 -0.0546313
1.7875 0.0341811 0.000514008 -0.0991545
1.79167 0.05577 0.000880845 -0.138486
1.79583 0.0743872 0.00118375 -0.169582
1.8 0.0885672 0.00140553 -0.189838
1.80417 0.0970948 0.0015361 -0.197419
1.80833 0.0991712 0.00157206 -0.191561
1.8125 0.0945525 0.00151585 -0.172761
1.81667 0.0836322 0.00137492 -0.142817
1.82083 0.0674453 0.00116113 -0.104698
1.825 0.0475827 0.000890439 -0.0622258
1.82917 0.0260185 0.000582766 -0.0196127
1.83333 0.00486609 0.000261564 0.0190913
1.8375 -0.0139014 -4.73659e-05 0.0505499
1.84167 -0.0287189 -0.000318176 0.0725765
1.84583 -0.0386309 -0.000528309 0.0843616
1.85 -0.0433814 -0.00066224 0.0864401
1.85417 -0.0433724 -0.000714484 0.0804211
1.85833 -0.039509 -0.000690694 0.0685662
1.8625 -0.0329785 -0.000606214 0.0533388
1.86667 -0.025025 -0.000482343 0.0370326
1.87083 -0.0167728 -0.000341527 0.021532
1.875 -0.00911757 -0.000203094 0.00819595
1.87917 -0.00267982 -8.08141e-05 -0.00218223
1.88333 0.00220735 1.7387e-05 -0.00937749
1.8875 0.00549258 8.82715e-05 -0.0136974
1.89167 0.00738088 0.000131905 -0.0158724
1.89583 0.00827 0.000150954 -0.0168392
1.9 0.00863457 0.00015069 -0.0174379
1.90417 0.00887291 0.000138842 -0.0181135
1.90833 0.00916593 0.000124316 -0.0187549
1.9125 0.00941385 0.000114508 -0.0187704
1.91667 0.00929404 0.000112175 -0.0173954
1.92083 0.00842902 0.000113664 -0.0141054
1.925 0.00659313 0.000110034 -0.00893717
1.92917 0.00385818 9.1223e-05 -0.00255441
1.93333 0.000603186 5.15488e-05 0.0039756
1.9375 -0.00261707 -6.24213e-06 0.00957342
1.94167 -0.00527459 -7.0757e-05 0.0134987
1.94583 -0.00703483 -0.000126021 0.0154861
1.95 -0.00780654 -0.000157937 0.0156304
1.95417 -0.00766747 -0.000159865 0.014137
1.95833 -0.00673469 -0.000134528 0.0111344
1.9625 -0.00507763 -9.15369e-05 0.00668466
1.96667 -0.002736 -4.23212e-05 0.000981345
1.97083 0.000173483 4.45471e-06 -0.00541953
1.975 0.00334577 4.45188e-05 -0.0115293
1.97917 0.0062671 7.63221e-05 -0.0161183
1.98333 0.00832702 9.79129e-05 -0.0181042
1.9875 0.00901949 0.000104995 -0.0169432
1.99167 0.00813133 9.17489e-05 -0.012826
1.99583 0.00582194 5.38473e-05 -0.0065971
2 0.00256359 -8.56206e-06 0.000524528
2.00417 -0.00100982 -9.01898e-05 0.00725723
2.00833 -0.00425936 -0.00018291 0.0124676
2.0125 -0.00664065 -0.000279634 0.0152679
2.01667 -0.00774693 -0.0003773 0.0150895
2.02083 -0.00734368 -0.000477281 0.0118209
2.025 -0.00543623 -0.000583407 0.00599246
2.02917 -0.00235435 -0.000699406 -0.00113698
2.03333 0.00122177 -0.000827663 -0.00776333
2.0375 0.00437544 -0.000969641 -0.0120397
2.04167 0.00622005 -0.00112645 -0.0127402
2.04583 0.00622717 -0.00129742 -0.00977355
2.05 0.00445669 -0.00147597 -0.00425768
2.05417 0.00155484 -0.00164446 0.00192118
2.05833 -0.00149996 -0.00177169 0.00686444
2.0625 -0.00378619 -0.00181625 0.00936138
2.06667 -0.00477291 -0.00173597 0.00920909
2.07083 -0.00444541 -0.00150045 0.00705866
2.075 -0.00319479 -0.0011015 0.00395634
2.07917 -0.00157103 -0.0005575 0.000875519
2.08333 -5.20537e-05 8.94986e-05 -0.00153666
2.0875 0.00106743 0.000781266 -0.00296927
2.09167 0.00166505 0.00145194 -0.00334847
2.09583 0.00173321 0.00203504 -0.00278247
2.1 0.00135054 0.00246915 -0.00158705
2.10417 0.000694165 0.00270416 -0.000294163
2.10833 3.92954e-05 0.00270941 0.000479124
2.1125 -0.000313306 0.00248272 0.0003113
2.11667 -0.000179436 0.00205637 -0.000743164
2.12083 0.000377817 0.00149619 -0.00208867
2.125 0.00103433 0.000891704 -0.00284995
2.12917 0.00135343 0.000339521 -0.0023567
2.13333 0.00103255 -7.52062e-05 -0.000575095
2.1375 0.000104474 -0.00029351 0.00178871
2.14167 -0.00103773 -0.000289937 0.00360062
2.14583 -0.00182085 -7.1905e-05 0.00386284
2.15 -0.00178102 0.000326999 0.00221981
2.15417 -0.000802811 0.0008569 -0.000858067
2.15833 0.000816382 0.001462 -0.00428045
2.1625 0.00249609 0.00208927 -0.00679332
2.16667 0.00361454 0.00269355 -0.00745296
2.17083 0.00374201 0.00323808 -0.00593428
2.175 0.00277846 0.00369037 -0.00260882
2.17917 0.000971063 0.00401612 0.00157852
2.18333 -0.0011663 0.00417513 0.00537771
2.1875 -0.00299948 0.00412341 0.00759609
2.19167 -0.00395853 0.0038226 0.00748678
2.19583 -0.00372491 0.00325387 0.00504626
2.2 -0.00236304 0.00242943 0.00107716
2.20417 -0.000328446 0.00139526 -0.00306735
2.20833 0.0016811 0.000221825 -0.00599283
2.2125 0.00298952 -0.0010141 -0.0068096
2.21667 0.00320754 -0.00224829 -0.00545478
2.22083 0.00237176 -0.00343944 -0.00264365
2.225 0.000894718 -0.0045654 0.00049126
2.22917 -0.000633083 -0.00560646 0.00285653
2.23333 -0.00167457 -0.00652404 0.00372457
2.2375 -0.00190075 -0.0072463 0.00283804
2.24167 -0.0012298 -0.00767022 0.000355872
2.24583 0.000210897 -0.007683 -0.00323485
2.25 0.00213627 -0.0071965 -0.00718311
2.25417 0.0041424 -0.00618197 -0.0105644
2.25833 0.00575965 -0.00469068 -0.0124809
2.2625 0.00655894 -0.00285191 -0.0123687
2.26667 0.00630394 -0.000848997 -0.0102771
2.27083 0.00507741 0.00111628 -0.00693168
2.275 0.00329087 0.00285726 -0.0034862
2.27917 0.00154062 0.00422417 -0.00105813
2.28333 0.000368336 0.00511279 -0.000283597
2.2875 4.86396e-05 0.0054668 -0.00111769
2.29167 0.000510817 0.00528138 -0.00294979
2.29583 0.00141743 0.00460998 -0.00492076
2.3 0.00233297 0.00356712 -0.0062472
2.30417 0.00288275 0.00231736 -0.00641504
2.30833 0.00283848 0.00104561 -0.00522943
2.3125 0.00213219 -8.32159e-05 -0.00279017
2.31667 0.000837621 -0.000957892 0.000548841
2.32083 -0.000852407 -0.0015318 0.00424028
2.325 -0.00265828 -0.00180799 0.00766275
2.32917 -0.00427622 -0.00181227 0.0103019
2.33333 -0.00547063 -0.00157542 0.011929
2.3375 -0.00615994 -0.00113717 0.0126843
2.34167 -0.00644789 -0.000564345 0.0130148
2.34583 -0.00657877 3.93482e-05 0.0134994
2.35 -0.00683902 0.000551957 0.0146427
2.35417 -0.00745268 0.000878334 0.0167104
2.35833 -0.00850819 0.000994173 0.0196357
2.3625 -0.00992721 0.000954223 0.0230019
2.36667 -0.0114708 0.000850792 0.0261178
2.37083 -0.0127841 0.000746063 0.0282045
2.375 -0.0134873 0.000627315 0.028669
2.37917 -0.0133013 0.000424152 0.027357
2.38333 -0.0121628 8.26077e-05 0.0246343
2.3875 -0.0102579 -0.000356968 0.0212197
2.39167 -0.00793789 -0.000744183 0.0178424
2.39583 -0.00555289 -0.000891955 0.0149325
2.4 -0.00329949 -0.000698445 0.0125317
2.40417 -0.0011748 -0.00023165 0.0104488
2.40833 0.000950104 0.000292719 0.0084961
2.4125 0.00321176 0.000636045 0.0065992
2.41667 0.00568924 0.000682116 0.00471341
2.42083 0.00842752 0.000499809 0.00268223
2.425 0.0114919 0.000277922 0.000243159
2.42917 0.0149622 0.000182922 -0.00275288
2.43333 0.0188378 0.000249253 -0.00607548
2.4375 0.0229267 0.000383829 -0.00907274
2.44167 0.0268376 0.000471523 -0.0109762
2.44583 0.0301255 0.000484339 -0.0113805
2.45 0.0325101 0.000496038 -0.0105377
2.45417 0.0340021 0.000589965 -0.00921378
2.45833 0.0348296 0.00074758 -0.00818734
2.4625 0.035206 0.000829189 -0.0077598
2.46667 0.0351124 0.000679565 -0.00764256
2.47083 0.0342588 0.00027488 -0.0072803
2.475 0.0322501 -0.000221943 -0.00632262
2.47917 0.0288215 -0.000561313 -0.00485839
2.48333 0.0239654 -0.000592688 -0.00325736
2.4875 0.0178749 -0.000384203 -0.00181148
2.49167 0.010788 -0.000171998 -0.000526335
2.49583 0.00288836 -0.000176486 0.000750049
2.5 -0.0056499 -0.000436378 0.00200128
2.50417 -0.0145348 -0.00079578 0.00284769
2.50833 -0.0232899 -0.00104732 0.00268942
2.5125 -0.0313416 -0.00110243 0.00107812
2.51667 -0.0382108 -0.00104508 -0.00201095
2.52083 -0.0436607 -0.00103618 -0.00625263
2.525 -0.047685 -0.00116775 -0.0113258
2.52917 -0.050361 -0.00139857 -0.0172238
2.53333 -0.0517125 -0.00161425 -0.0242288
2.5375 -0.0517137 -0.00173736 -0.0325575
2.54167 -0.0504307 -0.00177858 -0.0419861
2.54583 -0.0481575 -0.00179266 -0.0517946
2.55 -0.0453881 -0.00179995 -0.061095
2.55417 -0.042602 -0.00175779 -0.0692679
2.55833 -0.0400075 -0.00160138 -0.0761232
2.5625 -0.037441 -0.00129947 -0.0816327
2.56667 -0.0345049 -0.000866618 -0.0854571
2.57083 -0.0308316 -0.000334565 -0.0866871
2.575 -0.0262596 0.000267092 -0.0840561
2.57917 -0.0207916 0.000894099 -0.0764968
2.58333 -0.0144055 0.00146881 -0.063632
2.5875 -0.00692706 0.00190872 -0.0458601
2.59167 0.00188063 0.0021917 -0.0240489
2.59583 0.0120571 0.00238243 0.000819787
2.6 0.0232285 0.00256546 0.0277113
2.60417 0.0346261 0.00273401 0.0552811
2.60833 0.0453282 0.0027562 0.0816267
2.6125 0.0545226 0.00248226 0.104415
2.61667 0.0615829 0.00190664 0.121435
2.62083 0.0659479 0.00121741 0.131227
2.625 0.0669953 0.000659548 0.133352
2.62917 0.0641148 0.000329702 0.128133
2.63333 0.056993 0.000106561 0.116161
2.6375 0.0459045 -0.000205556 0.0979982
2.64167 0.0317689 -0.000661703 0.074312
2.64583 0.0159182 -0.00111092 0.0462257
2.65 -0.000258489 -0.00134685 0.015518
2.65417 -0.0155673 -0.00131278 -0.0155601
2.65833 -0.0290673 -0.00114618 -0.0447194
2.6625 -0.0400233 -0.00102708 -0.0700113
2.66667 -0.0478922 -0.00100649 -0.0899658
2.67083 -0.0523806 -0.000997803 -0.10356
2.675 -0.0534984 -0.000916209 -0.110204
2.67917 -0.051529 -0.000783959 -0.109835
2.68333 -0.0469243 -0.000679048 -0.102998
2.6875 -0.0402029 -0.000610584 -0.0908023
2.69167 -0.031905 -0.000497552 -0.0747004
2.69583 -0.0225838 -0.000288334 -0.056209
2.7 -0.0127947 -6.19211e-05 -0.0366833
2.70417 -0.00307081 4.25997e-05 -0.0171972
2.70833 0.00609863 2.48052e-06 0.00147438
2.7125 0.0142949 -3.25075e-05 0.0187816
2.71667 0.0212358 9.30658e-05 0.034271
2.72083 0.0268695 0.000330185 0.0475025
2.725 0.0314017 0.000441764 0.0581198
2.72917 0.0351662 0.000266254 0.0660493
2.73333 0.038381 -6.36418e-05 0.0716262
2.7375 0.0409804 -0.000224169 0.0754488
2.74167 0.0426803 -3.92516e-05 0.0780128
2.74583 0.0432221 0.00032608 0.0794406
2.75 0.0425532 0.000552607 0.0795749
2.75417 0.0407734 0.000528108 0.0783351
2.75833 0.0379434 0.000461729 0.0759287
2.7625 0.0340136 0.000616039 0.0726423
2.76667 0.0289876 0.000978983 0.0684166
2.77083 0.0231261 0.00127279 0.0626998
2.775 0.0169022 0.0012877 0.0548057
2.77917 0.0106714 0.00113082 0.0444378
2.78333 0.00436412 0.00108677 0.0318268
2.7875 -0.00246486 0.00126823 0.0173398
2.79167 -0.0102376 0.00149123 0.00102724
2.79583 -0.0189526 0.00151991 -0.0173276
2.8 -0.0281041 0.00135784 -0.0376275
2.80417 -0.0368966 0.00121536 -0.0588975
2.80833 -0.0444757 0.00121215 -0.0792665
2.8125 -0.0499975 0.00122008 -0.0964675
2.81667 -0.052643 0.00105888 -0.108389
2.82083 -0.0517635 0.000777415 -0.113355
2.825 -0.0471437 0.000627842 -0.110256
2.82917 -0.0391539 0.000746176 -0.0988167
2.83333 -0.0286354 0.000958228 -0.0799397
2.8375 -0.0166244 0.00098217 -0.0557634
2.84167 -0.00414774 0.000775679 -0.0291854
2.84583 0.00782235 0.000571607 -0.00307957
2.85 0.018371 0.000550253 0.0203092
2.85417 0.0267148 0.000583046 0.0395346
2.85833 0.0323019 0.000395319 0.0538081
2.8625 0.0348322 -6.39861e-05 0.0627929
2.86667 0.0342169 -0.000543089 0.0664234
2.87083 0.0306024 -0.000812286 0.0647492
2.875 0.0244734 -0.000961744 0.0579042
2.87917 0.0166786 -0.00127403 0.0463237
2.88333 0.00824808 -0.00184614 0.0310942
2.8875 0.000124665 -0.00246949 0.0140696
2.89167 -0.00694786 -0.00291276 -0.00247608
2.89583 -0.0123375 -0.00319764 -0.0164387
2.9 -0.0154814 -0.00348503 -0.0262826
2.90417 -0.0160835 -0.00375903 -0.0311222
2.90833 -0.0143911 -0.00379052 -0.0307678
2.9125 -0.0111897 -0.0034487 -0.0259373
2.91667 -0.00743454 -0.00289895 -0.0183512
2.92083 -0.00386146 -0.00237001 -0.0102776
2.925 -0.000922339 -0.00181905 -0.00361724
2.92917 0.00104721 -0.00101992 0.000778184
2.93333 0.00180858 4.21695e-06 0.00302525
2.9375 0.00145465 0.000847802 0.00363874
2.94167 0.000539362 0.00117543 0.00318878
2.94583 -0.00022171 0.00117937 0.00240305
2.95 -0.000451984 0.00134137 0.00219283
2.95417 -0.000259906 0.00172891 0.00316737
2.95833 0.000119277 0.00179801 0.0050443
2.9625 0.000689054 0.00108442 0.00676535
2.96667 0.00156552 -8.2718e-05 0.00738944
2.97083 0.0025538 -0.000875241 0.00683817
2.975 0.003079 -0.000990088 0.00567309
2.97917 0.0026785 -0.00104593 0.00425668
2.98333 0.0014779 -0.00172683 0.00238761
2.9875 3.56996e-05 -0.00275089 -0.000182352
2.99167 -0.00124467 -0.00309867 -0.0031386
2.99583 -0.00236253 -0.00230685 -0.00577744
