0 0 0 0
0.00416667 0 0 0
0.00833333 0 0 0
0.0125 0 0 0
0.0166667 0 0 0
0.0208333 0 0 0
0.025 0 0 0
0.0291667 0 0 0
0.0333333 0 0 0
0.0375 0 0 0
0.0416667 0 0 0
0.0458333 0 0 0
0.05 0 0 0
0.0541667 0 0 0
0.0583333 0 0 0
0.0625 0 0 0
0.0666667 0 0 0
0.0708333 0 0 0
0.075 0 0 0
0.0791667 0 0 0
0.0833333 0 0 0
0.0875 0 0 0
0.0916667 0 0 0
0.0958333 0 0 0
0.1 0 0 0
0.104167 0 0 0
0.108333 0 0 0
0.1125 0 0 0
0.116667 0 0 0
0.120833 0 0 0
0.125 0 0 0
0.129167 0 0 0
0.133333 0 0 0
0.1375 0 0 0
0.141667 0 0 0
0.145833 0 0 0
0.15 0 0 0
0.154167 0 0 0
0.158333 0 0 0
0.1625 0 0 0
0.166667 0 0 0
0.170833 0 0 0
0.175 0 0 0
0.179167 0 0 0
0.183333 0 0 0
0.1875 -7.63331e-321 1.12647e-321 2.35615e-319
0.191667 -8.87851e-317 1.43656e-317 2.62282e-315
0.195833 -8.22155e-313 1.32759e-313 2.37539e-311
0.2 -6.25061e-309 1.00589e-309 1.76711e-307
0.204167 -3.93319e-305 6.29984e-306 1.08854e-303
0.208333 -2.06398e-301 3.28642e-302 5.59431e-300
0.2125 -9.09685e-298 1.43832e-298 2.41577e-296
0.216667 -3.39008e-294 5.31703e-295 8.8241e-293
0.220833 -1.07498e-290 1.67084e-291 2.74362e-289
0.225 -2.91777e-287 4.49024e-288 7.30462e-286
0.229167 -6.81719e-284 1.03787e-284 1.67467e-282
0.233333 -1.3784e-280 2.07437e-281 3.32371e-279
0.2375 -2.4241e-277 3.60344e-278 5.7394e-276
0.241667 -3.72569e-274 5.46676e-275 8.66417e-273
0.245833 -5.02702e-271 7.27632e-272 1.1486e-269
0.25 -5.98046e-268 8.53395e-269 1.34295e-266
0.254167 -6.29876e-265 8.85603e-266 1.3905e-263
0.258333 -5.89608e-262 8.16365e-263 1.27995e-260
0.2625 -4.92345e-259 6.70981e-260 1.05129e-257
0.266667 -3.68051e-256 4.93473e-257 7.73218e-255
0.270833 -2.4714e-253 3.25851e-254 5.10957e-252
0.275 -1.49544e-250 1.93814e-251 3.04343e-249
0.279167 -8.17941e-248 1.04161e-248 1.63897e-246
0.283333 -4.05579e-245 5.07294e-246 8.00347e-244
0.2875 -1.82831e-242 2.24533e-243 3.55387e-241
0.291667 -7.51295e-240 9.05609e-241 1.43881e-238
0.295833 -2.82147e-237 3.33707e-238 5.32479e-236
0.3 -9.70771e-235 1.12624e-235 1.80578e-233
0.304167 -3.06732e-232 3.48955e-233 5.62485e-231
0.308333 -8.92048e-230 9.94886e-231 1.61298e-228
0.3125 -2.39304e-227 2.61572e-228 4.26734e-226
0.316667 -5.93404e-225 6.35535e-226 1.04377e-223
0.320833 -1.3629e-222 1.42985e-223 2.36505e-221
0.325 -2.90489e-220 2.98465e-221 4.97395e-219
0.329167 -5.75642e-218 5.79101e-219 9.72731e-217
0.333333 -1.06245e-215 1.0463e-216 1.7721e-214
0.3375 -1.82958e-213 1.7634e-214 3.01256e-212
0.341667 -2.94438e-211 2.77691e-212 4.78687e-210
0.345833 -4.43541e-209 4.09248e-210 7.12081e-208
0.35 -6.26384e-207 5.65325e-208 9.93199e-206
0.354167 -8.30537e-205 7.33072e-206 1.30082e-203
0.358333 -1.03541e-202 8.9363e-204 1.60211e-201
0.3625 -1.21536e-200 1.0255e-201 1.85807e-199
0.366667 -1.34496e-198 1.10935e-199 2.03193e-197
0.370833 -1.40507e-196 1.1327e-197 2.09791e-195
0.375 -1.38741e-194 1.093e-195 2.04759e-193
0.379167 -1.29646e-192 9.97973e-194 1.89146e-191
0.383333 -1.1478e-190 8.63209e-192 1.6556e-189
0.3875 -9.63867e-189 7.0812e-190 1.3747e-187
0.391667 -7.68578e-187 5.5153e-188 1.084e-185
0.395833 -5.82556e-185 4.08287e-186 8.12608e-184
0.4 -4.20158e-183 2.87571e-184 5.797e-182
0.404167 -2.88632e-181 1.92904e-182 3.93939e-180
0.408333 -1.8904e-179 1.23361e-180 2.55255e-178
0.4125 -1.18152e-177 7.52764e-179 1.5785e-176
0.416667 -7.05351e-176 4.38716e-177 9.32469e-175
0.420833 -4.02555e-174 2.44419e-175 5.2665e-173
0.425 -2.19822e-172 1.30282e-173 2.84628e-171
0.429167 -1.14949e-170 6.64962e-172 1.47319e-169
0.433333 -5.76067e-169 3.25253e-170 7.30829e-168
0.4375 -2.76896e-167 1.5258e-168 3.47765e-166
0.441667 -1.2775e-165 6.87006e-167 1.58853e-164
0.445833 -5.66151e-164 2.97118e-165 6.97057e-163
0.45 -2.41178e-162 1.23514e-163 2.94043e-161
0.454167 -9.88276e-161 4.93887e-162 1.19323e-159
0.458333 -3.89808e-159 1.9009e-160 4.66128e-158
0.4625 -1.48095e-157 7.04685e-159 1.75403e-156
0.466667 -5.42279e-156 2.51778e-157 6.36203e-155
0.470833 -1.91501e-154 8.67559e-156 2.22563e-153
0.475 -6.52605e-153 2.88472e-154 7.51401e-152
0.479167 -2.1474e-151 9.26164e-153 2.44967e-150
0.483333 -6.82673e-150 2.87279e-151 7.71629e-149
0.4875 -2.09792e-148 8.61384e-150 2.34973e-147
0.491667 -6.23565e-147 2.49806e-148 6.92106e-146
0.495833 -1.79358e-145 7.01058e-147 1.97289e-144
0.5 -4.99493e-144 1.90492e-145 5.44542e-143
0.504167 -1.3475e-142 5.01407e-144 1.45606e-141
0.508333 -3.52316e-141 1.27911e-142 3.77361e-140
0.5125 -8.93198e-140 3.16405e-141 9.48365e-139
0.516667 -2.19674e-138 7.5927e-140 2.31225e-137
0.520833 -5.24354e-137 1.76834e-138 5.47187e-136
0.525 -1.21528e-135 3.99895e-137 1.25738e-134
0.529167 -2.73607e-134 8.7847e-136 2.80687e-133
0.533333 -5.98627e-133 1.87539e-134 6.08949e-132
0.5375 -1.27334e-131 3.89244e-133 1.28447e-130
0.541667 -2.63434e-130 7.85763e-132 2.63528e-129
0.545833 -5.30279e-129 1.54338e-130 5.26091e-128
0.55 -1.03899e-127 2.95076e-129 1.02233e-126
0.554167 -1.98225e-126 5.49334e-128 1.93457e-125
0.558333 -3.68386e-125 9.96188e-127 3.56612e-124
0.5625 -6.67118e-124 1.76037e-125 6.40596e-123
0.566667 -1.17763e-122 3.03234e-124 1.12176e-121
0.570833 -2.02708e-121 5.09343e-123 1.91555e-120
0.575 -3.40356e-120 8.34541e-122 3.19087e-119
0.579167 -5.57625e-119 1.33423e-120 5.18668e-118
0.583333 -8.91731e-118 2.08209e-119 8.22949e-117
0.5875 -1.39234e-116 3.17242e-118 1.27496e-115
0.591667 -2.1233e-115 4.72101e-117 1.92927e-114
0.595833 -3.16345e-114 6.86377e-116 2.85227e-113
0.6 -4.60599e-113 9.75217e-115 4.12116e-112
0.604167 -6.55572e-112 1.35449e-113 5.82107e-111
0.608333 -9.12382e-111 1.83952e-112 8.04013e-110
0.6125 -1.24197e-109 2.44347e-111 1.08622e-108
0.616667 -1.65402e-108 3.17543e-110 1.43578e-107
0.620833 -2.15567e-107 4.03832e-109 1.8573e-106
0.625 -2.75007e-106 5.02709e-108 2.35188e-105
0.629167 -3.43509e-105 6.12711e-107 2.91607e-104
0.633333 -4.20215e-104 7.31352e-106 3.54109e-103
0.6375 -5.0356e-103 8.55132e-105 4.21247e-102
0.641667 -5.91261e-102 9.79663e-104 4.91021e-101
0.645833 -6.80388e-101 1.09991e-102 5.60956e-100
0.65 -7.67508e-100 1.21053e-101 6.28233e-99
0.654167 -8.48897e-99 1.30623e-100 6.89881e-98
0.658333 -9.20807e-98 1.38227e-99 7.4299e-97
0.6625 -9.79753e-97 1.43477e-98 7.84948e-96
0.666667 -1.0228e-95 1.46109e-97 8.13651e-95
0.670833 -1.0478e-94 1.46004e-96 8.27686e-94
0.675 -1.05359e-93 1.43198e-95 8.26437e-93
0.679167 -1.04005e-92 1.37871e-94 8.10134e-92
0.683333 -1.00812e-91 1.30334e-93 7.79814e-91
0.6875 -9.59679e-91 1.20996e-92 7.37218e-90
0.691667 -8.97384e-90 1.1033e-91 6.84622e-89
0.695833 -8.2442e-89 9.88325e-91 6.24651e-88
0.7 -7.44244e-88 8.69903e-90 5.60056e-87
0.704167 -6.60321e-87 7.52452e-89 4.93527e-86
0.708333 -5.75894e-86 6.39731e-88 4.27515e-85
0.7125 -4.93802e-85 5.34685e-87 3.64103e-84
0.716667 -4.16349e-84 4.3939e-86 3.04932e-83
0.720833 -3.45245e-83 3.55078e-85 2.51165e-82
0.725 -2.816e-82 2.82218e-84 2.03499e-81
0.729167 -2.25966e-81 2.20648e-83 1.62211e-80
0.733333 -1.78412e-80 1.6972e-82 1.27227e-79
0.7375 -1.38625e-79 1.28455e-81 9.82032e-79
0.741667 -1.06013e-78 9.56773e-81 7.46078e-78
0.745833 -7.98078e-78 7.0141e-80 5.5798e-77
0.75 -5.91504e-77 5.06172e-79 4.10857e-76
0.754167 -4.31678e-76 3.59622e-78 2.97894e-75
0.758333 -3.10249e-75 2.51578e-77 2.12712e-74
0.7625 -2.19619e-74 1.73313e-76 1.49602e-73
0.766667 -1.53143e-73 1.17593e-75 1.03648e-72
0.770833 -1.05207e-72 7.85902e-75 7.07483e-72
0.775 -7.12153e-72 5.17428e-74 4.75838e-71
0.779167 -4.75046e-71 3.3564e-73 3.15388e-70
0.783333 -3.1231e-70 2.14532e-72 2.06029e-69
0.7875 -2.02385e-69 1.3513e-71 1.32666e-68
0.791667 -1.29289e-68 8.38878e-71 8.42157e-68
0.795833 -8.14314e-68 5.13311e-70 5.27082e-67
0.8 -5.05726e-67 3.09629e-69 3.25287e-66
0.804167 -3.0973e-66 1.8413e-68 1.97973e-65
0.808333 -1.87086e-65 1.07962e-67 1.18835e-64
0.8125 -1.11466e-64 6.24205e-67 7.03607e-64
0.816667 -6.55129e-64 3.559e-66 4.1097e-63
0.820833 -3.79878e-63 2.00131e-65 2.36826e-62
0.825 -2.1734e-62 1.11e-64 1.34658e-61
0.829167 -1.22704e-61 6.07278e-64 7.55552e-61
0.833333 -6.8366e-61 3.27754e-63 4.18378e-60
0.8375 -3.75951e-60 1.74516e-62 2.28658e-59
0.841667 -2.04067e-59 9.16815e-62 1.23356e-58
0.845833 -1.09346e-58 4.75246e-61 6.56952e-58
0.85 -5.78453e-58 2.43095e-60 3.45417e-57
0.854167 -3.02137e-57 1.2271e-59 1.79321e-56
0.858333 -1.5583e-56 6.11304e-59 9.19253e-56
0.8625 -7.9368e-56 3.00562e-58 4.65365e-55
0.866667 -3.99234e-55 1.45859e-57 2.32672e-54
0.870833 -1.98351e-54 6.9867e-57 1.14901e-53
0.875 -9.73422e-54 3.3035e-56 5.60493e-53
0.879167 -4.71915e-53 1.54189e-55 2.70095e-52
0.883333 -2.26026e-52 7.1044e-55 1.28587e-51
0.8875 -1.06959e-51 3.23152e-54 6.04855e-51
0.891667 -5.00123e-51 1.45111e-53 2.81131e-50
0.895833 -2.31083e-50 6.43301e-53 1.29122e-49
0.9 -1.05518e-49 2.81549e-52 5.86091e-49
0.904167 -4.7619e-49 1.21651e-51 2.62924e-48
0.908333 -2.12405e-48 5.1892e-51 1.16581e-47
0.9125 -9.36499e-48 2.18522e-50 5.10962e-47
0.916667 -4.0817e-47 9.08418e-50 2.21383e-46
0.920833 -1.75871e-46 3.72781e-49 9.48247e-46
0.925 -7.49197e-46 1.50998e-48 4.01561e-45
0.929167 -3.15556e-45 6.0368e-48 1.68137e-44
0.933333 -1.3142e-44 2.38185e-47 6.96119e-44
0.9375 -5.41228e-44 9.27339e-47 2.84996e-43
0.941667 -2.20424e-43 3.56216e-46 1.15387e-42
0.945833 -8.87821e-43 1.34976e-45 4.62027e-42
0.95 -3.53675e-42 5.04391e-45 1.82975e-41
0.954167 -1.39355e-41 1.85832e-44 7.1673e-41
0.958333 -5.43128e-41 6.74779e-44 2.77706e-40
0.9625 -2.09397e-40 2.41382e-43 1.0644e-39
0.966667 -7.98639e-40 8.50185e-43 4.03589e-39
0.970833 -3.01347e-39 2.9464e-42 1.51394e-38
0.975 -1.12497e-38 1.00384e-41 5.61875e-38
0.979167 -4.15522e-38 3.35849e-41 2.06325e-37
0.983333 -1.51863e-37 1.10177e-40 7.49667e-37
0.9875 -5.49204e-37 3.53712e-40 2.69532e-36
0.991667 -1.96544e-36 1.10821e-39 9.58955e-36
0.995833 -6.96072e-36 3.37515e-39 3.3764e-35
1 -2.43969e-35 9.93268e-39 1.17651e-34
1.00417 -8.46292e-35 2.79746e-38 4.05737e-34
1.00833 -2.90557e-34 7.41319e-38 1.3849e-33
1.0125 -9.87386e-34 1.78568e-37 4.67883e-33
1.01667 -3.32128e-33 3.57591e-37 1.56465e-32
1.02083 -1.10587e-32 3.93307e-37 5.1794e-32
1.025 -3.64502e-32 -1.29318e-36 1.69722e-31
1.02917 -1.18935e-31 -1.25462e-35 5.50567e-31
1.03333 -3.84196e-31 -6.70368e-35 1.76813e-30
1.0375 -1.22869e-30 -2.97952e-34 5.62165e-30
1.04167 -3.89042e-30 -1.20423e-33 1.7696e-29
1.04583 -1.21963e-29 -4.58135e-33 5.51525e-29
1.05 -3.78576e-29 -1.66879e-32 1.70195e-28
1.05417 -1.16355e-28 -5.87684e-32 5.20035e-28
1.05833 -3.54112e-28 -2.013e-31 1.5734e-27
1.0625 -1.06716e-27 -6.73366e-31 4.71388e-27
1.06667 -3.18469e-27 -2.20594e-30 1.3985e-26
1.07083 -9.41163e-27 -7.09193e-30 4.10872e-26
1.075 -2.75445e-26 -2.24097e-29 1.19542e-25
1.07917 -7.98345e-26 -6.96836e-29 3.44441e-25
1.08333 -2.29161e-25 -2.1343e-28 9.82884e-25
1.0875 -6.51477e-25 -6.44379e-28 2.77775e-24
1.09167 -1.83431e-24 -1.91893e-27 7.77493e-24
1.09583 -5.11534e-24 -5.63935e-27 2.15538e-23
1.1 -1.4129e-23 -1.63622e-26 5.9181e-23
1.10417 -3.8654e-23 -4.6887e-26 1.60947e-22
1.10833 -1.04745e-22 -1.3274e-25 4.33543e-22
1.1125 -2.81145e-22 -3.71365e-25 1.15675e-21
1.11667 -7.47477e-22 -1.02697e-24 3.0571e-21
1.12083 -1.96853e-21 -2.80773e-24 8.00297e-21
1.125 -5.13535e-21 -7.59062e-24 2.07525e-20
1.12917 -1.32705e-20 -2.02951e-23 5.33058e-20
1.13333 -3.39703e-20 -5.36732e-23 1.35633e-19
1.1375 -8.61414e-20 -1.40421e-22 3.41864e-19
1.14167 -2.16386e-19 -3.63467e-22 8.53566e-19
1.14583 -5.38463e-19 -9.30893e-22 2.11117e-18
1.15 -1.32738e-18 -2.35926e-21 5.17267e-18
1.15417 -3.24153e-18 -5.91735e-21 1.25549e-17
1.15833 -7.84194e-18 -1.46889e-20 3.01873e-17
1.1625 -1.87939e-17 -3.60901e-20 7.1903e-17
1.16667 -4.46203e-17 -8.77709e-20 1.69661e-16
1.17083 -1.04947e-16 -2.11301e-19 3.9658e-16
1.175 -2.4453e-16 -5.03569e-19 9.18319e-16
1.17917 -5.64439e-16 -1.18808e-18 2.10653e-15
1.18333 -1.29069e-15 -2.77507e-18 4.78691e-15
1.1875 -2.92381e-15 -6.41745e-18 1.07759e-14
1.19167 -6.56136e-15 -1.46934e-17 2.40301e-14
1.19583 -1.45866e-14 -3.33092e-17 5.30839e-14
1.2 -3.21237e-14 -7.47653e-17 1.16164e-13
1.20417 -7.00818e-14 -1.66164e-16 2.51809e-13
1.20833 -1.51456e-13 -3.65663e-16 5.40709e-13
1.2125 -3.2424e-13 -7.96778e-16 1.15011e-12
1.21667 -6.87601e-13 -1.71914e-15 2.42321e-12
1.22083 -1.44441e-12 -3.67285e-15 5.05722e-12
1.225 -3.00552e-12 -7.76992e-15 1.04542e-11
1.22917 -6.19463e-12 -1.62761e-14 2.14054e-11
1.23333 -1.26464e-11 -3.376e-14 4.34106e-11
1.2375 -2.55721e-11 -6.93379e-14 8.7196e-11
1.24167 -5.12154e-11 -1.41011e-13 1.73466e-10
1.24583 -1.01591e-10 -2.83948e-13 3.41771e-10
1.25 -1.99582e-10 -5.66145e-13 6.66876e-10
1.25417 -3.88311e-10 -1.11766e-12 1.28863e-09
1.25833 -7.48198e-10 -2.1846e-12 2.46586e-09
1.2625 -1.42762e-09 -4.22774e-12 4.67249e-09
1.26667 -2.69746e-09 -8.10039e-12 8.76694e-09
1.27083 -5.04684e-09 -1.53656e-11 1.62872e-08
1.275 -9.34947e-09 -2.88555e-11 2.99587e-08
1.27917 -1.71488e-08 -5.36441e-11 5.45575e-08
1.28333 -3.11415e-08 -9.87219e-11 9.8359e-08
1.2875 -5.59855e-08 -1.79839e-10 1.7554e-07
1.29167 -9.96361e-08 -3.24274e-10 3.10109e-07
1.29583 -1.75523e-07 -5.78727e-10 5.42245e-07
1.3 -3.06052e-07 -1.02222e-09 9.38402e-07
1.30417 -5.28165e-07 -1.7869e-09 1.60716e-06
1.30833 -9.02031e-07 -3.09106e-09 2.72378e-06
1.3125 -1.52445e-06 -5.29101e-09 4.56758e-06
1.31667 -2.54922e-06 -8.96105e-09 7.57812e-06
1.32083 -4.21755e-06 -1.50152e-08 1.24381e-05
1.325 -6.90282e-06 -2.48897e-08 2.01936e-05
1.32917 -1.11753e-05 -4.08115e-08 3.24258e-05
1.33333 -1.78939e-05 -6.61871e-08 5.14913e-05
1.3375 -2.83342e-05 -1.06156e-07 8.08505e-05
1.34167 -4.43627e-05 -1.68364e-07 0.000125509
1.34583 -6.86693e-05 -2.64016e-07 0.000192596
1.35 -0.00010507 -4.09287e-07 0.000292094
1.35417 -0.000158887 -6.27162e-07 0.000437752
1.35833 -0.000237421 -9.49767e-07 0.000648156
1.3625 -0.000350497 -1.42124e-06 0.000947953
1.36667 -0.000511083 -2.10111e-06 0.00136915
1.37083 -0.000735939 -3.06816e-06 0.0019524
1.375 -0.00104623 -4.42446e-06 0.00274804
1.37917 -0.00146801 -6.29933e-06 0.0038167
1.38333 -0.00203245 -8.85257e-06 0.00522907
1.3875 -0.00277561 -1.22762e-05 0.00706447
1.39167 -0.00373754 -1.67937e-05 0.00940773
1.39583 -0.00496055 -2.26551e-05 0.0123439
1.4 -0.0064863 -3.01276e-05 0.0159502
1.40417 -0.0083516 -3.94783e-05 0.0202859
1.40833 -0.0105828 -5.09501e-05 0.0253783
1.4125 -0.0131891 -6.47284e-05 0.0312076
1.41667 -0.0161541 -8.08998e-05 0.03769
1.42083 -0.0194283 -9.94041e-05 0.0446618
1.425 -0.0229207 -0.000119983 0.0518664
1.42917 -0.0264929 -0.000142129 0.0589471
1.43333 -0.0299569 -0.000165049 0.0654496
1.4375 -0.033077 -0.000187639 0.0708366
1.44167 -0.0355786 -0.00020849 0.0745167
1.44583 -0.0371641 -0.000225933 0.0758892
1.45 -0.0375371 -0.000238127 0.0744025
1.45417 -0.0364322 -0.000243189 0.069622
1.45833 -0.0336497 -0.000239373 0.0613008
1.4625 -0.0290903 -0.000225275 0.049442
1.46667 -0.0227846 -0.000200047 0.0343423
1.47083 -0.0149123 -0.000163594 0.0166031
1.475 -0.00580415 -0.000116711 -0.00289836
1.47917 0.00407754 -6.11348e-05 -0.0230849
1.48333 0.0141808 5.30511e-07 -0.0427996
1.4875 0.0239277 6.5017e-05 -0.0609581
1.49167 0.032793 0.000128736 -0.076716
1.49583 0.0403869 0.000188223 -0.089621
1.5 0.0465281 0.00024064 -0.0997214
1.50417 0.0512918 0.000284247 -0.107601
1.50833 0.0550186 0.000318772 -0.114318
1.5125 0.0582751 0.000345576 -0.121249
1.51667 0.0617643 0.000367558 -0.129833
1.52083 0.0661952 0.000388766 -0.141274
1.525 0.0721273 0.000413729 -0.156224
1.52917 0.0798174 0.000446583 -0.174524
1.53333 0.0890971 0.00049013 -0.195046
1.5375 0.0993078 0.000544952 -0.21569
1.54167 0.109314 0.000608781 -0.233546
1.54583 0.117602 0.000676243 -0.245214
1.55 0.12245 0.000739079 -0.24724
1.55417 0.122156 0.00078685 -0.236599
1.55833 0.115281 0.000808085 -0.211157
1.5625 0.100873 0.000791719 -0.17004
1.56667 0.0786381 0.00072865 -0.113846
1.57083 0.0490338 0.000613203 -0.0447007
1.575 0.0132769 0.0004443 0.0338676
1.57917 -0.026733 0.000226181 0.117187
1.58333 -0.0685584 -3.14384e-05 0.199814
1.5875 -0.109419 -0.000313815 0.275974
1.59167 -0.146421 -0.000602229 0.340045
1.59583 -0.176801 -0.000875565 0.387065
1.6 -0.198178 -0.0011123 0.413222
1.60417 -0.208798 -0.00129274 0.416303
1.60833 -0.207749 -0.00140122 0.396036
1.6125 -0.19511 -0.00142807 0.354246
1.61667 -0.172009 -0.001371 0.294762
1.62083 -0.140548 -0.00123556 0.223026
1.625 -0.103581 -0.00103473 0.145429
1.62917 -0.064354 -0.000787306 0.0684505
1.63333 -0.0260746 -0.000515587 -0.00222242
1.6375 0.00852401 -0.000242462 -0.0624107
1.64167 0.0375155 1.13972e-05 -0.109822
1.64583 0.0599319 0.000229806 -0.143995
1.65 0.075699 0.000402365 -0.165847
1.65417 0.0853792 0.000524615 -0.176967
1.65833 0.0898113 0.000597171 -0.178915
1.6625 0.0897679 0.000624217 -0.172753
1.66667 0.0857502 0.000611873 -0.158971
1.67083 0.0779865 0.000566924 -0.137829
1.675 0.0666259 0.000496169 -0.109932
1.67917 0.0520356 0.000406401 -0.0767906
1.68333 0.0350628 0.00030472 -0.0410752
1.6875 0.0171283 0.000198778 -0.00639396
1.69167 7.6718e-05 9.6598e-05 0.0233832
1.69583 -0.0141891 5.85981e-06 0.0450483
1.7 -0.024172 -6.71917e-05 0.0568858
1.70417 -0.0291715 -0.000118785 0.0590878
1.70833 -0.0294457 -0.000148156 0.0535736
1.7125 -0.0260736 -0.000157284 0.0432696
1.71667 -0.0205633 -0.000149874 0.0311222
1.72083 -0.0143546 -0.00012997 0.0192288
1.725 -0.00841144 -0.000100781 0.00842486
1.72917 -0.00305961 -6.4242e-05 -0.00153279
1.73333 0.00187777 -2.14996e-05 -0.0113035
1.7375 0.00672604 2.59014e-05 -0.0211523
1.74167 0.0115611 7.47572e-05 -0.0303874
1.74583 0.0159628 0.000119581 -0.0373324
1.75 0.0190476 0.000153125 -0.039877
1.75417 0.0197796 0.000168063 -0.0363814
1.75833 0.0174318 0.000159324 -0.0265411
1.7625 0.011995 0.000126198 -0.0118166
1.76667 0.00434348 7.33279e-05 0.00478992
1.77083 -0.00392963 1.00723e-05 0.0195612
1.775 -0.0109627 -5.16743e-05 0.0291949
1.77917 -0.0151956 -0.00010053 0.0318172
1.78333 -0.0158484 -0.000128538 0.0275143
1.7875 -0.0131359 -0.000132992 0.0182063
1.79167 -0.00815039 -0.000116628 0.0069407
1.79583 -0.00247024 -8.62465e-05 -0.0031177
1.8 0.00235572 -5.03306e-05 -0.00964189
1.80417 0.00526604 -1.65381e-05 -0.0117335
1.80833 0.00594236 1.01193e-05 -0.00999379
1.8125 0.00479953 2.79217e-05 -0.00610269
1.81667 0.00273994 3.78827e-05 -0.00209121
1.82083 0.000775336 4.238e-05 0.000423919
1.825 -0.000345715 4.36084e-05 0.000778062
1.82917 -0.000377324 4.2496e-05 -0.000609352
1.83333 0.000395131 3.84955e-05 -0.0025416
1.8375 0.00133931 3.02944e-05 -0.0036594
1.84167 0.00179541 1.709e-05 -0.00310555
1.84583 0.0013966 -1.98621e-07 -0.000946435
1.85 0.0002483 -1.84402e-05 0.00185364
1.85417 -0.0011216 -3.29183e-05 0.00391353
1.85833 -0.00202822 -3.89793e-05 0.0041551
1.8625 -0.00198905 -3.40754e-05 0.00240177
1.86667 -0.000995679 -1.92608e-05 -0.00047384
1.87083 0.000454314 6.90836e-07 -0.00296915
1.875 0.00160154 1.88283e-05 -0.00374851
1.87917 0.00183076 2.87178e-05 -0.00239636
1.88333 0.00102155 2.71389e-05 0.000308343
1.8875 -0.000361534 1.55037e-05 0.00279083
1.89167 -0.00151097 -7.62859e-07 0.00356547
1.89583 -0.00173202 -1.46686e-05 0.00211491
1.9 -0.000856528 -2.07833e-05 -0.000763889
1.90417 0.000635831 -1.75232e-05 -0.0033892
1.90833 0.00188049 -7.48189e-06 -0.00418435
1.9125 0.00213813 4.27496e-06 -0.00265148
1.91667 0.00125308 1.29476e-05 0.000274797
1.92083 -0.000226891 1.62487e-05 0.00274922
1.925 -0.00136267 1.49833e-05 0.00313409
1.92917 -0.00139634 1.18124e-05 0.00104306
1.93333 -0.000238412 9.13152e-06 -0.00234985
1.9375 0.0014407 7.47921e-06 -0.00496493
1.94167 0.0025912 5.47169e-06 -0.00506479
1.94583 0.00241751 1.2154e-06 -0.00233515
1.95 0.000877435 -5.84771e-06 0.00188107
1.95417 -0.0012682 -1.40012e-05 0.00535738
1.95833 -0.00289461 -1.99511e-05 0.00629219
1.9625 -0.003172 -2.07752e-05 0.00433889
1.96667 -0.00203568 -1.58671e-05 0.00072582
1.97083 -0.00018063 -7.58285e-06 -0.00257546
1.975 0.00139867 -1.41348e-07 -0.00406514
1.97917 0.00201243 2.51513e-06 -0.00352004
1.98333 0.00163256 -1.49562e-06 -0.00190457
1.9875 0.00079338 -1.17052e-05 -0.000528628
1.99167 0.000143463 -2.66078e-05 -9.82869e-05
1.99583 -1.2849e-05 -4.56066e-05 -0.000337887
2 0.000139255 -7.02413e-05 -0.000408302
2.00417 0.000170761 -0.000103924 0.000258842
2.00833 -0.000171957 -0.000150518 0.00139893
2.0125 -0.000718228 -0.000212916 0.00209018
2.01667 -0.00100019 -0.000292677 0.00154418
2.02083 -0.000660942 -0.00039088 -0.000122391
2.025 0.000185981 -0.000509239 -0.00179697
2.02917 0.00095802 -0.000650168 -0.00212078
2.03333 0.00100834 -0.000815133 -0.000567832
2.0375 0.000150891 -0.00100188 0.001981
2.04167 -0.0011058 -0.00120209 0.00369539
2.04583 -0.00184206 -0.00140088 0.00305904
2.05 -0.00137231 -0.00157838 6.31635e-05
2.05417 0.000201749 -0.00171256 -0.00358507
2.05833 0.00196093 -0.00178138 -0.00549896
2.0625 0.00273944 -0.00176392 -0.00424571
2.06667 0.0019318 -0.00164072 -0.000433306
2.07083 -3.42741e-05 -0.00139536 0.00357568
2.075 -0.00192599 -0.00101847 0.0052021
2.07917 -0.00251429 -0.000513937 0.00340662
2.08333 -0.00141613 9.51299e-05 -0.00057317
2.0875 0.000626508 0.000763824 -0.00405513
2.09167 0.00224475 0.0014287 -0.00475608
2.09583 0.0023819 0.0020168 -0.00235445
2.1 0.00101496 0.00245813 0.00133332
2.10417 -0.000851952 0.00269803 0.00368069
2.10833 -0.00191459 0.00270668 0.00312265
2.1125 -0.00149217 0.00248459 0.000227738
2.11667 1.36582e-05 0.00206397 -0.00278031
2.12083 0.00144313 0.00150627 -0.00367032
2.125 0.0017345 0.000895587 -0.00180337
2.12917 0.000681964 0.000327175 0.00146545
2.13333 -0.000946936 -0.000108304 0.00382813
2.1375 -0.00199534 -0.000341954 0.00369649
2.14167 -0.00175239 -0.0003404 0.00127162
2.14583 -0.000426301 -0.000111045 -0.0017245
2.15 0.00106444 0.00030368 -0.0033728
2.15417 0.0017868 0.000841197 -0.00290039
2.15833 0.0014368 0.00143698 -0.00106712
2.1625 0.000468783 0.00203885 0.000595531
2.16667 -0.00033558 0.00261201 0.00101171
2.17083 -0.000482556 0.00313413 0.000281315
2.175 -8.38765e-05 0.0035842 -0.000601589
2.17917 0.000333455 0.00393162 -0.000701271
2.18333 0.00032103 0.0041317 6.99613e-05
2.1875 -0.000120101 0.00413067 0.000959418
2.19167 -0.000584613 0.00387892 0.00111303
2.19583 -0.000655067 0.00334787 0.000372536
2.2 -0.00028686 0.00254343 -0.000562854
2.20417 0.000146673 0.00150995 -0.000743309
2.20833 0.000182919 0.000321894 0.000182427
2.2125 -0.000313293 -0.000934823 0.00160779
2.21667 -0.00100461 -0.00218458 0.00241979
2.22083 -0.00133832 -0.00337732 0.00190158
2.225 -0.000998038 -0.0044895 0.000344029
2.22917 -0.000176997 -0.00550893 -0.00114548
2.23333 0.000557481 -0.00641028 -0.00149775
2.2375 0.000705348 -0.00713417 -0.000521087
2.24167 0.000228739 -0.00758295 0.000943963
2.24583 -0.000416269 -0.00763948 0.0016781
2.25 -0.000637488 -0.00720393 0.00102866
2.25417 -0.00017121 -0.00623383 -0.000592976
2.25833 0.00071108 -0.00476993 -0.0020412
2.2625 0.00141205 -0.0029366 -0.00232295
2.26667 0.00146559 -0.000917482 -0.00134695
2.27083 0.000884917 0.00108188 3.62448e-05
2.275 0.000136957 0.00286885 0.000716711
2.27917 -0.000228357 0.00428568 0.000191343
2.28333 -2.26147e-06 0.0052185 -0.0010515
2.2875 0.0005303 0.00560115 -0.00191446
2.29167 0.000821263 0.00542172 -0.00154255
2.29583 0.000492838 0.00473225 2.46892e-06
2.3 -0.000356426 0.00365279 0.00175192
2.30417 -0.00120437 0.00235852 0.00252239
2.30833 -0.00148006 0.00104594 0.00178506
2.3125 -0.000985845 -0.000112196 7.32916e-05
2.31667 -5.4848e-05 -0.00100359 -0.00138148
2.32083 0.000677729 -0.00158703 -0.001538
2.325 0.000731212 -0.00187428 -0.000319029
2.32917 0.000134478 -0.00189853 0.00130709
2.33333 -0.000586571 -0.00169302 0.00202876
2.3375 -0.00079463 -0.00129405 0.00118923
2.34167 -0.000227654 -0.000761309 -0.000660903
2.34583 0.000777312 -0.000191315 -0.0021102
2.35 0.0015114 0.000298282 -0.00192816
2.35417 0.00142796 0.000613396 -4.16939e-05
2.35833 0.000589816 0.000729531 0.00232772
2.3625 -0.000328588 0.00070229 0.00354293
2.36667 -0.00052113 0.000626136 0.00282713
2.37083 0.000331872 0.00056432 0.000944482
2.375 0.00179211 0.000501014 -0.000309784
2.37917 0.00298362 0.000357797 0.000517363
2.38333 0.00328799 7.0849e-05 0.00336324
2.3875 0.0028715 -0.00032601 0.00665642
2.39167 0.00259782 -0.000682444 0.00857536
2.39583 0.00335701 -0.000806826 0.00858588
2.4 0.0053334 -0.000594183 0.00798037
2.40417 0.0078237 -0.00011625 0.00889991
2.40833 0.00979286 0.000400642 0.0125771
2.4125 0.0107394 0.000706704 0.0182503
2.41667 0.0111479 0.000682312 0.023714
2.42083 0.0121152 0.000404548 0.0271194
2.425 0.0144192 7.81771e-05 0.0285391
2.42917 0.0177992 -0.000115244 0.0299311
2.43333 0.0210756 -0.000133645 0.0334536
2.4375 0.0230463 -6.93185e-05 0.0395048
2.44167 0.0234248 -3.66983e-05 0.0461694
2.44583 0.0230138 -5.68894e-05 0.0506024
2.45 0.0229413 -4.3537e-05 0.051227
2.45417 0.0235897 9.7192e-05 0.04888
2.45833 0.0241432 0.000346218 0.0459004
2.4625 0.0231652 0.000549947 0.0439217
2.46667 0.0197385 0.000532749 0.0422739
2.47083 0.0141988 0.000254904 0.0384065
2.475 0.00782854 -0.000125361 0.030002
2.47917 0.00177523 -0.000354472 0.0169669
2.48333 -0.00386451 -0.000277909 0.00157658
2.4875 -0.00999364 3.33291e-05 -0.0133458
2.49167 -0.0175445 0.000334497 -0.0266204
2.49583 -0.0264503 0.00039865 -0.0393596
2.5 -0.035476 0.000189839 -0.0535345
2.50417 -0.0430732 -0.000124138 -0.0697683
2.50833 -0.0485222 -0.00032253 -0.0863447
2.5125 -0.0523742 -0.000310601 -0.100332
2.51667 -0.0558321 -0.000175655 -0.109841
2.52083 -0.0596388 -8.598e-05 -0.115449
2.525 -0.063459 -0.000137376 -0.11956
2.52917 -0.0662782 -0.000286541 -0.124322
2.53333 -0.0674194 -0.000417073 -0.129946
2.5375 -0.0672403 -0.000458644 -0.134837
2.54167 -0.0668694 -0.000442321 -0.137301
2.54583 -0.067211 -0.000451436 -0.137183
2.55 -0.0680839 -0.000532137 -0.135924
2.55417 -0.0682238 -0.000655641 -0.134983
2.55833 -0.066104 -0.000757417 -0.134069
2.5625 -0.0608386 -0.00079763 -0.130737
2.56667 -0.0524153 -0.000778169 -0.121709
2.57083 -0.0411575 -0.000713863 -0.104764
2.575 -0.0270113 -0.000608776 -0.0796503
2.57917 -0.00938071 -0.000470196 -0.047452
2.58333 0.0122877 -0.000331435 -0.00922095
2.5875 0.0376588 -0.000233759 0.0347253
2.59167 0.0651209 -0.000171821 0.0841598
2.59583 0.0921822 -7.13082e-05 0.137559
2.6 0.116332 0.000148453 0.191267
2.60417 0.135709 0.000471266 0.240045
2.60833 0.149163 0.000755167 0.278664
2.6125 0.155852 0.000838072 0.303417
2.61667 0.1549 0.000694808 0.312576
2.62083 0.145527 0.000484021 0.305799
2.625 0.127612 0.000415487 0.283293
2.62917 0.102211 0.000553904 0.245629
2.63333 0.0715648 0.000757448 0.19435
2.6375 0.0385419 0.000823641 0.132733
2.64167 0.00586568 0.000699948 0.0658543
2.64583 -0.0243576 0.000541889 -0.000341541
2.65 -0.0506033 0.000557242 -0.0604753
2.65417 -0.0716045 0.000800074 -0.110765
2.65833 -0.0861773 0.00112814 -0.149118
2.6625 -0.0934423 0.00135587 -0.174502
2.66667 -0.0932771 0.00142515 -0.18635
2.67083 -0.0865783 0.00141174 -0.184587
2.675 -0.0750415 0.0013853 -0.170208
2.67917 -0.0605735 0.00130686 -0.145743
2.68333 -0.0447596 0.00108569 -0.114969
2.6875 -0.0287301 0.000709925 -0.0819105
2.69167 -0.0133957 0.000271543 -0.0497546
2.69583 0.000295984 -0.000152134 -0.0204329
2.7 0.0114034 -0.00060082 0.00500681
2.70417 0.0193116 -0.00116317 0.0257531
2.70833 0.0240167 -0.00180429 0.0409829
2.7125 0.0260779 -0.00231625 0.0502006
2.71667 0.0262471 -0.00249444 0.0537325
2.72083 0.0250595 -0.00235832 0.0527814
2.725 0.0226776 -0.00214277 0.0488649
2.72917 0.0190427 -0.00203586 0.0430441
2.73333 0.014152 -0.0019544 0.0355444
2.7375 0.00824069 -0.00163642 0.0260431
2.74167 0.00177732 -0.00096835 0.0143733
2.74583 -0.00466382 -0.000168948 0.00110636
2.75 -0.0105309 0.000403898 -0.0123787
2.75417 -0.015334 0.000617756 -0.0243345
2.75833 -0.0185929 0.000680273 -0.0332443
2.7625 -0.0197859 0.000867552 -0.0381749
2.76667 -0.0184379 0.00118845 -0.0387204
2.77083 -0.0144016 0.00138436 -0.0347519
2.775 -0.00818628 0.00125702 -0.0263778
2.77917 -0.00103093 0.000918332 -0.0143106
2.78333 0.00547618 0.000658365 -0.000332802
2.7875 0.0100631 0.000604327 0.0127634
2.79167 0.0122578 0.000598905 0.0220924
2.79583 0.0123324 0.00043961 0.0259957
2.8 0.0108339 0.00015931 0.0247757
2.80417 0.00820004 -1.62168e-05 0.020213
2.80833 0.00480664 3.0546e-05 0.0142737
2.8125 0.00125232 0.000154547 0.00813188
2.81667 -0.00162698 0.000149748 0.00224067
2.82083 -0.00321256 3.66406e-05 -0.00294726
2.825 -0.00361278 4.20633e-05 -0.00666013
2.82917 -0.00362181 0.00028587 -0.0083651
2.83333 -0.00403655 0.000592657 -0.0085175
2.8375 -0.00493452 0.000696238 -0.00842997
2.84167 -0.0056066 0.00058132 -0.00911103
2.84583 -0.00519727 0.000507012 -0.0101594
2.85 -0.00341993 0.000666454 -0.00992276
2.85417 -0.000714037 0.000925181 -0.00691344
2.85833 0.00216019 0.000989235 -0.00120201
2.8625 0.00456687 0.000786719 0.00545694
2.86667 0.00607725 0.00055695 0.0107576
2.87083 0.00631469 0.000527445 0.0131215
2.875 0.0049586 0.000610627 0.0121407
2.87917 0.00204116 0.000524282 0.0082305
2.88333 -0.00175563 0.000166326 0.00223142
2.8875 -0.00517912 -0.00026388 -0.00458976
2.89167 -0.00691926 -0.000546391 -0.0104283
2.89583 -0.00625636 -0.00071676 -0.0132757
2.9 -0.00345327 -0.000954651 -0.011798
2.90417 0.000332999 -0.0012682 -0.00623323
2.90833 0.00358923 -0.00145308 0.00139089
2.9125 0.00516047 -0.00139572 0.0080262
2.91667 0.00473228 -0.00126318 0.0110384
2.92083 0.00279391 -0.00126693 0.00950774
2.925 0.000187807 -0.00132996 0.00458367
2.92917 -0.00231191 -0.00118064 -0.00134478
2.93333 -0.00407228 -0.00079197 -0.00603764
2.9375 -0.00450582 -0.000521014 -0.00831207
2.94167 -0.00324407 -0.000661846 -0.007969
2.94583 -0.000612895 -0.00099233 -0.00526595
2.95 0.00217472 -0.00101451 -0.000820015
2.95417 0.00363574 -0.000657906 0.00398965
2.95833 0.0031013 -0.000474622 0.00704773
2.9625 0.00123073 -0.000945848 0.00664289
2.96667 -0.00062796 -0.00176686 0.00296677
2.97083 -0.00159187 -0.00214015 -0.00166911
2.975 -0.00171688 -0.00179652 -0.00449187
2.97917 -0.00143617 -0.00138704 -0.00436909
2.98333 -0.000839538 -0.00162288 -0.00231508
2.9875 0.000247224 -0.00224364 -6.23401e-05
2.99167 0.00158456 -0.00224835 0.00155775
2.99583 0.00231786 -0.00119136 0.00269975
