0 0 0 0
0.00416667 0 0 0
0.00833333 0 0 0
0.0125 0 0 0
0.0166667 0 0 0
0.0208333 0 0 0
0.025 0 0 0
0.0291667 0 0 0
0.0333333 0 0 0
0.0375 0 0 0
0.0416667 0 0 0
0.0458333 0 0 0
0.05 0 0 0
0.0541667 0 0 0
0.0583333 0 0 0
0.0625 0 0 0
0.0666667 0 0 0
0.0708333 0 0 0
0.075 0 0 0
0.0791667 0 0 0
0.0833333 0 0 0
0.0875 0 0 0
0.0916667 0 0 0
0.0958333 0 0 0
0.1 0 0 0
0.104167 0 0 0
0.108333 0 0 0
0.1125 0 0 0
0.116667 0 0 0
0.120833 0 0 0
0.125 -1.82804e-322 3.78948e-321 8.18173e-321
0.129167 -2.0713e-316 2.85593e-315 6.08258e-315
0.133333 -1.00455e-310 1.3401e-309 2.85475e-309
0.1375 -3.2105e-305 4.14804e-304 8.83831e-304
0.141667 -6.93329e-300 8.68414e-299 1.85076e-298
0.145833 -1.03514e-294 1.25803e-293 2.68173e-293
0.15 -1.091e-289 1.28762e-288 2.74546e-288
0.154167 -8.27439e-285 9.49104e-284 2.02417e-283
0.158333 -4.59593e-280 5.12734e-279 1.09379e-278
0.1625 -1.9001e-275 2.0632e-274 4.40247e-274
0.166667 -5.93523e-271 6.27688e-270 1.33972e-269
0.170833 -1.42026e-266 1.46383e-265 3.12521e-265
0.175 -2.63716e-262 2.65056e-261 5.66038e-261
0.179167 -3.84511e-258 3.77086e-257 8.0551e-257
0.183333 -4.4514e-254 4.26181e-253 9.1065e-253
0.1875 -4.13408e-250 3.86607e-249 8.26335e-249
0.191667 -3.10983e-246 2.84208e-245 6.07653e-245
0.195833 -1.91195e-242 1.70841e-241 3.65382e-241
0.2 -9.68857e-239 8.46814e-238 1.81168e-237
0.204167 -4.07862e-235 3.48854e-234 7.46581e-234
0.208333 -1.437e-231 1.20329e-230 2.576e-230
0.2125 -4.26691e-228 3.49931e-227 7.49388e-227
0.216667 -1.07482e-224 8.63624e-224 1.85011e-223
0.220833 -2.311e-221 1.82e-220 3.9003e-220
0.225 -4.2662e-218 3.29417e-217 7.06201e-217
0.229167 -6.79903e-215 5.14913e-214 1.10427e-213
0.233333 -9.40325e-212 6.98694e-211 1.49896e-210
0.2375 -1.13415e-208 8.27064e-208 1.77502e-207
0.241667 -1.19853e-205 8.58043e-205 1.84222e-204
0.245833 -1.11465e-202 7.83633e-202 1.68312e-201
0.25 -9.16126e-200 6.32656e-199 1.35939e-198
0.254167 -6.68087e-197 4.53316e-196 9.74433e-196
0.258333 -4.33927e-194 2.8937e-193 6.22276e-193
0.2625 -2.51926e-191 1.65154e-190 3.55303e-190
0.266667 -1.31187e-188 8.4565e-188 1.82006e-187
0.270833 -6.14743e-186 3.89744e-185 8.39193e-185
0.275 -2.60037e-183 1.62183e-182 3.49364e-182
0.279167 -9.95883e-181 6.11168e-180 1.31712e-179
0.283333 -3.46298e-178 2.09158e-177 4.50958e-177
0.2875 -1.09632e-175 6.51818e-175 1.406e-174
0.291667 -3.16814e-173 1.85456e-172 4.00224e-172
0.295833 -8.37776e-171 4.82946e-170 1.04271e-169
0.3 -2.03209e-168 1.1538e-167 2.49231e-167
0.304167 -4.5315e-166 2.53467e-165 5.47778e-165
0.308333 -9.31052e-164 5.13127e-163 1.10948e-162
0.3125 -1.76625e-161 9.59283e-161 2.07519e-160
0.316667 -3.09991e-159 1.65944e-158 3.59163e-158
0.320833 -5.04322e-157 2.66138e-156 5.76313e-156
0.325 -7.61963e-155 3.96449e-154 8.58942e-154
0.329167 -1.07104e-152 5.49514e-152 1.19119e-151
0.333333 -1.40302e-150 7.09944e-150 1.53977e-149
0.3375 -1.71567e-148 8.56329e-148 1.85826e-147
0.341667 -1.96156e-146 9.65868e-146 2.0971e-145
0.345833 -2.10009e-144 1.02028e-143 2.21646e-143
0.35 -2.10853e-142 1.01085e-141 2.19719e-141
0.354167 -1.98815e-140 9.40668e-140 2.04579e-139
0.358333 -1.76296e-138 8.23309e-138 1.79157e-137
0.3625 -1.47209e-136 6.78642e-136 1.47761e-135
0.366667 -1.15899e-134 5.27502e-134 1.1492e-133
0.370833 -8.6142e-133 3.87122e-132 8.4387e-132
0.375 -6.05145e-131 2.68553e-130 5.85753e-130
0.379167 -4.02266e-129 1.76306e-128 3.84781e-128
0.383333 -2.53315e-127 1.09659e-126 2.39472e-126
0.3875 -1.51276e-125 6.46889e-125 1.41353e-124
0.391667 -8.57615e-124 3.62303e-123 7.92163e-123
0.395833 -4.62027e-122 1.92845e-121 4.21913e-121
0.4 -2.36766e-120 9.76481e-120 2.13772e-119
0.404167 -1.1552e-118 4.7081e-118 1.03136e-117
0.408333 -5.3713e-117 2.16348e-116 4.74237e-116
0.4125 -2.38217e-115 9.48346e-115 2.08014e-114
0.416667 -1.00857e-113 3.96883e-113 8.71108e-113
0.420833 -4.07989e-112 1.58708e-111 3.48575e-111
0.425 -1.57814e-110 6.06918e-110 1.33388e-109
0.429167 -5.84173e-109 2.22122e-108 4.88506e-108
0.433333 -2.07092e-107 7.786e-107 1.71351e-106
0.4375 -7.03612e-106 2.61588e-105 5.76088e-105
0.441667 -2.29278e-104 8.42975e-104 1.85774e-103
0.445833 -7.17057e-103 2.60738e-102 5.75011e-102
0.45 -2.15378e-101 7.74603e-101 1.70945e-100
0.454167 -6.21709e-100 2.21169e-99 4.88438e-99
0.458333 -1.72581e-98 6.0732e-98 1.34218e-97
0.4625 -4.60982e-97 1.60482e-96 3.54922e-96
0.466667 -1.18556e-95 4.08331e-95 9.03718e-95
0.470833 -2.93744e-94 1.00099e-93 2.217e-93
0.475 -7.01561e-93 2.3655e-92 5.243e-92
0.479167 -1.61605e-91 5.39182e-91 1.19595e-90
0.483333 -3.59227e-90 1.18604e-89 2.63271e-89
0.4875 -7.70972e-89 2.51909e-88 5.59594e-88
0.491667 -1.5984e-87 5.16879e-87 1.14907e-86
0.495833 -3.20277e-86 1.02506e-85 2.28055e-85
0.5 -6.20539e-85 1.9658e-84 4.37683e-84
0.504167 -1.16311e-83 3.64719e-83 8.1267e-83
0.508333 -2.11e-82 6.54949e-82 1.4605e-81
0.5125 -3.70634e-81 1.13889e-80 2.54164e-80
0.516667 -6.30668e-80 1.91853e-79 4.2849e-79
0.520833 -1.04e-78 3.13221e-78 7.00113e-78
0.525 -1.66274e-77 4.95806e-77 1.10911e-76
0.529167 -2.57838e-76 7.61245e-76 1.70425e-75
0.533333 -3.87947e-75 1.13412e-74 2.54108e-74
0.5375 -5.6659e-74 1.64015e-73 3.67784e-73
0.541667 -8.03524e-73 2.30334e-72 5.16917e-72
0.545833 -1.10693e-71 3.14226e-71 7.05764e-71
0.55 -1.4818e-70 4.16572e-70 9.36405e-70
0.554167 -1.92822e-69 5.36848e-69 1.20777e-68
0.558333 -2.43987e-68 6.72782e-68 1.51484e-67
0.5625 -3.00308e-67 8.20166e-67 1.84823e-66
0.566667 -3.59664e-66 9.72912e-66 2.19427e-65
0.570833 -4.19268e-65 1.12338e-64 2.53575e-64
0.575 -4.75868e-64 1.26297e-63 2.85325e-63
0.579167 -5.26031e-63 1.38294e-62 3.12692e-62
0.583333 -5.66491e-62 1.47531e-61 3.33862e-61
0.5875 -5.94507e-61 1.53377e-60 3.47387e-60
0.591667 -6.08168e-60 1.55436e-59 3.52352e-59
0.595833 -6.06613e-59 1.53596e-58 3.48478e-58
0.6 -5.90115e-58 1.48032e-57 3.36144e-57
0.604167 -5.60032e-57 1.39185e-56 3.16328e-56
0.608333 -5.18619e-56 1.27704e-55 2.90484e-55
0.6125 -4.68763e-55 1.14365e-54 2.60368e-54
0.616667 -4.13648e-54 9.99921e-54 2.27844e-53
0.620833 -3.56439e-53 8.53741e-53 1.94705e-52
0.625 -2.99996e-52 7.11989e-52 1.62518e-51
0.629167 -2.46673e-51 5.80103e-51 1.32529e-50
0.633333 -1.98197e-50 4.61867e-50 1.05609e-49
0.6375 -1.55646e-49 3.59419e-49 8.22558e-49
0.641667 -1.1949e-48 2.73433e-48 6.26318e-48
0.645833 -8.96955e-48 2.034e-47 4.66311e-47
0.65 -6.58478e-47 1.47977e-46 3.39545e-46
0.654167 -4.72855e-46 1.05307e-45 2.41848e-45
0.658333 -3.32211e-45 7.33217e-45 1.68537e-44
0.6625 -2.28392e-44 4.99566e-44 1.1493e-43
0.666667 -1.53676e-43 3.33136e-43 7.6708e-43
0.670833 -1.01221e-42 2.17467e-42 5.01176e-42
0.675 -6.52748e-42 1.3899e-41 3.20596e-41
0.679167 -4.12199e-41 8.69892e-41 2.00824e-40
0.683333 -2.54933e-40 5.33226e-40 1.23208e-39
0.6875 -1.54444e-39 3.20178e-39 7.40443e-39
0.691667 -9.16672e-39 1.88353e-38 4.35959e-38
0.695833 -5.33112e-38 1.08573e-37 2.51516e-37
0.7 -3.03844e-37 6.13343e-37 1.42206e-36
0.704167 -1.69736e-36 3.39611e-36 7.88068e-36
0.708333 -9.29504e-36 1.84339e-35 4.28119e-35
0.7125 -4.99046e-35 9.81001e-35 2.28024e-34
0.716667 -2.62725e-34 5.11915e-34 1.19089e-33
0.720833 -1.35641e-33 2.61974e-33 6.09944e-33
0.725 -6.86854e-33 1.31494e-32 3.06404e-32
0.729167 -3.41174e-32 6.47437e-32 1.50986e-31
0.733333 -1.66257e-31 3.12739e-31 7.29913e-31
0.7375 -7.94921e-31 1.48221e-30 3.46215e-30
0.741667 -3.72958e-30 6.89342e-30 1.61143e-29
0.745833 -1.71726e-29 3.14631e-29 7.36065e-29
0.75 -7.76067e-29 1.40947e-28 3.29994e-28
0.754167 -3.44266e-28 6.19792e-28 1.45219e-27
0.758333 -1.49922e-27 2.67555e-27 6.27358e-27
0.7625 -6.40997e-27 1.13397e-26 2.66086e-26
0.766667 -2.69095e-26 4.719e-26 1.10812e-25
0.770833 -1.10932e-25 1.92841e-25 4.53152e-25
0.775 -4.491e-25 7.73908e-25 1.81985e-24
0.779167 -1.78569e-24 3.05039e-24 7.17787e-24
0.783333 -6.97399e-24 1.18095e-23 2.78074e-23
0.7875 -2.67548e-23 4.49113e-23 1.05819e-22
0.791667 -1.00832e-22 1.67787e-22 3.95585e-22
0.795833 -3.73343e-22 6.15841e-22 1.45284e-21
0.8 -1.35818e-21 2.22086e-21 5.24234e-21
0.804167 -4.85482e-21 7.86938e-21 1.85863e-20
0.808333 -1.70525e-20 2.74004e-20 6.4751e-20
0.8125 -5.88605e-20 9.37549e-20 2.21673e-19
0.816667 -1.99667e-19 3.15266e-19 7.45784e-19
0.820833 -6.65672e-19 1.04191e-18 2.46588e-18
0.825 -2.18125e-18 3.38432e-18 8.01326e-18
0.829167 -7.02527e-18 1.0805e-17 2.55944e-17
0.833333 -2.22408e-17 3.39082e-17 8.03517e-17
0.8375 -6.92128e-17 1.046e-16 2.47958e-16
0.841667 -2.11731e-16 3.17189e-16 7.52156e-16
0.845833 -6.36739e-16 9.45541e-16 2.24283e-15
0.85 -1.88247e-15 2.77095e-15 6.57442e-15
0.854167 -5.47133e-15 7.98314e-15 1.89452e-14
0.858333 -1.56339e-14 2.26112e-14 5.36695e-14
0.8625 -4.39197e-14 6.29633e-14 1.49469e-13
0.866667 -1.21303e-13 1.72372e-13 4.09235e-13
0.870833 -3.29389e-13 4.63946e-13 1.10153e-12
0.875 -8.79373e-13 1.22769e-12 2.91486e-12
0.879167 -2.30814e-12 3.19398e-12 7.58298e-12
0.883333 -5.95628e-12 8.16943e-12 1.93935e-11
0.8875 -1.51114e-11 2.0543e-11 4.87596e-11
0.891667 -3.76917e-11 5.07854e-11 1.20516e-10
0.895833 -9.24247e-11 1.23427e-10 2.92816e-10
0.9 -2.22802e-10 2.9489e-10 6.99357e-10
0.904167 -5.27987e-10 6.92592e-10 1.64187e-09
0.908333 -1.22994e-09 1.59898e-09 3.78877e-09
0.9125 -2.8163e-09 3.62855e-09 8.5931e-09
0.916667 -6.3385e-09 8.09331e-09 1.91545e-08
0.920833 -1.4021e-08 1.77416e-08 4.19593e-08
0.925 -3.04806e-08 3.8221e-08 9.03215e-08
0.929167 -6.5116e-08 8.09131e-08 1.91039e-07
0.933333 -1.36689e-07 1.68307e-07 3.96988e-07
0.9375 -2.81913e-07 3.43962e-07 8.10424e-07
0.941667 -5.71198e-07 6.90548e-07 1.62508e-06
0.945833 -1.13683e-06 1.36175e-06 3.20044e-06
0.95 -2.2222e-06 2.63732e-06 6.18947e-06
0.954167 -4.26565e-06 5.01563e-06 1.17527e-05
0.958333 -8.03954e-06 9.36506e-06 2.19071e-05
0.9625 -1.48745e-05 1.71649e-05 4.00785e-05
0.966667 -2.70107e-05 3.08765e-05 7.19496e-05
0.970833 -4.81297e-05 5.44974e-05 0.000126716
0.975 -8.41344e-05 9.4358e-05 0.000218884
0.979167 -0.000144245 0.000160221 0.000370721
0.983333 -0.000242477 0.000266727 0.000615457
0.9875 -0.000399523 0.000435193 0.00100119
0.991667 -0.000644998 0.000695669 0.00159525
0.995833 -0.00101988 0.00108907 0.00248861
1 -0.00157878 0.00166893 0.00379916
1.00417 -0.00239143 0.00250228 0.00567264
1.00833 -0.00354255 0.00366856 0.00827916
1.0125 -0.00512888 0.00525577 0.0118029
1.01667 -0.00725208 0.00735252 0.0164226
1.02083 -0.0100063 0.0100352 0.0222818
1.025 -0.01346 0.0133497 0.0294473
1.02917 -0.017631 0.0172889 0.0378591
1.03333 -0.0224589 0.0217678 0.047278
1.0375 -0.0277763 0.0265998 0.0572394
1.04167 -0.0332862 0.0314813 0.067027
1.04583 -0.0385524 0.0359907 0.0756828
1.05 -0.0430124 0.0396078 0.0820644
1.05417 -0.0460185 0.04176 0.0849599
1.05833 -0.0469089 0.0418935 0.0832553
1.0625 -0.0451078 0.0395657 0.0761372
1.06667 -0.0402383 0.0345419 0.063296
1.07083 -0.0322301 0.0268797 0.0450851
1.075 -0.0213946 0.0169759 0.0225849
1.07917 -0.00844066 0.00555638 -0.00246491
1.08333 0.00558509 -0.00640214 -0.0278802
1.0875 0.0194378 -0.0178128 -0.0513684
1.09167 0.0318729 -0.02766 -0.0709235
1.09583 0.0418636 -0.0351801 -0.0851863
1.1 0.0487854 -0.039998 -0.0936716
1.10417 0.0525138 -0.0421776 -0.0967899
1.10833 0.0534042 -0.0421691 -0.0956504
1.1125 0.0521556 -0.0406669 -0.0917021
1.11667 0.0496001 -0.0384222 -0.0863352
1.12083 0.04649 -0.0360759 -0.0805904
1.125 0.0433618 -0.0340715 -0.0750913
1.12917 0.0405318 -0.0326814 -0.0702287
1.13333 0.0382223 -0.0321287 -0.0665122
1.1375 0.0367583 -0.0327412 -0.064903
1.14167 0.0367265 -0.0350444 -0.0669165
1.14583 0.0389847 -0.0397136 -0.0743444
1.15 0.0444584 -0.0473556 -0.0886049
1.15417 0.0537531 -0.0581718 -0.109909
1.15833 0.0667059 -0.0716203 -0.136569
1.1625 0.0820624 -0.0862301 -0.164793
1.16667 0.0974508 -0.099683 -0.189149
1.17083 0.109729 -0.109189 -0.203661
1.175 0.115639 -0.112066 -0.203196
1.17917 0.112573 -0.106341 -0.184696
1.18333 0.0991836 -0.0911829 -0.147812
1.1875 0.0756424 -0.0670248 -0.0947611
1.19167 0.0434771 -0.0353751 -0.0295536
1.19583 0.00510049 0.00156435 0.0430292
1.2 -0.0367363 0.0412929 0.118232
1.20417 -0.0793322 0.0812638 0.191621
1.20833 -0.120148 0.118949 0.258912
1.2125 -0.156695 0.151799 0.315644
1.21667 -0.186397 0.177246 0.357113
1.22083 -0.206629 0.192884 0.378831
1.225 -0.21504 0.196837 0.377434
1.22917 -0.210082 0.188207 0.351685
1.23333 -0.191519 0.167413 0.303116
1.2375 -0.160693 0.136256 0.235998
1.24167 -0.120395 0.0976715 0.156656
1.24583 -0.0744152 0.0552561 0.0724306
1.25 -0.0269373 0.0127453 -0.00934062
1.25417 0.0180034 -0.0264127 -0.0820772
1.25833 0.0569024 -0.0593303 -0.140437
1.2625 0.0870205 -0.0838424 -0.180676
1.26667 0.106561 -0.0986339 -0.200994
1.27083 0.114842 -0.103362 -0.201798
1.275 0.112403 -0.0987226 -0.185664
1.27917 0.100945 -0.0863764 -0.156838
1.28333 0.0830104 -0.0686813 -0.120334
1.2875 0.0614773 -0.0482928 -0.0809792
1.29167 0.0390541 -0.0277595 -0.0428127
1.29583 0.0179729 -0.00923946 -0.00899544
1.3 -5.10825e-05 0.0056315 0.0179601
1.30417 -0.013725 0.0157959 0.0360979
1.30833 -0.0221723 0.0208561 0.0443753
1.3125 -0.0251382 0.0211931 0.0433308
1.31667 -0.0232876 0.0180036 0.0354801
1.32083 -0.0182849 0.0130799 0.0248319
1.325 -0.0123896 0.00827193 0.0154236
1.32917 -0.00760843 0.00480269 0.00954056
1.33333 -0.00481784 0.00279897 0.00671913
1.3375 -0.00342468 0.00136966 0.00433066
1.34167 -0.00188504 -0.000720368 -0.000422601
1.34583 0.00114085 -0.00412365 -0.00828623
1.35 0.005698 -0.00829823 -0.0170042
1.35417 0.0102598 -0.0116455 -0.0224179
1.35833 0.0125364 -0.012384 -0.0210398
1.3625 0.0109164 -0.00965645 -0.0124627
1.36667 0.00561882 -0.00417714 2.37948e-05
1.37083 -0.0012286 0.00201209 0.0110907
1.375 -0.00668071 0.0065501 0.0162665
1.37917 -0.0085561 0.00791966 0.0142203
1.38333 -0.00651157 0.00607887 0.00705066
1.3875 -0.00198247 0.00224959 -0.00139747
1.39167 0.00285444 -0.00189597 -0.00785522
1.39583 0.00631383 -0.00507044 -0.0110051
1.4 0.00782499 -0.00674368 -0.0112359
1.40417 0.00769616 -0.00698271 -0.00941713
1.40833 0.00644186 -0.00607932 -0.00597868
1.4125 0.00434837 -0.00435065 -0.00108922
1.41667 0.00161384 -0.00222357 0.00443429
1.42083 -0.00120683 -0.000371526 0.00863461
1.425 -0.00305338 0.000417178 0.00918004
1.42917 -0.00285777 -0.00029566 0.00505702
1.43333 -0.000409675 -0.00211432 -0.00216179
1.4375 0.00314145 -0.00376839 -0.00874741
1.44167 0.00571984 -0.00371487 -0.0109815
1.44583 0.00556172 -0.00108214 -0.00765346
1.45 0.00243134 0.00368347 -0.00102993
1.45417 -0.00211014 0.00897605 0.00455856
1.45833 -0.00566764 0.0129541 0.0056095
1.4625 -0.00657684 0.0146272 0.00176849
1.46667 -0.00496144 0.0143608 -0.0040897
1.47083 -0.002528 0.0134631 -0.00802985
1.475 -0.00127422 0.0131803 -0.00782726
1.47917 -0.00208444 0.0138419 -0.00430612
1.48333 -0.00423579 0.0147554 -0.000370323
1.4875 -0.00611441 0.0148664 0.00137491
1.49167 -0.00651899 0.0136299 0.000510285
1.49583 -0.00552355 0.0114167 -0.00119281
1.5 -0.00427712 0.00917831 -0.00148675
1.50417 -0.0039816 0.0076856 0.000417265
1.50833 -0.00491662 0.00696867 0.00327144
1.5125 -0.00628778 0.00638898 0.00496727
1.51667 -0.00696918 0.00524361 0.0044122
1.52083 -0.00647839 0.00337177 0.0025061
1.525 -0.00535252 0.00124741 0.00138641
1.52917 -0.00460827 -0.000519645 0.00255447
1.53333 -0.00474074 -0.00185034 0.00544294
1.5375 -0.00511515 -0.00345003 0.00766671
1.54167 -0.00430668 -0.00638962 0.00685704
1.54583 -0.00117808 -0.0113026 0.00266585
1.55 0.00414058 -0.0178222 -0.00269819
1.55417 0.0101787 -0.0247284 -0.00595301
1.55833 0.0150846 -0.0307274 -0.00520212
1.5625 0.0179201 -0.0352791 -0.00146993
1.56667 0.019281 -0.0388139 0.0019743
1.57083 0.0207123 -0.0421373 0.00210642
1.575 0.0233213 -0.0454647 -0.00142565
1.57917 0.0266648 -0.0478574 -0.00588589
1.58333 0.0288324 -0.0475646 -0.00749776
1.5875 0.027749 -0.0430921 -0.00444735
1.59167 0.0227372 -0.0342321 0.00152968
1.59583 0.0151147 -0.0222811 0.00633437
1.6 0.00730992 -0.00926472 0.00663748
1.60417 0.00114664 0.00325128 0.00250657
1.60833 -0.00336306 0.0148636 -0.00261766
1.6125 -0.00774602 0.0260367 -0.0046503
1.61667 -0.0135289 0.0370977 -0.00213391
1.62083 -0.0206895 0.0473861 0.00260872
1.625 -0.0273917 0.0552954 0.00540436
1.62917 -0.0312548 0.0592108 0.00366976
1.63333 -0.0311413 0.0585938 -0.00147082
1.6375 -0.0279965 0.0543258 -0.00612891
1.64167 -0.0240538 0.0480189 -0.00684314
1.64583 -0.0210651 0.0408532 -0.00334829
1.65 -0.0190197 0.0328958 0.00134736
1.65417 -0.016386 0.0234563 0.00355118
1.65833 -0.0116268 0.0121667 0.0019022
1.6625 -0.00469346 -0.000136502 -0.00169145
1.66667 0.00273908 -0.011497 -0.00385635
1.67083 0.00844944 -0.0198644 -0.00264844
1.675 0.011246 -0.0242705 0.000924278
1.67917 0.0116607 -0.0252618 0.00392137
1.68333 0.0112768 -0.0243139 0.00401567
1.6875 0.0113533 -0.0227645 0.00135807
1.69167 0.011918 -0.0211146 -0.0017194
1.69583 0.0120126 -0.0191466 -0.002751
1.7 0.0107573 -0.0165851 -0.00112843
1.70417 0.00825545 -0.0136182 0.00156857
1.70833 0.00557624 -0.010824 0.0030218
1.7125 0.00388672 -0.00864803 0.00208545
1.71667 0.00351367 -0.0069791 -0.00040192
1.72083 0.00372409 -0.00524365 -0.00244416
1.725 0.0033748 -0.00293591 -0.00255257
1.72917 0.00186395 -0.00011181 -0.000869597
1.73333 -0.000392477 0.00257401 0.00107919
1.7375 -0.00231038 0.00430584 0.00169733
1.74167 -0.00299007 0.0046619 0.00058729
1.74583 -0.00237756 0.00387836 -0.00121295
1.75 -0.0012394 0.00267022 -0.00214833
1.75417 -0.000523872 0.00177196 -0.00143251
1.75833 -0.000647473 0.00151391 0.000338945
1.7625 -0.00125822 0.00169017 0.00171722
1.76667 -0.00161447 0.00178113 0.00161476
1.77083 -0.00123332 0.00137604 0.000202746
1.775 -0.000281134 0.00050247 -0.00124703
1.77917 0.000585424 -0.000389907 -0.00144753
1.78333 0.000774406 -0.000794943 -0.000206061
1.7875 0.000247697 -0.000564667 0.00138795
1.79167 -0.000460172 7.37138e-06 0.00188983
1.79583 -0.000718564 0.000527054 0.00077767
1.8 -0.000379639 0.000926398 -0.00103515
1.80417 5.4145e-05 0.0015086 -0.00196113
1.80833 -0.000128477 0.00251825 -0.00116243
1.8125 -0.00114058 0.00367783 0.000638397
1.81667 -0.00237176 0.00423702 0.00176976
1.82083 -0.00281977 0.00357796 0.00116359
1.825 -0.00196566 0.0018087 -0.000591449
1.82917 -0.000294298 -0.000263556 -0.00176725
1.83333 0.00108437 -0.00177449 -0.00117121
1.8375 0.00141455 -0.00243249 0.000639614
1.84167 0.000944125 -0.00254912 0.00186812
1.84583 0.000587466 -0.002529 0.00127518
1.85 0.000927729 -0.00241217 -0.000538824
1.85417 0.0015888 -0.00192601 -0.00172831
1.85833 0.00165041 -0.000904787 -0.00111208
1.8625 0.000676759 0.000435761 0.000588058
1.86667 -0.000753148 0.00164859 0.00151768
1.87083 -0.00160677 0.00240646 0.000676182
1.875 -0.00144654 0.00265134 -0.00101749
1.87917 -0.000810471 0.00244336 -0.00174685
1.88333 -0.000515626 0.00177598 -0.000784261
1.8875 -0.000697275 0.000609234 0.000756428
1.89167 -0.000689995 -0.000943893 0.00121105
1.89583 0.000126217 -0.00252127 0.000208214
1.9 0.00150355 -0.00360247 -0.00100656
1.90417 0.0024663 -0.00369451 -0.00104844
1.90833 0.00224363 -0.00255067 7.96994e-05
1.9125 0.000982117 -0.000422057 0.00109959
1.91667 -0.000445116 0.00183295 0.00094347
1.92083 -0.00122797 0.00310659 -0.000126739
1.925 -0.00119897 0.00282625 -0.000915835
1.92917 -0.00076456 0.00147413 -0.000619435
1.93333 -0.000407205 0.000171973 0.000380208
1.9375 -0.000268064 -0.000349835 0.000983132
1.94167 -0.00014674 -0.000277797 0.000536258
1.94583 0.000141183 -0.000194265 -0.000484994
1.95 0.000451328 -0.000289036 -0.00096123
1.95417 0.00043558 -0.000336617 -0.000333043
1.95833 1.5508e-05 -0.00029218 0.000724998
1.9625 -0.000385089 -0.000480615 0.000990951
1.96667 -0.000247262 -0.00106073 9.41748e-05
1.97083 0.00040299 -0.00161071 -0.00098672
1.975 0.00092163 -0.00151467 -0.00101427
1.97917 0.000698725 -0.000653502 6.36846e-05
1.98333 -0.000194488 0.000472882 0.00104605
1.9875 -0.00107095 0.00122946 0.000850795
1.99167 -0.00128275 0.00132169 -0.000305832
1.99583 -0.000793807 0.000922025 -0.00118938
2 -0.000192906 0.000484325 -0.000840976
2.00417 -0.000134976 0.000291591 0.000458715
2.00833 -0.00061253 4.1555e-05 0.00138975
2.0125 -0.000796991 -0.00084753 0.000832062
2.01667 7.568e-05 -0.00223135 -0.00083132
2.02083 0.00153793 -0.00290715 -0.0017842
2.025 0.00206148 -0.00189906 -0.00070121
2.02917 0.000835426 0.000113825 0.00136875
2.03333 -0.000985589 0.00144324 0.00187345
2.0375 -0.00152078 0.00146386 -3.55748e-05
2.04167 -0.00051673 0.00109382 -0.00206716
2.04583 0.000433571 0.00100891 -0.00157645
2.05 0.000189339 0.000618851 0.000851124
2.05417 -0.000451784 -0.000420771 0.00209454
2.05833 -0.000194181 -0.000921691 0.000687867
2.0625 0.000745795 0.000193697 -0.00137941
2.06667 0.0011332 0.00179445 -0.00160977
2.07083 0.000666184 0.00187566 -0.000158384
2.075 0.000196766 0.000601835 0.00104639
2.07917 0.000223887 -6.78143e-06 0.00104977
2.08333 0.000445675 0.000576776 0.000302104
2.0875 0.000784474 0.000716443 -0.000666442
2.09167 0.00144367 -0.000101363 -0.00134211
2.09583 0.00174496 5.2877e-05 -0.000766886
2.1 0.000550743 0.00204338 0.00109622
2.10417 -0.00151985 0.00332476 0.00210277
2.10833 -0.00205558 0.00158135 0.000355156
2.1125 -0.000240629 -0.00124179 -0.00231378
2.11667 0.00139623 -0.00169659 -0.00209264
2.12083 0.000425148 -0.000276546 0.00110489
2.125 -0.0017199 -0.000355742 0.00285949
2.12917 -0.0018577 -0.00229441 0.000627012
2.13333 1.215e-07 -0.00294226 -0.00228749
2.1375 0.000845512 -0.0014724 -0.00173947
2.14167 -0.000345723 -0.00103125 0.00100372
2.14583 -0.00118669 -0.00285298 0.00167407
2.15 -0.00023828 -0.00341169 -0.000181012
2.15417 0.000570375 -0.000547823 -0.00118683
2.15833 -0.000329675 0.00185398 -0.000239213
2.1625 -0.00106738 -0.000187993 0.000133285
2.16667 0.000323759 -0.00356462 -0.00098972
2.17083 0.00199521 -0.00258191 -0.00107788
2.175 0.00117598 0.00151276 0.00076073
2.17917 -0.000787758 0.00225724 0.00134188
2.18333 -0.000355561 -0.00125784 -0.00111538
2.1875 0.00206747 -0.00269254 -0.00302964
2.19167 0.00241157 0.000878957 -0.000875347
2.19583 -0.000290891 0.00386271 0.00254825
2.2 -0.00200689 0.00149257 0.00207805
2.20417 -0.000210299 -0.00205979 -0.00150323
2.20833 0.00193691 -0.00063215 -0.00253534
2.2125 0.000759781 0.003621 0.000593091
2.21667 -0.00200964 0.00394959 0.00313006
2.22083 -0.00228319 0.000300829 0.00168713
2.225 -0.000248403 -0.000927316 -0.000831358
2.22917 0.000428724 0.00207988 -0.000554751
2.23333 -0.00104798 0.00366255 0.00129698
2.2375 -0.00163196 0.000607431 0.00128695
2.24167 -4.41676e-05 -0.00231074 -0.00026414
2.24583 0.00102549 -0.000602803 -0.000419665
2.25 -0.000185779 0.00212548 0.000827193
2.25417 -0.00123534 0.000310659 0.000604101
2.25833 0.000320508 -0.00379038 -0.00141378
2.2625 0.00237853 -0.00341428 -0.00192248
2.26667 0.00141533 0.0014563 0.00046564
2.27083 -0.00157218 0.00364504 0.00234963
2.275 -0.00225258 0.000270367 0.000673577
2.27917 0.000244173 -0.00257557 -0.00209703
2.28333 0.00181815 0.000193201 -0.00144404
2.2875 -0.000169341 0.00429905 0.00208437
2.29167 -0.00271288 0.00322222 0.0034269
2.29583 -0.00199968 -0.000871319 0.000760792
2.3 0.000484103 -0.000686328 -0.00167001
2.30417 0.000492673 0.00381973 -0.000258863
2.30833 -0.00194912 0.00505488 0.00239927
2.3125 -0.00265287 0.000531664 0.00200129
2.31667 -0.000359542 -0.00260742 -0.000462357
2.32083 0.0011296 0.000585167 -0.000811548
2.325 -0.000513002 0.0043628 0.000997398
2.32917 -0.00208703 0.00182397 0.00109561
2.33333 -0.000411051 -0.00339735 -0.00107064
2.3375 0.00203084 -0.00330814 -0.00159336
2.34167 0.00133391 0.000846443 0.000629766
2.34583 -0.000901612 0.000972387 0.00136305
2.35 -0.000227225 -0.00369937 -0.00155969
2.35417 0.00278651 -0.005396 -0.00382248
2.35833 0.00331084 -0.00157757 -0.00167608
2.3625 0.00059591 0.000594211 0.0013975
2.36667 -0.00061858 -0.00310281 0.000278105
2.37083 0.00182064 -0.00656111 -0.00327746
2.375 0.00389719 -0.00403051 -0.0037173
2.37917 0.00233284 0.000195617 -0.000795305
2.38333 -0.000201453 -0.000250385 0.000764586
2.3875 -0.00014661 -0.00298862 -0.000554931
2.39167 0.00115529 -0.00204023 -0.00151827
2.39583 0.000731323 0.00138823 -0.000548849
2.4 -0.000612742 0.00187073 0.000278888
2.40417 -0.000540727 4.28508e-06 0.00018613
2.40833 -7.60657e-06 0.000915883 0.00103523
2.4125 -0.00124624 0.00441746 0.0026749
2.41667 -0.00299726 0.00515557 0.00225773
2.42083 -0.0023816 0.00211653 -0.000234554
2.425 -0.00019074 0.000114174 -0.000878215
2.42917 0.000232939 0.00127918 0.00165002
2.43333 -0.00133842 0.00223779 0.00324295
2.4375 -0.00186848 0.000951504 0.000908618
2.44167 -0.0003771 -0.000234905 -0.00219857
2.44583 0.00081653 -7.65937e-05 -0.00185459
2.45 0.000514143 -0.000812682 0.000685775
2.45417 0.000312094 -0.00287042 0.00131841
2.45833 0.00102528 -0.00297322 -0.000330606
2.4625 0.00116408 -0.000316676 -0.00133718
2.46667 0.00025506 0.000863167 -0.000861169
2.47083 0.00017726 -0.00157706 -0.000608837
2.475 0.00144135 -0.00320425 -0.000655031
2.47917 0.00149813 -0.000272199 0.000608628
2.48333 -0.000822179 0.00322846 0.00219679
2.4875 -0.00234389 0.00183123 0.00099893
2.49167 -0.000396888 -0.00172265 -0.00220941
2.49583 0.00201928 -0.000650124 -0.00225968
2.5 0.000462142 0.00388329 0.00210574
2.50417 -0.00319964 0.00388369 0.00447753
2.50833 -0.00293246 -0.00171064 0.000152519
2.5125 0.00157197 -0.00411505 -0.00518346
2.51667 0.00357403 0.00077617 -0.00322994
2.52083 -7.05516e-05 0.00464275 0.00340546
2.525 -0.0034617 0.000397176 0.0045189
2.52917 -0.00112864 -0.0052462 -0.00147665
2.53333 0.00299317 -0.0028783 -0.00496678
2.5375 0.00237206 0.00310948 -0.000895727
2.54167 -0.00116564 0.00200433 0.00352416
2.54583 -0.00128172 -0.0040432 0.00169511
2.55 0.00144496 -0.0035336 -0.00187291
2.55417 0.00118689 0.00343981 -0.00100434
2.55833 -0.00176752 0.00460669 0.00128146
2.5625 -0.00144228 -0.00240753 1.71967e-05
2.56667 0.00205416 -0.00497903 -0.0015598
2.57083 0.00185743 0.00220495 0.0010498
2.575 -0.00279447 0.00702489 0.00341859
2.57917 -0.00393306 0.000950539 -0.000182716
2.58333 0.00125675 -0.00585019 -0.00476973
2.5875 0.00459134 -0.00228462 -0.00207545
2.59167 0.00050665 0.00469219 0.0043863
2.59583 -0.004287 0.00301789 0.00419684
2.6 -0.00206637 -0.00368946 -0.00257345
2.60417 0.00326647 -0.00374113 -0.00541044
2.60833 0.00329809 0.00213987 -0.000349079
2.6125 -0.00132191 0.00352864 0.00470624
2.61667 -0.00322017 -0.00121187 0.00307248
2.62083 -0.000336156 -0.00363095 -0.00194995
2.625 0.00243541 -0.000412399 -0.00382724
2.62917 0.00173248 0.002491 -0.00126197
2.63333 -0.000584809 0.000937802 0.00227996
2.6375 -0.00156823 -0.00180493 0.00303249
2.64167 -0.000638907 -0.0015691 0.000124797
2.64583 0.000808042 0.00107233 -0.00309308
2.65 0.000998057 0.00268621 -0.00224643
2.65417 -0.000358276 0.00120507 0.00179655
2.65833 -0.0013284 -0.00171862 0.00333623
2.6625 -0.000436492 -0.00206884 0.000355956
2.66667 0.000758719 0.000996128 -0.00246032
2.67083 0.000362714 0.00260746 -0.00157843
2.675 -0.000312383 -0.000606266 0.000490519
2.67917 0.00047318 -0.00375619 0.000913007
2.68333 0.000936274 -0.000998613 0.000772014
2.6875 -0.000776322 0.00369514 0.000762431
2.69167 -0.0019579 0.00237658 -0.000688132
2.69583 0.00023803 -0.00294485 -0.00242677
2.7 0.00264755 -0.00328097 -0.000790859
2.70417 0.000844962 0.0018352 0.00289977
2.70833 -0.00266201 0.00374385 0.00270283
2.7125 -0.00212924 -0.000351005 -0.00183971
2.71667 0.00169148 -0.0034668 -0.003958
2.72083 0.00288905 -0.00130531 -0.000506051
2.725 6.51558e-05 0.00185122 0.00326401
2.72917 -0.00229702 0.00173816 0.00243679
2.73333 -0.00142053 -7.20423e-05 -0.00103059
2.7375 0.000732765 -0.000820108 -0.00280691
2.74167 0.00158018 -0.000403957 -0.00152377
2.74583 0.000635066 0.000350438 0.00147849
2.75 -0.00111223 0.000645973 0.00324385
2.75417 -0.00170603 -0.000312993 0.000983646
2.75833 8.46619e-05 -0.00135212 -0.00331121
2.7625 0.00209675 -0.000228771 -0.00342171
2.76667 0.00106326 0.00166702 0.00169567
2.77083 -0.0017279 0.000681067 0.00462129
2.775 -0.00185874 -0.0018568 0.000837966
2.77917 0.000718805 -0.00107905 -0.00361294
2.78333 0.00163969 0.00189127 -0.0022515
2.7875 -2.58324e-05 0.00118623 0.00164659
2.79167 -0.000759321 -0.00228166 0.00214295
2.79583 0.000199053 -0.00165758 0.000322298
2.8 3.79029e-05 0.0025487 -0.000317593
2.80417 -0.00101362 0.00253826 -0.000637431
2.80833 -1.45959e-05 -0.00206029 -0.00146131
2.8125 0.00183103 -0.00301092 -0.000177978
2.81667 0.000684339 0.00124147 0.00268292
2.82083 -0.00200412 0.00292652 0.0019357
2.825 -0.00137647 -0.000385638 -0.00247354
2.82917 0.00174246 -0.00213279 -0.00351682
2.83333 0.00205973 0.000219087 0.00083726
2.8375 -0.000726374 0.00152832 0.00359618
2.84167 -0.00190006 -9.39935e-05 0.000783202
2.84583 -0.000211265 -0.000756544 -0.00257303
2.85 0.00117909 0.00026449 -0.0020567
2.85417 0.000951971 2.87267e-05 0.000124599
2.85833 0.000281277 -0.000629119 0.00132875
2.8625 -0.000698363 0.000740699 0.00176447
2.86667 -0.00162735 0.00151908 0.000678407
2.87083 -0.00045219 -0.00094201 -0.00223956
2.875 0.00219083 -0.00245833 -0.0028318
2.87917 0.00197478 0.000453813 0.00147056
2.88333 -0.00157063 0.00278526 0.00479535
2.8875 -0.00281301 8.76564e-05 0.00142583
2.89167 0.000533778 -0.00268603 -0.00345705
2.89583 0.00308084 -0.000660858 -0.00190068
2.9 0.00119771 0.00169787 0.0033595
2.90417 -0.00111849 -0.000112171 0.00435768
2.90833 -0.00016848 -0.00185525 0.00133441
2.9125 0.00159189 0.000214442 0.000176933
2.91667 0.00166776 0.00158933 0.00179011
2.92083 0.00179078 -0.000981866 0.00346078
2.925 0.0027902 -0.00269908 0.00527109
2.92917 0.00268188 -0.000527722 0.00736073
2.93333 0.00204666 0.000796077 0.00717651
2.9375 0.0038483 -0.00147841 0.00558515
2.94167 0.00690954 -0.0030076 0.00801242
2.94583 0.00723918 -0.00165146 0.0145683
2.95 0.00582226 -0.00130776 0.0181418
2.95417 0.00719467 -0.00323693 0.0165829
2.95833 0.0110504 -0.0039243 0.0166906
2.9625 0.013167 -0.00319923 0.0221844
2.96667 0.0132737 -0.00432209 0.0281047
2.97083 0.0143894 -0.00612707 0.030599
2.975 0.0164032 -0.00516683 0.0321348
2.97917 0.0173989 -0.00383354 0.0344552
2.98333 0.0184893 -0.00619287 0.0359735
2.9875 0.0208211 -0.00904041 0.0373262
2.99167 0.0215759 -0.00735001 0.0402794
2.99583 0.0190036 -0.00421328 0.041593
