0 0 0 0
0.00416667 0 0 0
0.00833333 0 0 0
0.0125 0 0 0
0.0166667 0 0 0
0.0208333 0 0 0
0.025 0 0 0
0.0291667 0 0 0
0.0333333 0 0 0
0.0375 0 0 0
0.0416667 0 0 0
0.0458333 0 0 0
0.05 0 0 0
0.0541667 0 0 0
0.0583333 0 0 0
0.0625 0 0 0
0.0666667 0 0 0
0.0708333 0 0 0
0.075 0 0 0
0.0791667 0 0 0
0.0833333 0 0 0
0.0875 0 0 0
0.0916667 0 0 0
0.0958333 0 0 0
0.1 0 0 0
0.104167 0 0 0
0.108333 0 0 0
0.1125 0 0 0
0.116667 0 0 0
0.120833 0 0 0
0.125 0 0 0
0.129167 0 0 0
0.133333 0 0 0
0.1375 0 0 0
0.141667 0 0 0
0.145833 0 0 0
0.15 0 0 0
0.154167 0 0 0
0.158333 0 0 0
0.1625 0 0 0
0.166667 0 0 0
0.170833 0 0 0
0.175 0 0 0
0.179167 0 0 0
0.183333 0 0 0
0.1875 0 0 0
0.191667 -2.94463e-321 4.49254e-320 6.03748e-320
0.195833 -1.03783e-316 1.48626e-315 1.99841e-315
0.2 -2.7881e-312 3.90716e-311 5.25311e-311
0.204167 -6.01412e-308 8.25089e-307 1.10923e-306
0.208333 -1.05089e-303 1.41204e-302 1.89817e-302
0.2125 -1.49995e-299 1.97471e-298 2.65435e-298
0.216667 -1.76248e-295 2.27437e-294 3.05692e-294
0.220833 -1.71754e-291 2.17327e-290 2.92082e-290
0.225 -1.39779e-287 1.7349e-286 2.33151e-286
0.229167 -9.56262e-284 1.16463e-282 1.56503e-282
0.233333 -5.53365e-280 6.61526e-279 8.88898e-279
0.2375 -2.72454e-276 3.1981e-275 4.29705e-275
0.241667 -1.14773e-272 1.32323e-271 1.77782e-271
0.245833 -4.15853e-269 4.71047e-268 6.32835e-268
0.25 -1.30247e-265 1.44992e-264 1.94781e-264
0.254167 -3.54313e-262 3.87738e-261 5.20853e-261
0.258333 -8.40932e-259 9.04903e-258 1.2155e-257
0.2625 -1.74886e-255 1.85097e-254 2.48618e-254
0.266667 -3.2e-252 3.33201e-251 4.47526e-251
0.270833 -5.17175e-249 5.29923e-248 7.11711e-248
0.275 -7.41028e-246 7.4736e-245 1.0037e-244
0.279167 -9.44677e-243 9.37989e-242 1.25965e-241
0.283333 -1.07512e-239 1.0512e-238 1.41163e-238
0.2875 -1.09588e-236 1.05535e-235 1.41716e-235
0.291667 -1.00356e-233 9.52093e-233 1.27845e-232
0.295833 -8.28121e-231 7.74129e-230 1.03945e-229
0.3 -6.17508e-228 5.68895e-227 7.63848e-227
0.304167 -4.17228e-225 3.78891e-224 5.08717e-224
0.308333 -2.56105e-222 2.29294e-221 3.07852e-221
0.3125 -1.43175e-219 1.264e-218 1.69702e-218
0.316667 -7.30732e-217 6.36247e-216 8.54188e-216
0.320833 -3.4127e-214 2.93105e-213 3.93497e-213
0.325 -1.46166e-211 1.23851e-210 1.66269e-210
0.329167 -5.75349e-209 4.81043e-208 6.45783e-208
0.333333 -2.08565e-206 1.72091e-205 2.31023e-205
0.3375 -6.97643e-204 5.68175e-203 7.62732e-203
0.341667 -2.15741e-201 1.7345e-200 2.32842e-200
0.345833 -6.17918e-199 4.90492e-198 6.58435e-198
0.35 -1.64209e-196 1.28711e-195 1.7278e-195
0.354167 -4.05571e-194 3.13951e-193 4.21442e-193
0.358333 -9.32509e-192 7.12987e-191 9.57099e-191
0.3625 -1.99914e-189 1.50994e-188 2.02691e-188
0.366667 -4.00218e-187 2.98648e-186 4.00899e-186
0.370833 -7.49302e-185 5.52481e-184 7.41642e-184
0.375 -1.31384e-182 9.57306e-182 1.28508e-181
0.379167 -2.16047e-180 1.55581e-179 2.08853e-179
0.383333 -3.33621e-178 2.37472e-177 3.18786e-177
0.3875 -4.84414e-176 3.40858e-175 4.57579e-175
0.391667 -6.62185e-174 4.60659e-173 6.18414e-173
0.395833 -8.53224e-172 5.86887e-171 7.87882e-171
0.4 -1.03747e-169 7.0567e-169 9.47365e-169
0.404167 -1.19181e-167 8.017e-167 1.07631e-166
0.408333 -1.29488e-165 8.61506e-165 1.15663e-164
0.4125 -1.33202e-163 8.76599e-163 1.17692e-162
0.416667 -1.29864e-161 8.45443e-161 1.13512e-160
0.420833 -1.20116e-159 7.73644e-159 1.03875e-158
0.425 -1.05503e-157 6.72342e-157 9.02765e-157
0.429167 -8.80831e-156 5.5544e-155 7.45824e-155
0.433333 -6.99638e-154 4.36593e-153 5.86262e-153
0.4375 -5.29168e-152 3.26807e-151 4.38858e-151
0.441667 -3.81439e-150 2.3316e-149 3.13115e-149
0.445833 -2.62259e-148 1.58681e-147 2.13105e-147
0.45 -1.72132e-146 1.03099e-145 1.38466e-145
0.454167 -1.07934e-144 6.40004e-144 8.59591e-144
0.458333 -6.47071e-143 3.79877e-142 5.10239e-142
0.4625 -3.71166e-141 2.15753e-140 2.89807e-140
0.466667 -2.03854e-139 1.17337e-138 1.57621e-138
0.470833 -1.07278e-137 6.11486e-137 8.21463e-137
0.475 -5.41303e-136 3.05566e-135 4.10517e-135
0.479167 -2.62058e-134 1.46514e-133 1.96848e-133
0.483333 -1.21804e-132 6.74511e-132 9.06296e-132
0.4875 -5.43885e-131 2.98339e-130 4.00884e-130
0.491667 -2.33454e-129 1.26855e-128 1.70469e-128
0.495833 -9.63839e-128 5.18845e-127 6.97279e-127
0.5 -3.82974e-126 2.04248e-125 2.74509e-125
0.504167 -1.46535e-124 7.74301e-124 1.04074e-123
0.508333 -5.4021e-123 2.82837e-122 3.80191e-122
0.5125 -1.91984e-121 9.96024e-121 1.33897e-120
0.516667 -6.58082e-120 3.38328e-119 4.54855e-119
0.520833 -2.17684e-118 1.10908e-117 1.4912e-117
0.525 -6.95224e-117 3.51044e-116 4.72031e-116
0.529167 -2.14479e-115 1.07336e-114 1.44342e-114
0.533333 -6.3946e-114 3.17189e-113 4.26584e-113
0.5375 -1.84337e-112 9.06326e-112 1.21902e-111
0.541667 -5.14016e-111 2.50517e-110 3.36981e-110
0.545833 -1.38708e-109 6.70148e-109 9.0153e-109
0.55 -3.62385e-108 1.73568e-107 2.33519e-107
0.554167 -9.16999e-107 4.35429e-106 5.85888e-106
0.558333 -2.24841e-105 1.0585e-104 1.42441e-104
0.5625 -5.34395e-104 2.49441e-103 3.35703e-103
0.566667 -1.23169e-102 5.7005e-102 7.6727e-102
0.570833 -2.75398e-101 1.26385e-100 1.70129e-100
0.575 -5.97585e-100 2.71942e-99 3.66108e-99
0.579167 -1.25886e-98 5.68087e-98 7.64886e-98
0.583333 -2.57544e-97 1.15256e-96 1.55202e-96
0.5875 -5.11883e-96 2.27184e-95 3.05958e-95
0.591667 -9.88745e-95 4.35212e-94 5.86191e-94
0.595833 -1.85668e-93 8.10549e-93 1.09187e-92
0.6 -3.39056e-92 1.4681e-91 1.97789e-91
0.604167 -6.02316e-91 2.58681e-90 3.48551e-90
0.608333 -1.0412e-89 4.4355e-89 5.97727e-89
0.6125 -1.75197e-88 7.40327e-88 9.97794e-88
0.616667 -2.87037e-87 1.20319e-86 1.62185e-86
0.620833 -4.58027e-86 1.90459e-85 2.56766e-85
0.625 -7.12051e-85 2.93731e-84 3.96046e-84
0.629167 -1.07875e-83 4.41466e-83 5.95327e-83
0.633333 -1.59306e-82 6.46792e-82 8.72339e-82
0.6375 -2.29387e-81 9.23988e-81 1.24638e-80
0.641667 -3.22136e-80 1.28741e-79 1.73686e-79
0.645833 -4.41322e-79 1.74994e-78 2.36122e-78
0.65 -5.89967e-78 2.32111e-77 3.13239e-77
0.654167 -7.69767e-77 3.00498e-76 4.05592e-76
0.658333 -9.80519e-76 3.79807e-75 5.12718e-75
0.6625 -1.2196e-74 4.68771e-74 6.32916e-74
0.666667 -1.48166e-73 5.65113e-73 7.63115e-73
0.670833 -1.75849e-72 6.65553e-72 8.98894e-72
0.675 -2.03934e-71 7.65947e-71 1.03466e-70
0.679167 -2.31148e-70 8.6154e-70 1.16398e-69
0.683333 -2.56115e-69 9.47337e-69 1.28011e-68
0.6875 -2.77466e-68 1.01853e-67 1.37655e-67
0.691667 -2.93972e-67 1.07096e-66 1.44766e-66
0.695833 -3.04653e-66 1.1015e-65 1.4892e-65
0.7 -3.08884e-65 1.10839e-64 1.49879e-64
0.704167 -3.06446e-64 1.09139e-63 1.47606e-63
0.708333 -2.97553e-63 1.05178e-62 1.42275e-62
0.7125 -2.82815e-62 9.92216e-62 1.34242e-61
0.716667 -2.63177e-61 9.16433e-61 1.24012e-60
0.720833 -2.39813e-60 8.28863e-60 1.12183e-59
0.725 -2.14019e-59 7.3422e-59 9.93922e-59
0.729167 -1.87093e-58 6.37091e-58 8.62602e-58
0.733333 -1.60236e-57 5.41602e-57 7.33453e-57
0.7375 -1.3447e-56 4.51158e-56 6.11091e-56
0.741667 -1.10593e-55 3.68312e-55 4.98974e-55
0.745833 -8.91506e-55 2.94718e-54 3.9935e-54
0.75 -7.04506e-54 2.31188e-53 3.13328e-53
0.754167 -5.45846e-53 1.77809e-52 2.41032e-52
0.758333 -4.14708e-52 1.34102e-51 1.8182e-51
0.7625 -3.09003e-51 9.91896e-51 1.34512e-50
0.766667 -2.25833e-50 7.19627e-50 9.76095e-50
0.770833 -1.61911e-49 5.12171e-49 6.94847e-49
0.775 -1.13889e-48 3.5764e-48 4.853e-48
0.779167 -7.86074e-48 2.45049e-47 3.32589e-47
0.783333 -5.32441e-47 1.64775e-46 2.23685e-46
0.7875 -3.53964e-46 1.08746e-45 1.47655e-45
0.791667 -2.30981e-45 7.04474e-45 9.5674e-45
0.795833 -1.4797e-44 4.48023e-44 6.08586e-44
0.8 -9.30681e-44 2.79747e-43 3.80085e-43
0.804167 -5.74781e-43 1.71518e-42 2.33086e-42
0.808333 -3.48599e-42 1.0327e-41 1.40371e-41
0.8125 -2.07643e-41 6.10674e-41 8.30242e-41
0.816667 -1.21483e-40 3.54694e-40 4.8233e-40
0.820833 -6.98184e-40 2.02373e-39 2.75256e-39
0.825 -3.942e-39 1.13435e-38 1.54321e-38
0.829167 -2.18674e-38 6.24702e-38 8.50053e-38
0.833333 -1.19193e-37 3.38044e-37 4.60089e-37
0.8375 -6.38437e-37 1.79756e-36 2.44708e-36
0.841667 -3.36072e-36 9.39384e-36 1.27909e-35
0.845833 -1.73872e-35 4.82485e-35 6.57108e-35
0.85 -8.84189e-35 2.4358e-34 3.3181e-34
0.854167 -4.4199e-34 1.20879e-33 1.64699e-33
0.858333 -2.17202e-33 5.89713e-33 8.03668e-33
0.8625 -1.04937e-32 2.82842e-32 3.85544e-32
0.866667 -4.98474e-32 1.3338e-31 1.8185e-31
0.870833 -2.32825e-31 6.18455e-31 8.43384e-31
0.875 -1.06935e-30 2.81984e-30 3.84623e-30
0.879167 -4.82988e-30 1.26435e-29 1.72493e-29
0.883333 -2.14541e-29 5.57522e-29 7.60776e-29
0.8875 -9.37266e-29 2.41786e-28 3.30003e-28
0.891667 -4.02734e-28 1.03133e-27 1.40791e-27
0.895833 -1.70216e-27 4.32701e-27 5.90818e-27
0.9 -7.07666e-27 1.78574e-26 2.43878e-26
0.904167 -2.89417e-26 7.24953e-26 9.90265e-26
0.908333 -1.16441e-25 2.89522e-25 3.95557e-25
0.9125 -4.60882e-25 1.1375e-24 1.5544e-24
0.916667 -1.79471e-24 4.39676e-24 6.00937e-24
0.920833 -6.87599e-24 1.67203e-23 2.28572e-23
0.925 -2.59195e-23 6.25601e-23 8.55375e-23
0.929167 -9.61349e-23 2.30307e-22 3.14952e-22
0.933333 -3.50841e-22 8.34224e-22 1.14103e-21
0.9375 -1.25987e-21 2.97327e-21 4.06747e-21
0.941667 -4.4518e-21 1.04273e-20 1.42671e-20
0.945833 -1.54792e-20 3.59836e-20 4.92422e-20
0.95 -5.2963e-20 1.2219e-19 1.67238e-19
0.954167 -1.78325e-19 4.08293e-19 5.58903e-19
0.958333 -5.90839e-19 1.34251e-18 1.83799e-18
0.9625 -1.92641e-18 4.3438e-18 5.94778e-18
0.966667 -6.18091e-18 1.38304e-17 1.89398e-17
0.970833 -1.95154e-17 4.33319e-17 5.93473e-17
0.975 -6.06352e-17 1.33595e-16 1.82991e-16
0.979167 -1.85391e-16 4.05298e-16 5.55212e-16
0.983333 -5.57783e-16 1.20992e-15 1.6576e-15
0.9875 -1.65138e-15 3.55409e-15 4.86954e-15
0.991667 -4.81091e-15 1.02726e-14 1.40757e-14
0.995833 -1.37909e-14 2.92149e-14 4.00331e-14
1 -3.88987e-14 8.17493e-14 1.12026e-13
1.00417 -1.07954e-13 2.25064e-13 3.08428e-13
1.00833 -2.94771e-13 6.09611e-13 8.35425e-13
1.0125 -7.91877e-13 1.62445e-12 2.22618e-12
1.01667 -2.09285e-12 4.25837e-12 5.83568e-12
1.02083 -5.44127e-12 1.0981e-11 1.50479e-11
1.025 -1.39162e-11 2.78532e-11 3.81668e-11
1.02917 -3.50084e-11 6.94886e-11 9.52123e-11
1.03333 -8.66209e-11 1.70501e-10 2.33596e-10
1.0375 -2.10785e-10 4.11414e-10 5.63595e-10
1.04167 -5.04415e-10 9.76189e-10 1.33709e-09
1.04583 -1.18694e-09 2.27745e-09 3.11892e-09
1.05 -2.74609e-09 5.22375e-09 7.15239e-09
1.05417 -6.24601e-09 1.17783e-08 1.61233e-08
1.05833 -1.3965e-08 2.61036e-08 3.5724e-08
1.0625 -3.06887e-08 5.68563e-08 7.77878e-08
1.06667 -6.62753e-08 1.2169e-07 1.66436e-07
1.07083 -1.40637e-07 2.55897e-07 3.49862e-07
1.075 -2.93192e-07 5.28614e-07 7.22423e-07
1.07917 -6.00393e-07 1.0725e-06 1.46505e-06
1.08333 -1.20745e-06 2.13677e-06 2.91737e-06
1.0875 -2.38433e-06 4.17956e-06 5.70324e-06
1.09167 -4.62202e-06 8.02449e-06 1.09431e-05
1.09583 -8.79355e-06 1.51187e-05 2.06035e-05
1.1 -1.64154e-05 2.79449e-05 3.80544e-05
1.10417 -3.0059e-05 5.06596e-05 6.89294e-05
1.10833 -5.39758e-05 9.00435e-05 0.000122406
1.1125 -9.50134e-05 0.000156865 0.000213031
1.11667 -0.000163898 0.000267746 0.000363214
1.12083 -0.000276943 0.000447568 0.000606422
1.125 -0.000458193 0.000732386 0.00099101
1.12917 -0.000741885 0.00117259 0.00158433
1.13333 -0.00117496 0.00183583 0.00247644
1.1375 -0.00181904 0.00280885 0.00378218
1.14167 -0.0027511 0.00419688 0.00563992
1.14583 -0.00406147 0.006119 0.00820459
1.15 -0.00584784 0.00869746 0.0116327
1.15417 -0.00820366 0.0120394 0.016057
1.15833 -0.0111999 0.0162098 0.0215497
1.1625 -0.0148599 0.0211971 0.0280763
1.16667 -0.0191292 0.026874 0.0354437
1.17083 -0.0238439 0.0329611 0.0432532
1.175 -0.0287048 0.0390016 0.0508714
1.17917 -0.0332661 0.0443616 0.0574341
1.18333 -0.0369484 0.0482655 0.0619011
1.1875 -0.0390857 0.0498753 0.0631687
1.19167 -0.039008 0.048414 0.060239
1.19583 -0.0361566 0.0433189 0.0524277
1.2 -0.0302141 0.0343996 0.0395704
1.20417 -0.0212247 0.0219619 0.022179
1.20833 -0.00966871 0.00685775 0.0014915
1.2125 0.00353745 -0.00957284 -0.0206244
1.21667 0.0171368 -0.0256771 -0.0419242
1.22083 0.0297182 -0.0397601 -0.0601588
1.225 0.0399617 -0.050395 -0.0734873
1.22917 0.0468847 -0.0566914 -0.0808206
1.23333 0.0500217 -0.0584443 -0.0819942
1.2375 0.0494814 -0.0561141 -0.0777117
1.24167 0.0458613 -0.0506412 -0.0692774
1.24583 0.0400482 -0.0431652 -0.0582186
1.25 0.0329825 -0.0347553 -0.0459463
1.25417 0.0254781 -0.0262643 -0.0335936
1.25833 0.0181725 -0.0183603 -0.022091
1.2625 0.0116185 -0.0117047 -0.0124134
1.26667 0.00645109 -0.00715648 -0.0058239
1.27083 0.00350852 -0.00584292 -0.00390464
1.275 0.00378726 -0.00898105 -0.00824369
1.27917 0.00818116 -0.0174553 -0.0198234
1.28333 0.017074 -0.0313036 -0.0383511
1.2875 0.0299628 -0.0493617 -0.0618791
1.29167 0.0453237 -0.0692952 -0.0869959
1.29583 0.0608537 -0.0880943 -0.109628
1.3 0.0740518 -0.102877 -0.126177
1.30417 0.082918 -0.111665 -0.134499
1.30833 0.0864535 -0.113763 -0.134247
1.3125 0.0847155 -0.109559 -0.126395
1.31667 0.0783944 -0.0998424 -0.112197
1.32083 0.0681459 -0.085045 -0.0921702
1.325 0.0540647 -0.06485 -0.0657252
1.32917 0.0356315 -0.0384492 -0.0317084
1.33333 0.012202 -0.00534302 0.0103967
1.3375 -0.016217 0.0337545 0.0593021
1.34167 -0.0483553 0.0764398 0.111491
1.34583 -0.0816098 0.118882 0.161834
1.35 -0.112592 0.156709 0.204941
1.35417 -0.138007 0.186054 0.236502
1.35833 -0.155396 0.204253 0.253963
1.3625 -0.163416 0.20994 0.25634
1.36667 -0.16163 0.202746 0.243596
1.37083 -0.150156 0.182999 0.216246
1.375 -0.129523 0.151772 0.175572
1.37917 -0.100887 0.111224 0.124233
1.38333 -0.066363 0.0648251 0.0666058
1.3875 -0.0290768 0.0170614 0.00830588
1.39167 0.00731577 -0.027447 -0.0450816
1.39583 0.0394792 -0.0649939 -0.089344
1.4 0.0651258 -0.0933874 -0.122214
1.40417 0.0831718 -0.111767 -0.142871
1.40833 0.0932896 -0.119898 -0.150923
1.4125 0.09531 -0.117617 -0.145884
1.41667 0.0890694 -0.105016 -0.12776
1.42083 0.0749319 -0.0832844 -0.098395
1.425 0.0545882 -0.0554933 -0.0623653
1.42917 0.031368 -0.0264477 -0.0263294
1.43333 0.00953548 -0.0013308 0.00319523
1.4375 -0.0072187 0.0162045 0.0223932
1.44167 -0.017202 0.0253136 0.0313744
1.44583 -0.0211137 0.0277558 0.0332204
1.45 -0.0211395 0.0263627 0.0315532
1.45417 -0.0193952 0.0232656 0.0283691
1.45833 -0.0168159 0.0190806 0.0235891
1.4625 -0.0131879 0.0134536 0.0163716
1.46667 -0.00810767 0.00630249 0.00686595
1.47083 -0.00194856 -0.00138175 -0.00313145
1.475 0.00398922 -0.00782791 -0.0110872
1.47917 0.00820838 -0.0115368 -0.015291
1.48333 0.0099261 -0.0121345 -0.0156757
1.4875 0.00937901 -0.0103319 -0.0133083
1.49167 0.00735228 -0.00716153 -0.00924525
1.49583 0.00448995 -0.00329991 -0.00397298
1.5 0.00108627 0.000896898 0.00206578
1.50417 -0.00250537 0.00482102 0.00759375
1.50833 -0.00540975 0.00729361 0.010493
1.5125 -0.00639644 0.00707618 0.00907801
1.51667 -0.0047345 0.00391743 0.00367393
1.52083 -0.00101641 -0.000839096 -0.00304197
1.525 0.00290842 -0.00482808 -0.00755382
1.52917 0.00503728 -0.00614747 -0.00784253
1.53333 0.00455242 -0.00461297 -0.00466488
1.5375 0.00230334 -0.0017494 -0.00072147
1.54167 3.29324e-05 0.000466964 0.00154322
1.54583 -0.000983139 0.00104788 0.00162687
1.55 -0.00073932 0.000444156 0.000818127
1.55417 -0.000150229 -0.000237405 0.00058711
1.55833 4.82622e-07 -0.000412302 0.00113747
1.5625 -0.000209466 -0.000494664 0.00141147
1.56667 -5.48464e-05 -0.00132113 0.000363419
1.57083 0.000985736 -0.00316784 -0.00183846
1.575 0.00260749 -0.00532416 -0.00381349
1.57917 0.00386022 -0.00660404 -0.00408431
1.58333 0.00392361 -0.0063126 -0.00224555
1.5875 0.00277033 -0.00483935 0.000751317
1.59167 0.00119996 -0.00343686 0.00324636
1.59583 0.000306246 -0.00340748 0.00383001
1.6 0.000821038 -0.00527796 0.00204291
1.60417 0.00271519 -0.00843392 -0.00135385
1.60833 0.00517342 -0.0113717 -0.00456438
1.6125 0.00692169 -0.0124601 -0.00552619
1.61667 0.00685832 -0.0108984 -0.00319618
1.62083 0.00478811 -0.00735297 0.00135932
1.625 0.00178391 -0.00373338 0.00518008
1.62917 -0.000310611 -0.00200087 0.00533119
1.63333 -0.000160262 -0.00268576 0.00134136
1.6375 0.00188471 -0.00428651 -0.00397602
1.64167 0.00381443 -0.00425898 -0.00645616
1.64583 0.00343541 -0.00102237 -0.00397678
1.65 0.000213021 0.00462262 0.00160354
1.65417 -0.00413658 0.00996568 0.00586856
1.65833 -0.00696092 0.0124834 0.00554899
1.6625 -0.00683988 0.011821 0.00124682
1.66667 -0.00471237 0.00995744 -0.00325098
1.67083 -0.00297134 0.00945498 -0.00435359
1.675 -0.0033873 0.0113822 -0.00160015
1.67917 -0.00574298 0.0146969 0.00237726
1.68333 -0.00829638 0.0174466 0.0044625
1.6875 -0.00944899 0.0185225 0.00358955
1.69167 -0.00900658 0.0184086 0.00106755
1.69583 -0.00804309 0.0185077 -0.00103584
1.7 -0.00779986 0.0199137 -0.001542
1.70417 -0.00878007 0.0227213 -0.00051278
1.70833 -0.0106685 0.0261599 0.00133246
1.7125 -0.0127531 0.0290815 0.0030772
1.71667 -0.0142562 0.0303572 0.00371304
1.72083 -0.014481 0.0292013 0.00252336
1.725 -0.0130781 0.0255379 -8.82589e-05
1.72917 -0.0104148 0.0201391 -0.00231711
1.73333 -0.00751638 0.0141129 -0.00219832
1.7375 -0.00524911 0.00791524 0.000354751
1.74167 -0.00335383 0.000831289 0.00290824
1.74583 -0.000466001 -0.00828431 0.00251407
1.75 0.00454964 -0.0194689 -0.00124058
1.75417 0.0111281 -0.0308575 -0.00537829
1.75833 0.0170451 -0.0396975 -0.00622023
1.7625 0.0202237 -0.0444215 -0.00315575
1.76667 0.0206113 -0.0457559 0.000517206
1.77083 0.0201196 -0.0456528 0.000865189
1.775 0.0205416 -0.0450642 -0.00255734
1.77917 0.0215679 -0.0428748 -0.00615532
1.78333 0.0210503 -0.0371692 -0.0060434
1.7875 0.0173178 -0.0275458 -0.00215151
1.79167 0.0111051 -0.0160278 0.00174036
1.79583 0.00501126 -0.00556849 0.00207273
1.8 0.00104326 0.00231726 -0.000761823
1.80417 -0.00113335 0.00836025 -0.00305753
1.80833 -0.00341015 0.014053 -0.00198179
1.8125 -0.00687017 0.019604 0.00138885
1.81667 -0.0104896 0.0235927 0.00347327
1.82083 -0.0123006 0.0246307 0.00228655
1.825 -0.0116318 0.0230758 -0.000457174
1.82917 -0.00987016 0.0208104 -0.0015184
1.83333 -0.00891348 0.0193354 7.5535e-05
1.8375 -0.00913074 0.0183662 0.00205178
1.84167 -0.00916734 0.016511 0.00177047
1.84583 -0.00774216 0.0131376 -0.000556438
1.85 -0.005243 0.00915836 -0.00218392
1.85417 -0.0032138 0.00585198 -0.0012783
1.85833 -0.0024162 0.00331005 0.000757089
1.8625 -0.00191311 0.000547769 0.00100845
1.86667 -0.00036167 -0.00286022 -0.00122901
1.87083 0.00209008 -0.0058004 -0.00339254
1.875 0.00375166 -0.00670518 -0.00273857
1.87917 0.00337231 -0.00544698 0.000147394
1.88333 0.00174076 -0.00366802 0.00187566
1.8875 0.000859241 -0.00308317 0.000367579
1.89167 0.00163265 -0.0037963 -0.00245992
1.89583 0.00289336 -0.00459123 -0.00288172
1.9 0.002961 -0.00469153 0.000108581
1.90417 0.00181476 -0.00479338 0.00344755
1.90833 0.00121569 -0.00621702 0.00355034
1.9125 0.00262807 -0.00927634 0.000547497
1.91667 0.00542304 -0.0127359 -0.0018241
1.92083 0.00747213 -0.0149298 -0.000524322
1.925 0.00745349 -0.0154151 0.00331099
1.92917 0.00629855 -0.015527 0.00564916
1.93333 0.00620515 -0.0171509 0.00406723
1.9375 0.00826191 -0.0206865 0.00044723
1.94167 0.0111887 -0.0242668 -0.00107064
1.94583 0.0125847 -0.0254153 0.00135099
1.95 0.0114738 -0.0236828 0.0051214
1.95417 0.00940926 -0.0211882 0.00597943
1.95833 0.0087331 -0.0200431 0.00280895
1.9625 0.00976879 -0.0196281 -0.000874799
1.96667 0.0102784 -0.0173696 -0.000799846
1.97083 0.00813077 -0.0123347 0.00299281
1.975 0.00412203 -0.00693263 0.00596423
1.97917 0.00130884 -0.00416725 0.0043937
1.98333 0.00139095 -0.00384912 -7.21983e-05
1.9875 0.0025951 -0.00277947 -0.00238721
1.99167 0.00181678 0.00136099 -0.00030985
1.99583 -0.00166409 0.00758332 0.00293744
2 -0.00559451 0.0134897 0.00285715
2.00417 -0.00781559 0.0184009 -0.000786363
2.00833 -0.00882049 0.0235068 -0.00406056
2.0125 -0.010683 0.0295456 -0.00397793
2.01667 -0.0141943 0.035647 -0.00181418
2.02083 -0.0179872 0.0404513 -0.000920849
2.025 -0.0202818 0.0432637 -0.00259485
2.02917 -0.0206371 0.0438899 -0.00512641
2.03333 -0.0198685 0.0423815 -0.00623303
2.0375 -0.0189278 0.0394065 -0.00534277
2.04167 -0.0181447 0.035927 -0.00364812
2.04583 -0.017077 0.0318249 -0.00275066
2.05 -0.014827 0.0256896 -0.00326889
2.05417 -0.0109265 0.016893 -0.00420974
2.05833 -0.00616004 0.00716774 -0.00382257
2.0625 -0.00202299 -0.00109608 -0.00163399
2.06667 0.000965643 -0.00767672 0.000653658
2.07083 0.00383085 -0.0141757 0.0011269
2.075 0.0074755 -0.0209262 0.000257064
2.07917 0.0110498 -0.0259702 0.000289536
2.08333 0.0129132 -0.0277349 0.00196485
2.0875 0.012895 -0.0271969 0.0034134
2.09167 0.01243 -0.0262435 0.00303167
2.09583 0.0123761 -0.0250113 0.00189857
2.1 0.0119252 -0.0222867 0.00190699
2.10417 0.010173 -0.0178389 0.00268656
2.10833 0.00765288 -0.0127806 0.00237334
2.1125 0.005428 -0.00788946 0.000879469
2.11667 0.00350601 -0.00311638 0.000124037
2.12083 0.00127064 0.0012129 0.000826377
2.125 -0.00103045 0.0041944 0.00129651
2.12917 -0.00244893 0.00565231 0.00025299
2.13333 -0.00280019 0.00636917 -0.00111067
2.1375 -0.00282924 0.00670814 -0.00116494
2.14167 -0.00294773 0.00631778 -0.00034239
2.14583 -0.00289796 0.00549728 -3.90634e-05
2.15 -0.00268285 0.00521147 -0.000325805
2.15417 -0.00261736 0.00510988 -0.00048047
2.15833 -0.00231235 0.00338242 -0.000668242
2.1625 -0.000979478 -0.000266894 -0.00115314
2.16667 0.000894093 -0.00340278 -0.000892982
2.17083 0.00173326 -0.00431149 0.000736699
2.175 0.0014236 -0.00478192 0.00173421
2.17917 0.00191003 -0.00699561 -2.85377e-05
2.18333 0.00399215 -0.00929758 -0.00256229
2.1875 0.00534446 -0.00847258 -0.00173856
2.19167 0.00382048 -0.00538553 0.00200989
2.19583 0.00128131 -0.00426622 0.00321498
2.2 0.00126947 -0.00606989 -0.000509593
2.20417 0.0035377 -0.0068542 -0.00410038
2.20833 0.00422642 -0.00424535 -0.00229525
2.2125 0.00180604 -0.00130031 0.00220903
2.21667 -0.000602797 -0.00126233 0.00274561
2.22083 -0.000194852 -0.00227111 -0.00123
2.225 0.00140131 -0.00105867 -0.00373815
2.22917 0.00122884 0.00117744 -0.00163436
2.23333 -0.000362654 0.00126408 0.00139221
2.2375 -0.00108848 0.000209157 0.0014396
2.24167 -0.000832679 0.00144141 -0.000226
2.24583 -0.0010883 0.00401477 -0.00082393
2.25 -0.00154536 0.0035992 -0.00059598
2.25417 -0.000799943 0.000454965 -0.000566641
2.25833 0.00017268 4.63761e-05 0.000358831
2.2625 -0.000929457 0.00399571 0.00241619
2.26667 -0.00321826 0.00679523 0.00257305
2.27083 -0.00324381 0.00486515 -0.000604518
2.275 -0.000935291 0.00290206 -0.00275867
2.27917 -0.000595925 0.00612256 0.000339926
2.28333 -0.00404729 0.0111554 0.00501951
2.2875 -0.00698477 0.0113209 0.00417429
2.29167 -0.00540019 0.00772442 -0.00147018
2.29583 -0.00213097 0.00748887 -0.00363374
2.3 -0.00265254 0.0121442 0.00101361
2.30417 -0.00663677 0.0155027 0.00568036
2.30833 -0.00867481 0.0138056 0.00382904
2.3125 -0.00655048 0.0107472 -0.00136929
2.31667 -0.0038072 0.0101382 -0.00263893
2.32083 -0.00360693 0.00998411 0.000757556
2.325 -0.00453408 0.00734053 0.00342346
2.32917 -0.0039863 0.00375405 0.00230502
2.33333 -0.00206542 0.00167413 -0.000473879
2.3375 -0.000135153 -0.000388031 -0.00207796
2.34167 0.001642 -0.00468302 -0.00183598
2.34583 0.0033638 -0.00948514 -0.00024513
2.35 0.00433616 -0.0119697 0.0012907
2.35417 0.0047454 -0.0131458 0.000472631
2.35833 0.00615222 -0.0154575 -0.00283624
2.3625 0.00858537 -0.0177434 -0.00475153
2.36667 0.0094992 -0.0172466 -0.0022625
2.37083 0.00764151 -0.0148616 0.00138483
2.375 0.0055732 -0.0136226 0.000750738
2.37917 0.00586865 -0.0133209 -0.00331462
2.38333 0.00702945 -0.0114239 -0.00467414
2.3875 0.00610879 -0.00823102 -0.00142811
2.39167 0.00350068 -0.00611178 0.00146564
2.39583 0.00180005 -0.0045686 0.000425924
2.4 0.00138642 -0.00150448 -0.00172679
2.40417 0.000726384 0.00134121 -0.00150735
2.40833 -5.39965e-05 0.000494674 -0.000163011
2.4125 0.000240955 -0.00186662 8.20852e-05
2.41667 0.00050441 0.000113933 0.000365747
2.42083 -0.00123385 0.00559041 0.00171866
2.425 -0.0033694 0.00675038 0.00166864
2.42917 -0.00244329 0.00172601 -0.000966884
2.43333 0.000443971 -0.000950565 -0.00201829
2.4375 0.000270477 0.00395445 0.00161873
2.44167 -0.00351412 0.0087395 0.00515618
2.44583 -0.00501265 0.00495782 0.00249442
2.45 -0.00123412 -0.00187559 -0.00298344
2.45417 0.00224843 -0.000627786 -0.00255272
2.45833 -0.000202996 0.00688985 0.00368633
2.4625 -0.00490045 0.00849627 0.00606595
2.46667 -0.00445399 0.001784 0.00056161
2.47083 0.000307009 -0.00189164 -0.00453046
2.475 0.00173454 0.00350998 -0.00173145
2.47917 -0.00218713 0.00868912 0.00391679
2.48333 -0.00486347 0.00482701 0.00337348
2.4875 -0.00210739 -0.00171883 -0.00210613
2.49167 0.00139423 -0.000489412 -0.00391199
2.49583 0.000330917 0.00556864 -0.000150374
2.5 -0.00276482 0.00580156 0.00245389
2.50417 -0.002594 0.000218145 0.000326038
2.50833 -6.5442e-05 -0.00113219 -0.00202883
2.5125 8.05761e-05 0.00398784 -0.000779759
2.51667 -0.00210948 0.00614569 0.00114606
2.52083 -0.0022342 0.000743575 0.000325119
2.525 0.000348215 -0.00398282 -0.00100767
2.52917 0.00140652 -0.00115074 0.000249613
2.53333 -0.000511805 0.00315604 0.00191043
2.5375 -0.00146673 0.000700978 0.000531924
2.54167 0.00079925 -0.00470268 -0.00186066
2.54583 0.00268323 -0.00396155 -0.000974992
2.55 0.000902835 0.00172675 0.0019676
2.55417 -0.00174516 0.00330524 0.00187786
2.55833 -0.00111991 -0.000542387 -0.00151109
2.5625 0.00121923 -0.00168669 -0.00290865
2.56667 0.000765485 0.00300726 -0.000200011
2.57083 -0.00222933 0.00641168 0.00207988
2.575 -0.00323173 0.00353026 0.000264276
2.57917 -0.00098923 -0.000343862 -0.00266603
2.58333 0.000694267 0.000859742 -0.00231047
2.5875 -0.000525982 0.00400912 0.000176845
2.59167 -0.00203326 0.00295569 0.000618799
2.59583 -0.00107945 -0.00100302 -0.00131291
2.6 0.000873226 -0.0022815 -0.00227641
2.60417 0.00122798 -0.000974304 -0.00103873
2.60833 0.000648687 -0.00204587 0.000167755
2.6125 0.00138922 -0.00623144 -0.000114387
2.61667 0.00324167 -0.00893886 -0.000602644
2.62083 0.00416479 -0.00820921 -7.54082e-05
2.625 0.00382213 -0.00744565 0.000744607
2.62917 0.00374233 -0.00904899 0.000956607
2.63333 0.00444592 -0.01062 0.000962218
2.6375 0.00477815 -0.00946193 0.00132089
2.64167 0.00405565 -0.00678451 0.00173813
2.64583 0.00299031 -0.00516208 0.00187082
2.65 0.00232271 -0.00475745 0.00188239
2.65417 0.00196787 -0.00421212 0.00179415
2.65833 0.00166686 -0.00319969 0.00140456
2.6625 0.00138402 -0.00226483 0.000999103
2.66667 0.000997557 -0.0015236 0.000990647
2.67083 0.000444229 -0.000779356 0.000891508
2.675 2.74928e-05 0.000131359 -4.00766e-05
2.67917 -0.000163813 0.00166944 -0.00120673
2.68333 -0.000741085 0.00402014 -0.00126945
2.6875 -0.0020404 0.00601582 -0.000418526
2.69167 -0.0031715 0.0062817 -0.000344504
2.69583 -0.00315303 0.00562477 -0.00155079
2.7 -0.0025788 0.00628374 -0.00240953
2.70417 -0.00286119 0.00841155 -0.00167799
2.70833 -0.00402933 0.0095772 -0.000440425
2.7125 -0.00467761 0.00861026 -0.000412447
2.71667 -0.00418276 0.00757888 -0.0014171
2.72083 -0.00358502 0.0084489 -0.00184479
2.725 -0.00384354 0.00984784 -0.00102685
2.72917 -0.00441201 0.00922787 6.1998e-05
2.73333 -0.00423415 0.00678243 0.000312895
2.7375 -0.00326963 0.00481834 -0.000232898
2.74167 -0.00223724 0.00398301 -0.000711096
2.74583 -0.00142766 0.00261535 -0.000478896
2.75 -0.000587833 -8.18163e-05 0.00031421
2.75417 0.000315581 -0.00251187 0.000929694
2.75833 0.000979652 -0.00317146 0.000790118
2.7625 0.00136826 -0.00299321 0.000175527
2.76667 0.00182918 -0.00393958 3.08194e-05
2.77083 0.00251546 -0.00621873 0.000838553
2.775 0.00314916 -0.00820966 0.00185129
2.77917 0.0035113 -0.00875833 0.00186807
2.78333 0.0037734 -0.0083637 0.000790823
2.7875 0.00410046 -0.00804143 -0.000102608
2.79167 0.00423295 -0.00791983 0.00024383
2.79583 0.00380063 -0.00729862 0.00121588
2.8 0.00289399 -0.00564836 0.00129308
2.80417 0.00199411 -0.00329543 0.000110614
2.80833 0.00138459 -0.00122805 -0.00101827
2.8125 0.000899715 -0.000130468 -0.000865423
2.81667 0.000243731 0.000474769 0.000119987
2.82083 -0.000639282 0.00168688 0.000498024
2.825 -0.0014907 0.00357539 -0.00030187
2.82917 -0.00192527 0.00481296 -0.00137783
2.83333 -0.00183891 0.00461281 -0.00148899
2.8375 -0.00171224 0.00415108 -0.000427638
2.84167 -0.0021566 0.0048294 0.000731813
2.84583 -0.00293555 0.00579814 0.000723481
2.85 -0.00295023 0.0049412 -0.000401121
2.85417 -0.0016987 0.00217585 -0.00108449
2.85833 -0.000238317 -0.000127745 -0.000143729
2.8625 9.47791e-05 -0.000435468 0.00141343
2.86667 -0.000434224 -7.54221e-07 0.00148503
2.87083 -0.000364666 -0.000686777 -0.000158481
2.875 0.000768145 -0.00228793 -0.00133065
2.87917 0.00175395 -0.00317615 -0.000426407
2.88333 0.00149582 -0.00269976 0.001311
2.8875 0.000527578 -0.00183162 0.00157464
2.89167 0.000200382 -0.00183596 0.000145758
2.89583 0.000945814 -0.00296124 -0.00100814
2.9 0.00189281 -0.00421246 -0.000412692
2.90417 0.00196883 -0.00426481 0.00123343
2.90833 0.00107742 -0.00301652 0.00209258
2.9125 0.000227163 -0.00197244 0.00130093
2.91667 0.000395455 -0.00224257 -3.15015e-05
2.92083 0.00115926 -0.00263505 9.75232e-05
2.925 0.00096727 -0.00122917 0.00218611
2.92917 -0.000742737 0.00141035 0.00419945
2.93333 -0.00238685 0.00261539 0.00390375
2.9375 -0.00219476 0.00153367 0.00206182
2.94167 -0.000806 0.000498296 0.00171639
2.94583 -0.000493199 0.0015332 0.00390933
2.95 -0.00189567 0.00347604 0.00598632
2.95417 -0.00312036 0.00405785 0.00531216
2.95833 -0.00254141 0.0033307 0.00303582
2.9625 -0.00106485 0.00326924 0.00238991
2.96667 -0.000695591 0.00478739 0.00421253
2.97083 -0.00177615 0.00669436 0.00607623
2.975 -0.00266587 0.00731124 0.00568144
2.97917 -0.00182017 0.00615011 0.00361983
2.98333 0.000518061 0.00419172 0.00246159
2.9875 0.00270629 0.00289204 0.0037966
2.99167 0.00360209 0.00250716 0.00643164
2.99583 0.00402387 0.00152962 0.00764351
