0 0 0 0
0.00416667 0 0 0
0.00833333 0 0 0
0.0125 0 0 0
0.0166667 0 0 0
0.0208333 0 0 0
0.025 0 0 0
0.0291667 0 0 0
0.0333333 0 0 0
0.0375 0 0 0
0.0416667 0 0 0
0.0458333 0 0 0
0.05 0 0 0
0.0541667 0 0 0
0.0583333 0 0 0
0.0625 0 0 0
0.0666667 0 0 0
0.0708333 0 0 0
0.075 0 0 0
0.0791667 0 0 0
0.0833333 0 0 0
0.0875 0 0 0
0.0916667 0 0 0
0.0958333 0 0 0
0.1 0 0 0
0.104167 0 0 0
0.108333 0 0 0
0.1125 0 0 0
0.116667 0 0 0
0.120833 0 0 0
0.125 0 0 0
0.129167 0 0 0
0.133333 0 0 0
0.1375 0 0 0
0.141667 0 0 0
0.145833 0 0 0
0.15 0 0 0
0.154167 0 0 0
0.158333 0 0 0
0.1625 0 0 0
0.166667 0 0 0
0.170833 0 0 0
0.175 0 0 0
0.179167 0 0 0
0.183333 0 0 0
0.1875 0 0 0
0.191667 0 0 0
0.195833 -2.76677e-322 0 1.17983e-320
0.2 -2.91165e-318 -1.23348e-319 8.27977e-317
0.204167 -1.70028e-314 -6.92991e-316 4.73361e-313
0.208333 -8.29159e-311 -3.23769e-312 2.26099e-309
0.2125 -3.40118e-307 -1.2673e-308 9.08773e-306
0.216667 -1.18152e-303 -4.18032e-305 3.09457e-302
0.220833 -3.49824e-300 -1.16794e-301 8.98471e-299
0.225 -8.88137e-297 -2.77476e-298 2.23761e-295
0.229167 -1.94454e-293 -5.61909e-295 4.8075e-292
0.233333 -3.69169e-290 -9.69827e-292 8.95907e-289
0.2375 -6.10874e-287 -1.42009e-288 1.45566e-285
0.241667 -8.85432e-284 -1.74013e-285 2.07231e-282
0.245833 -1.12958e-280 -1.72115e-282 2.5973e-279
0.25 -1.27426e-277 -1.22817e-279 2.87921e-276
0.254167 -1.27698e-274 -2.99611e-277 2.8359e-273
0.258333 -1.14206e-271 8.38599e-274 2.49321e-270
0.2625 -9.15847e-269 1.86586e-270 1.96559e-267
0.266667 -6.61778e-266 2.51223e-267 1.39635e-264
0.270833 -4.33131e-263 2.66782e-264 8.98428e-262
0.275 -2.58212e-260 2.39971e-261 5.26437e-259
0.279167 -1.41059e-257 1.88477e-258 2.82588e-256
0.283333 -7.10655e-255 1.31355e-255 1.39841e-253
0.2875 -3.32333e-252 8.2029e-253 6.42072e-251
0.291667 -1.45154e-249 4.6205e-250 2.75233e-248
0.295833 -5.95281e-247 2.3589e-247 1.10747e-245
0.3 -2.30101e-244 1.09567e-244 4.19992e-243
0.304167 -8.40038e-242 4.6449e-242 1.5046e-240
0.308333 -2.89713e-239 1.8022e-239 5.09436e-238
0.3125 -9.42804e-237 6.41571e-237 1.62865e-235
0.316667 -2.88937e-234 2.10041e-234 4.90707e-233
0.320833 -8.32075e-232 6.33762e-232 1.39037e-230
0.325 -2.2472e-229 1.76605e-229 3.69727e-228
0.329167 -5.68317e-227 4.55401e-227 9.21263e-226
0.333333 -1.3446e-224 1.08872e-224 2.14876e-223
0.3375 -2.97486e-222 2.41747e-222 4.68891e-221
0.341667 -6.15492e-220 4.99449e-220 9.5723e-219
0.345833 -1.19131e-217 9.61704e-218 1.82877e-216
0.35 -2.15857e-215 1.72871e-215 3.27166e-214
0.354167 -3.66447e-213 2.90547e-213 5.4852e-212
0.358333 -5.83434e-211 4.57289e-211 8.62683e-210
0.3625 -8.7212e-209 6.74968e-209 1.27409e-207
0.366667 -1.22534e-206 9.35652e-207 1.76899e-205
0.370833 -1.62009e-204 1.21978e-204 2.31167e-203
0.375 -2.01804e-202 1.4975e-202 2.84644e-201
0.379167 -2.37105e-200 1.73353e-200 3.30646e-199
0.383333 -2.63072e-198 1.89458e-198 3.62749e-197
0.3875 -2.75949e-196 1.95721e-196 3.76293e-195
0.391667 -2.7396e-194 1.91345e-194 3.69493e-193
0.395833 -2.57708e-192 1.77231e-192 3.43812e-191
0.4 -2.29939e-190 1.55698e-190 3.03482e-189
0.404167 -1.94804e-188 1.2987e-188 2.54385e-187
0.408333 -1.56864e-186 1.02959e-186 2.02693e-185
0.4125 -1.20175e-184 7.76575e-185 1.53674e-183
0.416667 -8.76776e-183 5.57809e-183 1.10966e-181
0.420833 -6.09752e-181 3.81926e-181 7.63858e-180
0.425 -4.04575e-179 2.49493e-179 5.01719e-178
0.429167 -2.56336e-177 1.55635e-177 3.14713e-176
0.433333 -1.55223e-175 9.27891e-176 1.88688e-174
0.4375 -8.99079e-174 5.29164e-174 1.08221e-172
0.441667 -4.98523e-172 2.88893e-172 5.94241e-171
0.445833 -2.64826e-170 1.51104e-170 3.12636e-169
0.45 -1.34881e-168 7.57779e-169 1.57714e-167
0.454167 -6.59147e-167 3.64631e-167 7.63441e-166
0.458333 -3.09289e-165 1.6847e-165 3.54869e-164
0.4625 -1.39445e-163 7.47921e-164 1.58508e-162
0.466667 -6.04493e-162 3.19261e-162 6.80801e-161
0.470833 -2.52126e-160 1.31123e-160 2.81359e-159
0.475 -1.01243e-158 5.18488e-159 1.11957e-157
0.479167 -3.91652e-157 1.97512e-157 4.29206e-156
0.483333 -1.46047e-155 7.25285e-156 1.58623e-154
0.4875 -5.25289e-154 2.56887e-154 5.65472e-153
0.491667 -1.82335e-152 8.78103e-153 1.94559e-151
0.495833 -6.11153e-151 2.89843e-151 6.46445e-150
0.5 -1.97916e-149 9.24341e-150 2.07534e-148
0.504167 -6.19571e-148 2.84961e-148 6.44102e-147
0.508333 -1.8759e-146 8.49671e-147 1.93355e-145
0.5125 -5.49614e-145 2.45158e-145 5.61713e-144
0.516667 -1.55902e-143 6.84841e-144 1.57995e-142
0.520833 -4.28349e-142 1.85306e-142 4.3048e-141
0.525 -1.14053e-140 4.85906e-141 1.13671e-139
0.529167 -2.94425e-139 1.23531e-139 2.91024e-138
0.533333 -7.37222e-138 3.0462e-138 7.22753e-137
0.5375 -1.79131e-136 7.28933e-137 1.7419e-135
0.541667 -4.22547e-135 1.69337e-135 4.07579e-134
0.545833 -9.68047e-134 3.82062e-134 9.26276e-133
0.55 -2.15482e-132 8.37548e-133 2.04543e-131
0.554167 -4.66223e-131 1.78465e-131 4.39056e-130
0.558333 -9.80878e-130 3.69775e-130 9.16463e-129
0.5625 -2.00743e-128 7.4529e-129 1.86095e-127
0.566667 -3.99791e-127 1.46177e-127 3.67743e-126
0.570833 -7.75088e-126 2.79102e-126 7.07455e-125
0.575 -1.46336e-124 5.1895e-125 1.32543e-123
0.579167 -2.69144e-123 9.39991e-124 2.41917e-122
0.583333 -4.82394e-122 1.65922e-122 4.30308e-121
0.5875 -8.42844e-121 2.85506e-121 7.46174e-120
0.591667 -1.43603e-119 4.79068e-120 1.2618e-118
0.595833 -2.38667e-118 7.84135e-119 2.08148e-117
0.6 -3.87051e-117 1.25237e-117 3.35057e-116
0.604167 -6.12671e-116 1.95235e-116 5.26461e-115
0.608333 -9.46889e-115 2.97165e-115 8.07688e-114
0.6125 -1.42927e-113 4.41752e-114 1.21027e-112
0.616667 -2.10763e-112 6.41549e-113 1.77175e-111
0.620833 -3.03717e-111 9.10485e-112 2.53474e-110
0.625 -4.27814e-110 1.26308e-110 3.5448e-109
0.629167 -5.89213e-109 1.71324e-109 4.84728e-108
0.633333 -7.93665e-108 2.27277e-108 6.48287e-107
0.6375 -1.04584e-106 2.94955e-107 8.4823e-106
0.641667 -1.34854e-105 3.74568e-106 1.08605e-104
0.645833 -1.70195e-104 4.65575e-105 1.36107e-103
0.65 -2.1029e-103 5.66553e-104 1.67e-102
0.654167 -2.54441e-102 6.75132e-103 2.00662e-101
0.658333 -3.01546e-101 7.88021e-102 2.3617e-100
0.6625 -3.50123e-100 9.01135e-101 2.72332e-99
0.666667 -3.98372e-99 1.00982e-99 3.07742e-98
0.670833 -4.44277e-98 1.10917e-98 3.40868e-97
0.675 -4.85749e-97 1.19439e-97 3.70161e-96
0.679167 -5.20783e-96 1.2612e-96 3.94181e-95
0.683333 -5.47623e-95 1.30619e-95 4.11712e-94
0.6875 -5.64906e-94 1.32709e-94 4.21864e-93
0.691667 -5.7178e-93 1.32299e-93 4.24154e-92
0.695833 -5.67974e-92 1.29438e-92 4.18535e-91
0.7 -5.53807e-91 1.24308e-91 4.054e-90
0.704167 -5.30157e-90 1.17208e-90 3.85533e-89
0.708333 -4.98365e-89 1.08522e-89 3.60039e-88
0.7125 -4.60119e-88 9.86867e-89 3.30238e-87
0.716667 -4.17302e-87 8.81581e-88 2.9756e-86
0.720833 -3.7185e-86 7.7376e-87 2.63432e-85
0.725 -3.2561e-85 6.67371e-86 2.29185e-84
0.729167 -2.80231e-84 5.65745e-85 1.95975e-83
0.733333 -2.37081e-83 4.71455e-84 1.64736e-82
0.7375 -1.97202e-82 3.86277e-83 1.36151e-81
0.741667 -1.61299e-81 3.11221e-82 1.10655e-80
0.745833 -1.29756e-80 2.46614e-81 8.84514e-80
0.75 -1.02676e-79 1.92228e-80 6.95493e-79
0.754167 -7.99323e-79 1.47412e-79 5.38025e-78
0.758333 -6.12285e-78 1.11232e-78 4.09543e-77
0.7625 -4.61561e-77 8.25996e-78 3.06795e-76
0.766667 -3.42462e-76 6.03723e-77 2.26211e-75
0.770833 -2.5013e-75 4.34384e-76 1.64195e-74
0.775 -1.79867e-74 3.07713e-75 1.17339e-73
0.779167 -1.27359e-73 2.14643e-74 8.25715e-73
0.783333 -8.88097e-73 1.4745e-73 5.72238e-72
0.7875 -6.09962e-72 9.97678e-73 3.90609e-71
0.791667 -4.1268e-71 6.6498e-72 2.62654e-70
0.795833 -2.75074e-70 4.36675e-71 1.74004e-69
0.8 -1.80661e-69 2.82548e-70 1.13585e-68
0.804167 -1.16928e-68 1.80164e-69 7.30679e-68
0.808333 -7.4586e-68 1.13224e-68 4.63263e-67
0.8125 -4.68964e-67 7.01383e-68 2.89518e-66
0.816667 -2.90679e-66 4.28322e-67 1.78371e-65
0.820833 -1.77637e-65 2.5789e-66 1.08349e-64
0.825 -1.0704e-64 1.53108e-65 6.4897e-64
0.829167 -6.36066e-64 8.9642e-65 3.83331e-63
0.833333 -3.72778e-63 5.17632e-64 2.23316e-62
0.8375 -2.15494e-62 2.94832e-63 1.28325e-61
0.841667 -1.22887e-61 1.6566e-62 7.27436e-61
0.845833 -6.91369e-61 9.18327e-62 4.06831e-60
0.85 -3.83785e-60 5.02295e-61 2.24499e-59
0.854167 -2.10226e-59 2.7111e-60 1.22248e-58
0.858333 -1.13645e-58 1.44411e-59 6.56954e-58
0.8625 -6.06341e-58 7.59216e-59 3.4845e-57
0.866667 -3.19325e-57 3.93989e-58 1.82431e-56
0.870833 -1.66012e-56 2.01835e-57 9.4287e-56
0.875 -8.52066e-56 1.02081e-56 4.81104e-55
0.879167 -4.31794e-55 5.09758e-56 2.42381e-54
0.883333 -2.16067e-54 2.51361e-55 1.20579e-53
0.8875 -1.0677e-53 1.224e-54 5.92373e-53
0.891667 -5.21063e-53 5.88646e-54 2.87413e-52
0.895833 -2.51162e-52 2.7961e-53 1.37735e-51
0.9 -1.19585e-51 1.31193e-52 6.51991e-51
0.904167 -5.62456e-51 6.08089e-52 3.04885e-50
0.908333 -2.61355e-50 2.78455e-51 1.40851e-49
0.9125 -1.19987e-49 1.25982e-50 6.42914e-49
0.916667 -5.44296e-49 5.63197e-50 2.89963e-48
0.920833 -2.43986e-48 2.48797e-49 1.29231e-47
0.925 -1.08082e-47 1.08616e-48 5.69184e-47
0.929167 -4.73194e-47 4.6864e-48 2.47763e-46
0.933333 -2.04762e-46 1.99854e-47 1.06597e-45
0.9375 -8.75816e-46 8.42449e-47 4.53331e-45
0.941667 -3.70308e-45 3.51045e-46 1.90578e-44
0.945833 -1.54785e-44 1.4461e-45 7.92039e-44
0.95 -6.39644e-44 5.88952e-45 3.25437e-43
0.954167 -2.61349e-43 2.37157e-44 1.32209e-42
0.958333 -1.05585e-42 9.44264e-44 5.31079e-42
0.9625 -4.21807e-42 3.71775e-43 2.10953e-41
0.966667 -1.6664e-41 1.44751e-42 8.28646e-41
0.970833 -6.51067e-41 5.57372e-42 3.2191e-40
0.975 -2.51582e-40 2.12264e-41 1.23682e-39
0.979167 -9.61534e-40 7.99535e-41 4.70017e-39
0.983333 -3.63502e-39 2.9789e-40 1.76676e-38
0.9875 -1.35934e-38 1.09788e-39 6.56936e-38
0.991667 -5.02871e-38 4.00272e-39 2.41643e-37
0.995833 -1.8404e-37 1.44372e-38 8.79332e-37
1 -6.66373e-37 5.15181e-38 3.16579e-36
1.00417 -2.38724e-36 1.81889e-37 1.12768e-35
1.00833 -8.46191e-36 6.35397e-37 3.97449e-35
1.0125 -2.96795e-35 2.19633e-36 1.3861e-34
1.01667 -1.0301e-34 7.51244e-36 4.78346e-34
1.02083 -3.53804e-34 2.54283e-35 1.6336e-33
1.025 -1.2026e-33 8.51779e-35 5.5211e-33
1.02917 -4.04551e-33 2.82376e-34 1.84672e-32
1.03333 -1.34692e-32 9.26481e-34 6.11348e-32
1.0375 -4.43855e-32 3.00866e-33 2.00312e-31
1.04167 -1.44775e-31 9.67062e-33 6.49646e-31
1.04583 -4.67425e-31 3.07678e-32 2.08551e-30
1.05 -1.49388e-30 9.68986e-32 6.62722e-30
1.05417 -4.72631e-30 3.02087e-31 2.08473e-29
1.05833 -1.48028e-29 9.32301e-31 6.49207e-29
1.0625 -4.58988e-29 2.84842e-30 2.00147e-28
1.06667 -1.40899e-28 8.61572e-30 6.10884e-28
1.07083 -4.28227e-28 2.58007e-29 1.84599e-27
1.075 -1.2886e-27 7.64959e-29 5.52299e-27
1.07917 -3.83932e-27 2.24556e-28 1.63609e-26
1.08333 -1.13264e-26 6.52683e-28 4.79888e-26
1.0875 -3.30864e-26 1.87839e-27 1.39375e-25
1.09167 -9.57049e-26 5.35282e-27 4.00828e-25
1.09583 -2.74132e-25 1.51046e-26 1.14148e-24
1.1 -7.77569e-25 4.22056e-26 3.21902e-24
1.10417 -2.18414e-24 1.16783e-25 8.98959e-24
1.10833 -6.07569e-24 3.19998e-25 2.48613e-23
1.1125 -1.67376e-23 8.68323e-25 6.80908e-23
1.11667 -4.56653e-23 2.3334e-24 1.84689e-22
1.12083 -1.2339e-22 6.20986e-24 4.96122e-22
1.125 -3.30206e-22 1.63668e-23 1.3199e-21
1.12917 -8.75202e-22 4.27212e-23 3.47783e-21
1.13333 -2.29751e-21 1.1044e-22 9.07601e-21
1.1375 -5.97366e-21 2.82762e-22 2.34589e-20
1.14167 -1.53838e-20 7.1702e-22 6.00558e-20
1.14583 -3.92402e-20 1.80078e-21 1.52279e-19
1.15 -9.91403e-20 4.47936e-21 3.82445e-19
1.15417 -2.481e-19 1.10357e-20 9.51365e-19
1.15833 -6.14982e-19 2.69286e-20 2.34411e-18
1.1625 -1.50995e-18 6.50821e-20 5.72091e-18
1.16667 -3.67225e-18 1.55792e-19 1.38297e-17
1.17083 -8.8465e-18 3.69375e-19 3.31146e-17
1.175 -2.11098e-17 8.67416e-19 7.85401e-17
1.17917 -4.98966e-17 2.01755e-18 1.84514e-16
1.18333 -1.16824e-16 4.64793e-18 4.29369e-16
1.1875 -2.7094e-16 1.06055e-17 9.8969e-16
1.19167 -6.22425e-16 2.39682e-17 2.2596e-15
1.19583 -1.41637e-15 5.36501e-17 5.1101e-15
1.2 -3.19257e-15 1.18942e-16 1.14469e-14
1.20417 -7.12811e-15 2.61168e-16 2.53984e-14
1.20833 -1.57644e-14 5.6797e-16 5.58189e-14
1.2125 -3.4534e-14 1.22333e-15 1.21509e-13
1.21667 -7.49335e-14 2.60954e-15 2.61988e-13
1.22083 -1.6105e-13 5.51296e-15 5.59497e-13
1.225 -3.42845e-13 1.15344e-14 1.18345e-12
1.22917 -7.22897e-13 2.38992e-14 2.4793e-12
1.23333 -1.50971e-12 4.9039e-14 5.14434e-12
1.2375 -3.12275e-12 9.96456e-14 1.05716e-11
1.24167 -6.39734e-12 2.00502e-13 2.15157e-11
1.24583 -1.29799e-11 3.99496e-13 4.33672e-11
1.25 -2.60821e-11 7.88172e-13 8.6566e-11
1.25417 -5.19039e-11 1.53968e-12 1.7112e-10
1.25833 -1.02289e-10 2.97799e-12 3.3497e-10
1.2625 -1.99628e-10 5.70268e-12 6.49307e-10
1.26667 -3.85794e-10 1.08113e-11 1.24629e-09
1.27083 -7.38275e-10 2.02909e-11 2.3686e-09
1.275 -1.39892e-09 3.76982e-11 4.45709e-09
1.27917 -2.62457e-09 6.93288e-11 8.30384e-09
1.28333 -4.87524e-09 1.26198e-10 1.53163e-08
1.2875 -8.96571e-09 2.27358e-10 2.79674e-08
1.29167 -1.63231e-08 4.05373e-10 5.05533e-08
1.29583 -2.94186e-08 7.15239e-10 9.04528e-08
1.3 -5.24831e-08 1.24872e-09 1.60192e-07
1.30417 -9.26758e-08 2.15704e-09 2.80787e-07
1.30833 -1.61969e-07 3.68631e-09 4.8708e-07
1.3125 -2.80149e-07 6.23187e-09 8.36134e-07
1.31667 -4.79511e-07 1.04206e-08 1.42027e-06
1.32083 -8.12133e-07 1.72331e-08 2.38695e-06
1.325 -1.36093e-06 2.81824e-08 3.96878e-06
1.32917 -2.25625e-06 4.55695e-08 6.52781e-06
1.33333 -3.70026e-06 7.28435e-08 1.06201e-05
1.3375 -6.00245e-06 1.15096e-07 1.70881e-05
1.34167 -9.62999e-06 1.79723e-07 2.719e-05
1.34583 -1.52782e-05 2.77297e-07 4.27778e-05
1.35 -2.39667e-05 4.22663e-07 6.6537e-05
1.35417 -3.71686e-05 6.36292e-07 0.000102301
1.35833 -5.69784e-05 9.45859e-07 0.000155453
1.3625 -8.63261e-05 1.38799e-06 0.000233425
1.36667 -0.00012924 2.01008e-06 0.000346295
1.37083 -0.000191158 2.87185e-06 0.00050747
1.375 -0.000279284 4.04646e-06 0.000734425
1.37917 -0.00040296 5.62052e-06 0.00104944
1.38333 -0.000574036 7.69248e-06 0.00148025
1.3875 -0.000807176 1.03685e-05 0.00206045
1.39167 -0.00112003 1.37552e-05 0.00282949
1.39583 -0.00153319 1.79479e-05 0.00383209
1.4 -0.00206976 2.30145e-05 0.00511671
1.40417 -0.00275454 2.89738e-05 0.00673293
1.40833 -0.0036125 3.57699e-05 0.00872744
1.4125 -0.00466666 4.32418e-05 0.0111386
1.41667 -0.00593513 5.10942e-05 0.0139895
1.42083 -0.00742745 5.88697e-05 0.0172797
1.425 -0.00914037 6.59305e-05 0.0209766
1.42917 -0.0110534 7.1455e-05 0.0250065
1.43333 -0.0131243 7.44565e-05 0.0292477
1.4375 -0.0152863 7.38297e-05 0.0335263
1.44167 -0.0174454 6.84305e-05 0.0376167
1.44583 -0.0194823 5.71888e-05 0.0412482
1.45 -0.0212557 3.92494e-05 0.0441193
1.45417 -0.0226108 1.41294e-05 0.0459201
1.45833 -0.0233907 -1.81261e-05 0.0463613
1.4625 -0.0234526 -5.68166e-05 0.0452085
1.46667 -0.0226848 -0.000100516 0.0423178
1.47083 -0.0210247 -0.000147089 0.0376674
1.475 -0.0184742 -0.000193814 0.0313793
1.47917 -0.0151093 -0.000237626 0.0237256
1.48333 -0.0110814 -0.00027547 0.0151133
1.4875 -0.00660738 -0.000304725 0.00604636
1.49167 -0.00194851 -0.000323649 -0.00293407
1.49583 0.00262189 -0.00033176 -0.0113259
1.5 0.00685791 -0.00033008 -0.0187485
1.50417 0.0105824 -0.000321143 -0.0250168
1.50833 0.0137231 -0.00030873 -0.0301933
1.5125 0.0163355 -0.000297322 -0.0346014
1.51667 0.0186058 -0.000291296 -0.0387933
1.52083 0.0208292 -0.000294002 -0.0434666
1.525 0.0233645 -0.000306851 -0.0493404
1.52917 0.0265671 -0.000328611 -0.057005
1.53333 0.0307127 -0.000355084 -0.066772
1.5375 0.0359227 -0.000379277 -0.0785527
1.54167 0.0421071 -0.000392133 -0.0917912
1.54583 0.0489367 -0.000383733 -0.105473
1.55 0.0558555 -0.000344812 -0.118214
1.55417 0.0621325 -0.000268344 -0.128421
1.55833 0.066949 -0.000150911 -0.1345
1.5625 0.0695074 6.4008e-06 -0.135081
1.56667 0.0691434 0.000197732 -0.129218
1.57083 0.0654244 0.000412862 -0.116533
1.575 0.058217 0.000638213 -0.0972871
1.57917 0.0477154 0.000858252 -0.0723731
1.58333 0.0344297 0.00105706 -0.0432305
1.5875 0.0191388 0.00121982 -0.0117148
1.59167 0.00281937 0.00133413 0.0200654
1.59583 -0.013439 0.00139094 0.0499218
1.6 -0.0285223 0.00138531 0.0757594
1.60417 -0.041381 0.00131691 0.0957464
1.60833 -0.0511147 0.00119019 0.108476
1.6125 -0.0570548 0.00101443 0.113117
1.61667 -0.0588366 0.000803233 0.10953
1.62083 -0.0564548 0.000573498 0.098326
1.625 -0.0502864 0.000343763 0.0808412
1.62917 -0.041066 0.000131975 0.0589966
1.63333 -0.0298069 -4.69727e-05 0.0350548
1.6375 -0.0176691 -0.000183434 0.0113039
1.64167 -0.00579708 -0.000274382 -0.0102652
1.64583 0.0048403 -0.000323512 -0.0282094
1.65 0.0135658 -0.000339924 -0.0417406
1.65417 0.020034 -0.000335687 -0.0506556
1.65833 0.0241811 -0.000322934 -0.0551102
1.6625 0.0261024 -0.000311361 -0.055315
1.66667 0.0258977 -0.000306902 -0.0512662
1.67083 0.0235448 -0.000311962 -0.0426223
1.675 0.0188534 -0.000327007 -0.028794
1.67917 0.0115289 -0.000352759 -0.00924005
1.68333 0.00133322 -0.00039195 0.016121
1.6875 -0.0117052 -0.000449667 0.0465253
1.69167 -0.0271091 -0.000531875 0.0801547
1.69583 -0.0438695 -0.000642407 0.114205
1.7 -0.0605066 -0.000779482 0.145243
1.70417 -0.0752709 -0.000933134 0.16976
1.70833 -0.0864332 -0.0010848 0.184773
1.7125 -0.0925827 -0.00120961 0.188302
1.71667 -0.0928496 -0.00128108 0.179606
1.72083 -0.0869999 -0.00127677 0.159157
1.725 -0.0753977 -0.0011835 0.128407
1.72917 -0.0588754 -0.00100027 0.0894849
1.73333 -0.0385756 -0.000738439 0.0449407
1.7375 -0.0158244 -0.000419136 -0.00240594
1.74167 0.00793557 -6.90652e-05 -0.049517
1.74583 0.0311695 0.000283858 -0.0931793
1.75 0.0522741 0.000613833 -0.130138
1.75417 0.0696541 0.000898917 -0.157384
1.75833 0.0818744 0.0011214 -0.172571
1.7625 0.0878739 0.00126766 -0.174464
1.76667 0.0871833 0.00132824 -0.163276
1.77083 0.0800724 0.00129884 -0.140749
1.775 0.0675662 0.00118181 -0.109931
1.77917 0.051305 0.000987548 -0.0746847
1.78333 0.033277 0.000734904 -0.0390384
1.7875 0.0154873 0.000449839 -0.00655194
1.79167 -0.000353248 0.00016227 0.0201659
1.79583 -0.0130503 -9.83407e-05 0.039697
1.8 -0.0220213 -0.000307641 0.051796
1.80417 -0.0272624 -0.000450163 0.0571636
1.80833 -0.0292161 -0.000521316 0.0570977
1.8125 -0.0285875 -0.000527158 0.0531182
1.81667 -0.0261557 -0.000482088 0.0466499
1.82083 -0.0226235 -0.000405038 0.0388213
1.825 -0.018528 -0.000315131 0.0304011
1.82917 -0.014222 -0.000227828 0.0218544
1.83333 -0.00991257 -0.000152496 0.0134693
1.8375 -0.00572759 -9.19136e-05 0.00548139
1.84167 -0.00177765 -4.36711e-05 -0.00186007
1.84583 0.00181629 -2.81591e-06 -0.00830753
1.85 0.00493526 3.52964e-05 -0.0136813
1.85417 0.00749674 7.29806e-05 -0.0179214
1.85833 0.00947769 0.000109632 -0.0210653
1.8625 0.0108981 0.000142475 -0.0231374
1.86667 0.0117636 0.000167958 -0.0240102
1.87083 0.0119992 0.000182909 -0.0233376
1.875 0.0114263 0.00018494 -0.0206485
1.87917 0.00982155 0.000172206 -0.0156059
1.88333 0.00705314 0.000143242 -0.00832816
1.8875 0.00323582 9.75574e-05 0.000400847
1.89167 -0.0011817 3.71432e-05 0.00918442
1.89583 -0.00546716 -3.18904e-05 0.0163639
1.9 -0.0087987 -9.88373e-05 0.0205442
1.90417 -0.0105305 -0.000150158 0.0210622
1.90833 -0.0104114 -0.000173455 0.0181781
1.9125 -0.0086528 -0.000162245 0.0129046
1.91667 -0.00581622 -0.000119277 0.00657497
1.92083 -0.00258442 -5.64757e-05 0.000384025
1.925 0.000463365 8.89985e-06 -0.00487428
1.92917 0.00296443 6.03588e-05 -0.00878553
1.93333 0.00474351 8.77769e-05 -0.0111114
1.9375 0.00570296 8.99305e-05 -0.0116146
1.94167 0.00574036 7.30297e-05 -0.0100819
1.94583 0.00477187 4.64373e-05 -0.00655185
1.95 0.00285205 1.81418e-05 -0.00157328
1.95417 0.000295646 -7.6244e-06 0.00374127
1.95833 -0.00231463 -2.98082e-05 0.00799571
1.9625 -0.00428734 -4.81334e-05 0.0100362
1.96667 -0.00509057 -6.10526e-05 0.00945017
1.97083 -0.00458675 -6.57361e-05 0.00674627
1.975 -0.00309362 -6.01216e-05 0.00309223
1.97917 -0.00122584 -4.54234e-05 -0.000251613
1.98333 0.000398641 -2.70489e-05 -0.00248451
1.9875 0.00142268 -1.29502e-05 -0.00350192
1.99167 0.00184189 -1.02736e-05 -0.00372238
1.99583 0.00189384 -2.24632e-05 -0.00366888
2 0.00184052 -4.87611e-05 -0.00360607
2.00417 0.00179715 -8.64354e-05 -0.00346117
2.00833 0.00171151 -0.000134173 -0.00303285
2.0125 0.00148134 -0.000194256 -0.00228171
2.01667 0.00109808 -0.000271998 -0.00145264
2.02083 0.000695231 -0.000372856 -0.000928886
2.025 0.000463114 -0.000499245 -0.00094329
2.02917 0.000503645 -0.000649179 -0.00139627
2.03333 0.000750999 -0.000817379 -0.00195107
2.0375 0.0010336 -0.000997494 -0.00234984
2.04167 0.00123619 -0.00118317 -0.00269512
2.04583 0.0014287 -0.0013666 -0.00343554
2.05 0.00183926 -0.00153521 -0.00500653
2.05417 0.00266243 -0.00166914 -0.0073581
2.05833 0.00383146 -0.00174193 -0.00973743
2.0625 0.00493635 -0.00172518 -0.0109596
2.06667 0.00538798 -0.00159535 -0.0100679
2.07083 0.00475794 -0.00133958 -0.0069863
2.075 0.00308489 -0.000958274 -0.0027211
2.07917 0.000935344 -0.000464451 0.00106651
2.08333 -0.000846825 0.000117856 0.00289253
2.0875 -0.00156698 0.000753803 0.00219612
2.09167 -0.00102983 0.0013963 -0.000435601
2.09583 0.000390637 0.00198539 -0.00365944
2.1 0.00198407 0.00245229 -0.00609434
2.10417 0.0030741 0.00273015 -0.00690883
2.10833 0.00329541 0.00277012 -0.00597203
2.1125 0.00263951 0.00255731 -0.00360107
2.11667 0.00130592 0.0021201 -0.000203389
2.12083 -0.000481379 0.00152838 0.00388249
2.125 -0.00254486 0.000880632 0.00827777
2.12917 -0.00469052 0.000283941 0.0123832
2.13333 -0.00662007 -0.000166945 0.0154025
2.1375 -0.00795365 -0.000406127 0.0166694
2.14167 -0.00840022 -0.000405568 0.0160941
2.14583 -0.00797228 -0.000175881 0.0143899
2.15 -0.00707457 0.000240296 0.0128481
2.15417 -0.00636474 0.000780603 0.0127329
2.15833 -0.006439 0.00137817 0.0146374
2.1625 -0.00752357 0.00197569 0.0181819
2.16667 -0.00935597 0.00253374 0.0222154
2.17083 -0.0113183 0.00303016 0.0253655
2.175 -0.0127287 0.0034505 0.0266011
2.17917 -0.0131152 0.00377464 0.0255289
2.18333 -0.0123421 0.00396675 0.022364
2.1875 -0.0105707 0.00397556 0.0177153
2.19167 -0.0081372 0.0037467 0.012366
2.19583 -0.00543941 0.0032426 0.00711635
2.2 -0.00286132 0.00246077 0.00264413
2.20417 -0.000708663 0.00144115 -0.000679296
2.20833 0.000875126 0.000258214 -0.00296943
2.2125 0.00198793 -0.000999424 -0.00486385
2.21667 0.00297217 -0.00225255 -0.00729883
2.22083 0.0042918 -0.00344717 -0.0110792
2.225 0.00631663 -0.00455495 -0.0164661
2.22917 0.00912941 -0.0055583 -0.023034
2.23333 0.0124757 -0.00642748 -0.0298884
2.2375 0.0158894 -0.00710228 -0.0360913
2.24167 0.0189083 -0.00748944 -0.0410143
2.24583 0.0212387 -0.00748049 -0.0444127
2.25 0.0227754 -0.00698526 -0.0462392
2.25417 0.0234989 -0.00596816 -0.0464068
2.25833 0.0233613 -0.00447217 -0.0447198
2.2625 0.0222629 -0.00262025 -0.0410188
2.26667 0.0201351 -0.000593893 -0.0353925
2.27083 0.017044 0.0014015 -0.0282448
2.275 0.0132129 0.00317099 -0.020132
2.27917 0.00893005 0.00455381 -0.0114859
2.28333 0.00440909 0.00543496 -0.00244153
2.2875 -0.000286184 0.00575053 0.00708104
2.29167 -0.00518627 0.00549369 0.0170861
2.29583 -0.0102643 0.00472229 0.0272069
2.3 -0.0152968 0.003561 0.0366147
2.30417 -0.0198375 0.002188 0.0442036
2.30833 -0.0233287 0.000802557 0.0489435
2.3125 -0.0252853 -0.000418073 0.0502107
2.31667 -0.0254503 -0.00135457 0.0479411
2.32083 -0.023853 -0.0019577 0.0425771
2.325 -0.0207638 -0.00223359 0.0348816
2.32917 -0.0165931 -0.00221549 0.0257326
2.33333 -0.0117914 -0.00194331 0.0159854
2.3375 -0.0067886 -0.00146424 0.00642183
2.34167 -0.00197402 -0.000848472 -0.00224538
2.34583 0.00230355 -0.000198727 -0.00937935
2.35 0.00574662 0.000366247 -0.0144906
2.35417 0.00814878 0.000753559 -0.0173694
2.35833 0.00945481 0.000938075 -0.0181997
2.3625 0.00980109 0.000970824 -0.0175348
2.36667 0.0094864 0.000939494 -0.0160736
2.37083 0.00885465 0.000902624 -0.0143148
2.375 0.00813587 0.000844921 -0.012303
2.37917 0.0073454 0.000692899 -0.00967538
2.38333 0.00632846 0.000387573 -0.00603471
2.3875 0.00494628 -3.69497e-05 -0.00142014
2.39167 0.00328619 -0.000434783 0.00348006
2.39583 0.00173395 -0.00061855 0.00758527
2.4 0.000826608 -0.00048087 0.0100225
2.40417 0.000963875 -8.19814e-05 0.0106618
2.40833 0.00217419 0.000367926 0.0101961
2.4125 0.00410587 0.000631179 0.00970255
2.41667 0.00625035 0.000589799 0.0100147
2.42083 0.00823026 0.000312931 0.0113639
2.425 0.00994291 -4.50615e-06 0.0135071
2.42917 0.0114786 -0.000184386 0.0161414
2.43333 0.0129229 -0.000179444 0.0191882
2.4375 0.0142378 -7.38133e-05 0.0226877
2.44167 0.015323 2.0495e-05 0.0264537
2.44583 0.0161708 7.47281e-05 0.0298975
2.45 0.0169247 0.000161216 0.0322915
2.45417 0.0177376 0.000361845 0.0333144
2.45833 0.0185292 0.000653539 0.0333854
2.4625 0.0188751 0.000884974 0.0334051
2.46667 0.0181802 0.000881698 0.0340148
2.47083 0.0160507 0.000598185 0.0349433
2.475 0.012584 0.000181478 0.035008
2.47917 0.00833055 -0.00012293 0.0328333
2.48333 0.0039383 -0.000157184 0.0277531
2.4875 -0.000249973 2.32061e-05 0.0201959
2.49167 -0.0043288 0.000193083 0.0112661
2.49583 -0.00859846 0.000138592 0.00189885
2.5 -0.0131787 -0.0001743 -0.00770122
2.50417 -0.0178005 -0.000582383 -0.0178984
2.50833 -0.0219493 -0.000866583 -0.0289423
2.5125 -0.025228 -0.000925214 -0.0404064
2.51667 -0.0276279 -0.00083307 -0.0512579
2.52083 -0.0294864 -0.000749514 -0.0604943
2.525 -0.0311887 -0.000772362 -0.0677813
2.52917 -0.0328883 -0.000870791 -0.0735423
2.53333 -0.0344844 -0.000943891 -0.0784515
2.5375 -0.0358522 -0.000932095 -0.0828073
2.54167 -0.0370872 -0.000870722 -0.0863473
2.54583 -0.0385126 -0.000845325 -0.088643
2.55 -0.0404127 -0.000907379 -0.0896741
2.55417 -0.0427074 -0.00103631 -0.09001
2.55833 -0.0448467 -0.00117241 -0.0903732
2.5625 -0.0460284 -0.00127019 -0.0909107
2.56667 -0.0455747 -0.00131417 -0.0907771
2.57083 -0.0431759 -0.00129633 -0.0883968
2.575 -0.0388304 -0.00120171 -0.0822316
2.57917 -0.0325724 -0.0010277 -0.0714867
2.58333 -0.0242621 -0.000805232 -0.0562737
2.5875 -0.0136575 -0.000575072 -0.0372103
2.59167 -0.000744113 -0.000329974 -0.0148907
2.59583 0.0139349 4.90805e-06 0.010276
2.6 0.0292248 0.0005028 0.0377213
2.60417 0.0436479 0.00112753 0.0661934
2.60833 0.0558401 0.0017066 0.0935505
2.6125 0.0648428 0.00204428 0.117118
2.61667 0.0701095 0.00208651 0.134402
2.62083 0.0713354 0.00197104 0.143682
2.625 0.0683529 0.00189299 0.144182
2.62917 0.0612247 0.0019058 0.135871
2.63333 0.0504372 0.0018603 0.119269
2.6375 0.0369631 0.00155532 0.0955032
2.64167 0.0220718 0.000953798 0.0665084
2.64583 0.00699982 0.000242473 0.0350179
2.65 -0.00726781 -0.000328146 0.0041025
2.65417 -0.0199622 -0.000657472 -0.0235655
2.65833 -0.0303465 -0.000844082 -0.0462564
2.6625 -0.0376318 -0.00103529 -0.0631877
2.66667 -0.0411349 -0.00125571 -0.0740783
2.67083 -0.0405721 -0.00140018 -0.0787026
2.675 -0.0362353 -0.00137622 -0.0768346
2.67917 -0.0288914 -0.00121174 -0.0685724
2.68333 -0.0194856 -0.00100313 -0.0546769
2.6875 -0.00887198 -0.000785992 -0.0365723
2.69167 0.00227093 -0.000506583 -0.0159834
2.69583 0.0133675 -0.000134167 0.00550408
2.7 0.0238549 0.000242399 0.0266637
2.70417 0.0331736 0.000486021 0.0465634
2.70833 0.0408288 0.000585101 0.0643775
2.7125 0.0464562 0.000704371 0.0792671
2.71667 0.0498507 0.00101121 0.0904043
2.72083 0.0509496 0.00145865 0.0970966
2.725 0.0497665 0.00179663 0.0989255
2.72917 0.0462855 0.00183461 0.0958066
2.73333 0.0403856 0.00166471 0.0879038
2.7375 0.0319 0.00156819 0.0754213
2.74167 0.020839 0.0016891 0.0584406
2.74583 0.00764224 0.00185182 0.037028
2.75 -0.00675866 0.00175356 0.0116545
2.75417 -0.0211465 0.00132336 -0.016353
2.75833 -0.0343304 0.000826705 -0.0447407
2.7625 -0.0453057 0.000582913 -0.0707887
2.76667 -0.0531942 0.000621765 -0.0919947
2.77083 -0.0571739 0.000681506 -0.106498
2.775 -0.0566387 0.000540139 -0.113089
2.77917 -0.0515454 0.00027178 -0.111113
2.78333 -0.0426276 0.000122204 -0.100652
2.7875 -0.0312119 0.000175699 -0.0829113
2.79167 -0.0187506 0.00024091 -0.060292
2.79583 -0.00645024 9.55702e-05 -0.0358191
2.8 0.00476587 -0.000232196 -0.012197
2.80417 0.0141101 -0.000511184 0.00879199
2.80833 0.0209231 -0.000616404 0.0261695
2.8125 0.0248876 -0.000689754 0.039271
2.81667 0.0261994 -0.000938807 0.0475466
2.82083 0.0254137 -0.0013434 0.0508578
2.825 0.0230491 -0.00166769 0.049808
2.82917 0.0193247 -0.00176846 0.0455649
2.83333 0.0142841 -0.00178421 0.0392391
2.8375 0.00814927 -0.00193643 0.0314333
2.84167 0.0015256 -0.00219587 0.0224146
2.84583 -0.00472702 -0.00226729 0.0126786
2.85 -0.0097974 -0.00193784 0.00326853
2.85417 -0.0131406 -0.0013453 -0.00448732
2.85833 -0.0145371 -0.000812489 -0.00955538
2.8625 -0.0140961 -0.000460406 -0.0116016
2.86667 -0.0122561 -0.000105796 -0.0110177
2.87083 -0.00970725 0.000432079 -0.00871607
2.875 -0.00718211 0.00103895 -0.00587292
2.87917 -0.00521257 0.00142533 -0.00363652
2.88333 -0.00400368 0.00149014 -0.00280192
2.8875 -0.00343842 0.0014282 -0.00358372
2.89167 -0.00311988 0.00144152 -0.0056237
2.89583 -0.00244125 0.00146556 -0.00817689
2.9 -0.000797737 0.00129044 -0.0103088
2.90417 0.00204984 0.00088799 -0.0110883
2.90833 0.00571572 0.00046076 -0.00991452
2.9125 0.00932961 0.000142437 -0.00693406
2.91667 0.0120191 -0.000192649 -0.00316712
2.92083 0.0133098 -0.000698332 -2.72808e-05
2.925 0.0131264 -0.00123385 0.00149344
2.92917 0.0115634 -0.00147183 0.00126111
2.93333 0.00883342 -0.00135136 -0.000296788
2.9375 0.00545378 -0.00122436 -0.00275153
2.94167 0.00227153 -0.00140531 -0.00577372
2.94583 4.25002e-05 -0.00170588 -0.00875001
2.95 -0.00110267 -0.00166084 -0.0106454
2.95417 -0.00168222 -0.00122114 -0.010579
2.95833 -0.0022782 -0.000946562 -0.00856434
2.9625 -0.00298156 -0.0013167 -0.00546269
2.96667 -0.00348306 -0.00202333 -0.00208301
2.97083 -0.00361582 -0.00227019 0.00153668
2.975 -0.00360004 -0.00179787 0.00579149
2.97917 -0.0036861 -0.00127531 0.0105623
2.98333 -0.0037471 -0.00143448 0.0148954
2.9875 -0.00345886 -0.00203036 0.0177393
2.99167 -0.00287214 -0.00206444 0.0187937
2.99583 -0.00256569 -0.0010788 0.0184129
