0 0 0 0
0.00416667 0 0 0
0.00833333 0 0 0
0.0125 0 0 0
0.0166667 0 0 0
0.0208333 0 0 0
0.025 0 0 0
0.0291667 0 0 0
0.0333333 0 0 0
0.0375 0 0 0
0.0416667 0 0 0
0.0458333 0 0 0
0.05 0 0 0
0.0541667 0 0 0
0.0583333 0 0 0
0.0625 0 0 0
0.0666667 0 0 0
0.0708333 0 0 0
0.075 0 0 0
0.0791667 0 0 0
0.0833333 0 0 0
0.0875 0 0 0
0.0916667 0 0 0
0.0958333 0 0 0
0.1 0 0 0
0.104167 0 0 0
0.108333 0 0 0
0.1125 0 0 0
0.116667 0 0 0
0.120833 0 0 0
0.125 -1.82804e-322 3.78948e-321 8.18173e-321
0.129167 -2.0713e-316 2.85592e-315 6.08255e-315
0.133333 -1.00454e-310 1.34009e-309 2.85474e-309
0.1375 -3.21048e-305 4.14801e-304 8.83825e-304
0.141667 -6.93324e-300 8.68408e-299 1.85075e-298
0.145833 -1.03513e-294 1.25802e-293 2.68171e-293
0.15 -1.09099e-289 1.28761e-288 2.74544e-288
0.154167 -8.2743e-285 9.49094e-284 2.02415e-283
0.158333 -4.59588e-280 5.12728e-279 1.09378e-278
0.1625 -1.90007e-275 2.06318e-274 4.40241e-274
0.166667 -5.93516e-271 6.2768e-270 1.3397e-269
0.170833 -1.42024e-266 1.46381e-265 3.12516e-265
0.175 -2.63712e-262 2.65053e-261 5.6603e-261
0.179167 -3.84506e-258 3.7708e-257 8.05499e-257
0.183333 -4.45134e-254 4.26175e-253 9.10638e-253
0.1875 -4.13402e-250 3.86601e-249 8.26324e-249
0.191667 -3.10979e-246 2.84204e-245 6.07645e-245
0.195833 -1.91193e-242 1.70839e-241 3.65378e-241
0.2 -9.68846e-239 8.46805e-238 1.81166e-237
0.204167 -4.07857e-235 3.4885e-234 7.46573e-234
0.208333 -1.43698e-231 1.20327e-230 2.57598e-230
0.2125 -4.26688e-228 3.49928e-227 7.49381e-227
0.216667 -1.07481e-224 8.63617e-224 1.8501e-223
0.220833 -2.31098e-221 1.81999e-220 3.90027e-220
0.225 -4.26617e-218 3.29415e-217 7.06196e-217
0.229167 -6.79899e-215 5.1491e-214 1.10426e-213
0.233333 -9.40319e-212 6.9869e-211 1.49895e-210
0.2375 -1.13414e-208 8.27059e-208 1.77502e-207
0.241667 -1.19853e-205 8.58039e-205 1.84221e-204
0.245833 -1.11464e-202 7.8363e-202 1.68311e-201
0.25 -9.16123e-200 6.32654e-199 1.35938e-198
0.254167 -6.68085e-197 4.53315e-196 9.7443e-196
0.258333 -4.33926e-194 2.89369e-193 6.22275e-193
0.2625 -2.51925e-191 1.65153e-190 3.55302e-190
0.266667 -1.31187e-188 8.45648e-188 1.82006e-187
0.270833 -6.14742e-186 3.89743e-185 8.39192e-185
0.275 -2.60036e-183 1.62183e-182 3.49364e-182
0.279167 -9.95882e-181 6.11167e-180 1.31712e-179
0.283333 -3.46297e-178 2.09158e-177 4.50957e-177
0.2875 -1.09632e-175 6.51817e-175 1.406e-174
0.291667 -3.16814e-173 1.85456e-172 4.00224e-172
0.295833 -8.37775e-171 4.82946e-170 1.04271e-169
0.3 -2.03209e-168 1.1538e-167 2.49231e-167
0.304167 -4.53149e-166 2.53467e-165 5.47778e-165
0.308333 -9.31052e-164 5.13126e-163 1.10948e-162
0.3125 -1.76625e-161 9.59283e-161 2.07519e-160
0.316667 -3.09991e-159 1.65944e-158 3.59163e-158
0.320833 -5.04321e-157 2.66138e-156 5.76313e-156
0.325 -7.61962e-155 3.96449e-154 8.58941e-154
0.329167 -1.07103e-152 5.49514e-152 1.19119e-151
0.333333 -1.40302e-150 7.09944e-150 1.53977e-149
0.3375 -1.71567e-148 8.56329e-148 1.85826e-147
0.341667 -1.96156e-146 9.65867e-146 2.0971e-145
0.345833 -2.10009e-144 1.02028e-143 2.21646e-143
0.35 -2.10853e-142 1.01085e-141 2.19719e-141
0.354167 -1.98815e-140 9.40668e-140 2.04579e-139
0.358333 -1.76296e-138 8.23309e-138 1.79157e-137
0.3625 -1.47209e-136 6.78642e-136 1.47761e-135
0.366667 -1.15899e-134 5.27502e-134 1.1492e-133
0.370833 -8.6142e-133 3.87122e-132 8.4387e-132
0.375 -6.05145e-131 2.68553e-130 5.85753e-130
0.379167 -4.02266e-129 1.76306e-128 3.8478e-128
0.383333 -2.53315e-127 1.09659e-126 2.39472e-126
0.3875 -1.51276e-125 6.46889e-125 1.41353e-124
0.391667 -8.57615e-124 3.62303e-123 7.92163e-123
0.395833 -4.62027e-122 1.92845e-121 4.21913e-121
0.4 -2.36766e-120 9.76481e-120 2.13772e-119
0.404167 -1.1552e-118 4.7081e-118 1.03136e-117
0.408333 -5.3713e-117 2.16348e-116 4.74237e-116
0.4125 -2.38217e-115 9.48346e-115 2.08014e-114
0.416667 -1.00857e-113 3.96883e-113 8.71108e-113
0.420833 -4.07989e-112 1.58708e-111 3.48575e-111
0.425 -1.57814e-110 6.06918e-110 1.33388e-109
0.429167 -5.84173e-109 2.22122e-108 4.88506e-108
0.433333 -2.07092e-107 7.786e-107 1.71351e-106
0.4375 -7.03612e-106 2.61588e-105 5.76088e-105
0.441667 -2.29278e-104 8.42975e-104 1.85774e-103
0.445833 -7.17057e-103 2.60738e-102 5.75011e-102
0.45 -2.15378e-101 7.74603e-101 1.70945e-100
0.454167 -6.21709e-100 2.21169e-99 4.88438e-99
0.458333 -1.72581e-98 6.0732e-98 1.34218e-97
0.4625 -4.60982e-97 1.60482e-96 3.54922e-96
0.466667 -1.18556e-95 4.08331e-95 9.03718e-95
0.470833 -2.93744e-94 1.00099e-93 2.217e-93
0.475 -7.01561e-93 2.3655e-92 5.243e-92
0.479167 -1.61605e-91 5.39182e-91 1.19595e-90
0.483333 -3.59227e-90 1.18604e-89 2.63271e-89
0.4875 -7.70972e-89 2.51909e-88 5.59594e-88
0.491667 -1.5984e-87 5.16879e-87 1.14907e-86
0.495833 -3.20277e-86 1.02506e-85 2.28055e-85
0.5 -6.20539e-85 1.9658e-84 4.37683e-84
0.504167 -1.16311e-83 3.64719e-83 8.1267e-83
0.508333 -2.11e-82 6.54949e-82 1.4605e-81
0.5125 -3.70634e-81 1.13889e-80 2.54164e-80
0.516667 -6.30668e-80 1.91853e-79 4.2849e-79
0.520833 -1.04e-78 3.13221e-78 7.00113e-78
0.525 -1.66274e-77 4.95806e-77 1.10911e-76
0.529167 -2.57838e-76 7.61245e-76 1.70425e-75
0.533333 -3.87947e-75 1.13412e-74 2.54108e-74
0.5375 -5.6659e-74 1.64015e-73 3.67784e-73
0.541667 -8.03524e-73 2.30334e-72 5.16917e-72
0.545833 -1.10693e-71 3.14226e-71 7.05764e-71
0.55 -1.4818e-70 4.16572e-70 9.36405e-70
0.554167 -1.92822e-69 5.36848e-69 1.20777e-68
0.558333 -2.43987e-68 6.72782e-68 1.51484e-67
0.5625 -3.00308e-67 8.20166e-67 1.84823e-66
0.566667 -3.59664e-66 9.72912e-66 2.19427e-65
0.570833 -4.19268e-65 1.12338e-64 2.53575e-64
0.575 -4.75868e-64 1.26297e-63 2.85325e-63
0.579167 -5.26031e-63 1.38294e-62 3.12692e-62
0.583333 -5.66491e-62 1.47531e-61 3.33862e-61
0.5875 -5.94507e-61 1.53377e-60 3.47387e-60
0.591667 -6.08168e-60 1.55436e-59 3.52352e-59
0.595833 -6.06613e-59 1.53596e-58 3.48478e-58
0.6 -5.90115e-58 1.48032e-57 3.36144e-57
0.604167 -5.60032e-57 1.39185e-56 3.16328e-56
0.608333 -5.18619e-56 1.27704e-55 2.90484e-55
0.6125 -4.68763e-55 1.14365e-54 2.60368e-54
0.616667 -4.13648e-54 9.99921e-54 2.27844e-53
0.620833 -3.56439e-53 8.53741e-53 1.94705e-52
0.625 -2.99996e-52 7.11989e-52 1.62518e-51
0.629167 -2.46673e-51 5.80103e-51 1.32529e-50
0.633333 -1.98197e-50 4.61867e-50 1.05609e-49
0.6375 -1.55646e-49 3.59419e-49 8.22558e-49
0.641667 -1.1949e-48 2.73433e-48 6.26318e-48
0.645833 -8.96955e-48 2.034e-47 4.66311e-47
0.65 -6.58478e-47 1.47977e-46 3.39545e-46
0.654167 -4.72855e-46 1.05307e-45 2.41848e-45
0.658333 -3.32211e-45 7.33217e-45 1.68537e-44
0.6625 -2.28392e-44 4.99566e-44 1.1493e-43
0.666667 -1.53676e-43 3.33136e-43 7.6708e-43
0.670833 -1.01221e-42 2.17467e-42 5.01176e-42
0.675 -6.52748e-42 1.3899e-41 3.20596e-41
0.679167 -4.12199e-41 8.69892e-41 2.00824e-40
0.683333 -2.54933e-40 5.33226e-40 1.23208e-39
0.6875 -1.54444e-39 3.20178e-39 7.40443e-39
0.691667 -9.16672e-39 1.88353e-38 4.35959e-38
0.695833 -5.33112e-38 1.08573e-37 2.51516e-37
0.7 -3.03844e-37 6.13343e-37 1.42206e-36
0.704167 -1.69736e-36 3.39611e-36 7.88068e-36
0.708333 -9.29504e-36 1.84339e-35 4.28119e-35
0.7125 -4.99046e-35 9.81001e-35 2.28024e-34
0.716667 -2.62725e-34 5.11915e-34 1.19089e-33
0.720833 -1.35641e-33 2.61974e-33 6.09944e-33
0.725 -6.86854e-33 1.31494e-32 3.06404e-32
0.729167 -3.41174e-32 6.47437e-32 1.50986e-31
0.733333 -1.66257e-31 3.12739e-31 7.29913e-31
0.7375 -7.94921e-31 1.48221e-30 3.46215e-30
0.741667 -3.72958e-30 6.89342e-30 1.61143e-29
0.745833 -1.71726e-29 3.14631e-29 7.36065e-29
0.75 -7.76067e-29 1.40947e-28 3.29994e-28
0.754167 -3.44266e-28 6.19792e-28 1.45219e-27
0.758333 -1.49922e-27 2.67555e-27 6.27358e-27
0.7625 -6.40997e-27 1.13397e-26 2.66086e-26
0.766667 -2.69095e-26 4.719e-26 1.10812e-25
0.770833 -1.10932e-25 1.92841e-25 4.53152e-25
0.775 -4.491e-25 7.73908e-25 1.81985e-24
0.779167 -1.78569e-24 3.05039e-24 7.17787e-24
0.783333 -6.97399e-24 1.18095e-23 2.78074e-23
0.7875 -2.67548e-23 4.49113e-23 1.05819e-22
0.791667 -1.00832e-22 1.67787e-22 3.95585e-22
0.795833 -3.73343e-22 6.15841e-22 1.45284e-21
0.8 -1.35818e-21 2.22086e-21 5.24234e-21
0.804167 -4.85482e-21 7.86938e-21 1.85863e-20
0.808333 -1.70525e-20 2.74004e-20 6.4751e-20
0.8125 -5.88605e-20 9.37549e-20 2.21673e-19
0.816667 -1.99667e-19 3.15266e-19 7.45784e-19
0.820833 -6.65672e-19 1.04191e-18 2.46588e-18
0.825 -2.18125e-18 3.38432e-18 8.01326e-18
0.829167 -7.02527e-18 1.0805e-17 2.55944e-17
0.833333 -2.22408e-17 3.39082e-17 8.03517e-17
0.8375 -6.92128e-17 1.046e-16 2.47958e-16
0.841667 -2.11731e-16 3.17189e-16 7.52156e-16
0.845833 -6.36739e-16 9.45541e-16 2.24283e-15
0.85 -1.88247e-15 2.77095e-15 6.57442e-15
0.854167 -5.47133e-15 7.98314e-15 1.89452e-14
0.858333 -1.56339e-14 2.26112e-14 5.36695e-14
0.8625 -4.39197e-14 6.29633e-14 1.49469e-13
0.866667 -1.21303e-13 1.72372e-13 4.09235e-13
0.870833 -3.29389e-13 4.63946e-13 1.10153e-12
0.875 -8.79373e-13 1.22769e-12 2.91486e-12
0.879167 -2.30814e-12 3.19398e-12 7.58298e-12
0.883333 -5.95628e-12 8.16943e-12 1.93935e-11
0.8875 -1.51114e-11 2.0543e-11 4.87596e-11
0.891667 -3.76917e-11 5.07854e-11 1.20516e-10
0.895833 -9.24247e-11 1.23427e-10 2.92816e-10
0.9 -2.22802e-10 2.9489e-10 6.99357e-10
0.904167 -5.27987e-10 6.92592e-10 1.64187e-09
0.908333 -1.22994e-09 1.59898e-09 3.78877e-09
0.9125 -2.8163e-09 3.62855e-09 8.5931e-09
0.916667 -6.3385e-09 8.09331e-09 1.91545e-08
0.920833 -1.4021e-08 1.77416e-08 4.19593e-08
0.925 -3.04806e-08 3.8221e-08 9.03215e-08
0.929167 -6.5116e-08 8.09131e-08 1.91039e-07
0.933333 -1.36689e-07 1.68307e-07 3.96988e-07
0.9375 -2.81913e-07 3.43962e-07 8.10424e-07
0.941667 -5.71198e-07 6.90548e-07 1.62508e-06
0.945833 -1.13683e-06 1.36175e-06 3.20044e-06
0.95 -2.2222e-06 2.63732e-06 6.18947e-06
0.954167 -4.26565e-06 5.01563e-06 1.17527e-05
0.958333 -8.03954e-06 9.36506e-06 2.19071e-05
0.9625 -1.48745e-05 1.71649e-05 4.00785e-05
0.966667 -2.70107e-05 3.08765e-05 7.19496e-05
0.970833 -4.81297e-05 5.44974e-05 0.000126716
0.975 -8.41344e-05 9.4358e-05 0.000218884
0.979167 -0.000144245 0.000160221 0.000370721
0.983333 -0.000242477 0.000266727 0.000615457
0.9875 -0.000399523 0.000435193 0.00100119
0.991667 -0.000644998 0.000695669 0.00159525
0.995833 -0.00101988 0.00108907 0.00248861
1 -0.00157878 0.00166893 0.00379916
1.00417 -0.00239143 0.00250228 0.00567264
1.00833 -0.00354255 0.00366856 0.00827916
1.0125 -0.00512888 0.00525577 0.0118029
1.01667 -0.00725208 0.00735252 0.0164226
1.02083 -0.0100063 0.0100352 0.0222818
1.025 -0.01346 0.0133497 0.0294473
1.02917 -0.017631 0.0172889 0.0378591
1.03333 -0.0224589 0.0217678 0.047278
1.0375 -0.0277763 0.0265998 0.0572394
1.04167 -0.0332862 0.0314813 0.067027
1.04583 -0.0385524 0.0359907 0.0756828
1.05 -0.0430124 0.0396078 0.0820644
1.05417 -0.0460185 0.04176 0.0849599
1.05833 -0.0469089 0.0418935 0.0832553
1.0625 -0.0451078 0.0395657 0.0761372
1.06667 -0.0402383 0.0345419 0.063296
1.07083 -0.0322301 0.0268797 0.0450851
1.075 -0.0213946 0.0169759 0.0225849
1.07917 -0.00844066 0.00555638 -0.00246491
1.08333 0.00558509 -0.00640214 -0.0278802
1.0875 0.0194378 -0.0178128 -0.0513684
1.09167 0.0318729 -0.02766 -0.0709235
1.09583 0.0418636 -0.0351801 -0.0851863
1.1 0.0487854 -0.039998 -0.0936716
1.10417 0.0525138 -0.0421776 -0.0967899
1.10833 0.0534042 -0.0421691 -0.0956504
1.1125 0.0521556 -0.0406669 -0.0917021
1.11667 0.0496001 -0.0384222 -0.0863352
1.12083 0.04649 -0.0360759 -0.0805904
1.125 0.0433618 -0.0340715 -0.0750913
1.12917 0.0405318 -0.0326814 -0.0702287
1.13333 0.0382223 -0.0321287 -0.0665122
1.1375 0.0367583 -0.0327412 -0.064903
1.14167 0.0367265 -0.0350444 -0.0669165
1.14583 0.0389847 -0.0397136 -0.0743444
1.15 0.0444584 -0.0473556 -0.0886049
1.15417 0.0537531 -0.0581718 -0.109909
1.15833 0.0667059 -0.0716203 -0.136569
1.1625 0.0820624 -0.0862301 -0.164793
1.16667 0.0974508 -0.099683 -0.189149
1.17083 0.109729 -0.109189 -0.203661
1.175 0.115639 -0.112066 -0.203196
1.17917 0.112573 -0.106341 -0.184696
1.18333 0.0991836 -0.0911829 -0.147812
1.1875 0.0756424 -0.0670248 -0.0947611
1.19167 0.0434771 -0.0353751 -0.0295536
1.19583 0.00510049 0.00156434 0.0430292
1.2 -0.0367363 0.0412929 0.118232
1.20417 -0.0793322 0.0812637 0.191621
1.20833 -0.120148 0.118949 0.258912
1.2125 -0.156695 0.151799 0.315644
1.21667 -0.186397 0.177246 0.357113
1.22083 -0.206629 0.192884 0.378831
1.225 -0.21504 0.196836 0.377434
1.22917 -0.210081 0.188206 0.351685
1.23333 -0.191519 0.167412 0.303116
1.2375 -0.160693 0.136254 0.235998
1.24167 -0.120394 0.0976681 0.156656
1.24583 -0.0744133 0.0552506 0.0724303
1.25 -0.0269343 0.0127366 -0.00934116
1.25417 0.0180082 -0.0264266 -0.0820781
1.25833 0.05691 -0.0593521 -0.140438
1.2625 0.0870323 -0.083876 -0.180678
1.26667 0.10658 -0.0986851 -0.200997
1.27083 0.11487 -0.103439 -0.201802
1.275 0.112445 -0.0988377 -0.185671
1.27917 0.101007 -0.0865455 -0.156849
1.28333 0.083101 -0.0689263 -0.120349
1.2875 0.0616082 -0.0486433 -0.0810013
1.29167 0.0392407 -0.0282539 -0.042844
1.29583 0.0182351 -0.009927 -0.00903915
1.3 0.000312196 0.00468917 0.0179001
1.30417 -0.013229 0.0145236 0.0360166
1.30833 -0.0215052 0.0191643 0.0442669
1.3125 -0.0242548 0.0189792 0.0431886
1.31667 -0.0221365 0.0151539 0.0352968
1.32083 -0.0168096 0.00947412 0.0245995
1.325 -0.0105314 0.00379024 0.0151343
1.32917 -0.00531012 -0.00066404 0.00918736
1.33333 -0.00202873 -0.00373852 0.00629663
1.3375 -0.00010756 -0.0062854 0.00383623
1.34167 0.00197608 -0.00948388 -0.000987612
1.34583 0.00553228 -0.0139134 -0.00891525
1.35 0.0105681 -0.0189435 -0.0176843
1.35417 0.0155117 -0.0228767 -0.0231289
1.35833 0.0180238 -0.0238287 -0.021754
1.3625 0.0164427 -0.020846 -0.0131451
1.36667 0.0109415 -0.0145651 -0.000586065
1.37083 0.00361302 -0.00698058 0.0105979
1.375 -0.00261626 -0.000448752 0.0159358
1.37917 -0.00556127 0.00346711 0.0140935
1.38333 -0.00484935 0.00462531 0.00716179
1.3875 -0.00185983 0.00409815 -0.00102576
1.39167 0.00131016 0.00337089 -0.00721516
1.39583 0.00307159 0.00352676 -0.0101054
1.4 0.0029558 0.00490091 -0.0101018
1.40417 0.00136538 0.00726924 -0.00808711
1.40833 -0.00111281 0.0102474 -0.00449999
1.4125 -0.00415476 0.0135088 0.000489223
1.41667 -0.00756734 0.0167067 0.00606969
1.42083 -0.0108448 0.0193267 0.0102978
1.425 -0.0130133 0.0207917 0.0108611
1.42917 -0.0131135 0.0208852 0.00676806
1.43333 -0.0110439 0.0201865 -0.000388573
1.4375 -0.00803859 0.0200622 -0.00686569
1.44167 -0.00621003 0.0220265 -0.00894107
1.44583 -0.0072935 0.0267786 -0.00541345
1.45 -0.0114243 0.0335626 0.00142766
1.45417 -0.016875 0.040358 0.00721638
1.45833 -0.0210368 0.0448579 0.00840644
1.4625 -0.0220129 0.0456212 0.00459683
1.46667 -0.0197096 0.0426445 -0.00138065
1.47083 -0.0156636 0.0370042 -0.00562381
1.475 -0.0117765 0.0298892 -0.00592575
1.47917 -0.00892653 0.0217603 -0.00310997
1.48333 -0.00647965 0.0122394 -5.99379e-05
1.4875 -0.00300044 0.000747826 0.000658335
1.49167 0.0024563 -0.0126507 -0.00131906
1.49583 0.0094984 -0.026877 -0.00415303
1.5 0.016614 -0.0402075 -0.00552067
1.50417 0.0222124 -0.051078 -0.00455582
1.50833 0.0256222 -0.0586995 -0.00243297
1.5125 0.0272713 -0.0630547 -0.00119829
1.51667 0.0279799 -0.0643739 -0.00190019
1.52083 0.0280252 -0.0626061 -0.00361955
1.525 0.0268021 -0.0573828 -0.00422966
1.52917 0.0233868 -0.0485296 -0.00227148
1.53333 0.0175395 -0.0366893 0.00161653
1.5375 0.010284 -0.0234742 0.00495734
1.54167 0.00351336 -0.0109081 0.0052816
1.54583 -0.00115931 -0.000481162 0.00214604
1.55 -0.0034496 0.00751733 -0.00231734
1.55417 -0.00452146 0.0138852 -0.00487596
1.55833 -0.00603665 0.0196765 -0.0036533
1.5625 -0.00882799 0.0252592 0.000331287
1.56667 -0.0122177 0.0299625 0.00382924
1.57083 -0.0145357 0.0325748 0.00384214
1.575 -0.0144638 0.0323001 4.06226e-05
1.57917 -0.0121538 0.0294226 -0.00482185
1.58333 -0.00920232 0.0251536 -0.0069526
1.5875 -0.00744758 0.0207825 -0.00451456
1.59167 -0.00751384 0.0168158 0.000795103
1.59583 -0.00829008 0.0128109 0.00493506
1.6 -0.00782586 0.00805074 0.00464887
1.60417 -0.00498422 0.00250185 8.00762e-05
1.60833 -0.000524139 -0.00277625 -0.00526825
1.6125 0.00331896 -0.00618758 -0.00727839
1.61667 0.0044957 -0.00675229 -0.00449899
1.62083 0.00275213 -0.00495156 0.000703357
1.625 -0.000121215 -0.0025448 0.00408578
1.62917 -0.00163897 -0.0014264 0.00298811
1.63333 -0.000512337 -0.00236172 -0.00153056
1.6375 0.00242661 -0.00456693 -0.00562205
1.64167 0.00499231 -0.00645154 -0.00583732
1.64583 0.005451 -0.00693247 -0.00190219
1.65 0.00388232 -0.006289 0.00319255
1.65417 0.0020217 -0.00591322 0.00576743
1.65833 0.00178772 -0.00720329 0.00446285
1.6625 0.00376247 -0.0105118 0.00117697
1.66667 0.00686153 -0.0149644 -0.000730616
1.67083 0.00937421 -0.0192123 0.000676847
1.675 0.0104084 -0.0224229 0.0043987
1.67917 0.0105038 -0.024682 0.0075182
1.68333 0.0109612 -0.0265502 0.0077425
1.6875 0.012551 -0.0282652 0.00525603
1.69167 0.0147496 -0.029357 0.00241079
1.69583 0.0161385 -0.029023 0.00166948
1.7 0.0155886 -0.0269077 0.00361167
1.70417 0.0132078 -0.0235675 0.00660845
1.70833 0.0102804 -0.0201886 0.00828339
1.7125 0.00828457 -0.0177756 0.00743737
1.71667 0.00780824 -0.0164657 0.00487262
1.72083 0.00820719 -0.0154857 0.00257216
1.725 0.00820037 -0.0137235 0.00203321
1.72917 0.00685812 -0.0104307 0.0031349
1.73333 0.00419337 -0.00555362 0.00437394
1.7375 0.000960613 0.000441103 0.00416599
1.74167 -0.002074 0.00699795 0.00211098
1.74583 -0.00474663 0.0137977 -0.000765703
1.75 -0.00751558 0.0207885 -0.00291902
1.75417 -0.0109353 0.0279805 -0.00355424
1.75833 -0.0150679 0.0351987 -0.003228
1.7625 -0.0193251 0.0419731 -0.00331692
1.76667 -0.022846 0.0476397 -0.0048119
1.77083 -0.0250775 0.051586 -0.00743775
1.775 -0.0260778 0.0534707 -0.00982993
1.77917 -0.0263117 0.0532445 -0.0106332
1.78333 -0.0261246 0.0509587 -0.00961514
1.7875 -0.0253471 0.0465704 -0.00785036
1.79167 -0.0233836 0.0399972 -0.00678755
1.79583 -0.0197472 0.0314337 -0.00696925
1.8 -0.0146141 0.0216063 -0.00752284
1.80417 -0.00889765 0.0115971 -0.00692832
1.80833 -0.00369736 0.00226988 -0.00444475
1.8125 0.000472396 -0.00619476 -0.000914167
1.81667 0.00399974 -0.0141416 0.00186724
1.82083 0.00768604 -0.0217275 0.00272377
1.825 0.0118215 -0.028333 0.00217107
1.82917 0.0156759 -0.0327387 0.00190406
1.83333 0.0179584 -0.0339827 0.00311376
1.8375 0.0179017 -0.0321284 0.00525733
1.84167 0.0159689 -0.0282414 0.00655469
1.84583 0.0134752 -0.0236338 0.00578352
1.85 0.0114575 -0.0190887 0.00356822
1.85417 0.0098902 -0.0146956 0.00179625
1.85833 0.00800364 -0.0102648 0.00171271
1.8625 0.00532557 -0.00578952 0.0026736
1.86667 0.00231447 -0.00153937 0.00289822
1.87083 -8.14612e-05 0.00215231 0.00143724
1.875 -0.00141217 0.00507314 -0.000769989
1.87917 -0.00213298 0.00712701 -0.00191159
1.88333 -0.00298342 0.00826114 -0.00127354
1.8875 -0.00407697 0.00846756 2.32493e-05
1.89167 -0.00475944 0.00781336 0.000319792
1.89583 -0.00437624 0.00639972 -0.000744522
1.9 -0.0030349 0.00431284 -0.00192079
1.90417 -0.00149908 0.00169952 -0.00183774
1.90833 -0.000393442 -0.00111008 -0.000528254
1.9125 0.000345546 -0.00367662 0.000692597
1.91667 0.00121069 -0.00572908 0.000724811
1.92083 0.00244118 -0.00728874 -0.000192057
1.925 0.00369321 -0.00842251 -0.000878359
1.92917 0.00436491 -0.00898228 -0.000544772
1.93333 0.00419449 -0.00881161 0.000410245
1.9375 0.00354412 -0.00820161 0.000876562
1.94167 0.00310231 -0.007822 0.000209033
1.94583 0.0032449 -0.00796084 -0.00108375
1.95 0.00363547 -0.00800484 -0.00183007
1.95417 0.00351412 -0.00701369 -0.00141818
1.95833 0.0024765 -0.0048426 -0.000492059
1.9625 0.000950373 -0.00243656 -0.000275549
1.96667 -0.000191698 -0.000912834 -0.00116535
1.97083 -0.000487908 -0.000542459 -0.00221024
1.975 -0.000263247 -0.000720088 -0.00217899
1.97917 -0.000163902 -0.000695903 -0.000997679
1.98333 -0.0004614 -0.000144233 0.000167996
1.9875 -0.00087989 0.000797125 0.0002586
1.99167 -0.00099741 0.00176519 -0.000520973
1.99583 -0.000723371 0.00248368 -0.000982815
2 -0.000425126 0.00300764 -0.000229652
2.00417 -0.000587454 0.00359832 0.00141031
2.00833 -0.00123143 0.00428311 0.00260349
2.0125 -0.00172069 0.0048197 0.00224936
2.01667 -0.00146501 0.00533466 0.000764395
2.02083 -0.000911675 0.00657764 -1.14518e-05
2.025 -0.00135507 0.00893479 0.00124845
2.02917 -0.00332237 0.0114596 0.00347862
2.03333 -0.00555091 0.0127758 0.0041084
2.0375 -0.00633517 0.0129763 0.00228326
2.04167 -0.00577076 0.0135911 0.000302663
2.04583 -0.00571064 0.0153085 0.000823404
2.05 -0.00723706 0.0168459 0.00326126
2.05417 -0.00915307 0.0168433 0.00447874
2.05833 -0.00963776 0.0157693 0.00298138
2.0625 -0.00856642 0.0147053 0.000732122
2.06667 -0.00720869 0.0131877 0.000216695
2.07083 -0.00621772 0.0100453 0.00128661
2.075 -0.00514585 0.0058703 0.00203255
2.07917 -0.00367487 0.00246632 0.00152136
2.08333 -0.00197103 -0.000242743 0.000221707
2.0875 0.000187293 -0.00432574 -0.00131988
2.09167 0.00318487 -0.0101113 -0.00256973
2.09583 0.00620292 -0.0148499 -0.00254282
2.1 0.00766157 -0.0166419 -0.0011706
2.10417 0.00766337 -0.0173407 -0.000568978
2.10833 0.00830264 -0.0192338 -0.00261717
2.1125 0.0104136 -0.0209053 -0.00547555
2.11667 0.0117427 -0.0195836 -0.00533267
2.12083 0.0101763 -0.0161909 -0.00210183
2.125 0.00731913 -0.014167 -0.000198559
2.12917 0.00634146 -0.013767 -0.00216381
2.13333 0.00715342 -0.0118535 -0.00469879
2.1375 0.0067494 -0.00785464 -0.00368196
2.14167 0.00424189 -0.00527345 -0.00042041
2.14583 0.00220754 -0.00552814 0.000770321
2.15 0.00218818 -0.00494415 -0.000604285
2.15417 0.00219598 -0.000989755 -0.0011948
2.15833 0.0005029 0.00273714 9.75253e-05
2.1625 -0.00112751 0.00219099 0.000753721
2.16667 -0.000665234 6.92819e-05 -0.000131102
2.17083 0.000258597 0.00159836 -1.29741e-05
2.175 -0.000907415 0.00537912 0.0020081
2.17917 -0.00277061 0.00528084 0.00275004
2.18333 -0.00197924 0.00103073 0.000428501
2.1875 0.00074468 -0.000496286 -0.00138452
2.19167 0.00109039 0.00371633 0.000821495
2.19583 -0.00192111 0.007691 0.00423053
2.2 -0.00404837 0.00610288 0.00366928
2.20417 -0.0025015 0.00279026 -7.42402e-05
2.20833 -0.00031814 0.00401044 -0.00131572
2.2125 -0.00126839 0.00799906 0.00159192
2.21667 -0.00384497 0.00834417 0.00392846
2.22083 -0.00413078 0.00500344 0.00231799
2.225 -0.00230066 0.00407197 -0.000347049
2.22917 -0.00184804 0.00703064 -0.000222833
2.23333 -0.00338971 0.00816095 0.00144761
2.2375 -0.00384584 0.00453037 0.00122398
2.24167 -0.00207348 0.00128816 -0.000553961
2.24583 -0.000939208 0.00303122 -0.000919722
2.25 -0.00224767 0.0058247 0.000157009
2.25417 -0.00339107 0.00352741 -0.000189775
2.25833 -0.00165673 -0.0020007 -0.00229372
2.2625 0.00101607 -0.00386356 -0.00286369
2.26667 0.00100934 -0.00139169 -0.000518833
2.27083 -0.0010048 -0.000970849 0.00134057
2.275 -0.00105119 -0.0050331 -0.000339753
2.27917 0.00157796 -0.00760671 -0.00309806
2.28333 0.00289946 -0.00411903 -0.00242428
2.2875 0.000555949 0.000673045 0.00112922
2.29167 -0.00222092 0.000141538 0.0025079
2.29583 -0.00160017 -0.00328912 -9.5627e-05
2.3 0.000768692 -0.00201117 -0.00242587
2.30417 0.000466671 0.00404509 -0.000881763
2.30833 -0.00249705 0.00695555 0.00191659
2.3125 -0.00376967 0.00379302 0.00163396
2.31667 -0.00188542 0.00151006 -0.000758603
2.32083 -0.000573632 0.00526136 -0.00107514
2.325 -0.00228523 0.00969839 0.000755098
2.32917 -0.00402312 0.00810399 0.000893981
2.33333 -0.00268711 0.00381486 -0.00119557
2.3375 -0.000600818 0.00415682 -0.00160831
2.34167 -0.00133907 0.00728587 0.000745374
2.34583 -0.00302519 0.00502311 0.00162166
2.35 -0.00119654 -0.00285766 -0.00114219
2.35417 0.00329411 -0.00772617 -0.00322108
2.35833 0.00521013 -0.00638423 -0.000863611
2.3625 0.00351876 -0.00587676 0.0024358
2.36667 0.00294907 -0.0107876 0.00153406
2.37083 0.00585985 -0.0154601 -0.00183316
2.375 0.0084531 -0.0142881 -0.00212348
2.37917 0.00749625 -0.0113008 0.00091064
2.38333 0.00550588 -0.0124404 0.00254793
2.3875 0.00582553 -0.0151046 0.00126526
2.39167 0.00701648 -0.0134674 0.000283165
2.39583 0.00619695 -0.00910187 0.00116308
2.4 0.00435555 -0.00766802 0.00182668
2.40417 0.00392929 -0.00844713 0.00150662
2.40833 0.00388561 -0.00594225 0.00208593
2.4125 0.00180762 -8.89976e-05 0.0034317
2.41667 -0.00114821 0.00357441 0.00270498
2.42083 -0.00197921 0.0034266 -0.000113029
2.425 -0.00115789 0.00362509 -0.00110068
2.42917 -0.0017147 0.0060559 0.00106865
2.43333 -0.00379678 0.00769331 0.00229806
2.4375 -0.00458499 0.00718076 -0.000390657
2.44167 -0.00345999 0.00736404 -0.00382976
2.44583 -0.00297904 0.009429 -0.00378254
2.45 -0.00427839 0.0105643 -0.00148906
2.45417 -0.00544541 0.00968486 -0.00103494
2.45833 -0.00532434 0.00978939 -0.00277489
2.4625 -0.00527165 0.0119271 -0.00377185
2.46667 -0.00589394 0.0123625 -0.00318498
2.47083 -0.00556598 0.00927861 -0.00273246
2.475 -0.00393568 0.00703344 -0.00250708
2.47917 -0.00351038 0.00903882 -0.000915541
2.48333 -0.00529781 0.0110655 0.00104974
2.4875 -0.00601697 0.00773755 0.000276858
2.49167 -0.00305636 0.00212203 -0.00246236
2.49583 0.00041809 0.00124664 -0.00201348
2.5 -0.000151613 0.00388072 0.00285422
2.50417 -0.00285682 0.00174485 0.00569643
2.50833 -0.00152338 -0.00639008 0.00177581
2.5125 0.00422783 -0.011511 -0.00324754
2.51667 0.0075294 -0.00894163 -0.00108753
2.52083 0.00494969 -0.00645582 0.00564348
2.525 0.00212842 -0.0109971 0.00674312
2.52917 0.00448344 -0.0161803 0.000629979
2.53333 0.00825611 -0.0131048 -0.00307198
2.5375 0.00716892 -0.00644513 0.000706888
2.54167 0.0031846 -0.00679586 0.00477153
2.54583 0.00258483 -0.0116677 0.00254306
2.55 0.00463776 -0.00935853 -0.0014491
2.55417 0.00343632 -0.000108826 -0.00100789
2.55833 -0.000646923 0.00341169 0.000873757
2.5625 -0.0014473 -0.00153076 -0.000739169
2.56667 0.00108003 -0.00241957 -0.00257526
2.57083 0.000102221 0.00615839 -0.00010852
2.575 -0.00519292 0.0121654 0.00224286
2.57917 -0.0068547 0.00696416 -0.00126365
2.58333 -0.00198616 0.000480883 -0.00567595
2.5875 0.00135936 0.00365899 -0.00276781
2.59167 -0.00232887 0.00966957 0.00390979
2.59583 -0.00644613 0.0068165 0.00391301
2.6 -0.00349184 -0.000906004 -0.00269945
2.60417 0.00242914 -0.00165678 -0.00541576
2.60833 0.00284167 0.00371698 -0.000269993
2.6125 -0.00151361 0.004539 0.0048324
2.61667 -0.00311633 -0.000996147 0.0032036
2.62083 0.000178015 -0.0044193 -0.00186253
2.625 0.00344686 -0.00226573 -0.00383556
2.62917 0.0032328 -0.000342125 -0.00141246
2.63333 0.00131582 -0.002728 0.00195892
2.6375 0.000625839 -0.00615371 0.00254142
2.64167 0.00176492 -0.00642592 -0.000503435
2.64583 0.00334728 -0.00402436 -0.00380007
2.65 0.00356082 -0.00226337 -0.00296323
2.65417 0.00205316 -0.00316617 0.0011324
2.65833 0.000727812 -0.0051876 0.00276853
2.6625 0.00111383 -0.00455812 -9.37685e-05
2.66667 0.00178423 -0.000714417 -0.0027886
2.67083 0.000993796 0.00130787 -0.00179119
2.675 0.000138479 -0.00182525 0.000387345
2.67917 0.000923827 -0.0050024 0.0009208
2.68333 0.00142905 -0.00209686 0.000902926
2.6875 -0.000363712 0.00311024 0.00103751
2.69167 -0.00184805 0.00268486 -0.000246402
2.69583 -0.000166975 -0.00148757 -0.0018054
2.7 0.00160973 -0.000566586 3.95039e-06
2.70417 -0.000840924 0.00583305 0.00383909
2.70833 -0.00496102 0.0090259 0.0037394
2.7125 -0.00500875 0.00616131 -0.000761436
2.71667 -0.00173876 0.00407978 -0.00289106
2.72083 -0.00101817 0.00689899 0.000506608
2.725 -0.00416287 0.010244 0.00419287
2.72917 -0.00662786 0.0099277 0.00326586
2.73333 -0.00564661 0.00771303 -0.000306321
2.7375 -0.00325348 0.00649833 -0.0021871
2.74167 -0.00209876 0.00634835 -0.00101128
2.74583 -0.0026705 0.00625804 0.00186912
2.75 -0.00391758 0.00527788 0.00348336
2.75417 -0.00382624 0.00263168 0.0010341
2.75833 -0.00117143 -0.00032934 -0.00348287
2.7625 0.00181604 -0.00118166 -0.00382953
2.76667 0.00179839 -0.00126223 0.00106344
2.77083 3.81111e-05 -0.0042716 0.00379869
2.775 0.000955846 -0.00886548 -0.000129181
2.77917 0.0045644 -0.00998046 -0.00467739
2.78333 0.00638585 -0.00842219 -0.00336992
2.7875 0.00534064 -0.00982083 0.000514094
2.79167 0.00485333 -0.0132609 0.0010363
2.79583 0.00570332 -0.01208 -0.000714335
2.8 0.00517681 -0.00698234 -0.0012319
2.80417 0.00358323 -0.00580747 -0.00136592
2.80833 0.00386563 -0.00884189 -0.00192906
2.8125 0.0047768 -0.00780689 -0.000303531
2.81667 0.00247779 -0.0012698 0.00297746
2.82083 -0.00148914 0.00276161 0.00271285
2.825 -0.00212763 0.00166609 -0.00117531
2.82917 -0.000168721 0.00195022 -0.00168644
2.83333 -0.000895589 0.00614611 0.00318395
2.8375 -0.00462718 0.00900558 0.00641732
2.84167 -0.00659997 0.00838671 0.0040111
2.84583 -0.00542986 0.00793418 0.000970164
2.85 -0.00414424 0.0083468 0.00169454
2.85417 -0.00404792 0.00694241 0.00397514
2.85833 -0.00410549 0.00492924 0.00518289
2.8625 -0.0043819 0.00499877 0.00554532
2.86667 -0.00464338 0.00454439 0.00432068
2.87083 -0.00283399 0.000830323 0.00119536
2.875 0.000471857 -0.00194333 0.000310946
2.87917 0.000956005 -0.00011499 0.00421748
2.88333 -0.00193439 0.00150044 0.00703114
2.8875 -0.00266981 -0.00152268 0.00303568
2.89167 0.00101266 -0.0044034 -0.00257652
2.89583 0.00380178 -0.00246297 -0.0018363
2.9 0.00216796 -0.00020314 0.0025363
2.90417 0.000139944 -0.00200077 0.00258783
2.90833 0.00136785 -0.00351328 -0.00142829
2.9125 0.00334178 -0.00107512 -0.00360811
2.91667 0.00358518 0.000565631 -0.00302755
2.92083 0.00391334 -0.00204023 -0.00238141
2.925 0.00521819 -0.00407037 -0.00157129
2.92917 0.00548214 -0.00227167 -0.000444417
2.93333 0.0051729 -0.00116419 -0.00154854
2.9375 0.00715499 -0.00345941 -0.0040219
2.94167 0.0102409 -0.0049367 -0.00244798
2.94583 0.0105005 -0.00357658 0.00327895
2.95 0.00897127 -0.00327215 0.00604753
2.95417 0.0101842 -0.00520036 0.00370037
2.95833 0.0138033 -0.00582137 0.00301965
2.9625 0.0156112 -0.00504043 0.00770954
2.96667 0.0153804 -0.00617709 0.0128118
2.97083 0.0161456 -0.00796274 0.0145
2.975 0.0177192 -0.00669196 0.0153061
2.97917 0.0180331 -0.00452606 0.0170902
2.98333 0.0180732 -0.00552641 0.0184284
2.9875 0.0189882 -0.00674397 0.0201287
2.99167 0.0181053 -0.00349829 0.0241044
2.99583 0.0138636 0.000910212 0.0272331
