0 0 0 0
0.00416667 0 0 0
0.00833333 0 0 0
0.0125 0 0 0
0.0166667 0 0 0
0.0208333 0 0 0
0.025 0 0 0
0.0291667 0 0 0
0.0333333 0 0 0
0.0375 0 0 0
0.0416667 0 0 0
0.0458333 0 0 0
0.05 0 0 0
0.0541667 0 0 0
0.0583333 0 0 0
0.0625 0 0 0
0.0666667 0 0 0
0.0708333 0 0 0
0.075 0 0 0
0.0791667 0 0 0
0.0833333 0 0 0
0.0875 0 0 0
0.0916667 0 0 0
0.0958333 0 0 0
0.1 0 0 0
0.104167 0 0 0
0.108333 0 0 0
0.1125 0 0 0
0.116667 0 0 0
0.120833 0 0 0
0.125 0 0 0
0.129167 0 0 0
0.133333 0 0 0
0.1375 0 0 0
0.141667 0 0 0
0.145833 0 0 0
0.15 0 0 0
0.154167 0 0 0
0.158333 0 0 0
0.1625 0 0 0
0.166667 0 0 0
0.170833 0 0 0
0.175 0 0 0
0.179167 0 0 0
0.183333 0 0 0
0.1875 -1.41945e-320 3.81913e-321 4.34555e-319
0.191667 -1.63435e-316 4.58457e-317 4.82868e-315
0.195833 -1.5131e-312 4.32353e-313 4.37202e-311
0.2 -1.15104e-308 3.33462e-309 3.25423e-307
0.204167 -7.25143e-305 2.12102e-305 2.00687e-303
0.208333 -3.81122e-301 1.12132e-301 1.03297e-299
0.2125 -1.68278e-297 4.96358e-298 4.46855e-296
0.216667 -6.28286e-294 1.85242e-294 1.63526e-292
0.220833 -1.99592e-290 5.8667e-291 5.09369e-289
0.225 -5.4266e-287 1.58645e-287 1.35843e-285
0.229167 -1.26975e-283 3.68431e-284 3.11893e-282
0.233333 -2.57039e-280 7.38866e-281 6.19747e-279
0.2375 -4.52413e-277 1.28621e-277 1.07109e-275
0.241667 -6.95645e-274 1.95312e-274 1.61767e-272
0.245833 -9.38669e-271 2.59922e-271 2.14467e-269
0.25 -1.11628e-267 3.04495e-268 2.50668e-266
0.254167 -1.17474e-264 3.15332e-265 2.5934e-263
0.258333 -1.09827e-261 2.8983e-262 2.38429e-260
0.2625 -9.15562e-259 2.37334e-259 1.95513e-257
0.266667 -6.8299e-256 1.73779e-256 1.43501e-254
0.270833 -4.57465e-253 1.14171e-253 9.45931e-252
0.275 -2.76008e-250 6.75253e-251 5.6181e-249
0.279167 -1.50469e-247 3.60663e-248 3.01567e-246
0.283333 -7.43389e-245 1.74488e-245 1.46731e-243
0.2875 -3.33779e-242 7.6685e-243 6.48973e-241
0.291667 -1.36568e-239 3.06994e-240 2.61622e-238
0.295833 -5.10525e-237 1.12246e-237 9.63801e-236
0.3 -1.74799e-234 3.75774e-235 3.2527e-233
0.304167 -5.49483e-232 1.15465e-232 1.00804e-230
0.308333 -1.58948e-229 3.26397e-230 2.87528e-228
0.3125 -4.24032e-227 8.50712e-228 7.56493e-226
0.316667 -1.04544e-224 2.04874e-225 1.83978e-223
0.320833 -2.38693e-222 4.56827e-223 4.14419e-221
0.325 -5.0567e-220 9.45001e-221 8.66314e-219
0.329167 -9.95854e-218 1.81699e-218 1.68377e-216
0.333333 -1.82646e-215 3.25313e-216 3.04823e-214
0.3375 -3.12513e-213 5.43307e-214 5.14899e-212
0.341667 -4.99681e-211 8.47842e-212 8.12887e-210
0.345833 -7.47804e-209 1.23828e-209 1.20136e-207
0.35 -1.04912e-206 1.69526e-207 1.66464e-205
0.354167 -1.38186e-204 2.17885e-205 2.16585e-203
0.358333 -1.71129e-202 2.63282e-203 2.64983e-201
0.3625 -1.99534e-200 2.99523e-201 3.0528e-199
0.366667 -2.19344e-198 3.21252e-199 3.31629e-197
0.370833 -2.27624e-196 3.25264e-197 3.4013e-195
0.375 -2.23275e-194 3.1128e-195 3.29776e-193
0.379167 -2.07261e-192 2.81917e-193 3.02624e-191
0.383333 -1.82291e-190 2.41915e-191 2.63153e-189
0.3875 -1.52081e-188 1.96912e-189 2.17082e-187
0.391667 -1.20482e-186 1.52205e-187 1.7007e-185
0.395833 -9.07349e-185 1.1184e-185 1.26673e-183
0.4 -6.50244e-183 7.82046e-184 8.97916e-182
0.404167 -4.43877e-181 5.20913e-182 6.06343e-180
0.408333 -2.88904e-179 3.30841e-180 3.90436e-178
0.4125 -1.79455e-177 2.00542e-178 2.39959e-176
0.416667 -1.0648e-175 1.16123e-176 1.40888e-174
0.420833 -6.04039e-174 6.429e-175 7.90935e-173
0.425 -3.27888e-172 3.40607e-173 4.24923e-171
0.429167 -1.70454e-170 1.72827e-171 2.18646e-169
0.433333 -8.49297e-169 8.40556e-170 1.07841e-167
0.4375 -4.05904e-167 3.92158e-168 5.10238e-166
0.441667 -1.8622e-165 1.75641e-166 2.31761e-164
0.445833 -8.20713e-164 7.55753e-165 1.01136e-162
0.45 -3.47719e-162 3.12635e-163 4.24306e-161
0.454167 -1.41723e-160 1.24423e-161 1.71263e-159
0.458333 -5.56056e-159 4.76724e-160 6.65501e-158
0.4625 -2.10161e-157 1.75963e-158 2.49128e-156
0.466667 -7.65629e-156 6.26094e-157 8.99007e-155
0.470833 -2.69022e-154 2.1488e-155 3.12924e-153
0.475 -9.12269e-153 7.11793e-154 1.05126e-151
0.479167 -2.98731e-151 2.27703e-152 3.41066e-150
0.483333 -9.45169e-150 7.03868e-151 1.06922e-148
0.4875 -2.89103e-148 2.1036e-149 3.24072e-147
0.491667 -8.55358e-147 6.08168e-148 9.50157e-146
0.495833 -2.4492e-145 1.70177e-146 2.69625e-144
0.5 -6.79058e-144 4.61126e-145 7.40899e-143
0.504167 -1.82395e-142 1.2106e-143 1.97247e-141
0.508333 -4.74853e-141 3.08073e-142 5.09012e-140
0.5125 -1.19881e-139 7.60308e-141 1.27385e-138
0.516667 -2.93623e-138 1.82058e-139 3.09302e-137
0.520833 -6.98033e-137 4.23169e-138 7.28987e-136
0.525 -1.61139e-135 9.55193e-137 1.66848e-134
0.529167 -3.61372e-134 2.09475e-135 3.71002e-133
0.533333 -7.87624e-133 4.46497e-134 8.01801e-132
0.5375 -1.66907e-131 9.25404e-133 1.68489e-130
0.541667 -3.44029e-130 1.86571e-131 3.44402e-129
0.545833 -6.90004e-129 3.66039e-130 6.85046e-128
0.55 -1.34714e-127 6.99112e-129 1.32648e-126
0.554167 -2.56118e-126 1.30037e-127 2.50132e-125
0.558333 -4.74343e-125 2.35638e-126 4.595e-124
0.5625 -8.56103e-124 4.16137e-125 8.2263e-123
0.566667 -1.50624e-122 7.16463e-124 1.43575e-121
0.570833 -2.5843e-121 1.203e-122 2.44374e-120
0.575 -4.32533e-120 1.97057e-121 4.0577e-119
0.579167 -7.06422e-119 3.15007e-120 6.57497e-118
0.583333 -1.12621e-117 4.91571e-119 1.04e-116
0.5875 -1.75314e-116 7.49075e-118 1.60635e-115
0.591667 -2.66557e-115 1.11499e-116 2.42349e-114
0.595833 -3.95978e-114 1.62162e-115 3.57246e-113
0.6 -5.74891e-113 2.3051e-114 5.1469e-112
0.604167 -8.1594e-112 3.20342e-113 7.24938e-111
0.608333 -1.13243e-110 4.35357e-112 9.98513e-110
0.6125 -1.53732e-109 5.78764e-111 1.34531e-108
0.616667 -2.04188e-108 7.52832e-110 1.77348e-107
0.620833 -2.65417e-107 9.58404e-109 2.2881e-106
0.625 -3.37728e-106 1.19444e-107 2.8899e-105
0.629167 -4.20782e-105 1.45765e-106 3.57403e-104
0.633333 -5.1346e-104 1.74231e-105 4.3292e-103
0.6375 -6.13788e-103 2.04024e-104 5.13732e-102
0.641667 -7.18947e-102 2.34112e-103 5.97375e-101
0.645833 -8.25358e-101 2.63301e-102 6.80833e-100
0.65 -9.28868e-100 2.90314e-101 7.60703e-99
0.654167 -1.02501e-98 3.1388e-100 8.33425e-98
0.658333 -1.10933e-97 3.3284e-99 8.95551e-97
0.6625 -1.17772e-96 3.46238e-98 9.44015e-96
0.666667 -1.22677e-95 3.53404e-97 9.76389e-95
0.670833 -1.25406e-94 3.54009e-96 9.91087e-94
0.675 -1.25832e-93 3.4809e-95 9.87489e-93
0.679167 -1.23956e-92 3.36036e-94 9.65986e-92
0.683333 -1.19904e-91 3.18554e-93 9.27921e-91
0.6875 -1.13912e-90 2.96595e-92 8.75457e-90
0.691667 -1.06306e-89 2.71273e-91 8.11379e-89
0.695833 -9.74716e-89 2.43778e-90 7.3885e-88
0.7 -8.78228e-88 2.15278e-89 6.61166e-87
0.704167 -7.77719e-87 1.86853e-88 5.81517e-86
0.708333 -6.77015e-86 1.5943e-87 5.02791e-85
0.7125 -5.7944e-85 1.33747e-86 4.27424e-84
0.716667 -4.87669e-84 1.10334e-85 3.57312e-83
0.720833 -4.03663e-83 8.95194e-85 2.93782e-82
0.725 -3.2867e-82 7.1446e-84 2.37608e-81
0.729167 -2.63279e-81 5.60994e-83 1.8907e-80
0.733333 -2.07518e-80 4.33435e-82 1.48039e-79
0.7375 -1.60969e-79 3.29564e-81 1.14075e-78
0.741667 -1.22897e-78 2.46643e-80 8.65215e-78
0.745833 -9.23664e-78 1.81708e-79 6.46019e-77
0.75 -6.83481e-77 1.31801e-78 4.74914e-76
0.754167 -4.9801e-76 9.41369e-78 3.43789e-75
0.758333 -3.57362e-75 6.62152e-77 2.45098e-74
0.7625 -2.52578e-74 4.58744e-76 1.72113e-73
0.766667 -1.75857e-73 3.13079e-75 1.19061e-72
0.770833 -1.2063e-72 2.10506e-74 8.11468e-72
0.775 -8.15344e-72 1.39463e-73 5.44964e-71
0.779167 -5.43086e-71 9.10515e-73 3.60676e-70
0.783333 -3.56527e-70 5.85873e-72 2.35272e-69
0.7875 -2.3071e-69 3.71587e-71 1.5128e-68
0.791667 -1.47177e-68 2.32332e-70 9.58968e-68
0.795833 -9.25697e-68 1.43218e-69 5.99357e-67
0.8 -5.74115e-67 8.70512e-69 3.69384e-66
0.804167 -3.5114e-66 5.21783e-68 2.24507e-65
0.808333 -2.11817e-65 3.08454e-67 1.34582e-64
0.8125 -1.26035e-64 1.79854e-66 7.95795e-64
0.816667 -7.39796e-64 1.03449e-65 4.64211e-63
0.820833 -4.28424e-63 5.87023e-65 2.67163e-62
0.825 -2.44805e-62 3.2866e-64 1.51715e-61
0.829167 -1.38037e-61 1.81571e-63 8.50192e-61
0.833333 -7.68145e-61 9.89907e-63 4.70201e-60
0.8375 -4.21896e-60 5.32639e-62 2.56668e-59
0.841667 -2.2873e-59 2.8288e-61 1.383e-58
0.845833 -1.22417e-58 1.483e-60 7.35661e-58
0.85 -6.46838e-58 7.67523e-60 3.86346e-57
0.854167 -3.37464e-57 3.92183e-59 2.00336e-56
0.858333 -1.73851e-56 1.97865e-58 1.0258e-55
0.8625 -8.84468e-56 9.85763e-58 5.18717e-55
0.866667 -4.44406e-55 4.8499e-57 2.59057e-54
0.870833 -2.2055e-54 2.3566e-56 1.27789e-53
0.875 -1.08118e-53 1.13101e-55 6.22679e-53
0.879167 -5.23594e-53 5.36175e-55 2.99737e-52
0.883333 -2.50511e-52 2.51097e-54 1.42547e-51
0.8875 -1.18421e-51 1.16172e-53 6.69812e-51
0.891667 -5.53141e-51 5.31032e-53 3.10997e-50
0.895833 -2.55318e-50 2.39844e-52 1.42693e-49
0.9 -1.16465e-49 1.07042e-51 6.47026e-49
0.904167 -5.25067e-49 4.72096e-51 2.89967e-48
0.908333 -2.33974e-48 2.05771e-50 1.28444e-47
0.9125 -1.03058e-47 8.86429e-50 5.62401e-47
0.916667 -4.4874e-47 3.77431e-49 2.43432e-46
0.920833 -1.93166e-46 1.58852e-48 1.04168e-45
0.925 -8.22091e-46 6.60896e-48 4.4071e-45
0.929167 -3.45932e-45 2.71824e-47 1.84355e-44
0.933333 -1.43937e-44 1.1053e-46 7.62551e-44
0.9375 -5.92233e-44 4.44358e-46 3.11906e-43
0.941667 -2.40978e-43 1.76633e-45 1.26167e-42
0.945833 -9.69732e-43 6.94258e-45 5.04735e-42
0.95 -3.85961e-42 2.69836e-44 1.9971e-41
0.954167 -1.51942e-41 1.03713e-43 7.81591e-41
0.958333 -5.91671e-41 3.94218e-43 3.02573e-40
0.9625 -2.27916e-40 1.48196e-42 1.15871e-39
0.966667 -8.68527e-40 5.50996e-42 4.3897e-39
0.970833 -3.2744e-39 2.02625e-41 1.64527e-38
0.975 -1.22136e-38 7.37034e-41 6.10102e-38
0.979167 -4.50752e-38 2.65185e-40 2.23849e-37
0.983333 -1.64603e-37 9.43834e-40 8.12669e-37
0.9875 -5.94796e-37 3.32309e-39 2.91946e-36
0.991667 -2.1269e-36 1.15745e-38 1.03786e-35
0.995833 -7.52654e-36 3.98836e-38 3.65132e-35
1 -2.63593e-35 1.35965e-37 1.2713e-34
1.00417 -9.13652e-35 4.5858e-37 4.38084e-34
1.00833 -3.13442e-34 1.53028e-36 1.49416e-33
1.0125 -1.06434e-33 5.05246e-36 5.04407e-33
1.01667 -3.57742e-33 1.65052e-35 1.68551e-32
1.02083 -1.19026e-32 5.33503e-35 5.57528e-32
1.025 -3.92028e-32 1.7063e-34 1.82558e-31
1.02917 -1.27823e-31 5.39987e-34 5.91772e-31
1.03333 -4.12605e-31 1.69093e-33 1.89907e-30
1.0375 -1.31859e-30 5.23947e-33 6.03359e-30
1.04167 -4.1721e-30 1.60646e-32 1.89791e-29
1.04583 -1.30701e-29 4.8739e-32 5.91095e-29
1.05 -4.05414e-29 1.4632e-31 1.82277e-28
1.05417 -1.24517e-28 4.34663e-31 5.56565e-28
1.05833 -3.78691e-28 1.27766e-30 1.68276e-27
1.0625 -1.14045e-27 3.71613e-30 5.03807e-27
1.06667 -3.40111e-27 1.06947e-29 1.49367e-26
1.07083 -1.00445e-26 3.04534e-29 4.38536e-26
1.075 -2.93771e-26 8.57989e-29 1.27506e-25
1.07917 -8.509e-26 2.39161e-28 3.67144e-25
1.08333 -2.44088e-25 6.59542e-28 1.04698e-24
1.0875 -6.93461e-25 1.79934e-27 2.95698e-24
1.09167 -1.95127e-24 4.85599e-27 8.27128e-24
1.09583 -5.43805e-24 1.29629e-26 2.29151e-23
1.1 -1.50109e-23 3.42257e-26 6.28792e-23
1.10417 -4.10409e-23 8.93676e-26 1.70897e-22
1.10833 -1.11144e-22 2.30748e-25 4.60059e-22
1.1125 -2.98137e-22 5.89069e-25 1.22674e-21
1.11667 -7.92171e-22 1.4866e-24 3.24009e-21
1.12083 -2.08497e-21 3.70804e-24 8.47687e-21
1.125 -5.43585e-21 9.13943e-24 2.19682e-20
1.12917 -1.40387e-20 2.2254e-23 5.63946e-20
1.13333 -3.59155e-20 5.35153e-23 1.43408e-19
1.1375 -9.10206e-20 1.27049e-22 3.61246e-19
1.14167 -2.2851e-19 2.97643e-22 9.01434e-19
1.14583 -5.68303e-19 6.87736e-22 2.22827e-18
1.15 -1.40014e-18 1.56625e-21 5.45646e-18
1.15417 -3.41727e-18 3.51288e-21 1.32362e-17
1.15833 -8.26242e-18 7.7513e-21 3.18073e-17
1.1625 -1.97905e-17 1.68041e-20 7.5719e-17
1.16667 -4.69604e-17 3.57289e-20 1.78566e-16
1.17083 -1.1039e-16 7.43271e-20 4.17163e-16
1.175 -2.57071e-16 1.50777e-19 9.6545e-16
1.17917 -5.93063e-16 2.96782e-19 2.21344e-15
1.18333 -1.35542e-15 5.62499e-19 5.02711e-15
1.1875 -3.06878e-15 1.0134e-18 1.13105e-14
1.19167 -6.88301e-15 1.69376e-18 2.52088e-14
1.19583 -1.52935e-14 2.4856e-18 5.56581e-14
1.2 -3.36628e-14 2.67774e-18 1.21732e-13
1.20417 -7.34011e-14 -2.11997e-19 2.63742e-13
1.20833 -1.58547e-13 -1.34452e-17 5.66036e-13
1.2125 -3.39245e-13 -5.63908e-17 1.20335e-12
1.21667 -7.19051e-13 -1.77735e-16 2.53409e-12
1.22083 -1.5097e-12 -4.94726e-16 5.2859e-12
1.225 -3.13978e-12 -1.28042e-15 1.09214e-11
1.22917 -6.46807e-12 -3.15339e-15 2.23505e-11
1.23333 -1.3198e-11 -7.48202e-15 4.53043e-11
1.2375 -2.66741e-11 -1.72303e-14 9.0954e-11
1.24167 -5.33957e-11 -3.86968e-14 1.80851e-10
1.24583 -1.05863e-10 -8.50314e-14 3.56144e-10
1.25 -2.07871e-10 -1.83237e-13 6.94574e-10
1.25417 -4.04239e-10 -3.87897e-13 1.34149e-09
1.25833 -7.78504e-10 -8.07693e-13 2.56574e-09
1.2625 -1.48472e-09 -1.6559e-12 4.85934e-09
1.26667 -2.80397e-09 -3.34515e-12 9.11302e-09
1.27083 -5.24355e-09 -6.66282e-12 1.69218e-08
1.275 -9.70914e-09 -1.30911e-11 3.11108e-08
1.27917 -1.77999e-08 -2.53831e-11 5.66276e-08
1.28333 -3.2308e-08 -4.85849e-11 1.02041e-07
1.2875 -5.80542e-08 -9.18252e-11 1.82023e-07
1.29167 -1.03267e-07 -1.71403e-10 3.21402e-07
1.29583 -1.81831e-07 -3.16042e-10 5.61716e-07
1.3 -3.16896e-07 -5.75707e-10 9.71619e-07
1.30417 -5.4661e-07 -1.03618e-09 1.66323e-06
1.30833 -9.33074e-07 -1.84281e-09 2.8174e-06
1.3125 -1.57614e-06 -3.23865e-09 4.72222e-06
1.31667 -2.63434e-06 -5.62472e-09 7.83075e-06
1.32083 -4.35619e-06 -9.65386e-09 1.28462e-05
1.325 -7.12614e-06 -1.63744e-08 2.08456e-05
1.32917 -1.1531e-05 -2.74466e-08 3.34556e-05
1.33333 -1.8454e-05 -4.54629e-08 5.3099e-05
1.3375 -2.92059e-05 -7.44139e-08 8.3331e-05
1.34167 -4.57035e-05 -1.20352e-07 0.000129291
1.34583 -7.07071e-05 -1.9232e-07 0.000198291
1.35 -0.000108129 -3.0362e-07 0.000300567
1.35417 -0.000163424 -4.73509e-07 0.000450197
1.35833 -0.000244063 -7.29402e-07 0.0006662
1.3625 -0.000360094 -1.10966e-06 0.00097377
1.36667 -0.000524768 -1.667e-06 0.00140559
1.37083 -0.000755188 -2.47246e-06 0.00200312
1.375 -0.00107292 -3.61986e-06 0.00281761
1.37917 -0.0015045 -5.23039e-06 0.00391072
1.38333 -0.00208157 -7.45689e-06 0.00535417
1.3875 -0.0028407 -1.0487e-05 0.00722824
1.39167 -0.0038224 -1.45444e-05 0.0096185
1.39583 -0.00506929 -1.98861e-05 0.0126103
1.4 -0.00662311 -2.67955e-05 0.0162806
1.40417 -0.00852041 -3.55681e-05 0.0206874
1.40833 -0.0107868 -4.64892e-05 0.0258553
1.4125 -0.01343 -5.9802e-05 0.0317606
1.41667 -0.0164316 -7.56663e-05 0.0383138
1.42083 -0.0197389 -9.4107e-05 0.0453437
1.425 -0.023257 -0.000114958 0.0525841
1.42917 -0.0268429 -0.000137804 0.0596682
1.43333 -0.0303033 -0.000161928 0.0661304
1.4375 -0.0333971 -0.000186273 0.0714229
1.44167 -0.0358445 -0.000209436 0.0749458
1.44583 -0.0373444 -0.000229691 0.0760934
1.45 -0.0375983 -0.000245069 0.0743146
1.45417 -0.0363418 -0.000253484 0.0691825
1.45833 -0.03338 -0.000252919 0.0604655
1.4625 -0.028622 -0.000241649 0.048191
1.46667 -0.0221114 -0.000218491 0.0326868
1.47083 -0.014044 -0.000183042 0.0145912
1.475 -0.00476889 -0.000135878 -0.00518038
1.47917 0.0052327 -7.86511e-05 -0.0255162
1.48333 0.0153925 -1.40681e-05 -0.0452338
1.4875 0.0251214 5.42973e-05 -0.0632383
1.49167 0.0338909 0.000122354 -0.0786944
1.49583 0.0413181 0.000185988 -0.0911811
1.5 0.0472395 0.000241655 -0.100799
1.50417 0.0517587 0.000286969 -0.108203
1.50833 0.0552521 0.000321212 -0.114529
1.5125 0.0583253 0.000345625 -0.121228
1.51667 0.0617172 0.000363404 -0.129797
1.52083 0.0661623 0.000379335 -0.141464
1.525 0.0722286 0.000399072 -0.156866
1.52917 0.0801597 0.000428118 -0.175776
1.53333 0.0897494 0.000470661 -0.196955
1.5375 0.10028 0.000528438 -0.218156
1.54167 0.11054 0.000599843 -0.236306
1.54583 0.118935 0.000679483 -0.247853
1.55 0.123671 0.000758306 -0.249226
1.55417 0.122995 0.000824362 -0.237351
1.55833 0.11545 0.000864132 -0.21013
1.5625 0.100112 0.000864258 -0.16681
1.56667 0.0767563 0.000813445 -0.108199
1.57083 0.0459527 0.000704259 -0.0366913
1.575 0.0090558 0.000534537 0.0438874
1.57917 -0.0318874 0.00030824 0.128584
1.58333 -0.0743038 3.55963e-05 0.211728
1.5875 -0.11531 -0.000267474 0.287413
1.59167 -0.151957 -0.000580595 0.350001
1.59583 -0.181485 -0.000880715 0.39463
1.6 -0.201579 -0.00114425 0.417702
1.60417 -0.210601 -0.00134945 0.417301
1.60833 -0.207793 -0.00147866 0.393493
1.6125 -0.193404 -0.00152041 0.348446
1.61667 -0.168733 -0.00147096 0.286292
1.62083 -0.136026 -0.00133497 0.212704
1.625 -0.0982402 -0.00112539 0.134206
1.62917 -0.0586796 -0.000862035 0.0573108
1.63333 -0.0205546 -0.000569326 -0.0123678
1.6375 0.0134488 -0.000273189 -0.0708127
1.64167 0.0414937 2.24061e-06 -0.115961
1.64583 0.0627332 0.000237589 -0.147624
1.65 0.0772305 0.000420284 -0.166994
1.65417 0.0856862 0.000545279 -0.175918
1.65833 0.0890614 0.000614366 -0.176154
1.6625 0.088221 0.00063436 -0.168885
1.66667 0.0837168 0.000614698 -0.15463
1.67083 0.0757824 0.000565153 -0.13359
1.675 0.0645287 0.000494271 -0.10624
1.67917 0.050252 0.000408829 -0.0739211
1.68333 0.0337141 0.00031425 -0.0391385
1.6875 0.0162546 0.000215573 -0.00537576
1.69167 -0.00033887 0.000118353 0.0235554
1.69583 -0.0141863 2.90076e-05 0.0444343
1.7 -0.0237793 -4.56767e-05 0.0554837
1.70417 -0.0283843 -9.97181e-05 0.0568259
1.70833 -0.0282272 -0.000129353 0.0503542
1.7125 -0.0243805 -0.000134098 0.0390547
1.71667 -0.0183902 -0.00011701 0.0260358
1.72083 -0.0117848 -8.39847e-05 0.0136398
1.725 -0.00565323 -4.23486e-05 0.00297207
1.72917 -0.000452265 7.60676e-07 -0.005997
1.73333 0.00390019 3.96619e-05 -0.0138538
1.7375 0.00771085 7.06786e-05 -0.0209891
1.74167 0.0111384 9.19326e-05 -0.0270459
1.74583 0.0139469 0.000102673 -0.0308439
1.75 0.0155089 0.000102596 -0.0308306
1.75417 0.0150646 9.15465e-05 -0.0258601
1.75833 0.012119 6.97472e-05 -0.0159384
1.7625 0.00679406 3.83922e-05 -0.00257432
1.76667 -3.88576e-05 2.29734e-07 0.0114585
1.77083 -0.00692558 -4.0267e-05 0.0228953
1.775 -0.0122467 -7.73656e-05 0.0290046
1.77917 -0.0147317 -0.000105128 0.0284739
1.78333 -0.0138734 -0.000118746 0.0218259
1.7875 -0.0100884 -0.000115739 0.0112199
1.79167 -0.0045676 -9.66344e-05 -0.000270672
1.79583 0.00111752 -6.49357e-05 -0.00963314
1.8 0.00550879 -2.64045e-05 -0.0148004
1.80417 0.00768242 1.21488e-05 -0.0151658
1.80833 0.00746696 4.42628e-05 -0.0115937
1.8125 0.00540555 6.51015e-05 -0.00596987
1.81667 0.00249816 7.23384e-05 -0.000473699
1.82083 -0.000174128 6.64656e-05 0.00316829
1.825 -0.00181181 5.04618e-05 0.00420204
1.82917 -0.00212785 2.89076e-05 0.00297499
1.83333 -0.00137626 6.78814e-06 0.000647889
1.8375 -0.000178296 -1.16713e-05 -0.00138693
1.84167 0.000780558 -2.38035e-05 -0.00213996
1.84583 0.00105755 -2.87436e-05 -0.00143961
1.85 0.000631867 -2.71578e-05 6.11929e-05
1.85417 -0.000125691 -2.0696e-05 0.00129468
1.85833 -0.000680239 -1.14633e-05 0.00140484
1.8625 -0.000645818 -1.68988e-06 0.00026256
1.86667 -1.86517e-05 6.44592e-06 -0.0014261
1.87083 0.000805039 1.10448e-05 -0.00251065
1.875 0.00125286 1.09374e-05 -0.00209652
1.87917 0.000929506 6.29371e-06 -0.000160186
1.88333 -0.000102417 -9.65644e-07 0.00230998
1.8875 -0.00129546 -7.42114e-06 0.00379183
1.89167 -0.00189223 -9.30413e-06 0.00310742
1.89583 -0.00136966 -4.25786e-06 0.000206764
1.9 0.00020101 7.09836e-06 -0.00363801
1.90417 0.00211092 2.07662e-05 -0.00641726
1.90833 0.00335128 3.06687e-05 -0.00647736
1.9125 0.00316879 3.13216e-05 -0.0035127
1.91667 0.00152521 2.06762e-05 0.00114972
1.92083 -0.000823767 1.61394e-06 0.00519918
1.925 -0.0027071 -1.89021e-05 0.00659811
1.92917 -0.00317906 -3.28283e-05 0.00473136
1.93333 -0.00205477 -3.47919e-05 0.000760162
1.9375 -1.81129e-05 -2.46622e-05 -0.00305231
1.94167 0.00177394 -7.54612e-06 -0.00465718
1.94583 0.00236252 8.82293e-06 -0.00339154
1.95 0.00153239 1.79067e-05 -0.000299419
1.95417 -9.65582e-05 1.73397e-05 0.00257907
1.95833 -0.00148002 9.52747e-06 0.00348914
1.9625 -0.00179844 -2.7928e-07 0.00200241
1.96667 -0.00093598 -7.15616e-06 -0.000820635
1.97083 0.000501623 -9.04725e-06 -0.00320382
1.975 0.00161765 -7.36342e-06 -0.00381566
1.97917 0.00180274 -5.62754e-06 -0.00254288
1.98333 0.00107869 -7.33843e-06 -0.000401734
1.9875 1.524e-06 -1.45296e-05 0.00127856
1.99167 -0.000772871 -2.77987e-05 0.00177509
1.99583 -0.00093295 -4.74406e-05 0.00133757
2 -0.000652843 -7.45759e-05 0.000788777
2.00417 -0.000357493 -0.000111339 0.000729708
2.00833 -0.000323042 -0.000160086 0.00101022
2.0125 -0.000442116 -0.000222475 0.000901204
2.01667 -0.000345721 -0.000299412 -0.000167224
2.02083 0.000217458 -0.000392072 -0.00191847
2.025 0.00106384 -0.000503148 -0.00321441
2.02917 0.00161109 -0.000636902 -0.00282937
2.03333 0.00128983 -0.000797171 -0.0004823
2.0375 4.05421e-05 -0.00098383 0.00268934
2.04167 -0.0015044 -0.00118946 0.0046924
2.04583 -0.00235468 -0.00139811 0.00399956
2.05 -0.00183102 -0.00158701 0.000725454
2.05417 -0.000104479 -0.00173024 -0.00324447
2.05833 0.00181612 -0.00180255 -0.00538662
2.0625 0.00270211 -0.0017818 -0.00423327
2.06667 0.00193811 -0.00164981 -0.000455091
2.07083 -1.18234e-05 -0.00139333 0.00348517
2.075 -0.00186511 -0.00100662 0.00494743
2.07917 -0.00236715 -0.000496348 0.00291829
2.08333 -0.00115411 0.000113203 -0.0012588
2.0875 0.000975577 0.000777502 -0.00477131
2.09167 0.00258959 0.00143449 -0.0052534
2.09583 0.00259655 0.00201314 -0.0024
2.1 0.000990538 0.00244561 0.00185024
2.10417 -0.00115615 0.00267956 0.0046825
2.10833 -0.00244312 0.00268729 0.00434581
2.1125 -0.00210091 0.00247036 0.0012954
2.11667 -0.000484059 0.00206012 -0.00223753
2.12083 0.00123228 0.00151501 -0.00388392
2.125 0.00190774 0.00091461 -0.00277112
2.12917 0.00121565 0.000350042 3.31646e-06
2.13333 -0.000201443 -8.98634e-05 0.00232248
2.1375 -0.00127121 -0.000334663 0.00264501
2.14167 -0.00129128 -0.000346576 0.00104162
2.14583 -0.000391257 -0.000127683 -0.0010401
2.15 0.000654248 0.000283433 -0.00200449
2.15417 0.00107058 0.000824983 -0.00132717
2.15833 0.000665376 0.00143012 0.000160146
2.1625 -8.84299e-05 0.00204257 0.0010643
2.16667 -0.000493579 0.0026236 0.000604533
2.17083 -0.000210857 0.00314854 -0.000786808
2.175 0.000485942 0.00359616 -0.00188043
2.17917 0.000965672 0.00393737 -0.00169401
2.18333 0.000773713 0.00412988 -0.000291996
2.1875 7.99301e-07 0.0041224 0.00129474
2.19167 -0.000803867 0.00386737 0.00192875
2.19583 -0.00108668 0.00333728 0.00127903
2.2 -0.000729585 0.00253781 4.53436e-05
2.20417 -0.000120727 0.00151163 -0.000661641
2.20833 0.000186857 0.000330452 -0.000248274
2.2125 -6.48601e-05 -0.000922649 0.000895413
2.21667 -0.000640043 -0.00217373 0.00175777
2.22083 -0.00102496 -0.00337237 0.00157365
2.225 -0.000867894 -0.00449255 0.000468254
2.22917 -0.000273231 -0.0055186 -0.000652962
2.23333 0.000291267 -0.0064224 -0.000867697
2.2375 0.000391515 -0.00714366 -1.65746e-05
2.24167 -3.87591e-06 -0.00758614 0.00114475
2.24583 -0.000488578 -0.00763556 0.00154752
2.25 -0.000547588 -0.00719496 0.000678479
2.25417 1.67292e-05 -0.00622355 -0.000985204
2.25833 0.000906674 -0.004762 -0.00232449
2.2625 0.00154423 -0.00293329 -0.00243554
2.26667 0.00151041 -0.000919146 -0.00132182
2.27083 0.000864184 0.00107646 0.000116575
2.275 9.31446e-05 0.00286173 0.000782658
2.27917 -0.000262949 0.00427902 0.000226916
2.28333 -2.32106e-05 0.00521409 -0.00101168
2.2875 0.000504014 0.0056 -0.00182472
2.29167 0.000768468 0.00542388 -0.00139273
2.29583 0.000412501 0.00473668 0.000165873
2.3 -0.000437316 0.00365759 0.00184523
2.30417 -0.00124314 0.00236156 0.00247331
2.30833 -0.00144356 0.00104571 0.00158022
2.3125 -0.000872819 -0.000115823 -0.000224928
2.31667 9.84758e-05 -0.00100915 -0.00165975
2.32083 0.000812681 -0.00159207 -0.00168429
2.325 0.000793786 -0.00187644 -0.000272962
2.32917 9.94691e-05 -0.00189663 0.00153151
2.33333 -0.000706546 -0.00168754 0.00235564
2.3375 -0.000957622 -0.00128675 0.00151581
2.34167 -0.000381057 -0.000754357 -0.000427897
2.34583 0.000678658 -0.000186448 -0.00203145
2.35 0.00149453 0.000300176 -0.00202296
2.35417 0.00149846 0.000612169 -0.000285884
2.35833 0.000731794 0.00072551 0.0020014
2.3625 -0.000151149 0.000696188 0.00323698
2.36667 -0.000359154 0.000619171 0.00265447
2.37083 0.000425964 0.000558226 0.00098593
2.375 0.00178549 0.000497585 -4.91902e-05
2.37917 0.00288305 0.000357999 0.000909155
2.38333 0.00314519 7.40419e-05 0.00373422
2.3875 0.00276579 -0.000322067 0.00685941
2.39167 0.00260052 -0.000680528 0.00854309
2.39583 0.00349566 -0.000808661 0.00836973
2.4 0.00557622 -0.000599332 0.00772867
2.40417 0.00809429 -0.000122299 0.00878678
2.40833 0.0100076 0.000396668 0.0127209
2.4125 0.0108469 0.000706631 0.0186643
2.41667 0.0111504 0.000685967 0.0243092
2.42083 0.0120621 0.000410244 0.0277505
2.425 0.0143817 8.40186e-05 0.0290649
2.42917 0.0178387 -0.000110331 0.0302629
2.43333 0.0212207 -0.000129885 0.0335785
2.4375 0.0232833 -6.68721e-05 0.0394835
2.44167 0.023702 -3.63249e-05 0.0461118
2.44583 0.0232559 -5.97097e-05 0.0506256
2.45 0.0230716 -4.999e-05 0.0514036
2.45417 0.0235566 8.82457e-05 0.0491949
2.45833 0.0239393 0.000337264 0.046241
2.4625 0.0228311 0.000543361 0.0441134
2.46667 0.019344 0.000529097 0.0421503
2.47083 0.0138091 0.000252324 0.0378793
2.475 0.00747319 -0.000130123 0.0290921
2.47917 0.001438 -0.000364043 0.0157807
2.48333 -0.00422935 -0.000292717 0.000247323
2.4875 -0.0104302 1.5124e-05 -0.0147127
2.49167 -0.0180697 0.000315694 -0.0279654
2.49583 -0.0270481 0.000381436 -0.0406503
2.5 -0.0361109 0.000175094 -0.0547371
2.50417 -0.0437082 -0.000136368 -0.0708396
2.50833 -0.0491259 -0.000332123 -0.0872504
2.5125 -0.0529163 -0.000316932 -0.101073
2.51667 -0.0562757 -0.000177978 -0.110458
2.52083 -0.0599437 -8.40702e-05 -0.115996
2.525 -0.063599 -0.000131627 -0.120061
2.52917 -0.0662612 -0.000277291 -0.124753
2.53333 -0.0672954 -0.000403753 -0.130246
2.5375 -0.067086 -0.000439644 -0.134954
2.54167 -0.066758 -0.000415902 -0.137231
2.54583 -0.067182 -0.000417095 -0.136983
2.55 -0.0681288 -0.000491375 -0.135685
2.55417 -0.0682912 -0.000611504 -0.134783
2.55833 -0.0661172 -0.000713162 -0.133926
2.5625 -0.0607134 -0.000755491 -0.130592
2.56667 -0.0520728 -0.00073903 -0.121427
2.57083 -0.0405307 -0.000677784 -0.104152
2.575 -0.0260496 -0.000575624 -0.0784949
2.57917 -0.00805515 -0.000439669 -0.0455612
2.58333 0.0139802 -0.000302478 -0.00646987
2.5875 0.0396922 -0.000204074 0.038354
2.59167 0.0674374 -0.000138216 0.0885567
2.59583 0.0946869 -3.09592e-05 0.142497
2.6 0.118886 0.000196546 0.196432
2.60417 0.138126 0.000525546 0.245072
2.60833 0.15122 0.00081191 0.283172
2.6125 0.157312 0.000892466 0.307027
2.61667 0.15555 0.000741891 0.314933
2.62083 0.145224 0.000518921 0.3066
2.625 0.126311 0.000433118 0.282333
2.62917 0.0999765 0.000548748 0.242845
2.63333 0.0685687 0.000723983 0.189856
2.6375 0.0350405 0.000757411 0.126822
2.64167 0.00217197 0.000598797 0.0589804
2.64583 -0.02791 0.000406798 -0.00761193
2.65 -0.0536998 0.000392531 -0.0675176
2.65417 -0.0739897 0.000613123 -0.11696
2.65833 -0.0876886 0.000928874 -0.153924
2.6625 -0.0940275 0.00115608 -0.177527
2.66667 -0.0929918 0.00123745 -0.187412
2.67083 -0.0855642 0.00124808 -0.183753
2.675 -0.0734945 0.00125521 -0.167783
2.67917 -0.0587139 0.00121588 -0.142209
2.68333 -0.0428099 0.00103474 -0.110894
2.6875 -0.0269011 0.000695736 -0.0778418
2.69167 -0.0118766 0.000288074 -0.0461469
2.69583 0.00135166 -0.000111918 -0.0176074
2.7 0.0118953 -0.000543367 0.00686189
2.70417 0.01921 -0.00109329 0.0265618
2.70833 0.0233695 -0.00172471 0.0407582
2.7125 0.0250033 -0.00222764 0.0490299
2.71667 0.0249094 -0.00239604 0.0517702
2.72083 0.0236377 -0.00224896 0.050242
2.725 0.0213346 -0.0020223 0.0460105
2.72917 0.0179036 -0.00190653 0.0401638
2.73333 0.0132948 -0.00182147 0.0329264
2.7375 0.00769987 -0.00150773 0.0239435
2.74167 0.00155724 -0.000852787 0.0129855
2.74583 -0.00457055 -7.45174e-05 0.000539633
2.75 -0.0101269 0.000471681 -0.0121023
2.75417 -0.0146103 0.000656579 -0.0232604
2.75833 -0.0175359 0.000690939 -0.0314504
2.7625 -0.0183965 0.00085355 -0.0357401
2.76667 -0.0167518 0.00115561 -0.0357176
2.77083 -0.0125023 0.00134069 -0.0312707
2.775 -0.00620363 0.00121225 -0.0225636
2.77917 0.00087151 0.000883072 -0.0103939
2.78333 0.00711773 0.000642556 0.00337116
2.7875 0.0112616 0.000615553 0.0158877
2.79167 0.0128461 0.000640836 0.0242692
2.79583 0.0121823 0.000510846 0.0269089
2.8 0.0098872 0.000252686 0.0242088
2.80417 0.00650074 8.62766e-05 0.0180947
2.80833 0.00251818 0.000124183 0.0107211
2.8125 -0.00135184 0.000218766 0.00347815
2.81667 -0.00420217 0.000165247 -0.00297327
2.82083 -0.00540176 -1.00096e-05 -0.00803408
2.825 -0.00511047 -7.02555e-05 -0.0108968
2.82917 -0.00422888 0.000116344 -0.0111288
2.83333 -0.00369686 0.000385684 -0.00941229
2.8375 -0.00374693 0.000479523 -0.00737339
2.84167 -0.00380879 0.000385258 -0.00635979
2.84583 -0.0031218 0.000358668 -0.0062664
2.85 -0.00143013 0.00058399 -0.00562902
2.85417 0.00086567 0.000914008 -0.00299466
2.85833 0.00310266 0.00104096 0.00169373
2.8625 0.0047773 0.00088148 0.00693596
2.86667 0.00560052 0.000668651 0.0107376
2.87083 0.0053169 0.000630425 0.01181
2.875 0.00368689 0.000685681 0.0099539
2.87917 0.000767845 0.000562282 0.00568499
2.88333 -0.00279428 0.000168728 -0.00016535
2.8875 -0.00583328 -0.000287235 -0.0064335
2.89167 -0.00714859 -0.000581065 -0.0114869
2.89583 -0.00611824 -0.000747871 -0.01352
2.9 -0.00306424 -0.000970365 -0.0113813
2.90417 0.000842496 -0.0012619 -0.00541996
2.90833 0.00410714 -0.00142393 0.00232227
2.9125 0.00560486 -0.00134772 0.00886565
2.91667 0.00504898 -0.00120346 0.0116791
2.92083 0.00295189 -0.00120416 0.00992879
2.925 0.000179486 -0.00127338 0.00480506
2.92917 -0.00246743 -0.00113954 -0.00129972
2.93333 -0.00432872 -0.000774988 -0.00615282
2.9375 -0.00479512 -0.000534444 -0.00856502
2.94167 -0.00348619 -0.000707279 -0.00831029
2.94583 -0.000727859 -0.00106458 -0.00560733
2.95 0.00225194 -0.00110118 -0.00103886
2.95417 0.00393601 -0.000741359 0.00402771
2.95833 0.00360103 -0.000535984 0.00744798
2.9625 0.00184045 -0.000969826 0.00742854
2.96667 -5.43133e-05 -0.00174587 0.00403217
2.97083 -0.00122284 -0.00207658 -0.000570454
2.975 -0.00169348 -0.00170253 -0.0037014
2.97917 -0.00182408 -0.00128185 -0.00422142
2.98333 -0.00160112 -0.00152819 -0.00301354
2.9875 -0.000747974 -0.00217838 -0.00158226
2.99167 0.000569426 -0.00222444 -0.000504072
2.99583 0.00152082 -0.00121161 0.000573213
