0 0 0 0
0.00416667 0 0 0
0.00833333 0 0 0
0.0125 0 0 0
0.0166667 0 0 0
0.0208333 0 0 0
0.025 0 0 0
0.0291667 0 0 0
0.0333333 0 0 0
0.0375 0 0 0
0.0416667 0 0 0
0.0458333 0 0 0
0.05 0 0 0
0.0541667 0 0 0
0.0583333 0 0 0
0.0625 0 0 0
0.0666667 0 0 0
0.0708333 0 0 0
0.075 0 0 0
0.0791667 0 0 0
0.0833333 0 0 0
0.0875 0 0 0
0.0916667 0 0 0
0.0958333 0 0 0
0.1 0 0 0
0.104167 0 0 0
0.108333 0 0 0
0.1125 0 0 0
0.116667 0 0 0
0.120833 0 0 0
0.125 0 0 0
0.129167 0 0 0
0.133333 0 0 0
0.1375 0 0 0
0.141667 0 0 0
0.145833 0 0 0
0.15 0 0 0
0.154167 0 0 0
0.158333 0 0 0
0.1625 0 0 0
0.166667 0 0 0
0.170833 0 0 0
0.175 0 0 0
0.179167 0 0 0
0.183333 0 0 0
0.1875 0 0 0
0.191667 -2.94463e-321 4.49254e-320 6.03748e-320
0.195833 -1.03784e-316 1.48628e-315 1.99843e-315
0.2 -2.78814e-312 3.90721e-311 5.25317e-311
0.204167 -6.01419e-308 8.25099e-307 1.10924e-306
0.208333 -1.0509e-303 1.41206e-302 1.89819e-302
0.2125 -1.49996e-299 1.97473e-298 2.65437e-298
0.216667 -1.7625e-295 2.27439e-294 3.05694e-294
0.220833 -1.71756e-291 2.17329e-290 2.92085e-290
0.225 -1.3978e-287 1.73491e-286 2.33152e-286
0.229167 -9.56269e-284 1.16464e-282 1.56504e-282
0.233333 -5.53368e-280 6.6153e-279 8.88903e-279
0.2375 -2.72456e-276 3.19812e-275 4.29707e-275
0.241667 -1.14774e-272 1.32324e-271 1.77783e-271
0.245833 -4.15855e-269 4.71049e-268 6.32837e-268
0.25 -1.30248e-265 1.44993e-264 1.94781e-264
0.254167 -3.54314e-262 3.87739e-261 5.20855e-261
0.258333 -8.40934e-259 9.04906e-258 1.21551e-257
0.2625 -1.74887e-255 1.85098e-254 2.48619e-254
0.266667 -3.20001e-252 3.33202e-251 4.47527e-251
0.270833 -5.17176e-249 5.29924e-248 7.11713e-248
0.275 -7.4103e-246 7.47362e-245 1.0037e-244
0.279167 -9.44679e-243 9.37991e-242 1.25966e-241
0.283333 -1.07512e-239 1.0512e-238 1.41163e-238
0.2875 -1.09588e-236 1.05536e-235 1.41716e-235
0.291667 -1.00356e-233 9.52094e-233 1.27845e-232
0.295833 -8.28121e-231 7.7413e-230 1.03945e-229
0.3 -6.17508e-228 5.68895e-227 7.63849e-227
0.304167 -4.17228e-225 3.78892e-224 5.08718e-224
0.308333 -2.56106e-222 2.29294e-221 3.07852e-221
0.3125 -1.43175e-219 1.264e-218 1.69702e-218
0.316667 -7.30733e-217 6.36247e-216 8.54189e-216
0.320833 -3.4127e-214 2.93105e-213 3.93497e-213
0.325 -1.46166e-211 1.23851e-210 1.66269e-210
0.329167 -5.75349e-209 4.81043e-208 6.45783e-208
0.333333 -2.08565e-206 1.72091e-205 2.31023e-205
0.3375 -6.97643e-204 5.68175e-203 7.62733e-203
0.341667 -2.15741e-201 1.7345e-200 2.32842e-200
0.345833 -6.17918e-199 4.90492e-198 6.58435e-198
0.35 -1.64209e-196 1.28711e-195 1.7278e-195
0.354167 -4.05571e-194 3.13951e-193 4.21442e-193
0.358333 -9.3251e-192 7.12987e-191 9.57099e-191
0.3625 -1.99914e-189 1.50994e-188 2.02691e-188
0.366667 -4.00218e-187 2.98648e-186 4.00899e-186
0.370833 -7.49303e-185 5.52481e-184 7.41642e-184
0.375 -1.31384e-182 9.57306e-182 1.28508e-181
0.379167 -2.16047e-180 1.55581e-179 2.08853e-179
0.383333 -3.33621e-178 2.37472e-177 3.18786e-177
0.3875 -4.84414e-176 3.40858e-175 4.57579e-175
0.391667 -6.62185e-174 4.60659e-173 6.18415e-173
0.395833 -8.53224e-172 5.86887e-171 7.87883e-171
0.4 -1.03747e-169 7.0567e-169 9.47365e-169
0.404167 -1.19181e-167 8.017e-167 1.07631e-166
0.408333 -1.29488e-165 8.61506e-165 1.15663e-164
0.4125 -1.33202e-163 8.76599e-163 1.17692e-162
0.416667 -1.29864e-161 8.45443e-161 1.13512e-160
0.420833 -1.20116e-159 7.73644e-159 1.03875e-158
0.425 -1.05504e-157 6.72342e-157 9.02765e-157
0.429167 -8.80831e-156 5.5544e-155 7.45824e-155
0.433333 -6.99638e-154 4.36593e-153 5.86262e-153
0.4375 -5.29168e-152 3.26807e-151 4.38858e-151
0.441667 -3.81439e-150 2.3316e-149 3.13115e-149
0.445833 -2.62259e-148 1.58681e-147 2.13105e-147
0.45 -1.72132e-146 1.03099e-145 1.38466e-145
0.454167 -1.07934e-144 6.40005e-144 8.59591e-144
0.458333 -6.47071e-143 3.79877e-142 5.10239e-142
0.4625 -3.71166e-141 2.15753e-140 2.89807e-140
0.466667 -2.03854e-139 1.17337e-138 1.57621e-138
0.470833 -1.07278e-137 6.11486e-137 8.21463e-137
0.475 -5.41303e-136 3.05566e-135 4.10517e-135
0.479167 -2.62058e-134 1.46514e-133 1.96848e-133
0.483333 -1.21804e-132 6.74511e-132 9.06296e-132
0.4875 -5.43885e-131 2.98339e-130 4.00884e-130
0.491667 -2.33454e-129 1.26855e-128 1.70469e-128
0.495833 -9.63839e-128 5.18845e-127 6.97279e-127
0.5 -3.82974e-126 2.04248e-125 2.74509e-125
0.504167 -1.46535e-124 7.74301e-124 1.04074e-123
0.508333 -5.4021e-123 2.82837e-122 3.80191e-122
0.5125 -1.91984e-121 9.96024e-121 1.33897e-120
0.516667 -6.58082e-120 3.38328e-119 4.54855e-119
0.520833 -2.17684e-118 1.10908e-117 1.4912e-117
0.525 -6.95224e-117 3.51044e-116 4.72031e-116
0.529167 -2.14479e-115 1.07336e-114 1.44342e-114
0.533333 -6.3946e-114 3.17189e-113 4.26584e-113
0.5375 -1.84337e-112 9.06326e-112 1.21902e-111
0.541667 -5.14016e-111 2.50517e-110 3.36981e-110
0.545833 -1.38708e-109 6.70148e-109 9.0153e-109
0.55 -3.62385e-108 1.73568e-107 2.33519e-107
0.554167 -9.16999e-107 4.35429e-106 5.85888e-106
0.558333 -2.24841e-105 1.0585e-104 1.42441e-104
0.5625 -5.34395e-104 2.49441e-103 3.35703e-103
0.566667 -1.23169e-102 5.7005e-102 7.6727e-102
0.570833 -2.75398e-101 1.26385e-100 1.70129e-100
0.575 -5.97585e-100 2.71942e-99 3.66108e-99
0.579167 -1.25886e-98 5.68087e-98 7.64886e-98
0.583333 -2.57544e-97 1.15256e-96 1.55202e-96
0.5875 -5.11883e-96 2.27184e-95 3.05958e-95
0.591667 -9.88745e-95 4.35212e-94 5.86191e-94
0.595833 -1.85668e-93 8.10549e-93 1.09187e-92
0.6 -3.39056e-92 1.4681e-91 1.97789e-91
0.604167 -6.02316e-91 2.58681e-90 3.48551e-90
0.608333 -1.0412e-89 4.4355e-89 5.97727e-89
0.6125 -1.75197e-88 7.40327e-88 9.97794e-88
0.616667 -2.87037e-87 1.20319e-86 1.62185e-86
0.620833 -4.58027e-86 1.90459e-85 2.56766e-85
0.625 -7.12051e-85 2.93731e-84 3.96046e-84
0.629167 -1.07875e-83 4.41466e-83 5.95327e-83
0.633333 -1.59306e-82 6.46792e-82 8.72339e-82
0.6375 -2.29387e-81 9.23988e-81 1.24638e-80
0.641667 -3.22136e-80 1.28741e-79 1.73686e-79
0.645833 -4.41322e-79 1.74994e-78 2.36122e-78
0.65 -5.89967e-78 2.32111e-77 3.13239e-77
0.654167 -7.69767e-77 3.00498e-76 4.05592e-76
0.658333 -9.80519e-76 3.79807e-75 5.12718e-75
0.6625 -1.2196e-74 4.68771e-74 6.32916e-74
0.666667 -1.48166e-73 5.65113e-73 7.63115e-73
0.670833 -1.75849e-72 6.65553e-72 8.98894e-72
0.675 -2.03934e-71 7.65947e-71 1.03466e-70
0.679167 -2.31148e-70 8.6154e-70 1.16398e-69
0.683333 -2.56115e-69 9.47337e-69 1.28011e-68
0.6875 -2.77466e-68 1.01853e-67 1.37655e-67
0.691667 -2.93972e-67 1.07096e-66 1.44766e-66
0.695833 -3.04653e-66 1.1015e-65 1.4892e-65
0.7 -3.08884e-65 1.10839e-64 1.49879e-64
0.704167 -3.06446e-64 1.09139e-63 1.47606e-63
0.708333 -2.97553e-63 1.05178e-62 1.42275e-62
0.7125 -2.82815e-62 9.92216e-62 1.34242e-61
0.716667 -2.63177e-61 9.16433e-61 1.24012e-60
0.720833 -2.39813e-60 8.28863e-60 1.12183e-59
0.725 -2.14019e-59 7.3422e-59 9.93922e-59
0.729167 -1.87093e-58 6.37091e-58 8.62602e-58
0.733333 -1.60236e-57 5.41602e-57 7.33453e-57
0.7375 -1.3447e-56 4.51158e-56 6.11091e-56
0.741667 -1.10593e-55 3.68312e-55 4.98974e-55
0.745833 -8.91506e-55 2.94718e-54 3.9935e-54
0.75 -7.04506e-54 2.31188e-53 3.13328e-53
0.754167 -5.45846e-53 1.77809e-52 2.41032e-52
0.758333 -4.14708e-52 1.34102e-51 1.8182e-51
0.7625 -3.09003e-51 9.91896e-51 1.34512e-50
0.766667 -2.25833e-50 7.19627e-50 9.76095e-50
0.770833 -1.61911e-49 5.12171e-49 6.94847e-49
0.775 -1.13889e-48 3.5764e-48 4.853e-48
0.779167 -7.86074e-48 2.45049e-47 3.32589e-47
0.783333 -5.32441e-47 1.64775e-46 2.23685e-46
0.7875 -3.53964e-46 1.08746e-45 1.47655e-45
0.791667 -2.30981e-45 7.04474e-45 9.5674e-45
0.795833 -1.4797e-44 4.48023e-44 6.08586e-44
0.8 -9.30681e-44 2.79747e-43 3.80085e-43
0.804167 -5.74781e-43 1.71518e-42 2.33086e-42
0.808333 -3.48599e-42 1.0327e-41 1.40371e-41
0.8125 -2.07643e-41 6.10674e-41 8.30242e-41
0.816667 -1.21483e-40 3.54694e-40 4.8233e-40
0.820833 -6.98184e-40 2.02373e-39 2.75256e-39
0.825 -3.942e-39 1.13435e-38 1.54321e-38
0.829167 -2.18674e-38 6.24702e-38 8.50053e-38
0.833333 -1.19193e-37 3.38044e-37 4.60089e-37
0.8375 -6.38437e-37 1.79756e-36 2.44708e-36
0.841667 -3.36072e-36 9.39384e-36 1.27909e-35
0.845833 -1.73872e-35 4.82485e-35 6.57108e-35
0.85 -8.84189e-35 2.4358e-34 3.3181e-34
0.854167 -4.4199e-34 1.20879e-33 1.64699e-33
0.858333 -2.17202e-33 5.89713e-33 8.03668e-33
0.8625 -1.04937e-32 2.82842e-32 3.85544e-32
0.866667 -4.98474e-32 1.3338e-31 1.8185e-31
0.870833 -2.32825e-31 6.18455e-31 8.43384e-31
0.875 -1.06935e-30 2.81984e-30 3.84623e-30
0.879167 -4.82988e-30 1.26435e-29 1.72493e-29
0.883333 -2.14541e-29 5.57522e-29 7.60776e-29
0.8875 -9.37266e-29 2.41786e-28 3.30003e-28
0.891667 -4.02734e-28 1.03133e-27 1.40791e-27
0.895833 -1.70216e-27 4.32701e-27 5.90818e-27
0.9 -7.07666e-27 1.78574e-26 2.43878e-26
0.904167 -2.89417e-26 7.24953e-26 9.90265e-26
0.908333 -1.16441e-25 2.89522e-25 3.95557e-25
0.9125 -4.60882e-25 1.1375e-24 1.5544e-24
0.916667 -1.79471e-24 4.39676e-24 6.00937e-24
0.920833 -6.87599e-24 1.67203e-23 2.28572e-23
0.925 -2.59195e-23 6.25601e-23 8.55375e-23
0.929167 -9.61349e-23 2.30307e-22 3.14952e-22
0.933333 -3.50841e-22 8.34224e-22 1.14103e-21
0.9375 -1.25987e-21 2.97327e-21 4.06747e-21
0.941667 -4.4518e-21 1.04273e-20 1.42671e-20
0.945833 -1.54792e-20 3.59836e-20 4.92422e-20
0.95 -5.29631e-20 1.2219e-19 1.67238e-19
0.954167 -1.78325e-19 4.08293e-19 5.58903e-19
0.958333 -5.9084e-19 1.34251e-18 1.83799e-18
0.9625 -1.92641e-18 4.3438e-18 5.94778e-18
0.966667 -6.18091e-18 1.38304e-17 1.89398e-17
0.970833 -1.95154e-17 4.3332e-17 5.93473e-17
0.975 -6.06352e-17 1.33595e-16 1.82991e-16
0.979167 -1.85391e-16 4.05298e-16 5.55212e-16
0.983333 -5.57783e-16 1.20992e-15 1.6576e-15
0.9875 -1.65138e-15 3.55409e-15 4.86954e-15
0.991667 -4.81091e-15 1.02726e-14 1.40757e-14
0.995833 -1.37909e-14 2.92149e-14 4.00331e-14
1 -3.88987e-14 8.17493e-14 1.12026e-13
1.00417 -1.07954e-13 2.25064e-13 3.08428e-13
1.00833 -2.94771e-13 6.09611e-13 8.35425e-13
1.0125 -7.91877e-13 1.62445e-12 2.22618e-12
1.01667 -2.09285e-12 4.25837e-12 5.83568e-12
1.02083 -5.44127e-12 1.0981e-11 1.50479e-11
1.025 -1.39162e-11 2.78532e-11 3.81668e-11
1.02917 -3.50084e-11 6.94886e-11 9.52123e-11
1.03333 -8.66209e-11 1.70501e-10 2.33596e-10
1.0375 -2.10785e-10 4.11414e-10 5.63595e-10
1.04167 -5.04415e-10 9.76189e-10 1.33709e-09
1.04583 -1.18694e-09 2.27745e-09 3.11892e-09
1.05 -2.74609e-09 5.22375e-09 7.15239e-09
1.05417 -6.24601e-09 1.17783e-08 1.61233e-08
1.05833 -1.3965e-08 2.61036e-08 3.5724e-08
1.0625 -3.06887e-08 5.68563e-08 7.77878e-08
1.06667 -6.62753e-08 1.2169e-07 1.66436e-07
1.07083 -1.40637e-07 2.55897e-07 3.49862e-07
1.075 -2.93192e-07 5.28614e-07 7.22423e-07
1.07917 -6.00393e-07 1.0725e-06 1.46505e-06
1.08333 -1.20745e-06 2.13677e-06 2.91737e-06
1.0875 -2.38433e-06 4.17956e-06 5.70324e-06
1.09167 -4.62202e-06 8.02449e-06 1.09431e-05
1.09583 -8.79355e-06 1.51187e-05 2.06035e-05
1.1 -1.64154e-05 2.79449e-05 3.80544e-05
1.10417 -3.0059e-05 5.06596e-05 6.89294e-05
1.10833 -5.39758e-05 9.00435e-05 0.000122406
1.1125 -9.50134e-05 0.000156865 0.000213031
1.11667 -0.000163898 0.000267746 0.000363214
1.12083 -0.000276943 0.000447568 0.000606422
1.125 -0.000458193 0.000732386 0.00099101
1.12917 -0.000741885 0.00117259 0.00158433
1.13333 -0.00117496 0.00183583 0.00247644
1.1375 -0.00181904 0.00280885 0.00378218
1.14167 -0.0027511 0.00419688 0.00563992
1.14583 -0.00406147 0.006119 0.00820459
1.15 -0.00584784 0.00869746 0.0116327
1.15417 -0.00820366 0.0120394 0.016057
1.15833 -0.0111999 0.0162098 0.0215497
1.1625 -0.0148599 0.0211971 0.0280763
1.16667 -0.0191292 0.026874 0.0354437
1.17083 -0.0238439 0.0329611 0.0432532
1.175 -0.0287048 0.0390016 0.0508714
1.17917 -0.0332661 0.0443616 0.0574341
1.18333 -0.0369484 0.0482655 0.0619011
1.1875 -0.0390857 0.0498753 0.0631687
1.19167 -0.039008 0.048414 0.060239
1.19583 -0.0361566 0.0433189 0.0524277
1.2 -0.0302141 0.0343996 0.0395704
1.20417 -0.0212247 0.0219619 0.022179
1.20833 -0.00966871 0.00685775 0.0014915
1.2125 0.00353745 -0.00957284 -0.0206244
1.21667 0.0171368 -0.0256771 -0.0419242
1.22083 0.0297182 -0.0397601 -0.0601588
1.225 0.0399617 -0.050395 -0.0734873
1.22917 0.0468847 -0.0566914 -0.0808206
1.23333 0.0500217 -0.0584443 -0.0819942
1.2375 0.0494814 -0.0561141 -0.0777117
1.24167 0.0458613 -0.0506412 -0.0692774
1.24583 0.0400482 -0.0431652 -0.0582186
1.25 0.0329825 -0.0347553 -0.0459463
1.25417 0.0254781 -0.0262643 -0.0335936
1.25833 0.0181725 -0.0183603 -0.022091
1.2625 0.0116185 -0.0117047 -0.0124134
1.26667 0.00645109 -0.00715648 -0.0058239
1.27083 0.00350852 -0.00584292 -0.00390464
1.275 0.00378726 -0.00898105 -0.00824369
1.27917 0.00818116 -0.0174553 -0.0198234
1.28333 0.017074 -0.0313036 -0.0383511
1.2875 0.0299628 -0.0493617 -0.0618791
1.29167 0.0453237 -0.0692952 -0.0869959
1.29583 0.0608537 -0.0880943 -0.109628
1.3 0.0740518 -0.102877 -0.126177
1.30417 0.082918 -0.111665 -0.134499
1.30833 0.0864535 -0.113763 -0.134247
1.3125 0.0847155 -0.109559 -0.126395
1.31667 0.0783944 -0.0998424 -0.112197
1.32083 0.0681459 -0.085045 -0.0921702
1.325 0.0540647 -0.06485 -0.0657252
1.32917 0.0356315 -0.0384492 -0.0317084
1.33333 0.012202 -0.00534301 0.0103967
1.3375 -0.016217 0.0337545 0.0593021
1.34167 -0.0483553 0.0764398 0.111491
1.34583 -0.0816098 0.118882 0.161834
1.35 -0.112592 0.156709 0.204941
1.35417 -0.138007 0.186054 0.236502
1.35833 -0.155396 0.204253 0.253963
1.3625 -0.163416 0.20994 0.25634
1.36667 -0.16163 0.202746 0.243596
1.37083 -0.150156 0.182999 0.216246
1.375 -0.129523 0.151772 0.175572
1.37917 -0.100887 0.111224 0.124233
1.38333 -0.066363 0.0648251 0.0666058
1.3875 -0.0290768 0.0170614 0.00830588
1.39167 0.00731577 -0.027447 -0.0450816
1.39583 0.0394792 -0.0649939 -0.089344
1.4 0.0651258 -0.0933874 -0.122214
1.40417 0.0831718 -0.111767 -0.142871
1.40833 0.0932896 -0.119898 -0.150923
1.4125 0.0953099 -0.117617 -0.145884
1.41667 0.0890694 -0.105016 -0.12776
1.42083 0.0749319 -0.0832844 -0.098395
1.425 0.0545882 -0.0554933 -0.0623653
1.42917 0.031368 -0.0264477 -0.0263294
1.43333 0.00953547 -0.0013308 0.00319523
1.4375 -0.00721871 0.0162045 0.0223932
1.44167 -0.017202 0.0253136 0.0313744
1.44583 -0.0211137 0.0277558 0.0332204
1.45 -0.0211395 0.0263627 0.0315532
1.45417 -0.0193953 0.0232656 0.0283691
1.45833 -0.0168159 0.0190806 0.0235891
1.4625 -0.013188 0.0134537 0.0163716
1.46667 -0.00810772 0.00630266 0.00686595
1.47083 -0.00194866 -0.00138145 -0.00313143
1.475 0.00398907 -0.00782742 -0.0110871
1.47917 0.00820813 -0.011536 -0.015291
1.48333 0.00992568 -0.0121332 -0.0156757
1.4875 0.00937834 -0.0103299 -0.0133082
1.49167 0.00735121 -0.00715826 -0.00924512
1.49583 0.00448827 -0.00329479 -0.00397279
1.5 0.00108364 0.000904839 0.00206607
1.50417 -0.00250943 0.0048332 0.00759421
1.50833 -0.00541597 0.00731211 0.0104937
1.5125 -0.00640585 0.00710399 0.00907906
1.51667 -0.0047486 0.00395874 0.0036755
1.52083 -0.0010373 -0.000778394 -0.00303966
1.525 0.00287781 -0.00473988 -0.00755046
1.52917 0.00499294 -0.00602079 -0.00783768
1.53333 0.00448894 -0.00443314 -0.00465799
1.5375 0.00221351 -0.00149714 -0.000711781
1.54167 -9.26863e-05 0.000816521 0.00155668
1.54583 -0.00115665 0.00152624 0.00164534
1.55 -0.000975985 0.00109044 0.000843142
1.55417 -0.000468902 0.000624323 0.000620542
1.55833 -0.000422964 0.000721229 0.00118154
1.5625 -0.000764508 0.000975697 0.00146876
1.56667 -0.0007722 0.000558762 0.000436794
1.57083 7.20317e-05 -0.000800141 -0.00174589
1.575 0.00146119 -0.00238833 -0.00369856
1.57917 0.00244467 -0.00302278 -0.00394399
1.58333 0.00220426 -0.00201846 -0.00207725
1.5875 0.000718066 0.000216844 0.000949417
1.59167 -0.00120481 0.00240243 0.00347484
1.59583 -0.0024565 0.00319719 0.00408778
1.6 -0.00228608 0.00202512 0.00232672
1.60417 -0.000698837 -0.000557955 -0.00104983
1.60833 0.00151781 -0.0031134 -0.00424884
1.6125 0.00312032 -0.00407749 -0.00521087
1.61667 0.00303797 -0.00271333 -0.00289568
1.62083 0.00110422 0.000259418 0.00162793
1.625 -0.00158507 0.00289549 0.00539808
1.62917 -0.00317225 0.00322313 0.0054793
1.63333 -0.00232044 0.000732182 0.00140116
1.6375 0.000607187 -0.003022 -0.00402048
1.64167 0.00357209 -0.00540846 -0.0066168
1.64583 0.0043372 -0.00473186 -0.00426007
1.65 0.00231229 -0.00166056 0.00119754
1.65417 -0.000849039 0.0012311 0.00534652
1.65833 -0.00255696 0.00154269 0.00492381
1.6625 -0.00144621 -0.000988011 0.000536262
1.66667 0.00150511 -0.00433417 -0.00402648
1.67083 0.00388683 -0.00593979 -0.00517367
1.675 0.00393676 -0.00479747 -0.00244749
1.67917 0.00190548 -0.00205637 0.00151426
1.68333 -0.000411903 0.000197184 0.0035878
1.6875 -0.00135364 0.000720974 0.00269893
1.69167 -0.000665408 -0.000102124 0.000149663
1.69583 0.000621139 -0.000908242 -0.00199664
1.7 0.00127532 -0.000556063 -0.00256132
1.70417 0.000763158 0.00119361 -0.00160076
1.70833 -0.000675968 0.00380599 0.000176781
1.7125 -0.00244674 0.00643641 0.00187078
1.71667 -0.0039159 0.0082877 0.00249207
1.72083 -0.0045402 0.0088845 0.00134401
1.725 -0.0041084 0.00838778 -0.00115206
1.72917 -0.0030872 0.00768702 -0.00317889
1.73333 -0.00254193 0.00785636 -0.00276678
1.7375 -0.0033067 0.00915506 0.000166328
1.74167 -0.00501448 0.0105182 0.00317214
1.74583 -0.00612348 0.0103255 0.00327902
1.75 -0.00526688 0.00798259 4.33747e-05
1.75417 -0.00274456 0.00476457 -0.00359259
1.75833 -0.000505672 0.0028502 -0.00398644
1.7625 -0.000364155 0.0032928 -0.000561684
1.76667 -0.00214212 0.00494784 0.00335498
1.77083 -0.00374576 0.00556901 0.00380947
1.775 -0.00326041 0.00405538 0.000345827
1.77917 -0.000943995 0.00153438 -0.00343975
1.78333 0.00103068 0.000102378 -0.00364867
1.7875 0.000889074 0.000508217 -0.000186138
1.79167 -0.000813196 0.00122389 0.00320246
1.79583 -0.00172212 -9.69157e-05 0.00299908
1.8 -0.000122434 -0.00430412 -0.00035943
1.80417 0.00333895 -0.0100091 -0.00312508
1.80833 0.00646788 -0.0151323 -0.00243001
1.8125 0.00791716 -0.0189967 0.000673386
1.81667 0.00850477 -0.0226917 0.00261449
1.82083 0.0100572 -0.0273968 0.00140502
1.825 0.0131586 -0.0326243 -0.00125604
1.82917 0.0163679 -0.0363856 -0.00215207
1.83333 0.0177411 -0.0370563 -0.000336202
1.8375 0.0168536 -0.0347735 0.00189441
1.84167 0.0149964 -0.0308003 0.00187982
1.84583 0.0134021 -0.025745 -0.000183404
1.85 0.0116916 -0.0188791 -0.00156262
1.85417 0.00843377 -0.00940168 -0.00043621
1.85833 0.00311937 0.00198165 0.00177835
1.8625 -0.00291722 0.0132268 0.00215039
1.86667 -0.00782532 0.0227297 -4.25617e-05
1.87083 -0.0112067 0.0305047 -0.00225211
1.875 -0.0142608 0.0373017 -0.00174072
1.87917 -0.0178939 0.0428604 0.000912423
1.88333 -0.0211802 0.0456288 0.00233742
1.8875 -0.0222008 0.0443928 0.000486164
1.89167 -0.020314 0.0398009 -0.00268927
1.89583 -0.0170519 0.0338734 -0.00343198
1.9 -0.014467 0.0280682 -0.000714276
1.90417 -0.0128844 0.0221519 0.00240721
1.90833 -0.0107421 0.0150518 0.0023405
1.9125 -0.00667836 0.00657212 -0.000800194
1.91667 -0.00137247 -0.00194496 -0.0032964
1.92083 0.00299465 -0.00864649 -0.00212168
1.925 0.00500849 -0.0128027 0.00158321
1.92917 0.00546498 -0.0154264 0.00378931
1.93333 0.00641841 -0.0181644 0.00208237
1.9375 0.00886275 -0.0213833 -0.00164732
1.94167 0.0115253 -0.0234527 -0.00325621
1.94583 0.0121377 -0.0223748 -0.000909923
1.95 0.009961 -0.018302 0.00279376
1.95417 0.00682937 -0.0139074 0.0035875
1.95833 0.00533018 -0.0116534 0.000355373
1.9625 0.00592783 -0.0109816 -0.00337752
1.96667 0.00638969 -0.00911204 -0.00332008
1.97083 0.00447247 -0.00475723 0.000510945
1.975 0.000804799 6.43783e-07 0.00359945
1.97917 -0.00169745 0.00229311 0.00224
1.98333 -0.00137622 0.00216009 -0.00191687
1.9875 8.75684e-05 0.00238083 -0.00383215
1.99167 -0.000200349 0.00470643 -0.00127936
1.99583 -0.00269541 0.00762133 0.00250145
2 -0.00491658 0.00844117 0.0029971
2.00417 -0.00460278 0.0065827 -3.97357e-05
2.00833 -0.0023294 0.00375342 -0.00268535
2.0125 -0.000444883 0.00155048 -0.00196204
2.01667 -0.00016044 0.000123769 0.000839016
2.02083 -0.00058554 -0.000931158 0.00234155
2.025 -0.000367448 -0.00162572 0.00121402
2.02917 0.000647841 -0.00186666 -0.000875488
2.03333 0.00154684 -0.00172 -0.00168717
2.0375 0.00146307 -0.000937793 -0.000685152
2.04167 0.000281321 0.000887565 0.000915807
2.04583 -0.00129271 0.00311547 0.00151039
2.05 -0.00212281 0.00394856 0.000495919
2.05417 -0.00156901 0.00251741 -0.0011019
2.05833 -0.000308162 0.000385733 -0.00148832
2.0625 0.000244586 -0.000255549 -0.000140623
2.06667 -0.000329344 0.00051202 0.00128838
2.07083 -0.000855142 0.00067877 0.000931996
2.075 -0.000235793 -0.000528554 -0.000695326
2.07917 0.000879869 -0.00151618 -0.00130917
2.08333 0.00100917 -0.00091132 -0.000135428
2.0875 5.86125e-05 0.000299755 0.000981033
2.09167 -0.000548002 0.000372537 0.000447904
2.09583 -3.07286e-05 -0.00060457 -0.000662171
2.1 0.000689305 -0.00116473 -0.000480736
2.10417 0.000584124 -0.000806603 0.000583371
2.10833 5.45953e-05 -0.00032934 0.000621882
2.1125 1.17689e-05 -0.00013436 -0.000493563
2.11667 0.000284623 0.000240482 -0.000873501
2.12083 6.74716e-05 0.000836551 0.00018451
2.125 -0.000552325 0.000968032 0.000982578
2.12917 -0.000712286 0.000468385 0.000233669
2.13333 -0.000217636 -4.64969e-05 -0.000877524
2.1375 0.000271006 -0.000432556 -0.000734461
2.14167 0.000440397 -0.0011622 0.00021729
2.14583 0.000594132 -0.00187269 0.000575356
2.15 0.000690655 -0.0013921 0.000274334
2.15417 0.000319254 0.000122291 5.35429e-05
2.15833 -0.000207327 0.000852709 -0.000228791
2.1625 -7.55763e-05 0.000194968 -0.000815126
2.16667 0.000389965 3.72833e-05 -0.000649755
2.17083 -0.00012496 0.00151228 0.000896424
2.175 -0.00147521 0.00245627 0.00182186
2.17917 -0.00156464 0.000661271 6.40371e-07
2.18333 0.000394523 -0.00193229 -0.00256982
2.1875 0.00192995 -0.00170028 -0.00174839
2.19167 0.00070576 0.000800556 0.00204291
2.19583 -0.00154885 0.00142186 0.00333743
2.2 -0.00131681 -0.000900027 -0.000262712
2.20417 0.00120998 -0.00236488 -0.00371621
2.20833 0.00223349 -0.000620461 -0.00178612
2.2125 0.000225694 0.00141469 0.00281093
2.21667 -0.00176121 0.00069458 0.00339829
2.22083 -0.00100883 -0.000825969 -0.000568944
2.225 0.000821337 1.94646e-05 -0.0031068
2.22917 0.00082835 0.00179291 -0.00106666
2.23333 -0.000527822 0.0011208 0.00186445
2.2375 -0.000881594 -0.00097481 0.0017863
2.24167 -0.000139067 -0.000802162 -3.0657e-05
2.24583 7.71545e-05 0.0010541 -0.000797662
2.25 -8.30555e-05 0.000476949 -0.000746388
2.25417 0.000705305 -0.002384 -0.000892718
2.25833 0.00153869 -0.00246958 -0.000137063
2.2625 0.000310729 0.00137402 0.00175854
2.26667 -0.00188398 0.0033957 0.00176508
2.27083 -0.00150551 0.000148373 -0.0015437
2.275 0.00143501 -0.00325786 -0.00379877
2.27917 0.00243758 -0.00119459 -0.000761636
2.28333 -0.000497465 0.00309978 0.00389607
2.2875 -0.00310658 0.00272396 0.00305644
2.29167 -0.00126643 -0.00160739 -0.00257525
2.29583 0.0023604 -0.00300825 -0.004737
2.3 0.00238603 0.000200979 -0.000103887
2.30417 -0.00095467 0.00234036 0.0045452
2.30833 -0.00249742 0.00023638 0.00269793
2.3125 -0.000284822 -0.00209963 -0.00244938
2.31667 0.00201954 -0.000981934 -0.00360816
2.32083 0.00133592 0.00114542 -4.5511e-05
2.325 -0.00070425 0.000885581 0.00282484
2.32917 -0.00130049 -0.000374829 0.00193087
2.33333 -0.000499173 1.80422e-06 -0.000613191
2.3375 0.00023944 0.000841646 -0.00197106
2.34167 0.000616328 2.3741e-06 -0.00146642
2.34583 0.000702409 -0.00108447 0.000402441
2.35 -3.86022e-05 -0.00019635 0.00221807
2.35417 -0.001137 0.00107291 0.0016575
2.35833 -0.000777638 4.01231e-05 -0.00144174
2.3625 0.00115265 -0.00193227 -0.00321243
2.36667 0.0019958 -0.00164892 -0.000648036
2.37083 0.000295846 0.000321447 0.00301105
2.375 -0.0015223 0.000921837 0.002333
2.37917 -0.000857902 4.3784e-05 -0.00182803
2.38333 0.000938643 -8.61866e-05 -0.00333517
2.3875 0.00104387 0.000267572 -0.000287971
2.39167 -0.0001916 -0.000787841 0.00236353
2.39583 -0.000411478 -0.00205347 0.00105534
2.4 0.000443423 -0.000899878 -0.00136925
2.40417 0.000618191 0.000998685 -0.00140379
2.40833 0.000238916 -0.000229722 -0.000281779
2.4125 0.000702254 -0.00296884 -0.000222407
2.41667 0.00115531 -0.00170282 -8.85577e-05
2.42083 -0.000236414 0.00280441 0.00114854
2.425 -0.00192796 0.00313891 0.00101561
2.42917 -0.000650799 -0.00217263 -0.00167147
2.43333 0.00232468 -0.0045029 -0.00274771
2.4375 0.00195401 0.00111349 0.000882814
2.44167 -0.00217373 0.00653751 0.00442292
2.44583 -0.00395923 0.00300998 0.00176785
2.45 -0.000280303 -0.00396563 -0.00369696
2.45417 0.00327998 -0.00302314 -0.0032382
2.45833 0.000969118 0.00428281 0.00305357
2.4625 -0.00363898 0.00584923 0.00551488
2.46667 -0.00318093 -0.000861688 0.000116529
2.47083 0.00157911 -0.00468309 -0.00485734
2.475 0.00307607 0.000373693 -0.00194224
2.47917 -0.000691181 0.00516721 0.00380914
2.48333 -0.00320714 0.00113793 0.0033518
2.4875 -0.000400686 -0.0052006 -0.00205716
2.49167 0.00298095 -0.00346944 -0.00380247
2.49583 0.0016753 0.00311806 1.53437e-05
2.5 -0.0016604 0.00365413 0.00267605
2.50417 -0.00161972 -0.00189569 0.000607485
2.50833 0.000893919 -0.00327084 -0.00168537
2.5125 0.00103404 0.00208428 -0.000375339
2.51667 -0.00129607 0.00493232 0.00160283
2.52083 -0.0017711 0.000603455 0.000816216
2.525 0.000299071 -0.00296231 -0.000507441
2.52917 0.000826416 0.000789052 0.000733202
2.53333 -0.00149419 0.00560208 0.00235937
2.5375 -0.00265358 0.00327665 0.000941696
2.54167 -0.000418544 -0.00223948 -0.00148186
2.54583 0.00154575 -0.00178534 -0.000613686
2.55 -6.99429e-05 0.00336864 0.00231984
2.55417 -0.00243382 0.00403672 0.00221716
2.55833 -0.00135253 -0.00110881 -0.00120071
2.5625 0.00160664 -0.0037219 -0.00264754
2.56667 0.00182614 -0.00028543 -2.34063e-06
2.57083 -0.000618226 0.0024091 0.00221335
2.575 -0.00133495 -0.000555261 0.000345864
2.57917 0.000910206 -0.00411097 -0.00261834
2.58333 0.00242883 -0.00255357 -0.00228287
2.5875 0.00104171 0.000745793 0.000187196
2.59167 -0.00053975 -0.000295315 0.000603004
2.59583 0.00038528 -0.00404903 -0.00137138
2.6 0.00219625 -0.00456637 -0.00239645
2.60417 0.00213791 -0.00179801 -0.00123835
2.60833 0.000826029 -0.000878472 -0.000127772
2.6125 0.000608796 -0.00290734 -0.000519816
2.61667 0.00145169 -0.00362392 -0.00112697
2.62083 0.00146173 -0.00121339 -0.000718022
2.625 0.000361914 0.000938147 -2.53112e-06
2.62917 -0.000329064 0.000449155 0.000130959
2.63333 -9.63275e-05 -0.00039143 9.02377e-05
2.6375 -4.16339e-05 0.000901612 0.000432896
2.64167 -0.000757016 0.00298335 0.000857811
2.64583 -0.00148325 0.00339484 0.00101701
2.65 -0.00154855 0.00234183 0.00107564
2.65417 -0.00121275 0.00159754 0.00106263
2.65833 -0.00091526 0.00167194 0.000783667
2.6625 -0.000756221 0.00183967 0.000524109
2.66667 -0.000758476 0.00157042 0.000686879
2.67083 -0.000794903 0.000726868 0.000768951
2.675 -0.000425501 -0.000511619 1.58326e-05
2.67917 0.000408376 -0.00129576 -0.000979622
2.68333 0.000903135 -0.000922782 -0.000875798
2.6875 0.000488703 -0.000241815 0.000140152
2.69167 -7.37034e-05 -0.000679853 0.000374753
2.69583 0.000239272 -0.00175298 -0.000685491
2.7 0.00098936 -0.00154027 -0.00142484
2.70417 0.000904139 2.86607e-05 -0.000607843
2.70833 -1.92698e-05 0.000690379 0.000681396
2.7125 -0.000459361 -0.000493413 0.000730849
2.71667 0.000102456 -0.00136894 -0.000282468
2.72083 0.00059355 -8.61876e-05 -0.000756021
2.725 0.000111901 0.00180333 -3.17202e-05
2.72917 -0.000717187 0.00170703 0.000910149
2.73333 -0.000823718 -1.99762e-05 0.000966985
2.7375 -0.000243944 -0.000830254 0.000197452
2.74167 0.000200416 1.67123e-05 -0.000513486
2.74583 0.000190446 0.000673105 -0.000508283
2.75 7.68981e-05 -4.12448e-05 6.8697e-05
2.75417 6.95373e-05 -0.000862945 0.000478563
2.75833 6.72898e-06 -0.000352859 0.000145872
2.7625 -0.000133852 0.000780594 -0.000640091
2.76667 -0.000115548 0.000888736 -0.000919849
2.77083 7.61794e-05 -9.95455e-05 -0.000197571
2.775 0.00011601 -0.000735917 0.000785521
2.77917 -0.000121101 -0.000252499 0.000827006
2.78333 -0.000282593 0.0004999 -0.000176432
2.7875 -5.15885e-05 0.000403275 -0.00095214
2.79167 0.000342735 -0.000488503 -0.000449096
2.79583 0.000432759 -0.00115805 0.000710209
2.8 0.00015899 -0.000830461 0.000991221
2.80417 -0.00010606 0.000231258 1.0962e-05
2.80833 -0.00010138 0.000967242 -0.000933787
2.8125 4.3119e-05 0.000627202 -0.00062435
2.81667 5.97609e-05 -0.000263323 0.000488057
2.82083 -0.000133536 -0.000449021 0.000963937
2.825 -0.000351437 0.000303287 0.000229768
2.82917 -0.000281532 0.000738032 -0.000820458
2.83333 0.000151134 3.54418e-05 -0.000954014
2.8375 0.000482749 -0.000688344 3.56444e-05
2.84167 0.000127924 -2.6632e-05 0.00108409
2.84583 -0.000681188 0.00125778 0.000944252
2.85 -0.000883398 0.00113435 -0.000311731
2.85417 -7.76937e-06 -0.000513005 -0.00111066
2.85833 0.000914978 -0.00151545 -0.00026141
2.8625 0.000648862 -0.000632316 0.00123074
2.86667 -0.000407337 0.000656315 0.00126323
2.87083 -0.000698597 0.000456387 -0.000396517
2.875 0.000241832 -0.000860371 -0.00156869
2.87917 0.0011206 -0.00143331 -0.000659185
2.88333 0.000736252 -0.000478254 0.00107563
2.8875 -0.000429391 0.000983351 0.00131785
2.89167 -0.00099413 0.00151463 -0.000157033
2.89583 -0.000443698 0.000708062 -0.00138292
2.9 0.000421737 -0.000485217 -0.000887029
2.90417 0.00054614 -0.00068058 0.000625981
2.90833 -0.000195456 0.000288054 0.00130795
2.9125 -0.00082247 0.000901009 0.000285285
2.91667 -0.000350514 -2.81703e-05 -0.00133365
2.92083 0.000827359 -0.0013385 -0.00153555
2.925 0.00116384 -0.000999127 0.000200278
2.92917 3.59997e-05 0.000658937 0.00186688
2.93333 -0.00108374 0.00118784 0.00125638
2.9375 -0.000522775 -0.000212395 -0.000848727
2.94167 0.00106207 -0.00137017 -0.0013921
2.94583 0.00147498 -0.000531881 0.000678924
2.95 0.000194747 0.000937193 0.00272145
2.95417 -0.000805702 0.000745769 0.00211417
2.95833 9.49412e-05 -0.000920018 2.22588e-05
2.9625 0.00191853 -0.00191394 -0.000304907
2.96667 0.00257666 -0.00121199 0.00198564
2.97083 0.00167562 4.29261e-05 0.0044761
2.975 0.000835617 0.000229754 0.00486725
2.97917 0.00157936 -0.0010235 0.00373804
2.98333 0.00362178 -0.0026073 0.00363135
2.9875 0.00528024 -0.00303225 0.00609775
2.99167 0.00542115 -0.00217176 0.00989923
2.99583 0.00494521 -0.00177352 0.0122708
