0 0 0 0
0.00416667 -4.04595e-236 -3.83877e-238 2.04689e-233
0.00833333 -4.87479e-195 -9.58276e-197 1.06911e-192
0.0125 -2.75616e-172 -8.17662e-174 3.85828e-170
0.0166667 -1.78885e-156 -7.05202e-158 1.83878e-154
0.0208333 -2.38784e-144 -1.16599e-145 1.93897e-142
0.025 -1.62238e-134 -9.37683e-136 1.0886e-132
0.0291667 -2.99199e-126 -1.98149e-127 1.71028e-124
0.0333333 -4.00933e-119 -2.9679e-120 1.99592e-117
0.0375 -7.32033e-113 -5.9368e-114 3.22706e-111
0.0416667 -2.78865e-107 -2.43629e-108 1.10292e-105
0.0458333 -2.99868e-102 -2.78092e-103 1.07524e-100
0.05 -1.13677e-97 -1.1044e-98 3.7275e-96
0.0541667 -1.79766e-93 -1.80767e-94 5.42938e-92
0.0583333 -1.35123e-89 -1.39067e-90 3.78201e-88
0.0625 -5.35333e-86 -5.57976e-87 1.39586e-84
0.0666667 -1.21488e-82 -1.2697e-83 2.96449e-81
0.0708333 -1.69047e-79 -1.75499e-80 3.87572e-78
0.075 -1.52582e-76 -1.55974e-77 3.2984e-75
0.0791667 -9.36477e-74 -9.34958e-75 1.91473e-72
0.0833333 -4.06712e-71 -3.93655e-72 7.88722e-70
0.0875 -1.29305e-68 -1.20538e-69 2.38434e-67
0.0916667 -3.09833e-66 -2.76613e-67 5.44487e-65
0.0958333 -5.73796e-64 -4.88331e-65 9.62981e-63
0.1 -8.39454e-62 -6.78571e-63 1.34796e-60
0.104167 -9.88878e-60 -7.57286e-61 1.52191e-58
0.108333 -9.53848e-58 -6.90908e-59 1.40922e-56
0.1125 -7.64605e-56 -5.23475e-57 1.08598e-54
0.116667 -5.16083e-54 -3.33984e-55 7.05628e-53
0.120833 -2.96762e-52 -1.81661e-53 3.9109e-51
0.125 -1.46911e-50 -8.51643e-52 1.86826e-49
0.129167 -6.3204e-49 -3.47488e-50 7.76443e-48
0.133333 -2.38327e-47 -1.24474e-48 2.8311e-46
0.1375 -7.93754e-46 -3.94508e-47 9.12625e-45
0.141667 -2.35138e-44 -1.11406e-45 2.61899e-43
0.145833 -6.23531e-43 -2.82089e-44 6.73333e-42
0.15 -1.48878e-41 -6.44158e-43 1.5599e-40
0.154167 -3.21782e-40 -1.33357e-41 3.27369e-39
0.158333 -6.32694e-39 -2.51508e-40 6.25421e-38
0.1625 -1.13683e-37 -4.34055e-39 1.09258e-36
0.166667 -1.87447e-36 -6.88308e-38 1.7526e-35
0.170833 -2.84727e-35 -1.00677e-36 2.59132e-34
0.175 -3.99851e-34 -1.36309e-35 3.54414e-33
0.179167 -5.20869e-33 -1.71399e-34 4.49865e-32
0.183333 -6.31337e-32 -2.00775e-33 5.31571e-31
0.1875 -7.14069e-31 -2.19723e-32 5.86385e-30
0.191667 -7.55662e-30 -2.2525e-31 6.05476e-29
0.195833 -7.50076e-29 -2.16848e-30 5.86644e-28
0.2 -6.99978e-28 -1.96496e-29 5.34587e-27
0.204167 -6.15473e-27 -1.67959e-28 4.59158e-26
0.208333 -5.10933e-26 -1.357e-27 3.72463e-25
0.2125 -4.01215e-25 -1.03825e-26 2.8589e-24
0.216667 -2.98557e-24 -7.53601e-26 2.08009e-23
0.220833 -2.10882e-23 -5.19772e-25 1.43698e-22
0.225 -1.41613e-22 -3.41183e-24 9.44023e-22
0.229167 -9.05434e-22 -2.1345e-23 5.90629e-21
0.233333 -5.51961e-21 -1.27447e-22 3.52408e-20
0.2375 -3.21238e-20 -7.27178e-22 2.00788e-19
0.241667 -1.7871e-19 -3.96962e-21 1.09376e-18
0.245833 -9.51429e-19 -2.07559e-20 5.70285e-18
0.25 -4.85274e-18 -1.04058e-19 2.8492e-17
0.254167 -2.37371e-17 -5.00711e-19 1.36538e-16
0.258333 -1.1146e-16 -2.31459e-18 6.282e-16
0.2625 -5.02873e-16 -1.02877e-17 2.77748e-15
0.266667 -2.18182e-15 -4.40026e-17 1.18108e-14
0.270833 -9.11074e-15 -1.81254e-16 4.83423e-14
0.275 -3.6643e-14 -7.19551e-16 1.90599e-13
0.279167 -1.42051e-13 -2.75483e-15 7.2438e-13
0.283333 -5.3113e-13 -1.01781e-14 2.65551e-12
0.2875 -1.91662e-12 -3.63103e-14 9.39581e-12
0.291667 -6.6789e-12 -1.2515e-13 3.2105e-11
0.295833 -2.24877e-11 -4.16961e-13 1.05998e-10
0.3 -7.3194e-11 -1.34348e-12 3.38317e-10
0.304167 -2.30412e-10 -4.18822e-12 1.04436e-09
0.308333 -7.01812e-10 -1.26378e-11 3.11931e-09
0.3125 -2.06917e-09 -3.69252e-11 9.01817e-09
0.316667 -5.90734e-09 -1.04503e-10 2.52454e-08
0.320833 -1.63361e-08 -2.86568e-10 6.84516e-08
0.325 -4.3772e-08 -7.61617e-10 1.79823e-07
0.329167 -1.1367e-07 -1.96228e-09 4.57797e-07
0.333333 -2.86152e-07 -4.90224e-09 1.12968e-06
0.3375 -6.9844e-07 -1.18771e-08 2.70249e-06
0.341667 -1.65314e-06 -2.79105e-08 6.26843e-06
0.345833 -3.79478e-06 -6.3623e-08 1.40986e-05
0.35 -8.44877e-06 -1.40694e-07 3.07497e-05
0.354167 -1.8245e-05 -3.0183e-07 6.50357e-05
0.358333 -3.82148e-05 -6.28156e-07 0.000133381
0.3625 -7.76308e-05 -1.26813e-06 0.000265231
0.366667 -0.000152934 -2.48315e-06 0.000511312
0.370833 -0.000292124 -4.71533e-06 0.000955405
0.375 -0.00054092 -8.68155e-06 0.00172987
0.379167 -0.000970672 -1.54929e-05 0.00303401
0.383333 -0.00168745 -2.67897e-05 0.00515249
0.3875 -0.00284062 -4.48652e-05 0.00846816
0.391667 -0.00462792 -7.2733e-05 0.0134606
0.395833 -0.00729231 -0.000114066 0.0206787
0.4 -0.0111048 -0.000172926 0.0306743
0.404167 -0.0163275 -0.000253191 0.0438892
0.408333 -0.0231526 -0.000357646 0.0604938
0.4125 -0.0316199 -0.000486759 0.080197
0.416667 -0.0415224 -0.00063731 0.102063
0.420833 -0.0523216 -0.000801185 0.124397
0.425 -0.0631026 -0.000964788 0.144769
0.429167 -0.0726046 -0.00110955 0.160241
0.433333 -0.0793528 -0.00121393 0.167808
0.4375 -0.0818998 -0.00125692 0.165036
0.441667 -0.0791446 -0.00122262 0.150733
0.445833 -0.0706624 -0.00110495 0.125496
0.45 -0.0569451 -0.0009109 0.0918946
0.454167 -0.0394493 -0.000661168 0.0541491
0.458333 -0.0203887 -0.000387156 0.0172937
0.4625 -0.00227931 -0.000124654 -0.0140018
0.466667 0.0126551 9.42902e-05 -0.0365982
0.470833 0.0230389 0.00024881 -0.0496373
0.475 0.0286635 0.000333349 -0.0545798
0.479167 0.0304415 0.000356917 -0.0545009
0.483333 0.0300082 0.000337845 -0.0529447
0.4875 0.0291404 0.000296574 -0.0528672
0.491667 0.029264 0.00025015 -0.0561927
0.495833 0.031291 0.000211566 -0.064208
0.5 0.035865 0.000194591 -0.0785395
0.504167 0.0438538 0.000221444 -0.102043
0.508333 0.0567396 0.000328102 -0.138833
0.5125 0.0765418 0.000561997 -0.193034
0.516667 0.105109 0.000969806 -0.266508
0.520833 0.142966 0.00157796 -0.3565
0.525 0.188205 0.00237299 -0.454394
0.529167 0.236022 0.00329033 -0.546446
0.533333 0.279248 0.00421771 -0.616477
0.5375 0.309825 0.00501355 -0.649624
0.541667 0.320699 0.00553485 -0.635781
0.545833 0.307461 0.00566611 -0.571589
0.55 0.2692 0.0053414 -0.460629
0.554167 0.208448 0.00455597 -0.312265
0.558333 0.130485 0.0033671 -0.139893
0.5625 0.042396 0.00188614 0.0408948
0.566667 -0.0478957 0.000262468 0.214251
0.570833 -0.132615 -0.00134009 0.366315
0.575 -0.205237 -0.00277258 0.487582
0.579167 -0.261588 -0.00392936 0.57452
0.583333 -0.300489 -0.0047653 0.629301
0.5875 -0.32344 -0.00529247 0.657169
0.591667 -0.333181 -0.0055549 0.662415
0.595833 -0.331725 -0.00559238 0.645219
0.6 -0.318963 -0.00541299 0.601575
0.604167 -0.292887 -0.00499151 0.526862
0.608333 -0.251525 -0.00429761 0.421184
0.6125 -0.195555 -0.00333859 0.293049
0.616667 -0.129861 -0.00219038 0.158561
0.620833 -0.0628007 -0.000994725 0.036019
0.625 -0.0033035 8.08538e-05 -0.0612066
0.629167 0.0426096 0.000901275 -0.129312
0.633333 0.0738404 0.00141006 -0.173536
0.6375 0.0935881 0.00163976 -0.203071
0.641667 0.106599 0.00168345 -0.224856
0.645833 0.116118 0.00164529 -0.240128
0.65 0.122401 0.00159683 -0.245367
0.654167 0.12346 0.00155846 -0.236235
0.658333 0.117157 0.0015089 -0.211345
0.6625 0.103035 0.0014107 -0.17341
0.666667 0.082728 0.0012354 -0.127658
0.670833 0.0590273 0.000977276 -0.0793343
0.675 0.0345958 0.000654107 -0.0323367
0.679167 0.0113387 0.000299888 0.0103868
0.683333 -0.00932736 -4.41694e-05 0.0456837
0.6875 -0.0258727 -0.000336687 0.0697783
0.691667 -0.0364873 -0.000540842 0.0792571
0.695833 -0.0396331 -0.000628655 0.0728592
0.7 -0.0349577 -0.000587152 0.0528336
0.704167 -0.0239116 -0.00042678 0.0249356
0.708333 -0.00962166 -0.000188072 -0.00307584
0.7125 0.00398529 6.12622e-05 -0.0238932
0.716667 0.0134615 0.000245006 -0.033168
0.720833 0.0170207 0.000309411 -0.031037
0.725 0.0151271 0.000250931 -0.0217827
0.729167 0.0101368 0.000121184 -0.0114401
0.733333 0.00501137 1.20549e-07 -0.00440574
0.7375 0.00169982 -5.09116e-05 -0.00113684
0.741667 0.000187688 -2.69004e-05 0.00126821
0.745833 -0.00102853 2.13311e-05 0.0057696
0.75 -0.00326709 3.03074e-05 0.011892
0.754167 -0.00607929 -2.1325e-05 0.0152058
0.758333 -0.00721832 -9.2635e-05 0.0108067
0.7625 -0.00447406 -0.000114468 -0.00172836
0.766667 0.00198946 -4.93332e-05 -0.0162938
0.770833 0.00889818 7.3261e-05 -0.0236251
0.775 0.0117627 0.000172985 -0.0180898
0.779167 0.00822483 0.000173971 -0.00255995
0.783333 0.000196403 6.36673e-05 0.0129781
0.7875 -0.00717454 -8.65408e-05 0.0184925
0.791667 -0.00915728 -0.000167544 0.0112386
0.795833 -0.00490056 -0.000122512 -0.00251281
0.8 0.0020805 2.17809e-06 -0.0126789
0.804167 0.00675808 0.000105228 -0.013109
0.808333 0.00640338 0.000124955 -0.00557578
0.8125 0.00229238 7.18316e-05 0.00279885
0.816667 -0.00184827 -1.22104e-05 0.00588106
0.820833 -0.00307607 -8.16808e-05 0.00305979
0.825 -0.00136496 -8.49572e-05 -0.00142966
0.829167 0.00095524 -5.34467e-06 -0.00306645
0.833333 0.00163913 8.01015e-05 -0.0010833
0.8375 0.000506914 6.57684e-05 0.00146778
0.841667 -0.00075196 -2.57785e-05 0.00123497
0.845833 -0.000523203 -5.44786e-05 -0.00194884
0.85 0.00108371 1.69264e-05 -0.00495257
0.854167 0.00243727 5.14056e-05 -0.00449371
0.858333 0.00203029 -1.71133e-05 -0.000329138
0.8625 -0.000109623 -4.44906e-05 0.00442996
0.866667 -0.00239987 4.94659e-05 0.00586537
0.870833 -0.00291682 7.72547e-05 0.002387
0.875 -0.000938468 -7.87898e-05 -0.00379555
0.879167 0.00223584 -0.000155764 -0.00792291
0.883333 0.00404014 6.5285e-05 -0.00623748
0.8875 0.00277274 0.000255835 0.000534978
0.891667 -0.00070253 2.43684e-05 0.00714558
0.895833 -0.00357295 -0.000297285 0.00809461
0.9 -0.0035509 -0.000116689 0.00250615
0.904167 -0.000697193 0.000299507 -0.00514502
0.908333 0.00288177 0.000171703 -0.00886057
0.9125 0.00458056 -0.000325246 -0.00569871
0.916667 0.00288956 -0.000219326 0.00214857
0.920833 -0.00127807 0.000417289 0.00854876
0.925 -0.00452653 0.00036165 0.00771887
0.929167 -0.00361774 -0.000485326 -0.000328507
0.933333 0.000869738 -0.000590409 -0.00849253
0.9375 0.0045401 0.000461531 -0.00895192
0.941667 0.0038914 0.000843372 -0.00152533
0.945833 9.03468e-05 -0.000333301 0.00613549
0.95 -0.00298938 -0.00104689 0.00713721
0.954167 -0.00320615 0.000169462 0.00192086
0.958333 -0.00115961 0.00122504 -0.00416059
0.9625 0.00168409 1.60856e-05 -0.0066958
0.966667 0.00358433 -0.00141159 -0.00433077
0.970833 0.00255041 -0.000259692 0.00143777
0.975 -0.0012664 0.00160124 0.006078
0.979167 -0.00400632 0.000613795 0.00475266
0.983333 -0.00221126 -0.00171949 -0.00167158
0.9875 0.00196449 -0.00106206 -0.00605531
0.991667 0.00326433 0.00170389 -0.00362666
0.995833 0.000782615 0.00154432 0.00172386
1 -0.00132654 -0.00153463 0.00346071
1.00417 -0.000815754 -0.00199431 0.00140773
1.00833 -7.65078e-05 0.00123731 -0.00014596
1.0125 -0.000682281 0.00238903 -0.000333113
1.01667 -0.000445903 -0.000817547 -0.00147841
1.02083 0.0016157 -0.00270287 -0.00275209
1.025 0.00231149 0.00027212 -0.000877898
1.02917 -0.000290343 0.00289373 0.00300147
1.03333 -0.00270945 0.000399414 0.00360984
1.0375 -0.00133749 -0.00288442 -0.00033273
1.04167 0.00164791 -0.00114169 -0.0037987
1.04583 0.00195685 0.00262053 -0.00278861
1.05 -7.09011e-05 0.00186852 0.000646772
1.05417 -0.000927433 -0.00208252 0.00243873
1.05833 -7.34342e-05 -0.00247628 0.00171329
1.0625 5.55828e-05 0.00130497 6.54679e-05
1.06667 -0.000858994 0.00288861 -0.00140791
1.07083 -0.000450786 -0.00034133 -0.00222899
1.075 0.00158817 -0.00304955 -0.00148785
1.07917 0.00211317 -0.000744731 0.00112709
1.08333 -0.000578832 0.00291955 0.00350131
1.0875 -0.00320355 0.00188628 0.00226901
1.09167 -0.00157077 -0.00245889 -0.00256205
1.09583 0.00280459 -0.0029875 -0.00542403
1.1 0.00375905 0.00165376 -0.00136698
1.10417 -0.00066493 0.00393252 0.00545528
1.10833 -0.00432758 -0.000527618 0.0053348
1.1125 -0.00164443 -0.00459043 -0.00263551
1.11667 0.0034036 -0.000832083 -0.00728899
1.12083 0.00310073 0.00485815 -0.00166129
1.125 -0.00162127 0.00229112 0.00575085
1.12917 -0.00296214 -0.00467872 0.00422653
1.13333 0.000470595 -0.00368313 -0.00264495
1.1375 0.00204925 0.00406409 -0.00435333
1.14167 -0.000368006 0.00484969 -0.000502602
1.14583 -0.0011705 -0.0030813 0.00166313
1.15 0.00132906 -0.00565593 0.00101514
1.15417 0.00136619 0.00184578 0.00123161
1.15833 -0.00230354 0.00601236 0.000856406
1.1625 -0.00263615 -0.000496917 -0.00271486
1.16667 0.00238097 -0.00587433 -0.00435675
1.17083 0.00440386 -0.000811952 0.000943369
1.175 -0.000870732 0.00524863 0.00643003
1.17917 -0.00525346 0.00193196 0.00277805
1.18333 -0.00155872 -0.00418736 -0.00564037
1.1875 0.00446853 -0.00272419 -0.00662791
1.19167 0.0038935 0.00279553 0.00113088
1.19583 -0.0017747 0.00308323 0.00701634
1.2 -0.00448706 -0.00121914 0.00405242
1.20417 -0.00150578 -0.00294808 -0.00357688
1.20833 0.00283227 -0.000359548 -0.00718586
1.2125 0.00362162 0.00232668 -0.00252677
1.21667 0.00015631 0.00174927 0.00576357
1.22083 -0.00356811 -0.00130615 0.00757694
1.225 -0.00282858 -0.00278564 -0.000372778
1.22917 0.00151689 4.38595e-05 -0.00794227
1.23333 0.00347788 0.00336297 -0.00472442
1.2375 0.000785719 0.00125515 0.00440752
1.24167 -0.00196465 -0.00346119 0.00705728
1.24583 -0.00152779 -0.0023813 0.00158686
1.25 -0.000282526 0.0031457 -0.00379574
1.25417 0.000260233 0.00316093 -0.0046715
1.25833 0.00171995 -0.00254504 -0.00197332
1.2625 0.00254088 -0.00347713 0.00324068
1.26667 -0.000692579 0.00183071 0.00668221
1.27083 -0.00439261 0.00329341 0.00182615
1.275 -0.00175478 -0.00117126 -0.00739736
1.27917 0.00422003 -0.00263354 -0.00751726
1.28333 0.00412612 0.000724668 0.00297322
1.2875 -0.0018016 0.00158471 0.00878134
1.29167 -0.00440998 -0.000612181 0.00216226
1.29583 -0.00119929 -0.000278664 -0.00579782
1.3 0.00204815 0.000911532 -0.00535207
1.30417 0.00264659 -0.00111612 -0.000669346
1.30833 0.00173509 -0.00164281 0.00300924
1.3125 -0.00142939 0.00240971 0.00545011
1.31667 -0.00486227 0.00275435 0.00292722
1.32083 -0.00196439 -0.00341809 -0.00603466
1.325 0.0055656 -0.00412023 -0.00930754
1.32917 0.00554151 0.00399459 0.00192305
1.33333 -0.00381132 0.0055496 0.0123151
1.3375 -0.00746794 -0.00406518 0.00422387
1.34167 0.000901643 -0.0068196 -0.010278
1.34583 0.00696017 0.00364605 -0.00828619
1.35 0.00132368 0.00771691 0.00517644
1.35417 -0.00465319 -0.0028414 0.0082773
1.35833 -0.00150979 -0.00807756 -4.61115e-05
1.3625 0.00237915 0.00182411 -0.00429449
1.36667 2.4368e-05 0.00782064 -0.0019677
1.37083 -0.00137615 -0.000795245 -0.000856974
1.375 0.00197673 -0.00695413 0.000237563
1.37917 0.00203759 -4.9278e-05 0.00409961
1.38333 -0.00295871 0.00557158 0.00337879
1.3875 -0.00337739 0.000552668 -0.00415676
1.39167 0.00238902 -0.00383097 -0.00639324
1.39583 0.00414361 -0.000615382 0.00150436
1.4 -0.000680559 0.00193326 0.00659165
1.40417 -0.00340359 0.000207825 0.00144246
1.40833 -0.000987752 -9.78176e-05 -0.0039869
1.4125 0.00117416 0.000621784 -0.00256278
1.41667 0.00142116 -0.00147147 0.000164683
1.42083 0.0015376 -0.00176321 0.00105716
1.425 -0.000254847 0.00259178 0.0027987
1.42917 -0.00346717 0.00302041 0.00234715
1.43333 -0.00187401 -0.00318259 -0.00336593
1.4375 0.00396537 -0.00421805 -0.00570364
1.44167 0.00402651 0.0031557 0.00161897
1.44583 -0.00294367 0.00503169 0.00729407
1.45 -0.00512852 -0.00273447 0.00109122
1.45417 0.00118089 -0.00549487 -0.00659661
1.45833 0.00480187 0.00175122 -0.00329978
1.4625 0.000371618 0.00502146 0.00395094
1.46667 -0.00337198 -0.00108453 0.00361218
1.47083 -0.0011243 -0.00451032 -0.000970832
1.475 0.00144422 -0.000284546 -0.00220621
1.47917 0.000835415 0.00235949 -0.00133443
1.48333 0.000126727 -9.0304e-05 -0.000402923
1.4875 -8.32292e-05 -0.0016563 0.00212433
1.49167 -0.00131449 -0.00134808 0.00299145
1.49583 -0.00105175 -0.00197627 -0.00164121
1.5 0.00168468 -0.00110995 -0.00484875
1.50417 0.0017598 0.001498 0.000353471
1.50833 -0.00187499 -0.000490138 0.00551792
1.5125 -0.00226711 -0.00564194 0.000952393
1.51667 0.00184558 -0.00361186 -0.00522325
1.52083 0.00245792 0.0036658 -0.00198
1.525 -0.00172504 0.00239342 0.00391298
1.52917 -0.0021621 -0.0060087 0.00179249
1.53333 0.00220176 -0.00521253 -0.00295683
1.5375 0.00249521 0.00474272 -0.00140394
1.54167 -0.0020125 0.00629179 0.00177111
1.54583 -0.00220525 -0.0024537 -3.08071e-06
1.55 0.00247802 -0.00428466 -0.00179008
1.55417 0.00278695 0.00447892 0.000920139
1.55833 -0.0020645 0.00820112 0.00229399
1.5625 -0.00302788 0.00161259 -0.00109422
1.56667 0.00136279 -0.00255604 -0.00262806
1.57083 0.00290928 0.00165637 0.00111495
1.575 -0.000755447 0.00506079 0.00360592
1.57917 -0.00306747 0.00197113 0.000746637
1.58333 -0.000867996 -0.00200857 -0.0024383
1.5875 0.00172756 -0.00215947 -0.00145318
1.59167 0.00142569 -0.000530672 0.00137674
1.59583 -0.000513867 0.000199558 0.00231753
1.6 -0.00168429 -0.000393904 0.000715528
1.60417 -0.000794756 -0.00183518 -0.00192127
1.60833 0.00157464 -0.00213943 -0.00286754
1.6125 0.00252483 0.000391155 -0.000357946
1.61667 0.000227334 0.00316046 0.00281294
1.62083 -0.00233149 0.00243695 0.0018913
1.625 -0.00119728 0.000126622 -0.00236111
1.62917 0.00203074 0.000984052 -0.00389904
1.63333 0.00241157 0.00427293 -0.000279923
1.6375 -0.000629667 0.00494146 0.00362823
1.64167 -0.00264116 0.00215799 0.00252839
1.64583 -0.000945636 0.000470399 -0.00211156
1.65 0.00182519 0.00237916 -0.00399789
1.65417 0.00181756 0.00461911 -0.000370055
1.65833 -0.000760456 0.00337033 0.00391288
1.6625 -0.00221576 0.000209816 0.00286695
1.66667 -0.000758293 -0.000259035 -0.00183961
1.67083 0.00110987 0.00208032 -0.00338705
1.675 0.000794316 0.00235566 -0.000134266
1.67917 -0.000596453 -0.000967369 0.0028504
1.68333 -0.000967123 -0.00315625 0.0022429
1.6875 -0.000661258 -0.00164545 -0.000157012
1.69167 -0.000470721 -0.000576923 -0.00192151
1.69583 0.000244884 -0.00284484 -0.00186419
1.7 0.000987274 -0.00504583 0.000681008
1.70417 -7.65208e-05 -0.00462963 0.00338897
1.70833 -0.00189343 -0.00427597 0.00185836
1.7125 -0.00124009 -0.00555055 -0.00274408
1.71667 0.00126154 -0.00614962 -0.00354003
1.72083 0.00174287 -0.00554261 0.00080962
1.725 -5.90926e-05 -0.0054295 0.00334977
1.72917 -0.000833236 -0.00472559 0.000628376
1.73333 0.000147252 -0.00194426 -0.00251233
1.7375 0.00100512 0.000145537 -0.00236185
1.74167 0.00143475 -0.000202153 -0.000681477
1.74583 0.00152262 0.000738051 0.00103986
1.75 6.09757e-06 0.00433483 0.00232239
1.75417 -0.00194167 0.0055535 0.000731707
1.75833 -0.000763307 0.00300722 -0.00314578
1.7625 0.00234569 0.00249385 -0.00307
1.76667 0.00189344 0.00531258 0.00230539
1.77083 -0.0019324 0.00540793 0.00471457
1.775 -0.00287488 0.00185116 4.40901e-05
1.77917 0.000216766 0.000624547 -0.0039987
1.78333 0.00180168 0.00213662 -0.00146486
1.7875 -2.19175e-05 0.000953162 0.00255655
1.79167 -0.00150153 -0.00238212 0.00252827
1.79583 -0.00110725 -0.00289411 0.000337681
1.8 -0.000449365 -0.00168402 -0.00138146
1.80417 0.000542593 -0.00240724 -0.00244374
1.80833 0.00183265 -0.00281702 -0.00109488
1.8125 0.000951292 -0.000598884 0.0026132
1.81667 -0.00164064 0.000556858 0.00294212
1.82083 -0.00141591 -0.000795787 -0.00202683
1.825 0.0016778 -0.000184071 -0.0044534
1.82917 0.00213002 0.00248923 8.45525e-05
1.83333 -0.000841198 0.00179548 0.00402014
1.8375 -0.00190851 -0.00125079 0.00140051
1.84167 7.13509e-05 -0.000436375 -0.00232992
1.84583 0.000915648 0.00255232 -0.0017845
1.85 -1.75896e-06 0.00135491 0.000163396
1.85417 4.82499e-05 -0.00178323 0.00082608
1.85833 0.000284519 -0.000880227 0.00149231
1.8625 -0.00096499 0.00140848 0.00104905
1.86667 -0.00115277 7.64928e-05 -0.00188886
1.87083 0.00104964 -0.00179052 -0.00280613
1.875 0.0017044 -0.00053401 0.00111809
1.87917 -0.000677103 0.000441384 0.00356575
1.88333 -0.0016685 -0.000755779 7.8278e-05
1.8875 0.0003045 -0.000360818 -0.00311883
1.89167 0.00123036 0.00151791 -0.000937124
1.89583 1.18175e-05 0.000573414 0.00179522
1.9 -0.0002844 -0.00133482 0.00106086
1.90417 0.000202802 0.000464853 0.000100827
1.90833 -0.000684743 0.00256282 0.00033665
1.9125 -0.0010338 2.96699e-05 -0.000725934
1.91667 0.000931222 -0.00263413 -0.00138953
1.92083 0.00162887 -0.000465589 0.00119578
1.925 -0.000848635 0.0016831 0.00279697
1.92917 -0.00192048 -0.000447287 -0.000448045
1.93333 0.000601452 -0.00192439 -0.00308473
1.9375 0.00202755 0.000320645 -0.000433175
1.94167 0.000145787 0.00150661 0.00225657
1.94583 -0.00112318 1.58229e-05 0.000566265
1.95 -0.000250387 1.61448e-05 -0.00124947
1.95417 6.07201e-05 0.00110636 -0.000395394
1.95833 -0.000188887 -0.000318338 -0.000192736
1.9625 0.000689075 -0.0016554 -0.000856075
1.96667 0.000735229 0.00040496 0.000640972
1.97083 -0.00124762 0.0014987 0.0017846
1.975 -0.00148761 -0.00126975 -0.000866578
1.97917 0.00123194 -0.00217558 -0.00277369
1.98333 0.00197861 0.00122593 0.000174647
1.9875 -0.000733301 0.00243815 0.00261706
1.99167 -0.00180543 -0.000535202 0.000262447
1.99583 0.000252534 -0.00139537 -0.00178988
2 0.001054 0.000895409 -0.000118008
2.00417 -0.000246858 0.000815721 0.000906196
2.00833 -0.000364493 -0.00123375 -0.000266523
2.0125 0.000331089 -0.000691435 0.000115715
2.01667 -0.000337979 0.000618092 0.00120034
2.02083 -0.000509981 -0.000470893 -0.000535921
2.025 0.00105894 -0.00057452 -0.00195459
2.02917 0.00101415 0.001837 0.000575406
2.03333 -0.00128519 0.00153768 0.00235827
2.0375 -0.00137753 -0.00188027 -0.000253865
2.04167 0.00106588 -0.00182312 -0.00197466
2.04583 0.00122983 0.00149761 0.000251321
2.05 -0.000846019 0.00122149 0.00125181
2.05417 -0.000713053 -0.00168487 -0.000647245
2.05833 0.000902778 -0.000884507 -0.000624238
2.0625 0.000292077 0.0017132 0.00111485
2.06667 -0.000935385 0.000749267 7.59294e-05
2.07083 4.23226e-05 -0.00108873 -0.00162768
2.075 0.000795809 -3.28546e-05 0.000182667
2.07917 -0.000463446 0.000529896 0.0018689
2.08333 -0.000661842 -0.00101471 -0.000258321
2.0875 0.000826251 -0.000387782 -0.00165015
2.09167 0.000481581 0.00182724 0.000457803
2.09583 -0.00112376 0.000386711 0.00116349
2.1 -0.000254506 -0.00235219 -0.000821095
2.10417 0.00138872 -0.00047845 -0.000544541
2.10833 9.63359e-05 0.002489 0.00142432
2.1125 -0.00149574 0.000609425 0.000155879
2.11667 3.60581e-05 -0.00202855 -0.00195472
2.12083 0.00143095 -0.000331049 -4.89653e-05
2.125 -0.000147479 0.00138127 0.00212589
2.12917 -0.00117962 -0.000334563 5.10705e-05
2.13333 0.000264948 -0.000993155 -0.00189495
2.1375 0.000782044 0.000807403 -0.000126623
2.14167 -0.000328918 0.000549204 0.000992443
2.14583 -0.000100833 -0.00103424 -0.000374371
2.15 0.000594986 0.00030521 -0.000120913
2.15417 -0.000673459 0.00161109 0.00118482
2.15833 -0.00124694 -0.000989978 -0.000521021
2.1625 0.00100905 -0.00246486 -0.00221439
2.16667 0.00188745 0.000871684 0.000461684
2.17083 -0.000768119 0.0027125 0.00270536
2.175 -0.00200072 -0.000371176 -0.000136309
2.17917 0.000335726 -0.00199326 -0.00260152
2.18333 0.00152366 0.000338906 -0.000294005
2.1875 -8.64689e-05 0.000985405 0.00173428
2.19167 -0.000733247 -0.000786035 0.000323869
2.19583 8.38844e-05 -0.00028968 -0.00050668
2.2 -0.000161106 0.00111474 0.000115923
2.20417 -0.000317338 -0.000272785 -0.000796183
2.20833 0.00099353 -0.00115922 -0.00115033
2.2125 0.00077456 0.00100435 0.00156667
2.21667 -0.00156409 0.00126442 0.00239369
2.22083 -0.00139467 -0.00168481 -0.00143465
2.225 0.00157925 -0.00155891 -0.00309923
2.22917 0.00179419 0.00191121 0.00077054
2.23333 -0.00112926 0.00174969 0.00312475
2.2375 -0.00176591 -0.0016055 0.000402696
2.24167 0.000334318 -0.00149704 -0.00171846
2.24583 0.00100775 0.00103897 -0.00065339
2.25 0.000232936 0.000736949 0.000177156
2.25417 0.000200772 -0.000539147 0.000555725
2.25833 -0.000248279 0.000363845 0.00179401
2.2625 -0.00133816 0.00037776 0.000816126
2.26667 -0.000191609 -0.00140985 -0.00260023
2.27083 0.00209791 -0.000554107 -0.00221508
2.275 0.00100957 0.00200839 0.00237692
2.27917 -0.00194956 0.000755116 0.00308228
2.28333 -0.00140453 -0.00209913 -0.00143664
2.2875 0.00136577 -0.000671954 -0.0032325
2.29167 0.0013253 0.00197434 -0.000226759
2.29583 -0.000569254 0.000389103 0.00171844
2.3 -0.000706151 -0.00181428 0.000897259
2.30417 -7.66803e-05 -0.000226024 -1.55231e-05
2.30833 -0.000249968 0.00136901 -0.00118374
2.3125 0.0003217 0.000128782 -0.0022103
2.31667 0.00113227 -0.00042935 7.2811e-05
2.32083 -0.000315803 0.000368454 0.00340175
2.325 -0.0019133 -0.000589545 0.00146825
2.32917 -0.000137785 -0.00139343 -0.00333662
2.33333 0.00211488 0.000991732 -0.00274516
2.3375 0.000677392 0.00235203 0.00210467
2.34167 -0.00165662 -0.000641275 0.00314301
2.34583 -0.000943124 -0.00251666 -5.5059e-05
2.35 0.000678574 0.000168273 -0.00190592
2.35417 0.00057395 0.00189517 -0.00136683
2.35833 0.000298279 -0.000142764 -0.000123125
2.3625 0.000399235 -0.00111509 0.00184558
2.36667 -0.000673001 0.000409783 0.00241831
2.37083 -0.00136334 0.000536192 -0.000933211
2.375 0.000445099 -0.000500376 -0.00374991
2.37917 0.00182516 9.26722e-05 -0.000627578
2.38333 3.31875e-05 0.000415811 0.00373311
2.3875 -0.00162441 -0.00101386 0.00206151
2.39167 -0.000298948 -0.000616526 -0.00245094
2.39583 0.00106584 0.00186662 -0.00268615
2.4 0.000289278 0.00126707 0.000360613
2.40417 -0.000350514 -0.00200876 0.00195923
2.40833 -4.36794e-06 -0.00183139 0.00151755
2.4125 -0.000356204 0.00136 -0.000155658
2.41667 -0.000575966 0.00168077 -0.00244102
2.42083 0.000754656 -0.000524258 -0.00208043
2.425 0.00122804 -0.000825611 0.00197828
2.42917 -0.000711625 8.51459e-05 0.00377571
2.43333 -0.00168109 -0.000168687 -0.000314174
2.4375 0.000212252 -3.6583e-05 -0.00396098
2.44167 0.00156452 0.000878403 -0.0014851
2.44583 0.000411785 2.36326e-05 0.00263846
2.45 -0.000729615 -0.00137954 0.00250336
2.45417 -0.00056787 4.07137e-05 -0.000366365
2.45833 -0.000363313 0.00184769 -0.00213338
2.4625 9.02506e-05 9.64183e-05 -0.00183403
2.46667 0.00115719 -0.00210486 0.00042547
2.47083 0.000790129 -0.000539009 0.00286023
2.475 -0.00125874 0.00177309 0.00162577
2.47917 -0.00152212 0.000930153 -0.00260745
2.48333 0.000778878 -0.000817116 -0.00336965
2.4875 0.00175411 -0.000775839 0.00100794
2.49167 -3.82735e-05 -0.000257404 0.00373303
2.49583 -0.00139779 3.35271e-05 0.000889007
2.5 -0.000644443 0.00089129 -0.00273153
2.50417 0.000509161 0.000861115 -0.00238236
2.50833 0.000923886 -0.000945811 0.000508902
2.5125 0.000612758 -0.00143617 0.00250138
2.51667 -0.00063129 0.000705993 0.00182975
2.52083 -0.00157346 0.0016022 -0.00122891
2.525 -0.000203908 -0.000433128 -0.00333628
2.52917 0.00195042 -0.00153109 -0.000982077
2.53333 0.00127519 0.00011687 0.00319927
2.5375 -0.00147685 0.00127676 0.00294658
2.54167 -0.00202897 0.00029786 -0.00159145
2.54583 0.000280461 -0.000723218 -0.00369943
2.55 0.00191169 -0.00065711 -0.000655941
2.55417 0.000984155 -0.000165098 0.00288935
2.55833 -0.000929067 0.000633431 0.00254928
2.5625 -0.0017237 0.00109324 -0.000678324
2.56667 -0.000565299 -8.98319e-05 -0.00292529
2.57083 0.00150748 -0.0015952 -0.00158571
2.575 0.00183155 -0.000704897 0.0020815
2.57917 -0.000529211 0.0014419 0.00347861
2.58333 -0.00240841 0.00129801 0.000255656
2.5875 -0.000835995 -0.000798478 -0.00343666
2.59167 0.00199419 -0.00140048 -0.0022575
2.59583 0.00194326 5.34646e-05 0.0022284
2.6 -0.000744209 0.00105843 0.0036901
2.60417 -0.00220142 0.00050872 0.00023449
2.60833 -0.000662927 -0.000482935 -0.00334487
2.6125 0.00168009 -0.000807202 -0.00250673
2.61667 0.00190193 -0.000165509 0.00141572
2.62083 -0.000282453 0.000837386 0.0033863
2.625 -0.00220286 0.000799054 0.000889514
2.62917 -0.00125729 -0.000563413 -0.00301281
2.63333 0.00153509 -0.00128818 -0.00328304
2.6375 0.00237233 -1.73928e-05 0.000650839
2.64167 -0.000120754 0.00142866 0.00372512
2.64583 -0.00258488 0.000739207 0.00170416
2.65 -0.00153102 -0.00108846 -0.00285158
2.65417 0.00160704 -0.00128335 -0.00370024
2.65833 0.00247576 0.00036913 0.000474631
2.6625 -5.7108e-05 0.00137346 0.00400268
2.66667 -0.00245641 0.000415322 0.00209948
2.67083 -0.00153813 -0.000961302 -0.0024812
2.675 0.00133797 -0.000929646 -0.0035504
2.67917 0.00238109 0.000240026 5.73032e-05
2.68333 0.000343701 0.0010121 0.00353499
2.6875 -0.00212436 0.000517379 0.00260079
2.69167 -0.00185271 -0.000697125 -0.00158633
2.69583 0.000934396 -0.00110183 -0.00387979
2.7 0.00262443 0.000119337 -0.00106071
2.70417 0.000735354 0.0013934 0.00354189
2.70833 -0.00229872 0.000561462 0.00348745
2.7125 -0.00211298 -0.00132573 -0.00156433
2.71667 0.00110084 -0.00116368 -0.00446654
2.72083 0.00267057 0.000880319 -0.00106243
2.725 0.000493913 0.0014554 0.00355554
2.72917 -0.00212479 -0.000175437 0.00309593
2.73333 -0.001781 -0.00124914 -0.00118528
2.7375 0.000683524 -0.000519915 -0.00366756
2.74167 0.00219727 0.000536479 -0.00174223
2.74583 0.00107234 0.000895047 0.00234709
2.75 -0.00154003 0.00045387 0.00383778
2.75417 -0.00239856 -0.000771107 0.000206412
2.75833 9.2543e-05 -0.0013347 -0.00426025
2.7625 0.00269639 0.00024287 -0.00284999
2.76667 0.00139945 0.0017966 0.0029144
2.77083 -0.00196202 0.000409832 0.00444223
2.775 -0.00229927 -0.00173407 -0.000370651
2.77917 0.0005529 -0.000876949 -0.00411556
2.78333 0.0022026 0.00126271 -0.00206103
2.7875 0.000913513 0.00098623 0.00206569
2.79167 -0.00108633 -0.000587958 0.00333146
2.79583 -0.00171865 -0.000726931 0.000874395
2.8 -0.000470864 -0.000113199 -0.00292068
2.80417 0.00165391 0.000168195 -0.00358094
2.80833 0.0018708 0.000695081 0.000885768
2.8125 -0.000825954 0.000571276 0.00474015
2.81667 -0.00258206 -0.00104379 0.00157586
2.82083 -0.000336228 -0.00134529 -0.0041981
2.825 0.00237024 0.00105634 -0.0035975
2.82917 0.00128127 0.001937 0.00197506
2.83333 -0.00137524 -0.000717028 0.00395183
2.8375 -0.00158032 -0.00209605 0.000697457
2.84167 7.76645e-06 0.000174465 -0.00259108
2.84583 0.00105038 0.00167199 -0.00283593
2.85 0.00115142 0.000298501 -0.000147619
2.85417 7.72054e-05 -0.000718065 0.0034022
2.85833 -0.00169662 -0.000421384 0.00303466
2.8625 -0.00135964 -0.000473857 -0.00230436
2.86667 0.00146137 8.42971e-05 -0.00492335
2.87083 0.0022438 0.00150225 7.84051e-05
2.875 -0.000637017 0.000577912 0.00496529
2.87917 -0.00232215 -0.00204312 0.00213175
2.88333 -0.000311124 -0.00124887 -0.00314548
2.8875 0.00152027 0.00198992 -0.00316577
2.89167 0.000827159 0.00158932 0.000357061
2.89583 -0.00024295 -0.00147728 0.00263495
2.9 -0.000726706 -0.00140545 0.00247084
2.90417 -0.00108279 0.000776319 -0.000395875
2.90833 -3.02196e-05 0.000718867 -0.00381376
2.9125 0.00187565 -0.00015404 -0.00212831
2.91667 0.00102423 0.00026803 0.00377283
2.92083 -0.00190272 -0.000233365 0.00444213
2.925 -0.00175316 -0.00128179 -0.00185758
2.92917 0.00125904 0.000354056 -0.00480962
2.93333 0.00181307 0.00206504 -0.00028783
2.9375 -0.000309354 -0.000279575 0.00358009
2.94167 -0.00101721 -0.00245032 0.00207954
2.94583 -0.000299879 0.000114262 -0.000838813
2.95 -0.00014737 0.0023548 -0.00244761
2.95417 0.000499279 2.25919e-05 -0.00229749
2.95833 0.0014487 -0.00179112 0.00103857
2.9625 -1.23056e-05 -2.49794e-05 0.00417063
2.96667 -0.00212944 0.000855404 0.000844782
2.97083 -0.00062296 -0.000198715 -0.00487788
2.975 0.00210461 0.000250375 -0.00311361
2.97917 0.00103633 0.000667313 0.00337965
2.98333 -0.0015002 -0.00126145 0.00376974
2.9875 -0.00101098 -0.00129815 -0.00126516
2.99167 0.000506686 0.00190628 -0.00309788
2.99583 0.000307622 0.00188047 -0.0010401
