0 0 0 0
0.00416667 0 0 0
0.00833333 0 0 0
0.0125 0 0 0
0.0166667 0 0 0
0.0208333 0 0 0
0.025 0 0 0
0.0291667 0 0 0
0.0333333 0 0 0
0.0375 0 0 0
0.0416667 0 0 0
0.0458333 0 0 0
0.05 0 0 0
0.0541667 0 0 0
0.0583333 0 0 0
0.0625 0 0 0
0.0666667 0 0 0
0.0708333 0 0 0
0.075 0 0 0
0.0791667 0 0 0
0.0833333 0 0 0
0.0875 0 0 0
0.0916667 0 0 0
0.0958333 0 0 0
0.1 0 0 0
0.104167 0 0 0
0.108333 0 0 0
0.1125 0 0 0
0.116667 0 0 0
0.120833 0 0 0
0.125 -1.82804e-322 3.78948e-321 8.18173e-321
0.129167 -2.0713e-316 2.85593e-315 6.08258e-315
0.133333 -1.00455e-310 1.3401e-309 2.85475e-309
0.1375 -3.2105e-305 4.14804e-304 8.83831e-304
0.141667 -6.93329e-300 8.68414e-299 1.85076e-298
0.145833 -1.03514e-294 1.25803e-293 2.68173e-293
0.15 -1.091e-289 1.28762e-288 2.74546e-288
0.154167 -8.27439e-285 9.49104e-284 2.02417e-283
0.158333 -4.59593e-280 5.12734e-279 1.09379e-278
0.1625 -1.9001e-275 2.0632e-274 4.40247e-274
0.166667 -5.93523e-271 6.27688e-270 1.33972e-269
0.170833 -1.42026e-266 1.46383e-265 3.12521e-265
0.175 -2.63716e-262 2.65056e-261 5.66038e-261
0.179167 -3.84511e-258 3.77086e-257 8.0551e-257
0.183333 -4.4514e-254 4.26181e-253 9.1065e-253
0.1875 -4.13408e-250 3.86607e-249 8.26335e-249
0.191667 -3.10983e-246 2.84208e-245 6.07653e-245
0.195833 -1.91195e-242 1.70841e-241 3.65382e-241
0.2 -9.68857e-239 8.46814e-238 1.81168e-237
0.204167 -4.07862e-235 3.48854e-234 7.46581e-234
0.208333 -1.437e-231 1.20329e-230 2.576e-230
0.2125 -4.26691e-228 3.49931e-227 7.49388e-227
0.216667 -1.07482e-224 8.63624e-224 1.85011e-223
0.220833 -2.311e-221 1.82e-220 3.9003e-220
0.225 -4.2662e-218 3.29417e-217 7.06201e-217
0.229167 -6.79903e-215 5.14913e-214 1.10427e-213
0.233333 -9.40325e-212 6.98694e-211 1.49896e-210
0.2375 -1.13415e-208 8.27064e-208 1.77502e-207
0.241667 -1.19853e-205 8.58043e-205 1.84222e-204
0.245833 -1.11465e-202 7.83633e-202 1.68312e-201
0.25 -9.16126e-200 6.32656e-199 1.35939e-198
0.254167 -6.68087e-197 4.53316e-196 9.74433e-196
0.258333 -4.33927e-194 2.8937e-193 6.22276e-193
0.2625 -2.51926e-191 1.65154e-190 3.55303e-190
0.266667 -1.31187e-188 8.4565e-188 1.82006e-187
0.270833 -6.14743e-186 3.89744e-185 8.39193e-185
0.275 -2.60037e-183 1.62183e-182 3.49364e-182
0.279167 -9.95883e-181 6.11168e-180 1.31712e-179
0.283333 -3.46298e-178 2.09158e-177 4.50958e-177
0.2875 -1.09632e-175 6.51818e-175 1.406e-174
0.291667 -3.16814e-173 1.85456e-172 4.00224e-172
0.295833 -8.37776e-171 4.82946e-170 1.04271e-169
0.3 -2.03209e-168 1.1538e-167 2.49231e-167
0.304167 -4.5315e-166 2.53467e-165 5.47778e-165
0.308333 -9.31052e-164 5.13127e-163 1.10948e-162
0.3125 -1.76625e-161 9.59283e-161 2.07519e-160
0.316667 -3.09991e-159 1.65944e-158 3.59163e-158
0.320833 -5.04322e-157 2.66138e-156 5.76313e-156
0.325 -7.61963e-155 3.96449e-154 8.58942e-154
0.329167 -1.07104e-152 5.49514e-152 1.19119e-151
0.333333 -1.40302e-150 7.09944e-150 1.53977e-149
0.3375 -1.71567e-148 8.56329e-148 1.85826e-147
0.341667 -1.96156e-146 9.65868e-146 2.0971e-145
0.345833 -2.10009e-144 1.02028e-143 2.21646e-143
0.35 -2.10853e-142 1.01085e-141 2.19719e-141
0.354167 -1.98815e-140 9.40668e-140 2.04579e-139
0.358333 -1.76296e-138 8.23309e-138 1.79157e-137
0.3625 -1.47209e-136 6.78642e-136 1.47761e-135
0.366667 -1.15899e-134 5.27502e-134 1.1492e-133
0.370833 -8.6142e-133 3.87122e-132 8.4387e-132
0.375 -6.05145e-131 2.68553e-130 5.85753e-130
0.379167 -4.02266e-129 1.76306e-128 3.84781e-128
0.383333 -2.53315e-127 1.09659e-126 2.39472e-126
0.3875 -1.51276e-125 6.46889e-125 1.41353e-124
0.391667 -8.57615e-124 3.62303e-123 7.92163e-123
0.395833 -4.62027e-122 1.92845e-121 4.21913e-121
0.4 -2.36766e-120 9.76481e-120 2.13772e-119
0.404167 -1.1552e-118 4.7081e-118 1.03136e-117
0.408333 -5.3713e-117 2.16348e-116 4.74237e-116
0.4125 -2.38217e-115 9.48346e-115 2.08014e-114
0.416667 -1.00857e-113 3.96883e-113 8.71108e-113
0.420833 -4.07989e-112 1.58708e-111 3.48575e-111
0.425 -1.57814e-110 6.06918e-110 1.33388e-109
0.429167 -5.84173e-109 2.22122e-108 4.88506e-108
0.433333 -2.07092e-107 7.786e-107 1.71351e-106
0.4375 -7.03612e-106 2.61588e-105 5.76088e-105
0.441667 -2.29278e-104 8.42975e-104 1.85774e-103
0.445833 -7.17057e-103 2.60738e-102 5.75011e-102
0.45 -2.15378e-101 7.74603e-101 1.70945e-100
0.454167 -6.21709e-100 2.21169e-99 4.88438e-99
0.458333 -1.72581e-98 6.0732e-98 1.34218e-97
0.4625 -4.60982e-97 1.60482e-96 3.54922e-96
0.466667 -1.18556e-95 4.08331e-95 9.03718e-95
0.470833 -2.93744e-94 1.00099e-93 2.217e-93
0.475 -7.01561e-93 2.3655e-92 5.243e-92
0.479167 -1.61605e-91 5.39182e-91 1.19595e-90
0.483333 -3.59227e-90 1.18604e-89 2.63271e-89
0.4875 -7.70972e-89 2.51909e-88 5.59594e-88
0.491667 -1.5984e-87 5.16879e-87 1.14907e-86
0.495833 -3.20277e-86 1.02506e-85 2.28055e-85
0.5 -6.20539e-85 1.9658e-84 4.37683e-84
0.504167 -1.16311e-83 3.64719e-83 8.1267e-83
0.508333 -2.11e-82 6.54949e-82 1.4605e-81
0.5125 -3.70634e-81 1.13889e-80 2.54164e-80
0.516667 -6.30668e-80 1.91853e-79 4.2849e-79
0.520833 -1.04e-78 3.13221e-78 7.00113e-78
0.525 -1.66274e-77 4.95806e-77 1.10911e-76
0.529167 -2.57838e-76 7.61245e-76 1.70425e-75
0.533333 -3.87947e-75 1.13412e-74 2.54108e-74
0.5375 -5.6659e-74 1.64015e-73 3.67784e-73
0.541667 -8.03524e-73 2.30334e-72 5.16917e-72
0.545833 -1.10693e-71 3.14226e-71 7.05764e-71
0.55 -1.4818e-70 4.16572e-70 9.36405e-70
0.554167 -1.92822e-69 5.36848e-69 1.20777e-68
0.558333 -2.43987e-68 6.72782e-68 1.51484e-67
0.5625 -3.00308e-67 8.20166e-67 1.84823e-66
0.566667 -3.59664e-66 9.72912e-66 2.19427e-65
0.570833 -4.19268e-65 1.12338e-64 2.53575e-64
0.575 -4.75868e-64 1.26297e-63 2.85325e-63
0.579167 -5.26031e-63 1.38294e-62 3.12692e-62
0.583333 -5.66491e-62 1.47531e-61 3.33862e-61
0.5875 -5.94507e-61 1.53377e-60 3.47387e-60
0.591667 -6.08168e-60 1.55436e-59 3.52352e-59
0.595833 -6.06613e-59 1.53596e-58 3.48478e-58
0.6 -5.90115e-58 1.48032e-57 3.36144e-57
0.604167 -5.60032e-57 1.39185e-56 3.16328e-56
0.608333 -5.18619e-56 1.27704e-55 2.90484e-55
0.6125 -4.68763e-55 1.14365e-54 2.60368e-54
0.616667 -4.13648e-54 9.99921e-54 2.27844e-53
0.620833 -3.56439e-53 8.53741e-53 1.94705e-52
0.625 -2.99996e-52 7.11989e-52 1.62518e-51
0.629167 -2.46673e-51 5.80103e-51 1.32529e-50
0.633333 -1.98197e-50 4.61867e-50 1.05609e-49
0.6375 -1.55646e-49 3.59419e-49 8.22558e-49
0.641667 -1.1949e-48 2.73433e-48 6.26318e-48
0.645833 -8.96955e-48 2.034e-47 4.66311e-47
0.65 -6.58478e-47 1.47977e-46 3.39545e-46
0.654167 -4.72855e-46 1.05307e-45 2.41848e-45
0.658333 -3.32211e-45 7.33217e-45 1.68537e-44
0.6625 -2.28392e-44 4.99566e-44 1.1493e-43
0.666667 -1.53676e-43 3.33136e-43 7.6708e-43
0.670833 -1.01221e-42 2.17467e-42 5.01176e-42
0.675 -6.52748e-42 1.3899e-41 3.20596e-41
0.679167 -4.12199e-41 8.69892e-41 2.00824e-40
0.683333 -2.54933e-40 5.33226e-40 1.23208e-39
0.6875 -1.54444e-39 3.20178e-39 7.40443e-39
0.691667 -9.16672e-39 1.88353e-38 4.35959e-38
0.695833 -5.33112e-38 1.08573e-37 2.51516e-37
0.7 -3.03844e-37 6.13343e-37 1.42206e-36
0.704167 -1.69736e-36 3.39611e-36 7.88068e-36
0.708333 -9.29504e-36 1.84339e-35 4.28119e-35
0.7125 -4.99046e-35 9.81001e-35 2.28024e-34
0.716667 -2.62725e-34 5.11915e-34 1.19089e-33
0.720833 -1.35641e-33 2.61974e-33 6.09944e-33
0.725 -6.86854e-33 1.31494e-32 3.06404e-32
0.729167 -3.41174e-32 6.47437e-32 1.50986e-31
0.733333 -1.66257e-31 3.12739e-31 7.29913e-31
0.7375 -7.94921e-31 1.48221e-30 3.46215e-30
0.741667 -3.72958e-30 6.89342e-30 1.61143e-29
0.745833 -1.71726e-29 3.14631e-29 7.36065e-29
0.75 -7.76067e-29 1.40947e-28 3.29994e-28
0.754167 -3.44266e-28 6.19792e-28 1.45219e-27
0.758333 -1.49922e-27 2.67555e-27 6.27358e-27
0.7625 -6.40997e-27 1.13397e-26 2.66086e-26
0.766667 -2.69095e-26 4.719e-26 1.10812e-25
0.770833 -1.10932e-25 1.92841e-25 4.53152e-25
0.775 -4.491e-25 7.73908e-25 1.81985e-24
0.779167 -1.78569e-24 3.05039e-24 7.17787e-24
0.783333 -6.97399e-24 1.18095e-23 2.78074e-23
0.7875 -2.67548e-23 4.49113e-23 1.05819e-22
0.791667 -1.00832e-22 1.67787e-22 3.95585e-22
0.795833 -3.73343e-22 6.15841e-22 1.45284e-21
0.8 -1.35818e-21 2.22086e-21 5.24234e-21
0.804167 -4.85482e-21 7.86938e-21 1.85863e-20
0.808333 -1.70525e-20 2.74004e-20 6.4751e-20
0.8125 -5.88605e-20 9.37549e-20 2.21673e-19
0.816667 -1.99667e-19 3.15266e-19 7.45784e-19
0.820833 -6.65672e-19 1.04191e-18 2.46588e-18
0.825 -2.18125e-18 3.38432e-18 8.01326e-18
0.829167 -7.02527e-18 1.0805e-17 2.55944e-17
0.833333 -2.22408e-17 3.39082e-17 8.03517e-17
0.8375 -6.92128e-17 1.046e-16 2.47958e-16
0.841667 -2.11731e-16 3.17189e-16 7.52156e-16
0.845833 -6.36739e-16 9.45541e-16 2.24283e-15
0.85 -1.88247e-15 2.77095e-15 6.57442e-15
0.854167 -5.47133e-15 7.98314e-15 1.89452e-14
0.858333 -1.56339e-14 2.26112e-14 5.36695e-14
0.8625 -4.39197e-14 6.29633e-14 1.49469e-13
0.866667 -1.21303e-13 1.72372e-13 4.09235e-13
0.870833 -3.29389e-13 4.63946e-13 1.10153e-12
0.875 -8.79373e-13 1.22769e-12 2.91486e-12
0.879167 -2.30814e-12 3.19398e-12 7.58298e-12
0.883333 -5.95628e-12 8.16943e-12 1.93935e-11
0.8875 -1.51114e-11 2.0543e-11 4.87596e-11
0.891667 -3.76917e-11 5.07854e-11 1.20516e-10
0.895833 -9.24247e-11 1.23427e-10 2.92816e-10
0.9 -2.22802e-10 2.9489e-10 6.99357e-10
0.904167 -5.27987e-10 6.92592e-10 1.64187e-09
0.908333 -1.22994e-09 1.59898e-09 3.78877e-09
0.9125 -2.8163e-09 3.62855e-09 8.5931e-09
0.916667 -6.3385e-09 8.09331e-09 1.91545e-08
0.920833 -1.4021e-08 1.77416e-08 4.19593e-08
0.925 -3.04806e-08 3.8221e-08 9.03215e-08
0.929167 -6.5116e-08 8.09131e-08 1.91039e-07
0.933333 -1.36689e-07 1.68307e-07 3.96988e-07
0.9375 -2.81913e-07 3.43962e-07 8.10424e-07
0.941667 -5.71198e-07 6.90548e-07 1.62508e-06
0.945833 -1.13683e-06 1.36175e-06 3.20044e-06
0.95 -2.2222e-06 2.63732e-06 6.18947e-06
0.954167 -4.26565e-06 5.01563e-06 1.17527e-05
0.958333 -8.03954e-06 9.36506e-06 2.19071e-05
0.9625 -1.48745e-05 1.71649e-05 4.00785e-05
0.966667 -2.70107e-05 3.08765e-05 7.19496e-05
0.970833 -4.81297e-05 5.44974e-05 0.000126716
0.975 -8.41344e-05 9.4358e-05 0.000218884
0.979167 -0.000144245 0.000160221 0.000370721
0.983333 -0.000242477 0.000266727 0.000615457
0.9875 -0.000399523 0.000435193 0.00100119
0.991667 -0.000644998 0.000695669 0.00159525
0.995833 -0.00101988 0.00108907 0.00248861
1 -0.00157878 0.00166893 0.00379916
1.00417 -0.00239143 0.00250228 0.00567264
1.00833 -0.00354255 0.00366856 0.00827916
1.0125 -0.00512888 0.00525577 0.0118029
1.01667 -0.00725208 0.00735252 0.0164226
1.02083 -0.0100063 0.0100352 0.0222818
1.025 -0.01346 0.0133497 0.0294473
1.02917 -0.017631 0.0172889 0.0378591
1.03333 -0.0224589 0.0217678 0.047278
1.0375 -0.0277763 0.0265998 0.0572394
1.04167 -0.0332862 0.0314813 0.067027
1.04583 -0.0385524 0.0359907 0.0756828
1.05 -0.0430124 0.0396078 0.0820644
1.05417 -0.0460185 0.04176 0.0849599
1.05833 -0.0469089 0.0418935 0.0832553
1.0625 -0.0451078 0.0395657 0.0761372
1.06667 -0.0402383 0.0345419 0.063296
1.07083 -0.0322301 0.0268797 0.0450851
1.075 -0.0213946 0.0169759 0.0225849
1.07917 -0.00844066 0.00555638 -0.00246491
1.08333 0.00558509 -0.00640214 -0.0278802
1.0875 0.0194378 -0.0178128 -0.0513684
1.09167 0.0318729 -0.02766 -0.0709235
1.09583 0.0418636 -0.0351801 -0.0851863
1.1 0.0487854 -0.039998 -0.0936716
1.10417 0.0525138 -0.0421776 -0.0967899
1.10833 0.0534042 -0.0421691 -0.0956504
1.1125 0.0521556 -0.0406669 -0.0917021
1.11667 0.0496001 -0.0384222 -0.0863352
1.12083 0.04649 -0.0360759 -0.0805904
1.125 0.0433618 -0.0340715 -0.0750913
1.12917 0.0405318 -0.0326814 -0.0702287
1.13333 0.0382223 -0.0321287 -0.0665122
1.1375 0.0367583 -0.0327412 -0.064903
1.14167 0.0367265 -0.0350444 -0.0669165
1.14583 0.0389847 -0.0397136 -0.0743444
1.15 0.0444584 -0.0473556 -0.0886049
1.15417 0.0537531 -0.0581718 -0.109909
1.15833 0.0667059 -0.0716203 -0.136569
1.1625 0.0820624 -0.0862301 -0.164793
1.16667 0.0974508 -0.099683 -0.189149
1.17083 0.109729 -0.109189 -0.203661
1.175 0.115639 -0.112066 -0.203196
1.17917 0.112573 -0.106341 -0.184696
1.18333 0.0991836 -0.0911828 -0.147812
1.1875 0.0756424 -0.0670248 -0.0947611
1.19167 0.0434771 -0.0353751 -0.0295536
1.19583 0.00510048 0.00156435 0.0430292
1.2 -0.0367363 0.041293 0.118232
1.20417 -0.0793322 0.0812638 0.191621
1.20833 -0.120148 0.118949 0.258912
1.2125 -0.156695 0.151799 0.315644
1.21667 -0.186397 0.177246 0.357113
1.22083 -0.206629 0.192884 0.378831
1.225 -0.21504 0.196837 0.377434
1.22917 -0.210082 0.188207 0.351685
1.23333 -0.191519 0.167413 0.303116
1.2375 -0.160693 0.136256 0.235998
1.24167 -0.120395 0.0976715 0.156656
1.24583 -0.0744152 0.0552561 0.0724306
1.25 -0.0269373 0.0127453 -0.00934063
1.25417 0.0180034 -0.0264127 -0.0820772
1.25833 0.0569024 -0.0593303 -0.140437
1.2625 0.0870205 -0.0838424 -0.180676
1.26667 0.106561 -0.0986339 -0.200994
1.27083 0.114842 -0.103362 -0.201798
1.275 0.112403 -0.0987226 -0.185664
1.27917 0.100945 -0.0863764 -0.156838
1.28333 0.0830103 -0.0686812 -0.120334
1.2875 0.0614772 -0.0482926 -0.0809792
1.29167 0.039054 -0.0277592 -0.0428127
1.29583 0.0179728 -0.00923899 -0.00899544
1.3 -5.13406e-05 0.00563227 0.0179601
1.30417 -0.0137254 0.0157972 0.0360979
1.30833 -0.0221729 0.0208581 0.0443753
1.3125 -0.0251393 0.0211963 0.0433308
1.31667 -0.0232894 0.0180088 0.0354802
1.32083 -0.0182877 0.013088 0.0248319
1.325 -0.0123939 0.00828437 0.0154236
1.32917 -0.00761516 0.00482166 0.00954062
1.33333 -0.00482806 0.00282753 0.00671921
1.3375 -0.00344002 0.00141215 0.00433077
1.34167 -0.00190779 -0.000657955 -0.000422439
1.34583 0.00110755 -0.00403316 -0.008286
1.35 0.00564988 -0.00816876 -0.0170039
1.35417 0.0101912 -0.0114628 -0.0224175
1.35833 0.0124399 -0.0121296 -0.0210393
1.3625 0.0107826 -0.00930744 -0.0124621
1.36667 0.00543582 -0.00370529 2.45192e-05
1.37083 -0.00147508 0.00264031 0.0110915
1.375 -0.00700758 0.00737335 0.0162673
1.37917 -0.00898271 0.00898075 0.0142211
1.38333 -0.00705908 0.007423 0.00705112
1.3875 -0.0026729 0.00392141 -0.00139758
1.39167 0.0019998 0.000143492 -0.0078563
1.39583 0.0052766 -0.00263365 -0.0110076
1.4 0.0065926 -0.00389687 -0.0112407
1.40417 0.00626526 -0.00373797 -0.00942506
1.40833 0.00482222 -0.00248168 -0.00599076
1.4125 0.00256684 -0.000485787 -0.00110658
1.41667 -0.000281957 0.00177598 0.00441047
1.42083 -0.00314576 0.00358002 0.00860327
1.425 -0.00493959 0.00408881 0.00914034
1.42917 -0.00457179 0.00282137 0.00500862
1.43333 -0.00181227 0.00014353 -0.00221853
1.4375 0.00220217 -0.00268476 -0.00881118
1.44167 0.00539811 -0.00410564 -0.0110498
1.44583 0.00600106 -0.00320326 -0.00772251
1.45 0.00374983 -0.000349297 -0.00109458
1.45417 0.000165225 0.00295262 0.00450465
1.45833 -0.00241108 0.00498363 0.00557352
1.4625 -0.00237707 0.0048848 0.0017579
1.46667 7.8347e-05 0.00314688 -0.00406795
1.47083 0.0031883 0.00118078 -0.00797031
1.475 0.00490775 0.00029707 -0.00772695
1.47917 0.00432549 0.000839556 -0.00416545
1.48333 0.00216329 0.00207474 -0.000193815
1.4875 6.14013e-05 0.00285512 0.00157844
1.49167 -0.000727483 0.00250313 0.00072802
1.49583 -0.000208332 0.00123857 -0.000976673
1.5 0.000545431 -0.000129432 -0.00128936
1.50417 0.00040037 -0.000935656 0.000579594
1.50833 -0.000875651 -0.00119424 0.00338567
1.5125 -0.00247336 -0.00151028 0.00502598
1.51667 -0.00329146 -0.00247165 0.00441542
1.52083 -0.00291222 -0.00405245 0.00246221
1.525 -0.00197112 -0.00554326 0.0013118
1.52917 -0.00160443 -0.00608254 0.00247179
1.53333 -0.00243112 -0.00536021 0.00537799
1.5375 -0.00392597 -0.00390728 0.00764434
1.54167 -0.00474205 -0.00270697 0.00689658
1.54583 -0.00377412 -0.0024127 0.0027768
1.55 -0.0011291 -0.00279641 -0.00251949
1.55417 0.00180501 -0.00289643 -0.00572502
1.55833 0.00331821 -0.00179108 -0.00495762
1.5625 0.00266875 0.000588866 -0.00125323
1.56667 0.000695179 0.00326619 0.00211226
1.57083 -0.000780978 0.00484575 0.00211449
1.575 -0.000359523 0.00452621 -0.00159156
1.57917 0.00180042 0.00272386 -0.0062557
1.58333 0.00403371 0.000799735 -0.00808126
1.5875 0.00443708 6.11569e-05 -0.00523017
1.59167 0.00239771 0.000788002 0.000587446
1.59583 -0.000835084 0.00204391 0.00529647
1.6 -0.00304395 0.00243878 0.00558679
1.60417 -0.0027488 0.00125917 0.00153744
1.60833 -0.000379991 -0.000926149 -0.00340915
1.6125 0.00204555 -0.00268006 -0.00517728
1.61667 0.00252346 -0.00281706 -0.00232955
1.62083 0.00066599 -0.00134037 0.00278198
1.625 -0.00199311 0.000559924 0.00594868
1.62917 -0.00325344 0.00145272 0.00454989
1.63333 -0.00204294 0.000794585 -0.000324689
1.6375 0.000717319 -0.000672484 -0.00481359
1.64167 0.0028816 -0.00157147 -0.00547121
1.64583 0.00283095 -0.00104605 -0.00203481
1.65 0.000753369 0.000533625 0.00249807
1.65417 -0.0015842 0.00189087 0.00445665
1.65833 -0.00233528 0.00190861 0.00250911
1.6625 -0.00106434 0.000547766 -0.00140449
1.66667 0.000994851 -0.00113754 -0.0038804
1.67083 0.00206176 -0.00187745 -0.00294924
1.675 0.00130987 -0.00120592 0.000399349
1.67917 -0.00051535 0.000219424 0.00323588
1.68333 -0.00181684 0.00122389 0.00323743
1.6875 -0.0015233 0.0010956 0.000553574
1.69167 5.68949e-05 0.000108533 -0.00248922
1.69583 0.00157338 -0.000806181 -0.00343417
1.7 0.00180314 -0.000895659 -0.0016847
1.70417 0.000635769 -0.000186899 0.00116563
1.70833 -0.000913648 0.000623579 0.00278356
1.7125 -0.00160041 0.000826441 0.00200828
1.71667 -0.000960927 0.000295057 -0.000334835
1.72083 0.000382153 -0.000469708 -0.00225948
1.725 0.00130567 -0.000817908 -0.00228247
1.72917 0.00112 -0.000495225 -0.000547301
1.73333 7.8454e-05 0.000195181 0.00142278
1.7375 -0.000906413 0.000689771 0.00203544
1.74167 -0.00104674 0.000624772 0.00089738
1.74583 -0.000299116 8.88299e-05 -0.000950167
1.75 0.000659145 -0.000485529 -0.0019499
1.75417 0.00102807 -0.000665243 -0.00131328
1.75833 0.000539043 -0.000332218 0.000367767
1.7625 -0.000359758 0.000240031 0.0016508
1.76667 -0.000904572 0.000594484 0.00145775
1.77083 -0.000651902 0.000444062 -2.85842e-05
1.775 0.000168622 -8.59016e-05 -0.00152478
1.77917 0.000856447 -0.000538128 -0.00173506
1.78333 0.000824044 -0.000504594 -0.000463465
1.7875 8.93739e-05 -5.01321e-06 0.00119674
1.79167 -0.000727175 0.000499908 0.00179015
1.79583 -0.000916035 0.000524688 0.000779213
1.8 -0.000293985 3.82467e-05 -0.000939886
1.80417 0.000605339 -0.000480099 -0.00179457
1.80833 0.000971835 -0.000506538 -0.000956333
1.8125 0.00044805 -1.13717e-05 0.000850155
1.81667 -0.000505553 0.000496393 0.00195815
1.82083 -0.000995509 0.000490437 0.00130909
1.825 -0.000531611 -2.27172e-05 -0.00049745
1.82917 0.000469028 -0.000512028 -0.00172423
1.83333 0.00104586 -0.000483047 -0.00117323
1.8375 0.000629761 1.00048e-05 0.000600156
1.84167 -0.000366797 0.000442549 0.00179823
1.84583 -0.000937815 0.000383342 0.00118131
1.85 -0.000502391 -7.25691e-05 -0.000649059
1.85417 0.000485219 -0.000442929 -0.00184422
1.85833 0.000996781 -0.000377343 -0.0012194
1.8625 0.000506832 1.35064e-05 0.000505332
1.86667 -0.000454373 0.00032836 0.00147342
1.87083 -0.000876571 0.000301817 0.000677784
1.875 -0.000356492 2.20905e-05 -0.000971946
1.87917 0.000491243 -0.00022534 -0.0016686
1.88333 0.000739601 -0.000245819 -0.000690846
1.8875 0.000165898 -5.87446e-05 0.000846143
1.89167 -0.000552864 0.000176059 0.00128175
1.89583 -0.000638478 0.000279353 0.000251368
1.9 -5.82886e-05 0.000150703 -0.000991955
1.90417 0.000511819 -0.000136328 -0.00105723
1.90833 0.000480721 -0.000323794 5.63345e-05
1.9125 -4.82216e-05 -0.000180545 0.0010714
1.91667 -0.00047093 0.000193973 0.000918812
1.92083 -0.000360836 0.00038258 -0.000142715
1.925 0.000126854 0.00011581 -0.000922476
1.92917 0.000472713 -0.000329512 -0.00062096
1.93333 0.000332792 -0.000402681 0.000375774
1.9375 -0.000132381 1.41442e-05 0.000966733
1.94167 -0.000425418 0.00040026 0.000501762
1.94583 -0.000221588 0.000254459 -0.000537179
1.95 0.000266403 -0.00022792 -0.00102276
1.95417 0.000484296 -0.000407594 -0.000389698
1.95833 0.000152511 -5.92892e-05 0.000688247
1.9625 -0.000377234 0.000347291 0.000983946
1.96667 -0.000496765 0.000301279 0.000117531
1.97083 -5.20338e-05 -0.000101262 -0.000941646
1.975 0.00046454 -0.000352552 -0.000961387
1.97917 0.000477545 -0.000188204 0.000111138
1.98333 -3.13182e-05 0.000172512 0.00108029
1.9875 -0.000521974 0.000341761 0.000870975
1.99167 -0.000466176 0.000139825 -0.00029571
1.99583 0.00012404 -0.00025901 -0.00118421
2 0.000668135 -0.000426324 -0.000837502
2.00417 0.000531352 -8.06773e-05 0.000461364
2.00833 -0.00027003 0.000456017 0.00139153
2.0125 -0.000887037 0.00046736 0.000833774
2.01667 -0.000477706 -0.000195869 -0.000827786
2.02083 0.000640609 -0.000688797 -0.00177749
2.025 0.00110797 -0.000247144 -0.000692608
2.02917 0.000194661 0.0005759 0.00137467
2.03333 -0.00103642 0.000569082 0.00187087
2.0375 -0.000960932 -0.00028566 -4.99928e-05
2.04167 0.000374741 -0.000678897 -0.00209124
2.04583 0.00120612 -1.18414e-05 -0.00160243
2.05 0.000460893 0.000604766 0.000833168
2.05417 -0.000786017 0.000173553 0.00209161
2.05833 -0.000919074 -0.000493896 0.000700315
2.0625 9.08801e-06 -0.0001829 -0.001358
2.06667 0.000671233 0.000527597 -0.00158915
2.07083 0.000486762 0.00022425 -0.000146883
2.075 3.78334e-05 -0.000697518 0.00104507
2.07917 -0.000248076 -0.000499173 0.00103668
2.08333 -0.000492229 0.000751798 0.000280736
2.0875 -0.000459236 0.000924219 -0.000692604
2.09167 0.000289294 -0.000552879 -0.00137039
2.09583 0.00107562 -0.0013355 -0.000794356
2.1 0.000531623 4.24359e-05 0.00107404
2.10417 -0.00102947 0.00142876 0.00209144
2.10833 -0.00138186 0.000460248 0.000358625
2.1125 0.000325917 -0.00132768 -0.00229649
2.11667 0.00176561 -0.000949469 -0.00206869
2.12083 0.000712199 0.000888342 0.00112469
2.125 -0.00133368 0.000930627 0.00286612
2.12917 -0.00128669 -0.000904417 0.000618606
2.13333 0.000682532 -0.00129846 -0.00230393
2.1375 0.0014802 0.000484982 -0.00175132
2.14167 0.000134621 0.00103434 0.00100812
2.14583 -0.000829205 -0.00108759 0.00169922
2.15 0.000129686 -0.00230344 -0.000140031
2.15417 0.00105764 -0.000157053 -0.00114171
2.15833 0.000249105 0.00180307 -0.000202614
2.1625 -0.000566588 -0.000270308 0.000153228
2.16667 0.000544689 -0.00342525 -0.000987567
2.17083 0.00184355 -0.00228832 -0.00108883
2.175 0.000734712 0.00165428 0.000743907
2.17917 -0.00131715 0.0019576 0.00132575
2.18333 -0.000788805 -0.00203861 -0.00112651
2.1875 0.00178538 -0.00370834 -0.0030339
2.19167 0.00219754 -1.39916e-05 -0.000872808
2.19583 -0.00056535 0.00331869 0.00255582
2.2 -0.00239864 0.00126265 0.00208728
2.20417 -0.000653384 -0.00220158 -0.00149684
2.20833 0.00158287 -0.000905634 -0.00253611
2.2125 0.000605495 0.00316607 0.000582689
2.21667 -0.00195966 0.00344351 0.00311056
2.22083 -0.00212386 -8.02345e-05 0.00166184
2.225 -9.6273e-05 -0.00111716 -0.000857935
2.22917 0.000518089 0.00199082 -0.000578826
2.23333 -0.00099309 0.00352377 0.00127734
2.2375 -0.00154893 0.000362141 0.00127197
2.24167 8.87085e-05 -0.00254819 -0.000274831
2.24583 0.00115389 -0.000617868 -0.000426092
2.25 -0.00015567 0.00247608 0.000825477
2.25417 -0.00135665 0.00095922 0.00060728
2.25833 9.37161e-05 -0.00311565 -0.00140659
2.2625 0.00217665 -0.00302752 -0.00191322
2.26667 0.00136936 0.0014064 0.000474914
2.27083 -0.00142543 0.00328038 0.00235813
2.275 -0.00200581 -9.41541e-05 0.000682415
2.27917 0.000423449 -0.00264358 -0.00208557
2.28333 0.00179844 0.000499877 -0.00142825
2.2875 -0.000392652 0.00479277 0.00210401
2.29167 -0.00301126 0.00358686 0.00344735
2.29583 -0.00219572 -0.000857833 0.000777743
2.3 0.000500323 -0.00100579 -0.00165993
2.30417 0.000697286 0.00339085 -0.000256387
2.30833 -0.00168398 0.00476108 0.00239611
2.3125 -0.00245801 0.000451235 0.00199571
2.31667 -0.000274636 -0.00260296 -0.000467844
2.32083 0.0011704 0.000478287 -0.000816257
2.325 -0.00041994 0.00408365 0.00099277
2.32917 -0.00191614 0.0015377 0.00109037
2.33333 -0.000247885 -0.00341253 -0.00107614
2.3375 0.0020503 -0.00289907 -0.00159798
2.34167 0.00113995 0.00154217 0.000626621
2.34583 -0.00123772 0.00158978 0.00136027
2.35 -0.000531809 -0.00348525 -0.00156453
2.35417 0.00265823 -0.00560411 -0.00383126
2.35833 0.00335461 -0.00188476 -0.00168798
2.3625 0.000655412 0.000603507 0.00138641
2.36667 -0.000722117 -0.00262123 0.000272814
2.37083 0.00151705 -0.00587672 -0.00327413
2.375 0.00355816 -0.00365903 -0.00370689
2.37917 0.00221645 -0.000104894 -0.000783019
2.38333 5.41553e-05 -0.00111857 0.000773089
2.3875 0.000386392 -0.00390835 -0.00055296
2.39167 0.00167731 -0.00247157 -0.00152158
2.39583 0.0009675 0.00158999 -0.00055409
2.4 -0.000720269 0.00235041 0.000274085
2.40417 -0.000798953 0.000210921 0.000181458
2.40833 -0.000139066 0.000568183 0.00102886
2.4125 -0.00112 0.00373996 0.0026663
2.41667 -0.00273159 0.00468153 0.00224944
2.42083 -0.00223114 0.00222113 -0.000237969
2.425 -0.00031389 0.000677677 -0.000873579
2.42917 -7.48441e-05 0.00177647 0.00166171
2.43333 -0.00155947 0.00218686 0.00325674
2.4375 -0.00177987 0.000339819 0.000918931
2.44167 -4.67693e-06 -0.000916859 -0.00219411
2.44583 0.00120337 -0.000232458 -0.00185396
2.45 0.000614268 -0.000234377 0.000686635
2.45417 3.42321e-05 -0.00190852 0.00132177
2.45833 0.000555157 -0.00223913 -0.000326137
2.4625 0.000801948 -0.00017449 -0.00133506
2.46667 0.00016527 0.000578904 -0.000863248
2.47083 0.000265514 -0.00177254 -0.000613047
2.475 0.00146132 -0.00292116 -0.000656622
2.47917 0.00128856 0.000401372 0.000613233
2.48333 -0.00118084 0.00379883 0.00220687
2.4875 -0.00258976 0.00182085 0.00100985
2.49167 -0.000307902 -0.0023802 -0.00220242
2.49583 0.00243891 -0.00158108 -0.00225759
2.5 0.000990824 0.00315087 0.00210647
2.50417 -0.00281164 0.00352807 0.00448177
2.50833 -0.0027658 -0.00189609 0.000162046
2.5125 0.00163834 -0.0044479 -0.00517195
2.51667 0.00371155 0.00023631 -0.00322282
2.52083 0.000170811 0.00420691 0.00340309
2.525 -0.00327346 0.000493707 0.00450625
2.52917 -0.00120655 -0.00446271 -0.00149646
2.53333 0.00257607 -0.00170037 -0.0049898
2.5375 0.00176397 0.00414673 -0.000919953
2.54167 -0.00170125 0.00252843 0.00349867
2.54583 -0.00156444 -0.00398747 0.00166855
2.55 0.00139477 -0.00359149 -0.00189801
2.55417 0.00120691 0.00357447 -0.00102335
2.55833 -0.00180954 0.00490608 0.00127252
2.5625 -0.00152253 -0.00227188 1.89413e-05
2.56667 0.00208556 -0.00532824 -0.00155043
2.57083 0.00212462 0.00135855 0.00106249
2.575 -0.0023247 0.00601122 0.00343213
2.57917 -0.0034444 0.000190948 -0.000167752
2.58333 0.00156685 -0.00615002 -0.00475137
2.5875 0.00465613 -0.00223911 -0.00205316
2.59167 0.000419567 0.00481247 0.00441008
2.59583 -0.00437428 0.00304999 0.00421786
2.6 -0.0020801 -0.00367457 -0.00255854
2.60417 0.00327096 -0.00354487 -0.00540212
2.60833 0.00320654 0.00262167 -0.000345267
2.6125 -0.00156278 0.00417694 0.00470801
2.61667 -0.00354228 -0.000663857 0.00307295
2.62083 -0.000598841 -0.00339346 -0.00195203
2.625 0.00233573 -0.000488368 -0.00383345
2.62917 0.00178867 0.00227986 -0.0012723
2.63333 -0.000469352 0.000784467 0.00226773
2.6375 -0.00148982 -0.00184772 0.00302152
2.64167 -0.000617171 -0.00160358 0.000117225
2.64583 0.000830232 0.000912547 -0.00309729
2.65 0.00108607 0.00237832 -0.00224895
2.65417 -0.000201785 0.000871413 0.00179398
2.65833 -0.00117347 -0.0019085 0.00333313
2.6625 -0.000368427 -0.00203707 0.00035316
2.66667 0.000711605 0.00117789 -0.00246172
2.67083 0.000252575 0.00278749 -0.00157817
2.675 -0.000397679 -0.000529045 0.000491693
2.67917 0.000463216 -0.0037572 0.000914098
2.68333 0.000976771 -0.000972447 0.000772777
2.6875 -0.000756487 0.00381498 0.000763619
2.69167 -0.00200676 0.00253674 -0.000685526
2.69583 0.000142859 -0.00287946 -0.00242265
2.7 0.00258115 -0.00339846 -0.000786629
2.70417 0.000866676 0.0015961 0.0029018
2.70833 -0.00256691 0.00356748 0.00270075
2.7125 -0.00204351 -0.000303441 -0.00184628
2.71667 0.00168591 -0.00320213 -0.00396765
2.72083 0.00278412 -0.00101037 -0.00051634
2.725 -6.13003e-05 0.00195211 0.00325547
2.72917 -0.0023436 0.0015649 0.00243164
2.73333 -0.00134625 -0.000390775 -0.0010316
2.7375 0.000875898 -0.001057 -0.00280374
2.74167 0.00169387 -0.000421976 -0.00151706
2.74583 0.000657814 0.000496521 0.0014873
2.75 -0.0011605 0.000780979 0.00325266
2.75417 -0.00175503 -0.000313205 0.000990354
2.75833 8.26382e-05 -0.00145152 -0.00330769
2.7625 0.00212371 -0.000282931 -0.00342087
2.76667 0.00106215 0.00175568 0.00169554
2.77083 -0.0017869 0.000859945 0.00462193
2.775 -0.00194141 -0.00174079 0.00084005
2.77917 0.000679456 -0.00112813 -0.00360996
2.78333 0.00167547 0.00172705 -0.0022486
2.7875 4.69924e-05 0.00105981 0.00164902
2.79167 -0.000721628 -0.00226343 0.00214536
2.79583 0.000167055 -0.0015334 0.000325396
2.8 -2.58215e-05 0.00264215 -0.000313597
2.80417 -0.00103725 0.00250866 -0.000633014
2.80833 3.34542e-05 -0.00217076 -0.00145708
2.8125 0.00190824 -0.00307806 -0.000174022
2.81667 0.000716583 0.0012871 0.00268706
2.82083 -0.00204578 0.003024 0.00194033
2.825 -0.0014434 -0.000361594 -0.00246891
2.82917 0.00172914 -0.00223353 -0.00351362
2.83333 0.00212826 7.97112e-05 0.000837385
2.8375 -0.000630965 0.00149217 0.0035921
2.84167 -0.00186545 2.53227e-05 0.000774497
2.84583 -0.000273223 -0.000577605 -0.00258643
2.85 0.0010714 0.000350177 -0.00207486
2.85417 0.000886767 -4.03639e-05 0.000101683
2.85833 0.000300988 -0.000769295 0.00130158
2.8625 -0.000631328 0.00066427 0.00173413
2.86667 -0.0015845 0.00155105 0.000645958
2.87083 -0.000463174 -0.000886896 -0.00227389
2.875 0.00216507 -0.00249357 -0.00286896
2.87917 0.00199502 0.000318323 0.00142891
2.88333 -0.00148965 0.002661 0.00474763
2.8875 -0.00271777 8.85924e-05 0.00137075
2.89167 0.00058879 -0.00257377 -0.00352131
2.89583 0.00309673 -0.000579045 -0.00197759
2.9 0.00123615 0.00161636 0.00326447
2.90417 -0.000995243 -0.000346601 0.00423782
2.90833 4.08126e-05 -0.00209775 0.00118319
2.9125 0.00182998 9.69178e-05 -1.11965e-05
2.91667 0.00188336 0.00158322 0.00156044
2.92083 0.00199707 -0.00102222 0.00318542
2.925 0.00305583 -0.00290356 0.00494668
2.92917 0.00306452 -0.0008819 0.00698594
2.93333 0.00253978 0.000429711 0.00675374
2.9375 0.00439717 -0.00174155 0.00512155
2.94167 0.00747861 -0.00319134 0.00752011
2.94583 0.00785827 -0.00188983 0.0140643
2.95 0.00656194 -0.00170544 0.0176486
2.95417 0.0080961 -0.00376613 0.0161293
2.95833 0.0120824 -0.00445944 0.0163128
2.9625 0.0142535 -0.00364375 0.0219249
2.96667 0.0143589 -0.00469072 0.0280109
2.97083 0.0154727 -0.00650398 0.0307205
2.975 0.017508 -0.00559628 0.0325216
2.97917 0.0185122 -0.00426579 0.0351556
2.98333 0.0195381 -0.00653714 0.0370311
2.9875 0.0217068 -0.00925411 0.038775
2.99167 0.0222248 -0.00745713 0.0421374
2.99583 0.0193762 -0.00423248 0.0438565
