0 0 0 0
0.00416667 0 0 0
0.00833333 0 0 0
0.0125 0 0 0
0.0166667 0 0 0
0.0208333 0 0 0
0.025 0 0 0
0.0291667 0 0 0
0.0333333 0 0 0
0.0375 0 0 0
0.0416667 0 0 0
0.0458333 0 0 0
0.05 0 0 0
0.0541667 0 0 0
0.0583333 0 0 0
0.0625 0 0 0
0.0666667 0 0 0
0.0708333 0 0 0
0.075 0 0 0
0.0791667 0 0 0
0.0833333 0 0 0
0.0875 0 0 0
0.0916667 0 0 0
0.0958333 0 0 0
0.1 0 0 0
0.104167 0 0 0
0.108333 0 0 0
0.1125 0 0 0
0.116667 0 0 0
0.120833 0 0 0
0.125 0 0 0
0.129167 0 0 0
0.133333 0 0 0
0.1375 0 0 0
0.141667 0 0 0
0.145833 0 0 0
0.15 0 0 0
0.154167 0 0 0
0.158333 0 0 0
0.1625 0 0 0
0.166667 0 0 0
0.170833 0 0 0
0.175 0 0 0
0.179167 0 0 0
0.183333 0 0 0
0.1875 0 0 0
0.191667 -2.94463e-321 4.49254e-320 6.03748e-320
0.195833 -1.03784e-316 1.48628e-315 1.99843e-315
0.2 -2.78814e-312 3.90721e-311 5.25317e-311
0.204167 -6.01419e-308 8.25099e-307 1.10924e-306
0.208333 -1.0509e-303 1.41206e-302 1.89819e-302
0.2125 -1.49996e-299 1.97473e-298 2.65437e-298
0.216667 -1.7625e-295 2.27439e-294 3.05694e-294
0.220833 -1.71756e-291 2.17329e-290 2.92085e-290
0.225 -1.3978e-287 1.73491e-286 2.33152e-286
0.229167 -9.56269e-284 1.16464e-282 1.56504e-282
0.233333 -5.53368e-280 6.6153e-279 8.88903e-279
0.2375 -2.72456e-276 3.19812e-275 4.29707e-275
0.241667 -1.14774e-272 1.32324e-271 1.77783e-271
0.245833 -4.15855e-269 4.71049e-268 6.32837e-268
0.25 -1.30248e-265 1.44993e-264 1.94781e-264
0.254167 -3.54314e-262 3.87739e-261 5.20855e-261
0.258333 -8.40934e-259 9.04906e-258 1.21551e-257
0.2625 -1.74887e-255 1.85098e-254 2.48619e-254
0.266667 -3.20001e-252 3.33202e-251 4.47527e-251
0.270833 -5.17176e-249 5.29924e-248 7.11713e-248
0.275 -7.4103e-246 7.47362e-245 1.0037e-244
0.279167 -9.44679e-243 9.37991e-242 1.25966e-241
0.283333 -1.07512e-239 1.0512e-238 1.41163e-238
0.2875 -1.09588e-236 1.05536e-235 1.41716e-235
0.291667 -1.00356e-233 9.52094e-233 1.27845e-232
0.295833 -8.28121e-231 7.7413e-230 1.03945e-229
0.3 -6.17508e-228 5.68895e-227 7.63849e-227
0.304167 -4.17228e-225 3.78892e-224 5.08718e-224
0.308333 -2.56106e-222 2.29294e-221 3.07852e-221
0.3125 -1.43175e-219 1.264e-218 1.69702e-218
0.316667 -7.30733e-217 6.36247e-216 8.54189e-216
0.320833 -3.4127e-214 2.93105e-213 3.93497e-213
0.325 -1.46166e-211 1.23851e-210 1.66269e-210
0.329167 -5.75349e-209 4.81043e-208 6.45783e-208
0.333333 -2.08565e-206 1.72091e-205 2.31023e-205
0.3375 -6.97643e-204 5.68175e-203 7.62733e-203
0.341667 -2.15741e-201 1.7345e-200 2.32842e-200
0.345833 -6.17918e-199 4.90492e-198 6.58435e-198
0.35 -1.64209e-196 1.28711e-195 1.7278e-195
0.354167 -4.05571e-194 3.13951e-193 4.21442e-193
0.358333 -9.3251e-192 7.12987e-191 9.57099e-191
0.3625 -1.99914e-189 1.50994e-188 2.02691e-188
0.366667 -4.00218e-187 2.98648e-186 4.00899e-186
0.370833 -7.49303e-185 5.52481e-184 7.41642e-184
0.375 -1.31384e-182 9.57306e-182 1.28508e-181
0.379167 -2.16047e-180 1.55581e-179 2.08853e-179
0.383333 -3.33621e-178 2.37472e-177 3.18786e-177
0.3875 -4.84414e-176 3.40858e-175 4.57579e-175
0.391667 -6.62185e-174 4.60659e-173 6.18415e-173
0.395833 -8.53224e-172 5.86887e-171 7.87883e-171
0.4 -1.03747e-169 7.0567e-169 9.47365e-169
0.404167 -1.19181e-167 8.017e-167 1.07631e-166
0.408333 -1.29488e-165 8.61506e-165 1.15663e-164
0.4125 -1.33202e-163 8.76599e-163 1.17692e-162
0.416667 -1.29864e-161 8.45443e-161 1.13512e-160
0.420833 -1.20116e-159 7.73644e-159 1.03875e-158
0.425 -1.05504e-157 6.72342e-157 9.02765e-157
0.429167 -8.80831e-156 5.5544e-155 7.45824e-155
0.433333 -6.99638e-154 4.36593e-153 5.86262e-153
0.4375 -5.29168e-152 3.26807e-151 4.38858e-151
0.441667 -3.81439e-150 2.3316e-149 3.13115e-149
0.445833 -2.62259e-148 1.58681e-147 2.13105e-147
0.45 -1.72132e-146 1.03099e-145 1.38466e-145
0.454167 -1.07934e-144 6.40004e-144 8.59591e-144
0.458333 -6.47071e-143 3.79877e-142 5.10239e-142
0.4625 -3.71166e-141 2.15753e-140 2.89807e-140
0.466667 -2.03854e-139 1.17337e-138 1.57621e-138
0.470833 -1.07278e-137 6.11486e-137 8.21463e-137
0.475 -5.41303e-136 3.05566e-135 4.10517e-135
0.479167 -2.62058e-134 1.46514e-133 1.96848e-133
0.483333 -1.21804e-132 6.74511e-132 9.06296e-132
0.4875 -5.43885e-131 2.98339e-130 4.00884e-130
0.491667 -2.33454e-129 1.26855e-128 1.70469e-128
0.495833 -9.63839e-128 5.18845e-127 6.97279e-127
0.5 -3.82974e-126 2.04248e-125 2.74509e-125
0.504167 -1.46535e-124 7.74301e-124 1.04074e-123
0.508333 -5.4021e-123 2.82837e-122 3.80191e-122
0.5125 -1.91984e-121 9.96024e-121 1.33897e-120
0.516667 -6.58082e-120 3.38328e-119 4.54855e-119
0.520833 -2.17684e-118 1.10908e-117 1.4912e-117
0.525 -6.95224e-117 3.51044e-116 4.72031e-116
0.529167 -2.14479e-115 1.07336e-114 1.44342e-114
0.533333 -6.3946e-114 3.17189e-113 4.26584e-113
0.5375 -1.84337e-112 9.06326e-112 1.21902e-111
0.541667 -5.14016e-111 2.50517e-110 3.36981e-110
0.545833 -1.38708e-109 6.70148e-109 9.0153e-109
0.55 -3.62385e-108 1.73568e-107 2.33519e-107
0.554167 -9.16999e-107 4.35429e-106 5.85888e-106
0.558333 -2.24841e-105 1.0585e-104 1.42441e-104
0.5625 -5.34395e-104 2.49441e-103 3.35703e-103
0.566667 -1.23169e-102 5.7005e-102 7.6727e-102
0.570833 -2.75398e-101 1.26385e-100 1.70129e-100
0.575 -5.97585e-100 2.71942e-99 3.66108e-99
0.579167 -1.25886e-98 5.68087e-98 7.64886e-98
0.583333 -2.57544e-97 1.15256e-96 1.55202e-96
0.5875 -5.11883e-96 2.27184e-95 3.05958e-95
0.591667 -9.88745e-95 4.35212e-94 5.86191e-94
0.595833 -1.85668e-93 8.10549e-93 1.09187e-92
0.6 -3.39056e-92 1.4681e-91 1.97789e-91
0.604167 -6.02316e-91 2.58681e-90 3.48551e-90
0.608333 -1.0412e-89 4.4355e-89 5.97727e-89
0.6125 -1.75197e-88 7.40327e-88 9.97794e-88
0.616667 -2.87037e-87 1.20319e-86 1.62185e-86
0.620833 -4.58027e-86 1.90459e-85 2.56766e-85
0.625 -7.12051e-85 2.93731e-84 3.96046e-84
0.629167 -1.07875e-83 4.41466e-83 5.95327e-83
0.633333 -1.59306e-82 6.46792e-82 8.72339e-82
0.6375 -2.29387e-81 9.23988e-81 1.24638e-80
0.641667 -3.22136e-80 1.28741e-79 1.73686e-79
0.645833 -4.41322e-79 1.74994e-78 2.36122e-78
0.65 -5.89967e-78 2.32111e-77 3.13239e-77
0.654167 -7.69767e-77 3.00498e-76 4.05592e-76
0.658333 -9.80519e-76 3.79807e-75 5.12718e-75
0.6625 -1.2196e-74 4.68771e-74 6.32916e-74
0.666667 -1.48166e-73 5.65113e-73 7.63115e-73
0.670833 -1.75849e-72 6.65553e-72 8.98894e-72
0.675 -2.03934e-71 7.65947e-71 1.03466e-70
0.679167 -2.31148e-70 8.6154e-70 1.16398e-69
0.683333 -2.56115e-69 9.47337e-69 1.28011e-68
0.6875 -2.77466e-68 1.01853e-67 1.37655e-67
0.691667 -2.93972e-67 1.07096e-66 1.44766e-66
0.695833 -3.04653e-66 1.1015e-65 1.4892e-65
0.7 -3.08884e-65 1.10839e-64 1.49879e-64
0.704167 -3.06446e-64 1.09139e-63 1.47606e-63
0.708333 -2.97553e-63 1.05178e-62 1.42275e-62
0.7125 -2.82815e-62 9.92216e-62 1.34242e-61
0.716667 -2.63177e-61 9.16433e-61 1.24012e-60
0.720833 -2.39813e-60 8.28863e-60 1.12183e-59
0.725 -2.14019e-59 7.3422e-59 9.93922e-59
0.729167 -1.87093e-58 6.37091e-58 8.62602e-58
0.733333 -1.60236e-57 5.41602e-57 7.33453e-57
0.7375 -1.3447e-56 4.51158e-56 6.11091e-56
0.741667 -1.10593e-55 3.68312e-55 4.98974e-55
0.745833 -8.91506e-55 2.94718e-54 3.9935e-54
0.75 -7.04506e-54 2.31188e-53 3.13328e-53
0.754167 -5.45846e-53 1.77809e-52 2.41032e-52
0.758333 -4.14708e-52 1.34102e-51 1.8182e-51
0.7625 -3.09003e-51 9.91896e-51 1.34512e-50
0.766667 -2.25833e-50 7.19627e-50 9.76095e-50
0.770833 -1.61911e-49 5.12171e-49 6.94847e-49
0.775 -1.13889e-48 3.5764e-48 4.853e-48
0.779167 -7.86074e-48 2.45049e-47 3.32589e-47
0.783333 -5.32441e-47 1.64775e-46 2.23685e-46
0.7875 -3.53964e-46 1.08746e-45 1.47655e-45
0.791667 -2.30981e-45 7.04474e-45 9.5674e-45
0.795833 -1.4797e-44 4.48023e-44 6.08586e-44
0.8 -9.30681e-44 2.79747e-43 3.80085e-43
0.804167 -5.74781e-43 1.71518e-42 2.33086e-42
0.808333 -3.48599e-42 1.0327e-41 1.40371e-41
0.8125 -2.07643e-41 6.10674e-41 8.30242e-41
0.816667 -1.21483e-40 3.54694e-40 4.8233e-40
0.820833 -6.98184e-40 2.02373e-39 2.75256e-39
0.825 -3.942e-39 1.13435e-38 1.54321e-38
0.829167 -2.18674e-38 6.24702e-38 8.50053e-38
0.833333 -1.19193e-37 3.38044e-37 4.60089e-37
0.8375 -6.38437e-37 1.79756e-36 2.44708e-36
0.841667 -3.36072e-36 9.39384e-36 1.27909e-35
0.845833 -1.73872e-35 4.82485e-35 6.57108e-35
0.85 -8.84189e-35 2.4358e-34 3.3181e-34
0.854167 -4.4199e-34 1.20879e-33 1.64699e-33
0.858333 -2.17202e-33 5.89713e-33 8.03668e-33
0.8625 -1.04937e-32 2.82842e-32 3.85544e-32
0.866667 -4.98474e-32 1.3338e-31 1.8185e-31
0.870833 -2.32825e-31 6.18455e-31 8.43384e-31
0.875 -1.06935e-30 2.81984e-30 3.84623e-30
0.879167 -4.82988e-30 1.26435e-29 1.72493e-29
0.883333 -2.14541e-29 5.57522e-29 7.60776e-29
0.8875 -9.37266e-29 2.41786e-28 3.30003e-28
0.891667 -4.02734e-28 1.03133e-27 1.40791e-27
0.895833 -1.70216e-27 4.32701e-27 5.90818e-27
0.9 -7.07666e-27 1.78574e-26 2.43878e-26
0.904167 -2.89417e-26 7.24953e-26 9.90265e-26
0.908333 -1.16441e-25 2.89522e-25 3.95557e-25
0.9125 -4.60882e-25 1.1375e-24 1.5544e-24
0.916667 -1.79471e-24 4.39676e-24 6.00937e-24
0.920833 -6.87599e-24 1.67203e-23 2.28572e-23
0.925 -2.59195e-23 6.25601e-23 8.55375e-23
0.929167 -9.61349e-23 2.30307e-22 3.14952e-22
0.933333 -3.50841e-22 8.34224e-22 1.14103e-21
0.9375 -1.25987e-21 2.97327e-21 4.06747e-21
0.941667 -4.4518e-21 1.04273e-20 1.42671e-20
0.945833 -1.54792e-20 3.59836e-20 4.92422e-20
0.95 -5.2963e-20 1.2219e-19 1.67238e-19
0.954167 -1.78325e-19 4.08293e-19 5.58903e-19
0.958333 -5.90839e-19 1.34251e-18 1.83799e-18
0.9625 -1.92641e-18 4.3438e-18 5.94778e-18
0.966667 -6.18091e-18 1.38304e-17 1.89398e-17
0.970833 -1.95154e-17 4.33319e-17 5.93473e-17
0.975 -6.06352e-17 1.33595e-16 1.82991e-16
0.979167 -1.85391e-16 4.05298e-16 5.55212e-16
0.983333 -5.57783e-16 1.20992e-15 1.6576e-15
0.9875 -1.65138e-15 3.55409e-15 4.86954e-15
0.991667 -4.81091e-15 1.02726e-14 1.40757e-14
0.995833 -1.37909e-14 2.92149e-14 4.00331e-14
1 -3.88987e-14 8.17493e-14 1.12026e-13
1.00417 -1.07954e-13 2.25064e-13 3.08428e-13
1.00833 -2.94771e-13 6.09611e-13 8.35425e-13
1.0125 -7.91877e-13 1.62445e-12 2.22618e-12
1.01667 -2.09285e-12 4.25837e-12 5.83568e-12
1.02083 -5.44127e-12 1.0981e-11 1.50479e-11
1.025 -1.39162e-11 2.78532e-11 3.81668e-11
1.02917 -3.50084e-11 6.94886e-11 9.52123e-11
1.03333 -8.66209e-11 1.70501e-10 2.33596e-10
1.0375 -2.10785e-10 4.11414e-10 5.63595e-10
1.04167 -5.04415e-10 9.76189e-10 1.33709e-09
1.04583 -1.18694e-09 2.27745e-09 3.11892e-09
1.05 -2.74609e-09 5.22375e-09 7.15239e-09
1.05417 -6.24601e-09 1.17783e-08 1.61233e-08
1.05833 -1.3965e-08 2.61036e-08 3.5724e-08
1.0625 -3.06887e-08 5.68563e-08 7.77878e-08
1.06667 -6.62753e-08 1.2169e-07 1.66436e-07
1.07083 -1.40637e-07 2.55897e-07 3.49862e-07
1.075 -2.93192e-07 5.28614e-07 7.22423e-07
1.07917 -6.00393e-07 1.0725e-06 1.46505e-06
1.08333 -1.20745e-06 2.13677e-06 2.91737e-06
1.0875 -2.38433e-06 4.17956e-06 5.70324e-06
1.09167 -4.62202e-06 8.02449e-06 1.09431e-05
1.09583 -8.79355e-06 1.51187e-05 2.06035e-05
1.1 -1.64154e-05 2.79449e-05 3.80544e-05
1.10417 -3.0059e-05 5.06596e-05 6.89294e-05
1.10833 -5.39758e-05 9.00435e-05 0.000122406
1.1125 -9.50134e-05 0.000156865 0.000213031
1.11667 -0.000163898 0.000267746 0.000363214
1.12083 -0.000276943 0.000447568 0.000606422
1.125 -0.000458193 0.000732386 0.00099101
1.12917 -0.000741885 0.00117259 0.00158433
1.13333 -0.00117496 0.00183583 0.00247644
1.1375 -0.00181904 0.00280885 0.00378218
1.14167 -0.0027511 0.00419688 0.00563992
1.14583 -0.00406147 0.006119 0.00820459
1.15 -0.00584784 0.00869746 0.0116327
1.15417 -0.00820366 0.0120394 0.016057
1.15833 -0.0111999 0.0162098 0.0215497
1.1625 -0.0148599 0.0211971 0.0280763
1.16667 -0.0191292 0.026874 0.0354437
1.17083 -0.0238439 0.0329611 0.0432532
1.175 -0.0287048 0.0390016 0.0508714
1.17917 -0.0332661 0.0443616 0.0574341
1.18333 -0.0369484 0.0482655 0.0619011
1.1875 -0.0390857 0.0498753 0.0631687
1.19167 -0.039008 0.048414 0.060239
1.19583 -0.0361566 0.0433189 0.0524277
1.2 -0.0302141 0.0343996 0.0395704
1.20417 -0.0212247 0.0219619 0.022179
1.20833 -0.00966871 0.00685775 0.0014915
1.2125 0.00353745 -0.00957284 -0.0206244
1.21667 0.0171368 -0.0256771 -0.0419242
1.22083 0.0297182 -0.0397601 -0.0601588
1.225 0.0399617 -0.050395 -0.0734873
1.22917 0.0468847 -0.0566914 -0.0808206
1.23333 0.0500217 -0.0584443 -0.0819942
1.2375 0.0494814 -0.0561141 -0.0777117
1.24167 0.0458613 -0.0506412 -0.0692774
1.24583 0.0400482 -0.0431652 -0.0582186
1.25 0.0329825 -0.0347553 -0.0459463
1.25417 0.0254781 -0.0262643 -0.0335936
1.25833 0.0181725 -0.0183603 -0.022091
1.2625 0.0116185 -0.0117047 -0.0124134
1.26667 0.00645109 -0.00715648 -0.0058239
1.27083 0.00350852 -0.00584292 -0.00390464
1.275 0.00378726 -0.00898105 -0.00824369
1.27917 0.00818116 -0.0174553 -0.0198234
1.28333 0.017074 -0.0313036 -0.0383511
1.2875 0.0299628 -0.0493617 -0.0618791
1.29167 0.0453237 -0.0692952 -0.0869959
1.29583 0.0608537 -0.0880943 -0.109628
1.3 0.0740518 -0.102877 -0.126177
1.30417 0.082918 -0.111665 -0.134499
1.30833 0.0864535 -0.113763 -0.134247
1.3125 0.0847155 -0.109559 -0.126395
1.31667 0.0783944 -0.0998424 -0.112197
1.32083 0.0681459 -0.085045 -0.0921702
1.325 0.0540647 -0.06485 -0.0657252
1.32917 0.0356315 -0.0384492 -0.0317084
1.33333 0.012202 -0.00534301 0.0103967
1.3375 -0.016217 0.0337545 0.0593021
1.34167 -0.0483553 0.0764398 0.111491
1.34583 -0.0816098 0.118882 0.161834
1.35 -0.112592 0.156709 0.204941
1.35417 -0.138007 0.186054 0.236502
1.35833 -0.155396 0.204253 0.253963
1.3625 -0.163416 0.20994 0.25634
1.36667 -0.16163 0.202746 0.243596
1.37083 -0.150156 0.182999 0.216246
1.375 -0.129523 0.151772 0.175572
1.37917 -0.100887 0.111224 0.124233
1.38333 -0.066363 0.0648251 0.0666058
1.3875 -0.0290768 0.0170614 0.00830588
1.39167 0.00731577 -0.027447 -0.0450816
1.39583 0.0394792 -0.0649939 -0.089344
1.4 0.0651258 -0.0933874 -0.122214
1.40417 0.0831718 -0.111767 -0.142871
1.40833 0.0932896 -0.119898 -0.150923
1.4125 0.0953099 -0.117617 -0.145884
1.41667 0.0890694 -0.105016 -0.12776
1.42083 0.0749319 -0.0832844 -0.098395
1.425 0.0545882 -0.0554933 -0.0623653
1.42917 0.031368 -0.0264477 -0.0263294
1.43333 0.00953548 -0.0013308 0.00319523
1.4375 -0.0072187 0.0162045 0.0223932
1.44167 -0.017202 0.0253136 0.0313744
1.44583 -0.0211137 0.0277558 0.0332204
1.45 -0.0211395 0.0263627 0.0315532
1.45417 -0.0193953 0.0232656 0.0283691
1.45833 -0.0168159 0.0190806 0.0235891
1.4625 -0.013188 0.0134537 0.0163716
1.46667 -0.00810772 0.00630266 0.00686595
1.47083 -0.00194865 -0.00138145 -0.00313144
1.475 0.00398907 -0.00782742 -0.0110871
1.47917 0.00820813 -0.011536 -0.015291
1.48333 0.00992569 -0.0121332 -0.0156757
1.4875 0.00937834 -0.0103299 -0.0133082
1.49167 0.00735121 -0.00715826 -0.00924512
1.49583 0.00448827 -0.00329479 -0.00397279
1.5 0.00108364 0.000904842 0.00206608
1.50417 -0.00250943 0.00483321 0.00759421
1.50833 -0.00541597 0.00731212 0.0104937
1.5125 -0.00640586 0.00710399 0.00907906
1.51667 -0.0047486 0.00395875 0.0036755
1.52083 -0.0010373 -0.000778378 -0.00303966
1.525 0.00287781 -0.00473985 -0.00755046
1.52917 0.00499293 -0.00602074 -0.00783768
1.53333 0.00448891 -0.00443306 -0.00465799
1.5375 0.00221346 -0.001497 -0.000711779
1.54167 -9.27582e-05 0.000816745 0.00155668
1.54583 -0.00115677 0.0015266 0.00164534
1.55 -0.000976172 0.00109102 0.000843141
1.55417 -0.000469199 0.000625241 0.00062054
1.55833 -0.000423435 0.000722671 0.00118154
1.5625 -0.000765246 0.000977941 0.00146876
1.56667 -0.000773347 0.000562219 0.000436791
1.57083 7.02699e-05 -0.00079487 -0.0017459
1.575 0.00145851 -0.00238038 -0.00369857
1.57917 0.00244064 -0.00301092 -0.003944
1.58333 0.00219827 -0.00200094 -0.00207726
1.5875 0.000709241 0.000242428 0.000949387
1.59167 -0.00121766 0.00243937 0.00347479
1.59583 -0.002475 0.00324994 0.00408771
1.6 -0.00231241 0.00209955 0.00232662
1.60417 -0.000735886 -0.000454171 -0.00104998
1.60833 0.00146631 -0.00297045 -0.00424906
1.6125 0.00304961 -0.00388307 -0.00521119
1.61667 0.00294212 -0.00245231 -0.00289614
1.62083 0.000975967 0.000605181 0.00162729
1.625 -0.00175437 0.00334717 0.00539718
1.62917 -0.00339263 0.00380473 0.00547805
1.63333 -0.00260314 0.0014698 0.00139946
1.6375 0.000250036 -0.00210123 -0.00402277
1.64167 0.00312809 -0.00427816 -0.00661984
1.64583 0.00379454 -0.00336891 -0.00426405
1.65 0.00166098 -4.82899e-05 0.00119241
1.65417 -0.0016156 0.00309899 0.00534
1.65833 -0.00344013 0.00365763 0.00491566
1.6625 -0.00243998 0.00134572 0.000526251
1.66667 0.000416346 -0.00183424 -0.00403855
1.67083 0.00273034 -0.00335459 -0.00518792
1.675 0.00275321 -0.00223882 -0.00246395
1.67917 0.000749905 0.000332599 0.00149572
1.68333 -0.00147019 0.00224454 0.00356751
1.6875 -0.00223257 0.00223206 0.00267748
1.69167 -0.00127335 0.000665327 0.000127933
1.69583 0.000380298 -0.00109058 -0.00201745
1.7 0.0014954 -0.00187594 -0.00257968
1.70417 0.00152746 -0.00141388 -0.00161485
1.70833 0.000696329 -0.000182014 0.000169009
1.7125 -0.000431102 0.00104952 0.00187148
1.71667 -0.00125763 0.00157057 0.00250334
1.72083 -0.00128117 0.000997896 0.00136767
1.725 -0.000333111 -0.000419995 -0.00111469
1.72917 0.00108041 -0.00172138 -0.00312726
1.73333 0.0018628 -0.00178565 -0.00270133
1.7375 0.00116156 -0.000341438 0.000244014
1.74167 -0.000658094 0.00151929 0.00325925
1.74583 -0.00203787 0.00211048 0.00337158
1.75 -0.00157688 0.000739842 0.000136481
1.75417 0.000472952 -0.00143495 -0.0035044
1.75833 0.00221788 -0.00235404 -0.00390863
1.7625 0.0018982 -0.0010638 -0.000499101
1.76667 -0.000264915 0.00123135 0.00339878
1.77083 -0.00215458 0.00228188 0.00383281
1.775 -0.00186055 0.00104975 0.000349331
1.77917 0.000323934 -0.00120912 -0.00345302
1.78333 0.00216105 -0.00221637 -0.00367346
1.7875 0.00178829 -0.00101067 -0.000215631
1.79167 -0.000338041 0.00109117 0.00317563
1.79583 -0.00195929 0.00191644 0.00298155
1.8 -0.00143461 0.000715498 -0.000363184
1.80417 0.000551847 -0.00112576 -0.00311398
1.80833 0.00181867 -0.00165216 -0.00240735
1.8125 0.00108881 -0.00043699 0.000699593
1.81667 -0.000691708 0.00106556 0.00263193
1.82083 -0.00151753 0.00122418 0.00139825
1.825 -0.000588628 2.75214e-05 -0.00130357
1.82917 0.000887052 -0.00103276 -0.00225554
1.83333 0.00119203 -0.0007736 -0.000506684
1.8375 9.7319e-05 0.000335109 0.00165252
1.84167 -0.000966069 0.000852028 0.00157073
1.84583 -0.000701417 0.000181303 -0.000545931
1.85 0.000485231 -0.000727977 -0.00195556
1.85417 0.00103855 -0.000647076 -0.000828903
1.85833 0.000230755 0.000326797 0.00142134
1.8625 -0.000902138 0.000889286 0.00186553
1.86667 -0.000862318 0.000236378 -0.000221975
1.87083 0.000375743 -0.000842581 -0.00230009
1.875 0.00125993 -0.000934874 -0.00164209
1.87917 0.000591856 0.000172646 0.00115966
1.88333 -0.000900798 0.00115949 0.00272112
1.8875 -0.0013815 0.000784407 0.0009807
1.89167 -0.000171277 -0.000569192 -0.00212079
1.89583 0.00134215 -0.00132762 -0.00283416
1.9 0.00132833 -0.000583081 -0.000134934
1.90417 -0.000274745 0.000859859 0.002922
1.90833 -0.00163917 0.00140512 0.00275124
1.9125 -0.0011647 0.000422462 -0.000522326
1.91667 0.000664262 -0.00108147 -0.00316663
1.92083 0.00181547 -0.0015069 -0.00214034
1.925 0.000986092 -0.000322698 0.0014301
1.92917 -0.000940208 0.00129129 0.00352778
1.93333 -0.00183587 0.00154884 0.00174673
1.9375 -0.000647664 -1.03618e-05 -0.00201916
1.94167 0.00138718 -0.00177129 -0.00362756
1.94583 0.00199683 -0.00164146 -0.00124958
1.95 0.000386564 0.000441711 0.00250851
1.95417 -0.00171975 0.00211829 0.00336954
1.95833 -0.00188658 0.00128262 0.000208153
1.9625 0.000184533 -0.0011801 -0.00345818
1.96667 0.00211472 -0.00225879 -0.00334327
1.97083 0.00156283 -0.000564716 0.000534008
1.975 -0.000879835 0.00180487 0.00365772
1.97917 -0.00228418 0.00190777 0.00232388
1.98333 -0.000957504 -0.000268586 -0.00181532
1.9875 0.00143834 -0.00190764 -0.00371988
1.99167 0.00198359 -0.00110599 -0.00116328
1.99583 0.000145578 0.000853478 0.00261366
2 -0.00170318 0.00151297 0.0030969
2.00417 -0.00139889 0.000402879 3.89404e-05
2.00833 0.000445648 -0.000852097 -0.0026353
2.0125 0.00153892 -0.000955418 -0.00194533
2.01667 0.000824707 -0.000217637 0.000821782
2.02083 -0.00058616 0.000460188 0.0022944
2.025 -0.00111586 0.000682262 0.00114516
2.02917 -0.000448408 0.000389562 -0.000955022
2.03333 0.000550881 -0.000357962 -0.00176545
2.0375 0.000935741 -0.00095432 -0.000751324
2.04167 0.000411441 -0.000524319 0.000869976
2.04583 -0.000534685 0.000714167 0.00148964
2.05 -0.000952271 0.00121122 0.000501398
2.05417 -0.00029853 0.000108371 -0.00107216
2.05833 0.000762968 -0.00123062 -0.00143866
2.0625 0.000922652 -0.000929389 -7.69954e-05
2.06667 -8.86647e-05 0.000627151 0.00135898
2.07083 -0.000961237 0.00124274 0.00100199
2.075 -0.000523107 0.000122308 -0.000633651
2.07917 0.00057484 -0.00101915 -0.00126304
2.08333 0.000785826 -0.000619858 -0.000110733
2.0875 -7.23351e-05 0.000497712 0.000980769
2.09167 -0.000646429 0.00065636 0.000422413
2.09583 -0.000179111 -0.000106524 -0.000709438
2.1 0.000439772 -0.000460375 -0.000542871
2.10417 0.00024849 -5.44895e-05 0.000515662
2.10833 -0.000285202 0.00022393 0.000558561
2.1125 -0.000217144 -2.37653e-06 -0.000543816
2.11667 0.000261359 -0.000134402 -0.000904968
2.12083 0.000274842 6.84349e-05 0.000173632
2.125 -0.000182152 9.99326e-05 0.000990207
2.12917 -0.000324247 -0.000126755 0.000254768
2.13333 1.70954e-05 -6.02005e-05 -0.000849426
2.1375 0.000222206 0.000248385 -0.000705635
2.14167 7.51401e-05 7.01122e-05 0.000242052
2.14583 -2.25787e-06 -0.000449869 0.000593402
2.15 4.10994e-05 -0.000228554 0.000285133
2.15417 -0.000176998 0.000656521 5.81716e-05
2.15833 -0.000392874 0.00060662 -0.000228374
2.1625 9.89448e-05 -0.000712476 -0.000816746
2.16667 0.000850458 -0.00120101 -0.000651473
2.17083 0.000458218 0.00034523 0.000896072
2.175 -0.000953914 0.00167727 0.00182374
2.17917 -0.0012406 0.000398178 4.94397e-06
2.18333 0.000476996 -0.0017492 -0.00256368
2.1875 0.00181488 -0.00125961 -0.00174174
2.19167 0.000484938 0.00130672 0.00204819
2.19583 -0.00178895 0.00188433 0.0033394
2.2 -0.00153106 -0.000493189 -0.000265424
2.20417 0.0010235 -0.00198302 -0.00372378
2.20833 0.00206138 -0.000268517 -0.00179724
2.2125 7.41204e-05 0.00165373 0.00279885
2.21667 -0.00185093 0.000687646 0.00338839
2.22083 -0.000977226 -0.00117657 -0.000573994
2.225 0.00101132 -0.000648398 -0.0031058
2.22917 0.00115341 0.000988091 -0.00106041
2.23333 -0.000159309 0.000454161 0.00187331
2.2375 -0.000597242 -0.00125704 0.00179412
2.24167 -4.41017e-05 -0.000604286 -2.72647e-05
2.24583 -4.75941e-05 0.00162771 -0.000800615
2.25 -0.000366749 0.00117474 -0.000755396
2.25417 0.000384154 -0.00183448 -0.000905289
2.25833 0.00130209 -0.00223389 -0.000149275
2.2625 0.000225181 0.00129631 0.00175075
2.26667 -0.0018289 0.00313468 0.00176453
2.27083 -0.00137526 -0.000135702 -0.00153643
2.275 0.00156728 -0.00346927 -0.00378558
2.27917 0.00253222 -0.00133394 -0.000746322
2.28333 -0.000436286 0.00297788 0.00390916
2.2875 -0.00305325 0.00258669 0.0030639
2.29167 -0.00120841 -0.00172318 -0.00257464
2.29583 0.00240369 -0.0030138 -0.00474185
2.3 0.00237464 0.000376051 -0.00011073
2.30417 -0.00104818 0.00267916 0.00454057
2.30833 -0.00265886 0.000622029 0.00269887
2.3125 -0.000456652 -0.00182581 -0.0024416
2.31667 0.00190869 -0.000928859 -0.00359476
2.32083 0.00132998 0.000979872 -2.96883e-05
2.325 -0.000613262 0.000602718 0.00283916
2.32917 -0.00116285 -0.000649446 0.00194042
2.33333 -0.000371658 -0.000195907 -0.000610121
2.3375 0.000328747 0.000706377 -0.00197445
2.34167 0.000676151 -0.000120959 -0.00147503
2.34583 0.000754318 -0.0012029 0.000390253
2.35 4.70333e-06 -0.000232244 0.00220366
2.35417 -0.00113975 0.00123946 0.00164172
2.35833 -0.000877274 0.000465597 -0.00145836
2.3625 0.00094031 -0.00134571 -0.0032293
2.36667 0.0017264 -0.00114829 -0.00066425
2.37083 8.67595e-05 0.000461402 0.00299667
2.375 -0.00155211 0.00057077 0.00232159
2.37917 -0.000664514 -0.000675815 -0.0018357
2.38333 0.00128282 -0.000839267 -0.00333885
2.3875 0.00137825 -0.000151185 -0.000287875
2.39167 -2.87703e-05 -0.000684763 0.00236708
2.39583 -0.000489334 -0.00153079 0.00106209
2.4 0.000188406 -0.000280892 -0.00135942
2.40417 0.000340733 0.00137415 -0.0013911
2.40833 8.78392e-05 -0.00024758 -0.000266819
2.4125 0.000731215 -0.00326675 -0.000206283
2.41667 0.00129964 -0.00200863 -7.28109e-05
2.42083 -0.000103835 0.00271889 0.00116225
2.425 -0.00190319 0.00330127 0.00102593
2.42917 -0.000734163 -0.00193723 -0.00166525
2.43333 0.00222008 -0.00442397 -0.00274552
2.4375 0.0019298 0.000935725 0.000881789
2.44167 -0.00208237 0.00621409 0.00442
2.44583 -0.00381257 0.00278214 0.00176447
2.45 -0.000189471 -0.00390982 -0.00369971
2.45417 0.00323783 -0.00269665 -0.00323994
2.45833 0.00081202 0.00466581 0.00305228
2.4625 -0.0038067 0.00602376 0.00551273
2.46667 -0.00324239 -0.00101971 0.000112026
2.47083 0.00166852 -0.00506495 -0.00486509
2.475 0.0032553 3.29895e-05 -0.00195289
2.47917 -0.000545722 0.00509879 0.00379738
2.48333 -0.00319292 0.00137329 0.00334166
2.4875 -0.00051912 -0.0048515 -0.00206303
2.49167 0.00282527 -0.00328203 -0.00380262
2.49583 0.00160643 0.00297751 2.04167e-05
2.5 -0.0015773 0.0032425 0.00268397
2.50417 -0.00142298 -0.00234155 0.000614887
2.50833 0.00109035 -0.00349642 -0.00168151
2.5125 0.00111793 0.00218943 -0.000376487
2.51667 -0.00136488 0.00528391 0.00159731
2.52083 -0.00194465 0.00100515 0.000808748
2.525 0.000113676 -0.0026774 -0.000513687
2.52917 0.000702074 0.000912018 0.000730813
2.53333 -0.00154255 0.00562485 0.00236193
2.5375 -0.00265752 0.00327687 0.000948352
2.54167 -0.000413034 -0.0022485 -0.00147346
2.54583 0.00155661 -0.00185609 -0.000606465
2.55 -2.98796e-05 0.00319023 0.00232358
2.55417 -0.00234705 0.00378656 0.00221662
2.55833 -0.00123982 -0.00130882 -0.00120456
2.5625 0.00168859 -0.00374477 -0.0026524
2.56667 0.00182386 -0.000104516 -5.4984e-06
2.57083 -0.000708892 0.00267716 0.00221396
2.575 -0.0014545 -0.00039737 0.000350916
2.57917 0.000851579 -0.00421071 -0.00260967
2.58333 0.00249113 -0.00290226 -0.00227246
2.5875 0.00121086 0.000317642 0.000197221
2.59167 -0.000347743 -0.000574219 0.000611053
2.59583 0.000496555 -0.00402771 -0.00136594
2.6 0.00216528 -0.00425119 -0.00239333
2.60417 0.00197675 -0.00132788 -0.00123671
2.60833 0.000603814 -0.000425043 -0.00012672
2.6125 0.000404023 -0.00257803 -0.000518869
2.61667 0.00130973 -0.00343296 -0.00112624
2.62083 0.00138527 -0.00112631 -0.000718186
2.625 0.000333656 0.000938263 -4.64763e-06
2.62917 -0.000316691 0.000335997 0.000125763
2.63333 -3.18948e-05 -0.000651173 8.11081e-05
2.6375 8.69823e-05 0.000517742 0.000419572
2.64167 -0.000579111 0.00258178 0.000840835
2.64583 -0.00130759 0.00312468 0.00099773
2.65 -0.00144143 0.00230617 0.00105601
2.65417 -0.0012146 0.00178143 0.00104479
2.65833 -0.00101113 0.00194407 0.000769561
2.6625 -0.000881337 0.00203239 0.000515157
2.66667 -0.000837524 0.00158395 0.00068381
2.67083 -0.000788408 0.000584189 0.000771787
2.675 -0.000350502 -0.000697599 2.39571e-05
2.67917 0.000497627 -0.00141604 -0.00096735
2.68333 0.000959086 -0.000954715 -0.000860883
2.6875 0.000505268 -0.000256562 0.000156079
2.69167 -6.21204e-05 -0.000769869 0.000390243
2.69583 0.000285371 -0.00193838 -0.000671413
2.7 0.00107369 -0.00173262 -0.00141253
2.70417 0.000982784 -3.02941e-05 -0.00059715
2.70833 -8.30583e-06 0.000846647 0.00069077
2.7125 -0.000546334 -0.000175022 0.000738893
2.71667 -5.09488e-05 -0.00105091 -0.000276361
2.72083 0.000449762 7.75006e-05 -0.000752955
2.725 4.28148e-05 0.00179 -3.27826e-05
2.72917 -0.000709557 0.001652 0.000904582
2.73333 -0.000805639 7.39352e-05 0.000957723
2.7375 -0.00029856 -0.000504067 0.000186414
2.74167 4.54542e-05 0.00045458 -0.000523926
2.74583 -3.73706e-07 0.000953535 -0.000516227
2.75 -2.61017e-05 -0.000155788 6.39728e-05
2.75417 0.000153128 -0.00140211 0.000476512
2.75833 0.000276019 -0.00110075 0.000145203
2.7625 0.00021273 0.00014996 -0.000640636
2.76667 0.000160281 0.000600895 -0.000920926
2.77083 0.000187939 -4.71847e-05 -0.000199176
2.775 7.55054e-05 -0.000525672 0.000783719
2.77917 -0.0002267 -6.90489e-05 0.000825284
2.78333 -0.000373075 0.000625447 -0.000177956
2.7875 -0.000119199 0.000597702 -0.00095334
2.79167 0.000238873 -8.84027e-05 -0.000449677
2.79583 0.000236815 -0.000574103 0.000710583
2.8 -0.000109368 -0.000279133 0.000992519
2.80417 -0.000343545 0.000478475 1.24439e-05
2.80833 -0.000189535 0.000790159 -0.000933416
2.8125 0.000146953 0.000157241 -0.0006262
2.81667 0.000285465 -0.000738774 0.000483967
2.82083 8.20616e-05 -0.000705177 0.000959067
2.825 -0.000240299 0.00026569 0.000226496
2.82917 -0.000264761 0.000719826 -0.000820118
2.83333 0.000167282 -0.000168819 -0.000949625
2.8375 0.000585712 -0.00109761 4.26222e-05
2.84167 0.000316526 -0.000444148 0.00109111
2.84583 -0.000501482 0.00108695 0.000949113
2.85 -0.000824484 0.00131604 -0.000309768
2.85417 -0.000108085 -0.000101241 -0.00111075
2.85833 0.00071849 -0.0011118 -0.000261984
2.8625 0.000464092 -0.000390673 0.00123091
2.86667 -0.000516852 0.000775249 0.00126441
2.87083 -0.000756096 0.000609625 -0.000394755
2.875 0.000166429 -0.000583156 -0.00156674
2.87917 0.000993854 -0.00112941 -0.000656881
2.88333 0.000608603 -0.000369627 0.00107893
2.8875 -0.000458661 0.000745059 0.00132264
2.89167 -0.000865661 0.00100204 -0.000150991
2.89583 -0.000201074 0.000187736 -0.00137663
2.9 0.000654044 -0.000750109 -0.000881696
2.90417 0.000654909 -0.000628583 0.000629633
2.90833 -0.000227589 0.00048705 0.00131004
2.9125 -0.000912331 0.0010083 0.000286447
2.91667 -0.000392786 -0.00010915 -0.00133298
2.92083 0.000867774 -0.00148693 -0.00153577
2.925 0.00122589 -0.00099943 0.000197814
2.92917 2.39843e-05 0.0009094 0.00186038
2.93333 -0.00120751 0.0015722 0.00124437
2.9375 -0.000697063 5.82122e-05 -0.000866835
2.94167 0.000950328 -0.00138683 -0.00141581
2.94583 0.00149744 -0.000793622 0.00065087
2.95 0.000323689 0.000646158 0.0026905
2.95417 -0.000670964 0.000631236 0.00208144
2.95833 0.000147348 -0.000825111 -1.19354e-05
2.9625 0.00188261 -0.00175551 -0.000341163
2.96667 0.00252457 -0.00117086 0.00194578
2.97083 0.0016891 -9.09626e-05 0.0044302
2.975 0.000936955 2.02079e-05 0.00481209
2.97917 0.0017215 -0.00116103 0.00366966
2.98333 0.00374108 -0.00261888 0.00354524
2.9875 0.00535941 -0.00300182 0.00598909
2.99167 0.0055048 -0.00223355 0.0097633
2.99583 0.00509716 -0.00198189 0.0121034
