0 0 0 0
0.00416667 0 0 0
0.00833333 0 0 0
0.0125 0 0 0
0.0166667 0 0 0
0.0208333 0 0 0
0.025 0 0 0
0.0291667 0 0 0
0.0333333 0 0 0
0.0375 0 0 0
0.0416667 0 0 0
0.0458333 0 0 0
0.05 0 0 0
0.0541667 0 0 0
0.0583333 0 0 0
0.0625 0 0 0
0.0666667 0 0 0
0.0708333 0 0 0
0.075 0 0 0
0.0791667 0 0 0
0.0833333 0 0 0
0.0875 0 0 0
0.0916667 0 0 0
0.0958333 0 0 0
0.1 0 0 0
0.104167 0 0 0
0.108333 0 0 0
0.1125 0 0 0
0.116667 0 0 0
0.120833 0 0 0
0.125 -1.82804e-322 3.78948e-321 8.18173e-321
0.129167 -2.0713e-316 2.85593e-315 6.08257e-315
0.133333 -1.00455e-310 1.3401e-309 2.85475e-309
0.1375 -3.2105e-305 4.14804e-304 8.8383e-304
0.141667 -6.93329e-300 8.68414e-299 1.85076e-298
0.145833 -1.03514e-294 1.25803e-293 2.68173e-293
0.15 -1.091e-289 1.28762e-288 2.74546e-288
0.154167 -8.27439e-285 9.49104e-284 2.02417e-283
0.158333 -4.59593e-280 5.12734e-279 1.09379e-278
0.1625 -1.9001e-275 2.0632e-274 4.40247e-274
0.166667 -5.93523e-271 6.27688e-270 1.33972e-269
0.170833 -1.42026e-266 1.46383e-265 3.12521e-265
0.175 -2.63716e-262 2.65056e-261 5.66038e-261
0.179167 -3.8451e-258 3.77085e-257 8.05508e-257
0.183333 -4.45137e-254 4.26178e-253 9.10643e-253
0.1875 -4.13403e-250 3.86602e-249 8.26326e-249
0.191667 -3.1098e-246 2.84205e-245 6.07648e-245
0.195833 -1.91194e-242 1.7084e-241 3.65381e-241
0.2 -9.68855e-239 8.46812e-238 1.81167e-237
0.204167 -4.07861e-235 3.48853e-234 7.46581e-234
0.208333 -1.437e-231 1.20329e-230 2.576e-230
0.2125 -4.26691e-228 3.49931e-227 7.49388e-227
0.216667 -1.07482e-224 8.63624e-224 1.85011e-223
0.220833 -2.311e-221 1.82e-220 3.9003e-220
0.225 -4.2662e-218 3.29417e-217 7.06201e-217
0.229167 -6.79903e-215 5.14913e-214 1.10427e-213
0.233333 -9.40325e-212 6.98694e-211 1.49896e-210
0.2375 -1.13415e-208 8.27064e-208 1.77502e-207
0.241667 -1.19853e-205 8.58043e-205 1.84222e-204
0.245833 -1.11465e-202 7.83633e-202 1.68312e-201
0.25 -9.16126e-200 6.32656e-199 1.35939e-198
0.254167 -6.68087e-197 4.53316e-196 9.74433e-196
0.258333 -4.33927e-194 2.8937e-193 6.22276e-193
0.2625 -2.51926e-191 1.65154e-190 3.55303e-190
0.266667 -1.31187e-188 8.4565e-188 1.82006e-187
0.270833 -6.14743e-186 3.89744e-185 8.39193e-185
0.275 -2.60037e-183 1.62183e-182 3.49364e-182
0.279167 -9.95883e-181 6.11168e-180 1.31712e-179
0.283333 -3.46298e-178 2.09158e-177 4.50958e-177
0.2875 -1.09632e-175 6.51818e-175 1.406e-174
0.291667 -3.16814e-173 1.85456e-172 4.00224e-172
0.295833 -8.37776e-171 4.82946e-170 1.04271e-169
0.3 -2.03209e-168 1.1538e-167 2.49231e-167
0.304167 -4.5315e-166 2.53467e-165 5.47778e-165
0.308333 -9.31052e-164 5.13127e-163 1.10948e-162
0.3125 -1.76625e-161 9.59283e-161 2.07519e-160
0.316667 -3.09992e-159 1.65944e-158 3.59163e-158
0.320833 -5.04321e-157 2.66138e-156 5.76313e-156
0.325 -7.61962e-155 3.96449e-154 8.58941e-154
0.329167 -1.07103e-152 5.49513e-152 1.19119e-151
0.333333 -1.40302e-150 7.09943e-150 1.53977e-149
0.3375 -1.71566e-148 8.56327e-148 1.85825e-147
0.341667 -1.96156e-146 9.65866e-146 2.09709e-145
0.345833 -2.10008e-144 1.02028e-143 2.21645e-143
0.35 -2.10853e-142 1.01085e-141 2.19718e-141
0.354167 -1.98815e-140 9.40666e-140 2.04578e-139
0.358333 -1.76296e-138 8.23307e-138 1.79157e-137
0.3625 -1.47209e-136 6.78641e-136 1.47761e-135
0.366667 -1.15899e-134 5.27501e-134 1.1492e-133
0.370833 -8.61418e-133 3.87122e-132 8.43869e-132
0.375 -6.05144e-131 2.68552e-130 5.85752e-130
0.379167 -4.02265e-129 1.76306e-128 3.8478e-128
0.383333 -2.53315e-127 1.09659e-126 2.39471e-126
0.3875 -1.51276e-125 6.46888e-125 1.41352e-124
0.391667 -8.57613e-124 3.62302e-123 7.92162e-123
0.395833 -4.62026e-122 1.92845e-121 4.21912e-121
0.4 -2.36765e-120 9.76479e-120 2.13772e-119
0.404167 -1.1552e-118 4.70809e-118 1.03136e-117
0.408333 -5.37129e-117 2.16347e-116 4.74236e-116
0.4125 -2.38216e-115 9.48344e-115 2.08013e-114
0.416667 -1.00857e-113 3.96882e-113 8.71106e-113
0.420833 -4.07988e-112 1.58708e-111 3.48574e-111
0.425 -1.57814e-110 6.06916e-110 1.33387e-109
0.429167 -5.84171e-109 2.22121e-108 4.88504e-108
0.433333 -2.07091e-107 7.78598e-107 1.71351e-106
0.4375 -7.0361e-106 2.61588e-105 5.76086e-105
0.441667 -2.29277e-104 8.42972e-104 1.85773e-103
0.445833 -7.17055e-103 2.60737e-102 5.75009e-102
0.45 -2.15377e-101 7.746e-101 1.70944e-100
0.454167 -6.21707e-100 2.21169e-99 4.88436e-99
0.458333 -1.7258e-98 6.07318e-98 1.34218e-97
0.4625 -4.6098e-97 1.60481e-96 3.5492e-96
0.466667 -1.18556e-95 4.08328e-95 9.03712e-95
0.470833 -2.93742e-94 1.00098e-93 2.21699e-93
0.475 -7.01556e-93 2.36548e-92 5.24296e-92
0.479167 -1.61603e-91 5.39178e-91 1.19594e-90
0.483333 -3.59224e-90 1.18603e-89 2.63268e-89
0.4875 -7.70966e-89 2.51907e-88 5.59589e-88
0.491667 -1.59839e-87 5.16875e-87 1.14906e-86
0.495833 -3.20274e-86 1.02506e-85 2.28053e-85
0.5 -6.20535e-85 1.96578e-84 4.3768e-84
0.504167 -1.1631e-83 3.64716e-83 8.12664e-83
0.508333 -2.10998e-82 6.54945e-82 1.46049e-81
0.5125 -3.70632e-81 1.13888e-80 2.54162e-80
0.516667 -6.30665e-80 1.91852e-79 4.28488e-79
0.520833 -1.04e-78 3.1322e-78 7.0011e-78
0.525 -1.66273e-77 4.95804e-77 1.10911e-76
0.529167 -2.57837e-76 7.61242e-76 1.70425e-75
0.533333 -3.87946e-75 1.13412e-74 2.54107e-74
0.5375 -5.66589e-74 1.64014e-73 3.67784e-73
0.541667 -8.03523e-73 2.30333e-72 5.16916e-72
0.545833 -1.10693e-71 3.14225e-71 7.05763e-71
0.55 -1.4818e-70 4.16571e-70 9.36404e-70
0.554167 -1.92821e-69 5.36848e-69 1.20777e-68
0.558333 -2.43987e-68 6.72781e-68 1.51484e-67
0.5625 -3.00308e-67 8.20165e-67 1.84823e-66
0.566667 -3.59663e-66 9.72911e-66 2.19427e-65
0.570833 -4.19267e-65 1.12338e-64 2.53575e-64
0.575 -4.75867e-64 1.26297e-63 2.85324e-63
0.579167 -5.2603e-63 1.38294e-62 3.12692e-62
0.583333 -5.6649e-62 1.47531e-61 3.33862e-61
0.5875 -5.94506e-61 1.53377e-60 3.47387e-60
0.591667 -6.08167e-60 1.55436e-59 3.52352e-59
0.595833 -6.06612e-59 1.53596e-58 3.48478e-58
0.6 -5.90114e-58 1.48032e-57 3.36143e-57
0.604167 -5.6003e-57 1.39185e-56 3.16327e-56
0.608333 -5.18618e-56 1.27703e-55 2.90483e-55
0.6125 -4.68761e-55 1.14364e-54 2.60367e-54
0.616667 -4.13647e-54 9.99918e-54 2.27843e-53
0.620833 -3.56438e-53 8.53738e-53 1.94704e-52
0.625 -2.99995e-52 7.11986e-52 1.62517e-51
0.629167 -2.46672e-51 5.801e-51 1.32529e-50
0.633333 -1.98196e-50 4.61865e-50 1.05609e-49
0.6375 -1.55645e-49 3.59417e-49 8.22553e-49
0.641667 -1.19489e-48 2.73431e-48 6.26314e-48
0.645833 -8.9695e-48 2.03399e-47 4.66308e-47
0.65 -6.58474e-47 1.47976e-46 3.39542e-46
0.654167 -4.72852e-46 1.05307e-45 2.41846e-45
0.658333 -3.32209e-45 7.33211e-45 1.68536e-44
0.6625 -2.2839e-44 4.99563e-44 1.14929e-43
0.666667 -1.53675e-43 3.33133e-43 7.67074e-43
0.670833 -1.0122e-42 2.17465e-42 5.01172e-42
0.675 -6.52743e-42 1.38989e-41 3.20593e-41
0.679167 -4.12196e-41 8.69885e-41 2.00823e-40
0.683333 -2.54931e-40 5.33222e-40 1.23207e-39
0.6875 -1.54443e-39 3.20175e-39 7.40437e-39
0.691667 -9.16665e-39 1.88352e-38 4.35956e-38
0.695833 -5.33108e-38 1.08572e-37 2.51515e-37
0.7 -3.03842e-37 6.13339e-37 1.42205e-36
0.704167 -1.69735e-36 3.39609e-36 7.88063e-36
0.708333 -9.29498e-36 1.84338e-35 4.28117e-35
0.7125 -4.99043e-35 9.80995e-35 2.28023e-34
0.716667 -2.62723e-34 5.11912e-34 1.19088e-33
0.720833 -1.3564e-33 2.61973e-33 6.0994e-33
0.725 -6.8685e-33 1.31494e-32 3.06402e-32
0.729167 -3.41173e-32 6.47434e-32 1.50985e-31
0.733333 -1.66256e-31 3.12737e-31 7.2991e-31
0.7375 -7.94917e-31 1.48221e-30 3.46214e-30
0.741667 -3.72957e-30 6.8934e-30 1.61143e-29
0.745833 -1.71726e-29 3.1463e-29 7.36063e-29
0.75 -7.76065e-29 1.40947e-28 3.29993e-28
0.754167 -3.44266e-28 6.1979e-28 1.45219e-27
0.758333 -1.49922e-27 2.67554e-27 6.27357e-27
0.7625 -6.40996e-27 1.13397e-26 2.66086e-26
0.766667 -2.69095e-26 4.71899e-26 1.10811e-25
0.770833 -1.10931e-25 1.92841e-25 4.53151e-25
0.775 -4.491e-25 7.73907e-25 1.81984e-24
0.779167 -1.78569e-24 3.05039e-24 7.17786e-24
0.783333 -6.97398e-24 1.18095e-23 2.78074e-23
0.7875 -2.67547e-23 4.49112e-23 1.05819e-22
0.791667 -1.00832e-22 1.67786e-22 3.95585e-22
0.795833 -3.73342e-22 6.15841e-22 1.45284e-21
0.8 -1.35817e-21 2.22085e-21 5.24233e-21
0.804167 -4.85482e-21 7.86937e-21 1.85863e-20
0.808333 -1.70525e-20 2.74003e-20 6.4751e-20
0.8125 -5.88604e-20 9.37548e-20 2.21673e-19
0.816667 -1.99667e-19 3.15266e-19 7.45783e-19
0.820833 -6.65671e-19 1.04191e-18 2.46588e-18
0.825 -2.18125e-18 3.38432e-18 8.01325e-18
0.829167 -7.02526e-18 1.0805e-17 2.55943e-17
0.833333 -2.22408e-17 3.39082e-17 8.03516e-17
0.8375 -6.92127e-17 1.046e-16 2.47958e-16
0.841667 -2.11731e-16 3.17189e-16 7.52155e-16
0.845833 -6.36738e-16 9.4554e-16 2.24283e-15
0.85 -1.88246e-15 2.77095e-15 6.57441e-15
0.854167 -5.47132e-15 7.98313e-15 1.89451e-14
0.858333 -1.56339e-14 2.26112e-14 5.36694e-14
0.8625 -4.39196e-14 6.29632e-14 1.49469e-13
0.866667 -1.21303e-13 1.72372e-13 4.09235e-13
0.870833 -3.29389e-13 4.63946e-13 1.10153e-12
0.875 -8.79372e-13 1.22769e-12 2.91486e-12
0.879167 -2.30814e-12 3.19398e-12 7.58298e-12
0.883333 -5.95627e-12 8.16943e-12 1.93935e-11
0.8875 -1.51114e-11 2.0543e-11 4.87596e-11
0.891667 -3.76917e-11 5.07854e-11 1.20516e-10
0.895833 -9.24247e-11 1.23427e-10 2.92816e-10
0.9 -2.22802e-10 2.9489e-10 6.99356e-10
0.904167 -5.27987e-10 6.92592e-10 1.64187e-09
0.908333 -1.22994e-09 1.59898e-09 3.78877e-09
0.9125 -2.8163e-09 3.62855e-09 8.5931e-09
0.916667 -6.3385e-09 8.09331e-09 1.91545e-08
0.920833 -1.4021e-08 1.77416e-08 4.19593e-08
0.925 -3.04806e-08 3.8221e-08 9.03215e-08
0.929167 -6.5116e-08 8.09131e-08 1.91039e-07
0.933333 -1.36689e-07 1.68307e-07 3.96988e-07
0.9375 -2.81913e-07 3.43962e-07 8.10424e-07
0.941667 -5.71198e-07 6.90548e-07 1.62508e-06
0.945833 -1.13683e-06 1.36175e-06 3.20044e-06
0.95 -2.2222e-06 2.63732e-06 6.18947e-06
0.954167 -4.26565e-06 5.01563e-06 1.17527e-05
0.958333 -8.03953e-06 9.36506e-06 2.1907e-05
0.9625 -1.48745e-05 1.71649e-05 4.00785e-05
0.966667 -2.70106e-05 3.08765e-05 7.19496e-05
0.970833 -4.81297e-05 5.44974e-05 0.000126716
0.975 -8.41344e-05 9.43579e-05 0.000218884
0.979167 -0.000144245 0.000160221 0.000370721
0.983333 -0.000242477 0.000266727 0.000615457
0.9875 -0.000399523 0.000435193 0.00100119
0.991667 -0.000644998 0.000695669 0.00159525
0.995833 -0.00101988 0.00108907 0.00248861
1 -0.00157878 0.00166893 0.00379916
1.00417 -0.00239143 0.00250228 0.00567264
1.00833 -0.00354255 0.00366856 0.00827916
1.0125 -0.00512888 0.00525577 0.0118029
1.01667 -0.00725208 0.00735252 0.0164226
1.02083 -0.0100063 0.0100352 0.0222818
1.025 -0.01346 0.0133497 0.0294472
1.02917 -0.017631 0.0172889 0.0378591
1.03333 -0.0224589 0.0217678 0.047278
1.0375 -0.0277763 0.0265998 0.0572394
1.04167 -0.0332862 0.0314813 0.067027
1.04583 -0.0385523 0.0359907 0.0756828
1.05 -0.0430124 0.0396078 0.0820644
1.05417 -0.0460185 0.04176 0.0849599
1.05833 -0.0469089 0.0418935 0.0832553
1.0625 -0.0451078 0.0395657 0.0761372
1.06667 -0.0402383 0.0345419 0.063296
1.07083 -0.0322301 0.0268797 0.0450851
1.075 -0.0213946 0.0169759 0.022585
1.07917 -0.00844066 0.00555638 -0.0024649
1.08333 0.00558509 -0.00640213 -0.0278802
1.0875 0.0194378 -0.0178128 -0.0513684
1.09167 0.0318729 -0.02766 -0.0709235
1.09583 0.0418636 -0.0351801 -0.0851863
1.1 0.0487854 -0.039998 -0.0936716
1.10417 0.0525138 -0.0421776 -0.0967899
1.10833 0.0534042 -0.0421691 -0.0956504
1.1125 0.0521556 -0.0406669 -0.0917021
1.11667 0.0496001 -0.0384222 -0.0863352
1.12083 0.04649 -0.0360759 -0.0805904
1.125 0.0433618 -0.0340715 -0.0750913
1.12917 0.0405318 -0.0326814 -0.0702287
1.13333 0.0382223 -0.0321287 -0.0665122
1.1375 0.0367583 -0.0327412 -0.064903
1.14167 0.0367265 -0.0350444 -0.0669165
1.14583 0.0389847 -0.0397136 -0.0743444
1.15 0.0444584 -0.0473556 -0.0886049
1.15417 0.0537531 -0.0581718 -0.109909
1.15833 0.0667059 -0.0716203 -0.136569
1.1625 0.0820624 -0.0862301 -0.164793
1.16667 0.0974508 -0.099683 -0.189149
1.17083 0.109729 -0.109189 -0.203661
1.175 0.115639 -0.112066 -0.203196
1.17917 0.112573 -0.106341 -0.184696
1.18333 0.0991836 -0.0911829 -0.147812
1.1875 0.0756424 -0.0670248 -0.0947611
1.19167 0.0434771 -0.0353751 -0.0295536
1.19583 0.00510049 0.00156435 0.0430292
1.2 -0.0367363 0.041293 0.118232
1.20417 -0.0793322 0.0812638 0.191621
1.20833 -0.120148 0.118949 0.258912
1.2125 -0.156695 0.151799 0.315644
1.21667 -0.186397 0.177246 0.357113
1.22083 -0.206629 0.192884 0.378831
1.225 -0.21504 0.196837 0.377434
1.22917 -0.210082 0.188207 0.351685
1.23333 -0.191519 0.167413 0.303116
1.2375 -0.160693 0.136256 0.235998
1.24167 -0.120395 0.0976714 0.156656
1.24583 -0.0744151 0.055256 0.0724306
1.25 -0.0269372 0.0127451 -0.00934054
1.25417 0.0180035 -0.0264131 -0.0820771
1.25833 0.0569026 -0.0593309 -0.140437
1.2625 0.0870208 -0.0838434 -0.180676
1.26667 0.106562 -0.0986356 -0.200994
1.27083 0.114843 -0.103365 -0.201798
1.275 0.112405 -0.0987271 -0.185664
1.27917 0.100948 -0.0863834 -0.156838
1.28333 0.0830142 -0.0686923 -0.120334
1.2875 0.0614833 -0.0483099 -0.0809798
1.29167 0.0390635 -0.0277858 -0.0428136
1.29583 0.0179872 -0.00927943 -0.00899676
1.3 -2.95531e-05 0.00557159 0.0179582
1.30417 -0.0136928 0.0157073 0.0360949
1.30833 -0.0221248 0.0207266 0.0443709
1.3125 -0.0250691 0.0210064 0.0433244
1.31667 -0.0231884 0.0177382 0.0354711
1.32083 -0.0181442 0.0127076 0.0248192
1.325 -0.012193 0.00775716 0.0154059
1.32917 -0.00733767 0.00410131 0.00951652
1.33333 -0.00445031 0.00185767 0.00668687
1.3375 -0.00293337 0.000125965 0.00428806
1.34167 -0.00123856 -0.00233718 -0.000477976
1.34583 0.00197774 -0.00619035 -0.00835701
1.35 0.00676304 -0.0108938 -0.017093
1.35417 0.0115912 -0.0148453 -0.0225272
1.35833 0.0141697 -0.0162522 -0.0211716
1.3625 0.0128804 -0.0142358 -0.0126182
1.36667 0.00793052 -0.00947772 -0.000155268
1.37083 0.00143042 -0.00397485 0.01089
1.375 -0.0036984 -3.14248e-05 0.0160482
1.37917 -0.00530378 0.000901959 0.0139913
1.38333 -0.00307611 -0.0011443 0.00682042
1.3875 0.00151352 -0.00487674 -0.00161648
1.39167 0.00625382 -0.00856052 -0.00804794
1.39583 0.00943047 -0.0108643 -0.0111544
1.4 0.0104541 -0.0112428 -0.0113241
1.40417 0.0096296 -0.00978538 -0.00942661
1.40833 0.00748761 -0.00685007 -0.00589414
1.4125 0.00435244 -0.00286503 -0.000899065
1.41667 0.000482165 0.00159207 0.00473633
1.42083 -0.00348981 0.00566967 0.00904834
1.425 -0.00641309 0.00839362 0.00969837
1.42917 -0.00712823 0.00915728 0.00566648
1.43333 -0.00534516 0.00823305 -0.00147955
1.4375 -0.00215888 0.00683902 -0.0080132
1.44167 0.000371642 0.00655604 -0.0102155
1.44583 0.000453441 0.00839105 -0.00687209
1.45 -0.00222659 0.0121223 -0.000242588
1.45417 -0.0062269 0.0164325 0.00535131
1.45833 -0.00930002 0.0197912 0.00641633
1.4625 -0.00993536 0.0214902 0.00260558
1.46667 -0.00839006 0.0220926 -0.00320244
1.47083 -0.00645669 0.0229716 -0.00707435
1.475 -0.00614893 0.0252732 -0.00679388
1.47917 -0.00828343 0.0290548 -0.00320034
1.48333 -0.0119851 0.0332005 0.000781691
1.4875 -0.015417 0.0361306 0.00252309
1.49167 -0.0171107 0.0367434 0.00158069
1.49583 -0.0168661 0.034903 -0.000294342
1.5 -0.015592 0.0311845 -0.0008675
1.50417 -0.0143222 0.0261768 0.000646747
1.50833 -0.0132711 0.0199631 0.00300878
1.5125 -0.0116983 0.0122027 0.00412989
1.51667 -0.0086526 0.00271549 0.00294758
1.52083 -0.00393443 -0.00795849 0.000399556
1.525 0.00155448 -0.0185312 -0.00133461
1.52917 0.00638514 -0.0275433 -0.000710925
1.53333 0.00964213 -0.0341129 0.00174245
1.5375 0.0115734 -0.038273 0.00367254
1.54167 0.0132912 -0.0406313 0.00273232
1.54583 0.0157331 -0.0416368 -0.00141733
1.55 0.0187143 -0.041068 -0.00657299
1.55417 0.0208771 -0.0382027 -0.00947185
1.55833 0.0206573 -0.0325802 -0.00824894
1.5625 0.0175651 -0.0247633 -0.00396873
1.56667 0.0127676 -0.016441 5.61727e-05
1.57083 0.00844339 -0.00968383 0.000761457
1.575 0.00631903 -0.00581381 -0.00223573
1.57917 0.00647433 -0.0046935 -0.00621601
1.58333 0.00735682 -0.00496909 -0.0074035
1.5875 0.00704122 -0.0051097 -0.00397058
1.59167 0.00478488 -0.00448407 0.00237014
1.59583 0.00165495 -0.00368398 0.00754493
1.6 -0.000298011 -0.00388407 0.00824438
1.60417 0.000312158 -0.00577839 0.0045445
1.60833 0.00306085 -0.00896042 -0.000119278
1.6125 0.00602212 -0.0122439 -0.00167945
1.61667 0.00731599 -0.0146438 0.00129686
1.62083 0.00664194 -0.016181 0.00646157
1.625 0.00552124 -0.0178078 0.00962108
1.62917 0.00601311 -0.0204806 0.00817953
1.63333 0.00893739 -0.0241399 0.00325573
1.6375 0.0130697 -0.0274713 -0.00126384
1.64167 0.0159906 -0.028705 -0.00192124
1.64583 0.0159074 -0.0268543 0.00153994
1.65 0.012968 -0.0224048 0.00609617
1.65417 0.00901635 -0.0168913 0.00803548
1.65833 0.00603597 -0.0116875 0.00597857
1.6625 0.00458759 -0.00697068 0.00182188
1.66667 0.00349748 -0.00167182 -0.00106194
1.67083 0.000971052 0.00557817 -0.000717182
1.675 -0.00386444 0.0152829 0.00187085
1.67917 -0.0102657 0.0265997 0.00379239
1.68333 -0.0165161 0.0378446 0.00275584
1.6875 -0.0212608 0.0474806 -0.0010491
1.69167 -0.0243753 0.0547717 -0.00524791
1.69583 -0.0267022 0.0596664 -0.00732716
1.7 -0.0289915 0.062185 -0.00662473
1.70417 -0.0310234 0.0619771 -0.00466176
1.70833 -0.0316667 0.0584757 -0.00369799
1.7125 -0.0297851 0.0514793 -0.00482879
1.71667 -0.0252015 0.0415897 -0.00718243
1.72083 -0.0189194 0.0300781 -0.00875527
1.725 -0.0124486 0.0182701 -0.00808168
1.72917 -0.00680857 0.00694425 -0.00535776
1.73333 -0.00199759 -0.00380463 -0.00218834
1.7375 0.00270438 -0.0141878 -0.000265327
1.74167 0.00790937 -0.0241761 -8.60694e-05
1.74583 0.0134602 -0.0332013 -0.000704738
1.75 0.0184364 -0.0402866 -0.00064037
1.75417 0.0217695 -0.0444836 0.00084414
1.75833 0.0229488 -0.0453225 0.0031311
1.7625 0.0222743 -0.0430182 0.00477456
1.76667 0.0205169 -0.0383324 0.00470945
1.77083 0.0183093 -0.0321941 0.00314229
1.775 0.0157706 -0.0253302 0.00138685
1.77917 0.0126384 -0.018153 0.000774081
1.78333 0.00875308 -0.0109486 0.00153971
1.7875 0.00445874 -0.00413333 0.00263478
1.79167 0.000547533 0.0017375 0.0026509
1.79583 -0.00224574 0.006278 0.00109604
1.8 -0.00379846 0.00958652 -0.00109533
1.80417 -0.00470782 0.0121647 -0.00232455
1.80833 -0.0057877 0.0144125 -0.00175098
1.8125 -0.00732841 0.0161654 -9.84486e-05
1.81667 -0.00877665 0.0167967 0.000961397
1.82083 -0.00919456 0.0158667 0.000364778
1.825 -0.00815485 0.0137035 -0.00129225
1.82917 -0.00625114 0.0113022 -0.00227703
1.83333 -0.00468037 0.00959421 -0.00140292
1.8375 -0.00422156 0.00878204 0.000751181
1.84167 -0.00457436 0.00836646 0.00235167
1.84583 -0.00473036 0.00778513 0.00211659
1.85 -0.00403615 0.00699317 0.000609652
1.85417 -0.00287829 0.00644459 -0.000343807
1.85833 -0.00227685 0.00658367 0.000436443
1.8625 -0.00280557 0.00740478 0.00224035
1.86667 -0.00397823 0.00846276 0.00322576
1.87083 -0.00474617 0.00920191 0.00239406
1.875 -0.00454527 0.00921934 0.000652637
1.87917 -0.00374014 0.00829091 -0.00020098
1.88333 -0.00301561 0.00630776 0.000546444
1.8875 -0.00246936 0.00329422 0.00178197
1.89167 -0.00147696 -0.000540014 0.00186089
1.89583 0.000532382 -0.00484558 0.00044415
1.9 0.00331941 -0.00924473 -0.00118854
1.90417 0.0059754 -0.013368 -0.00162585
1.90833 0.00777363 -0.0168367 -0.000854911
1.9125 0.00876691 -0.0193606 -0.000145378
1.91667 0.0095332 -0.020923 -0.000557329
1.92083 0.0104403 -0.0217345 -0.0018189
1.925 0.0112316 -0.0218442 -0.002725
1.92917 0.0112864 -0.0208643 -0.00246686
1.93333 0.0102209 -0.0183191 -0.00143133
1.9375 0.00825068 -0.0143263 -0.000729634
1.94167 0.00600386 -0.00969975 -0.00102543
1.94583 0.00395853 -0.00519696 -0.00184609
1.95 0.00203275 -0.000829875 -0.0020666
1.95417 -0.000221394 0.00381012 -0.00112126
1.95833 -0.00296398 0.00861364 0.000310165
1.9625 -0.00567398 0.0126803 0.000980725
1.96667 -0.0075346 0.0151039 0.000477239
1.97083 -0.00821312 0.0158077 -0.000268795
1.975 -0.00814287 0.0154601 -5.49112e-05
1.97917 -0.00800417 0.0147533 0.00115869
1.98333 -0.00803859 0.0139325 0.00217948
1.9875 -0.00792703 0.01285 0.00194322
1.99167 -0.00723573 0.0112247 0.000680324
1.99583 -0.00590086 0.00890394 -0.000368961
2 -0.00432906 0.00604818 -0.000242211
2.00417 -0.00303068 0.0030003 0.000792458
2.00833 -0.00204157 -9.95181e-05 0.00144288
2.0125 -0.000761561 -0.0032889 0.000626638
2.01667 0.00131058 -0.00614889 -0.00124076
2.02083 0.00358984 -0.00764118 -0.00233067
2.025 0.00464291 -0.00722293 -0.00132903
2.02917 0.00386543 -0.00589184 0.000691357
2.03333 0.00253814 -0.00524699 0.00116128
2.0375 0.0024575 -0.0054594 -0.000763299
2.04167 0.00362594 -0.00516268 -0.00276613
2.04583 0.00423023 -0.00366782 -0.00217286
2.05 0.00314643 -0.00213515 0.000443644
2.05417 0.001478 -0.00178292 0.00194565
2.05833 0.000956013 -0.00206242 0.000825803
2.0625 0.00165917 -0.00188134 -0.000974112
2.06667 0.00231707 -0.00171054 -0.000990432
2.07083 0.0022937 -0.00269741 0.000611588
2.075 0.0020469 -0.00420037 0.00191265
2.07917 0.00190042 -0.00439973 0.00197288
2.08333 0.00171535 -0.00344989 0.00125186
2.0875 0.00178682 -0.00359978 0.000281028
2.09167 0.00261555 -0.00540135 -0.00042671
2.09583 0.00350686 -0.00628995 9.03237e-05
2.1 0.00297234 -0.00447065 0.00187744
2.10417 0.00115702 -0.00184929 0.00279594
2.10833 0.000168828 -0.000782982 0.000943123
2.1125 0.000866345 7.36944e-06 -0.00186503
2.11667 0.00105665 0.00310765 -0.00183646
2.12083 -0.00128687 0.00744139 0.00110819
2.125 -0.00448821 0.00953044 0.00256534
2.12917 -0.00536277 0.00922295 2.79054e-05
2.13333 -0.00405496 0.00984354 -0.00315387
2.1375 -0.0036647 0.0121288 -0.00279923
2.14167 -0.0051635 0.0126334 -0.000159539
2.14583 -0.00601111 0.00988297 0.000492911
2.15 -0.00465523 0.00745884 -0.00130987
2.15417 -0.00306428 0.00787554 -0.00220869
2.15833 -0.00298794 0.00767128 -0.00110932
2.1625 -0.00275335 0.00308106 -0.000546129
2.16667 -0.000476097 -0.00286633 -0.00144646
2.17083 0.00206292 -0.00468846 -0.00129153
2.175 0.00221666 -0.00368784 0.000795413
2.17917 0.00136716 -0.0060502 0.00161535
2.18333 0.00292434 -0.0121606 -0.000624232
2.1875 0.00623857 -0.015193 -0.00235136
2.19167 0.0070268 -0.0120492 -5.16623e-05
2.19583 0.00426757 -0.00852506 0.00346016
2.2 0.00211498 -0.00977115 0.00300373
2.20417 0.00328619 -0.0118932 -0.000649994
2.20833 0.00473961 -0.00873725 -0.00183894
2.2125 0.00278383 -0.00228438 0.00106698
2.21667 -0.000943855 0.000807898 0.00334718
2.22083 -0.00239296 0.000272052 0.00164759
2.225 -0.00162889 0.00198268 -0.00110011
2.22917 -0.00205252 0.00716641 -0.00101004
2.23333 -0.00418576 0.00983354 0.00070266
2.2375 -0.00485783 0.00687017 0.000601283
2.24167 -0.00288577 0.003473 -0.000992947
2.24583 -0.00120511 0.00456819 -0.00114188
2.25 -0.001812 0.00671821 0.000160584
2.25417 -0.00234858 0.0042076 3.58203e-05
2.25833 -0.000294977 -0.000963622 -0.00185244
2.2625 0.00236589 -0.00208107 -0.00221238
2.26667 0.0021218 0.00119101 0.000335483
2.27083 -0.00019464 0.00222786 0.00238669
2.275 -0.00051226 -0.00141123 0.000881598
2.27917 0.00185529 -0.00360356 -0.00172505
2.28333 0.00283684 0.00033476 -0.000935298
2.2875 2.69558e-05 0.00557372 0.00267908
2.29167 -0.00328306 0.00526621 0.00404207
2.29583 -0.00312382 0.00165122 0.00133568
2.3 -0.00102492 0.00233185 -0.0011719
2.30417 -0.00137856 0.00752172 0.000157757
2.30833 -0.0042245 0.00940063 0.00275202
2.3125 -0.00524232 0.00494214 0.00231023
2.31667 -0.00290755 0.00083834 -0.000191637
2.32083 -0.000827734 0.00207433 -0.000591175
2.325 -0.00139367 0.00348915 0.00114792
2.32917 -0.00173045 -0.00104729 0.00116294
2.33333 0.000953901 -0.00746584 -0.00108863
2.3375 0.00397903 -0.00794394 -0.00169415
2.34167 0.00355053 -0.00429327 0.00044307
2.34583 0.0015595 -0.00504253 0.00107947
2.35 0.00265757 -0.010848 -0.00194861
2.35417 0.00619786 -0.0133245 -0.00430668
2.35833 0.0070417 -0.00930287 -0.00221871
2.3625 0.00414551 -0.00581886 0.000852068
2.36667 0.00221816 -0.00758829 -0.000215607
2.37083 0.00367876 -0.00922081 -0.00368339
2.375 0.00486073 -0.00532711 -0.00402009
2.37917 0.00263836 6.17948e-05 -0.000987424
2.38333 -0.000469957 0.00117684 0.000697731
2.3875 -0.0011979 0.00072494 -0.000473061
2.39167 -0.00101815 0.00433184 -0.00127051
2.39583 -0.00269256 0.00991585 -0.00014534
2.4 -0.00496973 0.0112701 0.000791418
2.40417 -0.00515034 0.00887659 0.000736137
2.40833 -0.00417616 0.00846279 0.00155233
2.4125 -0.00461148 0.0106455 0.00311217
2.41667 -0.00559951 0.0104414 0.00259614
2.42083 -0.00442434 0.00654638 1.14768e-06
2.425 -0.00171514 0.00318948 -0.000749842
2.42917 -0.000531724 0.00225091 0.0016609
2.43333 -0.00101096 0.000773567 0.00312974
2.4375 -0.000358881 -0.00245671 0.000680901
2.44167 0.00198504 -0.00449476 -0.00251248
2.44583 0.00342719 -0.00417826 -0.00221916
2.45 0.00285137 -0.00440292 0.00029681
2.45417 0.0022113 -0.00624762 0.000914967
2.45833 0.00265176 -0.00653634 -0.000746541
2.4625 0.00272266 -0.00396943 -0.00175508
2.46667 0.00169988 -0.00217772 -0.00125191
2.47083 0.00117856 -0.00317708 -0.000930064
2.475 0.00163839 -0.00306585 -0.00086802
2.47917 0.00081982 0.00108621 0.000523511
2.48333 -0.00204264 0.00479007 0.00223691
2.4875 -0.00355416 0.00271953 0.00114843
2.49167 -0.00115186 -0.00181082 -0.0019681
2.49583 0.00185504 -0.00152811 -0.00194201
2.5 0.000776596 0.00244888 0.00248121
2.50417 -0.00253494 0.00182672 0.00488256
2.50833 -0.00189513 -0.00467312 0.000550621
2.5125 0.00310331 -0.00805851 -0.00482603
2.51667 0.00560678 -0.00366621 -0.00293119
2.52083 0.00219504 0.000655975 0.00364777
2.525 -0.00144925 -0.00220426 0.0047191
2.52917 0.000179823 -0.00607741 -0.00130682
2.53333 0.00342844 -0.00222618 -0.00482851
2.5375 0.00208947 0.00463745 -0.000802073
2.54167 -0.00187198 0.00399974 0.00355827
2.54583 -0.0022295 -0.00153022 0.00166278
2.55 0.000217546 -0.00017916 -0.00196844
2.55417 -0.000471719 0.00780251 -0.00115545
2.55833 -0.00391164 0.00969677 0.00107981
2.5625 -0.00390467 0.00276617 -0.000233614
2.56667 -0.000400037 -0.00036975 -0.0018563
2.57083 -0.000284573 0.005909 0.000720163
2.575 -0.00448131 0.00981007 0.00307871
2.57917 -0.00517042 0.00289529 -0.000505923
2.58333 0.00044105 -0.00480769 -0.00505445
2.5875 0.00425171 -0.00234839 -0.00230974
2.59167 0.000757766 0.00339517 0.00420758
2.59583 -0.0033954 0.000653161 0.00407992
2.6 -0.000653395 -0.00667411 -0.00261578
2.60417 0.00493779 -0.00686206 -0.00536075
2.60833 0.004964 -0.000869192 -0.000194031
2.6125 0.000215471 0.000586863 0.00496617
2.61667 -0.00177619 -0.00421706 0.00341847
2.62083 0.0010875 -0.00663087 -0.00155215
2.625 0.00379833 -0.00303041 -0.00341979
2.62917 0.00283238 0.000769036 -0.000887373
2.63333 -1.18701e-05 0.000450558 0.00258423
2.6375 -0.00167909 -0.00109829 0.00323788
2.64167 -0.00138072 -3.44358e-05 0.0002158
2.64583 -0.000340121 0.00298751 -0.00311508
2.65 -0.000296015 0.00467378 -0.00236225
2.65417 -0.00162172 0.00313501 0.00161884
2.65833 -0.00248862 8.09782e-05 0.00313101
2.6625 -0.00145868 -0.000533514 0.000149251
2.66667 -6.19175e-05 0.00209041 -0.0026563
2.67083 -0.000168765 0.00317441 -0.00176292
2.675 -0.000509304 -0.000465389 0.000314276
2.67917 0.000561964 -0.00381807 0.000744773
2.68333 0.00119473 -0.00111545 0.000617329
2.6875 -0.000437384 0.00343632 0.000631016
2.69167 -0.0015215 0.00169108 -0.000785398
2.69583 0.00088247 -0.00430934 -0.00247976
2.7 0.00359937 -0.00529414 -0.000791275
2.70417 0.00207532 -0.00044278 0.00295616
2.70833 -0.00134553 0.00177174 0.00281235
2.7125 -0.00100833 -0.00153677 -0.0016914
2.71667 0.00237291 -0.00366379 -0.00379379
2.72083 0.00301479 -0.00058185 -0.00035017
2.725 -0.000347796 0.00329777 0.00339464
2.72917 -0.00315228 0.00370659 0.00253713
2.73333 -0.00259299 0.00222486 -0.000956138
2.7375 -0.000613605 0.00155443 -0.00275137
2.74167 0.000232784 0.00171448 -0.00148326
2.74583 -0.000522552 0.00188154 0.00150407
2.75 -0.00192433 0.00140743 0.0032538
2.75417 -0.00211278 -0.000273324 0.000978946
2.75833 3.32414e-05 -0.001823 -0.00332852
2.7625 0.00229572 -0.00100962 -0.00345066
2.76667 0.00143994 0.000617688 0.00165446
2.77083 -0.00116158 -0.000764108 0.004568
2.775 -0.00102948 -0.00386319 0.000776429
2.77917 0.00186654 -0.00368129 -0.00367544
2.78333 0.00306992 -0.00112144 -0.00230854
2.7875 0.00154213 -0.00186437 0.00159568
2.79167 0.000734314 -0.00491945 0.00209225
2.79583 0.00140042 -0.00346368 0.000263838
2.8 0.000765438 0.00188872 -0.000387407
2.80417 -0.00088859 0.00318699 -0.000714151
2.80833 -0.000555672 -0.000136242 -0.00153334
2.8125 0.0006507 -7.15299e-05 -0.000229992
2.81667 -0.000991158 0.00473335 0.00266724
2.82083 -0.00391861 0.00641 0.00197257
2.825 -0.00322031 0.00258981 -0.00236927
2.82917 0.000237167 3.70171e-05 -0.00333542
2.83333 0.00103589 0.00154129 0.00109512
2.8375 -0.00127676 0.00216635 0.00391658
2.84167 -0.00209539 0.000114772 0.00114223
2.84583 -0.000203729 -0.00074759 -0.00220047
2.85 0.001272 0.000198639 -0.00168722
2.85417 0.00108007 -0.0001217 0.000488449
2.85833 0.000457963 -0.00099305 0.00169839
2.8625 -0.00042137 -2.35442e-05 0.00216186
2.86667 -0.00119416 0.000211396 0.00113282
2.87083 0.000159335 -0.00278174 -0.00169347
2.875 0.00293399 -0.00460216 -0.00215638
2.87917 0.00271734 -0.00158727 0.00231111
2.88333 -0.00102781 0.0012978 0.00582885
2.8875 -0.00268099 -0.000515464 0.00266807
2.89167 0.000100327 -0.00229634 -0.00200228
2.89583 0.00203045 0.000614999 -0.000238861
2.9 -0.000413522 0.0036242 0.00521523
2.90417 -0.00315749 0.00218829 0.006384
2.90833 -0.00246393 0.000540384 0.00349168
2.9125 -0.000776645 0.00242551 0.00240248
2.91667 -0.00059445 0.00335791 0.00399457
2.92083 -0.000212077 0.000181363 0.00552923
2.925 0.00113899 -0.00212751 0.00706805
2.92917 0.00138806 -0.000352671 0.00873682
2.93333 0.00104333 0.000835362 0.00797579
2.9375 0.00305739 -0.00142872 0.00565291
2.94167 0.00631739 -0.00303307 0.00720237
2.94583 0.0069306 -0.00202551 0.0127472
2.95 0.00594039 -0.00230374 0.0151917
2.95417 0.00784686 -0.00492159 0.0124044
2.95833 0.0122211 -0.00607056 0.0112108
2.9625 0.0146942 -0.00536727 0.0153667
2.96667 0.0148994 -0.00604274 0.0199584
2.97083 0.0158473 -0.00706801 0.0211841
2.975 0.0174891 -0.00520051 0.0215629
2.97917 0.0179958 -0.00300929 0.0228878
2.98333 0.0185589 -0.00467213 0.0236158
2.9875 0.0203896 -0.00704706 0.0244178
2.99167 0.020728 -0.00514411 0.027085
2.99583 0.0178772 -0.00206923 0.0283929
