0 0 0 0
0.00416667 0 0 0
0.00833333 0 0 0
0.0125 0 0 0
0.0166667 0 0 0
0.0208333 0 0 0
0.025 0 0 0
0.0291667 0 0 0
0.0333333 0 0 0
0.0375 0 0 0
0.0416667 0 0 0
0.0458333 0 0 0
0.05 0 0 0
0.0541667 0 0 0
0.0583333 0 0 0
0.0625 0 0 0
0.0666667 0 0 0
0.0708333 0 0 0
0.075 0 0 0
0.0791667 0 0 0
0.0833333 0 0 0
0.0875 0 0 0
0.0916667 0 0 0
0.0958333 0 0 0
0.1 0 0 0
0.104167 0 0 0
0.108333 0 0 0
0.1125 0 0 0
0.116667 0 0 0
0.120833 0 0 0
0.125 0 0 0
0.129167 0 0 0
0.133333 0 0 0
0.1375 0 0 0
0.141667 0 0 0
0.145833 0 0 0
0.15 0 0 0
0.154167 0 0 0
0.158333 0 0 0
0.1625 0 0 0
0.166667 0 0 0
0.170833 0 0 0
0.175 0 0 0
0.179167 0 0 0
0.183333 0 0 0
0.1875 0 0 0
0.191667 -1.15611e-321 0 3.87891e-320
0.195833 -1.16813e-317 1.15442e-318 3.38101e-316
0.2 -8.53506e-314 1.03801e-314 2.41605e-312
0.204167 -5.18709e-310 7.74285e-311 1.43652e-308
0.208333 -2.64455e-306 4.82258e-307 7.16711e-305
0.2125 -1.14034e-302 2.52337e-303 3.02504e-301
0.216667 -4.19127e-299 1.11567e-299 1.08853e-297
0.220833 -1.32283e-295 4.19166e-296 3.36418e-294
0.225 -3.61021e-292 1.3455e-292 8.9922e-291
0.229167 -8.57528e-289 3.70936e-289 2.09229e-287
0.233333 -1.78339e-285 8.82743e-286 4.26343e-284
0.2375 -3.26492e-282 1.82225e-282 7.64942e-281
0.241667 -5.28684e-279 3.27826e-279 1.21429e-277
0.245833 -7.60406e-276 5.16281e-276 1.71274e-274
0.25 -9.75025e-273 7.14837e-273 2.15449e-271
0.254167 -1.11815e-269 8.73767e-270 2.42489e-268
0.258333 -1.15007e-266 9.46596e-267 2.44889e-265
0.2625 -1.06364e-263 9.12328e-264 2.22477e-262
0.266667 -8.866e-261 7.85092e-261 1.82245e-259
0.270833 -6.67543e-258 6.05297e-258 1.34907e-256
0.275 -4.54961e-255 4.19493e-255 9.04352e-254
0.279167 -2.81268e-252 2.62153e-252 5.50127e-251
0.283333 -1.58057e-249 1.48172e-249 3.04296e-248
0.2875 -8.09002e-247 7.59634e-247 1.53363e-245
0.291667 -3.77932e-244 3.54215e-244 7.05692e-243
0.295833 -1.61469e-241 1.50625e-241 2.97065e-240
0.3 -6.32199e-239 5.85581e-239 1.1463e-237
0.304167 -2.27286e-236 2.08634e-236 4.06265e-235
0.308333 -7.51794e-234 6.82806e-234 1.32506e-232
0.3125 -2.29229e-231 2.05723e-231 3.9848e-230
0.316667 -6.45516e-229 5.71832e-229 1.10697e-227
0.320833 -1.68194e-226 1.46939e-226 2.84591e-225
0.325 -4.06225e-224 3.49739e-224 6.78329e-223
0.329167 -9.11029e-222 7.72508e-222 1.50158e-220
0.333333 -1.90042e-219 1.58636e-219 3.09234e-218
0.3375 -3.69349e-217 3.03389e-217 5.93426e-216
0.341667 -6.69871e-215 5.41279e-215 1.06288e-213
0.345833 -1.13551e-212 9.0234e-213 1.77955e-211
0.35 -1.80171e-210 1.40774e-210 2.78933e-209
0.354167 -2.67988e-208 2.05839e-208 4.09907e-207
0.358333 -3.74192e-206 2.82499e-206 5.65563e-205
0.3625 -4.91159e-204 3.64419e-204 7.33639e-203
0.366667 -6.06838e-202 4.4245e-202 8.95909e-201
0.370833 -7.06651e-200 5.06258e-200 1.03129e-198
0.375 -7.76536e-198 5.46603e-198 1.12041e-196
0.379167 -8.06245e-196 5.57565e-196 1.1502e-194
0.383333 -7.91828e-194 5.37966e-194 1.11707e-192
0.3875 -7.36455e-192 4.91527e-192 1.02751e-190
0.391667 -6.4937e-190 4.2575e-190 8.96128e-189
0.395833 -5.43416e-188 3.49979e-188 7.41816e-187
0.4 -4.32034e-186 2.73314e-186 5.83462e-185
0.404167 -3.26652e-184 2.0298e-184 4.36471e-183
0.408333 -2.35102e-182 1.43496e-182 3.10848e-181
0.4125 -1.6123e-180 9.66576e-181 2.1096e-179
0.416667 -1.05452e-178 6.20927e-179 1.36556e-177
0.420833 -6.58366e-177 3.80754e-177 8.43858e-176
0.425 -3.92702e-175 2.23061e-175 4.98253e-174
0.429167 -2.2398e-173 1.24953e-173 2.81333e-172
0.433333 -1.22254e-171 6.69839e-172 1.52032e-170
0.4375 -6.39098e-170 3.43907e-170 7.86938e-169
0.441667 -3.20231e-168 1.69237e-168 3.90457e-167
0.445833 -1.53914e-166 7.98848e-167 1.85849e-165
0.45 -7.10117e-165 3.61964e-165 8.49219e-164
0.454167 -3.14724e-163 1.57546e-163 3.72788e-162
0.458333 -1.34085e-161 6.5917e-162 1.57322e-160
0.4625 -5.49509e-160 2.65294e-160 6.38695e-159
0.466667 -2.16771e-158 1.02774e-158 2.4961e-157
0.470833 -8.23643e-157 3.83483e-157 9.39668e-156
0.475 -3.0162e-155 1.37908e-155 3.40958e-154
0.479167 -1.06519e-153 4.7827e-154 1.19318e-152
0.483333 -3.62996e-152 1.60052e-152 4.02945e-151
0.4875 -1.19436e-150 5.17136e-151 1.31394e-149
0.491667 -3.7964e-149 1.61417e-149 4.1394e-148
0.495833 -1.16641e-147 4.87005e-148 1.26058e-146
0.5 -3.46584e-146 1.42099e-146 3.71287e-145
0.504167 -9.96485e-145 4.01192e-145 1.05823e-143
0.508333 -2.7737e-143 1.09657e-143 2.92015e-142
0.5125 -7.47808e-142 2.90311e-142 7.80548e-141
0.516667 -1.95379e-140 7.44805e-141 2.02197e-139
0.520833 -4.94909e-139 1.8526e-139 5.07852e-138
0.525 -1.21601e-137 4.46976e-138 1.23734e-136
0.529167 -2.8994e-136 1.04651e-136 2.92566e-135
0.533333 -6.71169e-135 2.3788e-135 6.71637e-134
0.5375 -1.50902e-133 5.25184e-134 1.49765e-132
0.541667 -3.29672e-132 1.12665e-132 3.24513e-131
0.545833 -7.0012e-131 2.34946e-131 6.83565e-130
0.55 -1.4459e-129 4.7646e-130 1.40032e-128
0.554167 -2.90507e-128 9.40017e-129 2.79091e-127
0.558333 -5.68052e-127 1.80494e-127 5.4138e-126
0.5625 -1.08143e-125 3.37419e-126 1.02249e-124
0.566667 -2.00517e-124 6.14354e-125 1.88095e-123
0.570833 -3.62241e-123 1.08985e-123 3.37139e-122
0.575 -6.37812e-122 1.88436e-122 5.88994e-121
0.579167 -1.09493e-120 3.17661e-121 1.0033e-119
0.583333 -1.83325e-119 5.22289e-120 1.66691e-118
0.5875 -2.99463e-118 8.37816e-119 2.70209e-117
0.591667 -4.77412e-117 1.31165e-117 4.27497e-116
0.595833 -7.4303e-116 2.00472e-116 6.6031e-115
0.6 -1.12932e-114 2.99221e-115 9.96044e-114
0.604167 -1.6767e-113 4.36279e-114 1.46776e-112
0.608333 -2.43248e-112 6.21582e-113 2.11352e-111
0.6125 -3.44927e-111 8.65607e-112 2.97479e-110
0.616667 -4.78201e-110 1.17857e-110 4.09382e-109
0.620833 -6.48363e-109 1.56935e-109 5.50989e-108
0.625 -8.59944e-108 2.04426e-108 7.25466e-107
0.629167 -1.11604e-106 2.60566e-107 9.34687e-106
0.633333 -1.41763e-105 3.25071e-106 1.1787e-104
0.6375 -1.7629e-104 3.97036e-105 1.45525e-103
0.641667 -2.14676e-103 4.74875e-104 1.75946e-102
0.645833 -2.56058e-102 5.56333e-103 2.08369e-101
0.65 -2.99222e-101 6.38558e-102 2.4177e-100
0.654167 -3.42651e-100 7.18253e-101 2.7491e-99
0.658333 -3.84605e-99 7.91894e-100 3.06406e-98
0.6625 -4.23233e-98 8.55987e-99 3.34825e-97
0.666667 -4.56712e-97 9.07348e-98 3.58799e-96
0.670833 -4.83389e-96 9.4337e-97 3.77129e-95
0.675 -5.01922e-95 9.62242e-96 3.8889e-94
0.679167 -5.11387e-94 9.63098e-95 3.93505e-93
0.683333 -5.11361e-93 9.46085e-94 3.90797e-92
0.6875 -5.01944e-92 9.12326e-93 3.80991e-91
0.691667 -4.83749e-91 8.63806e-92 3.64693e-90
0.695833 -4.5783e-90 8.03179e-91 3.42825e-89
0.7 -4.25589e-89 7.33535e-90 3.16541e-88
0.704167 -3.88651e-88 6.58145e-89 2.87132e-87
0.708333 -3.48731e-87 5.80223e-88 2.55922e-86
0.7125 -3.0751e-86 5.0271e-87 2.24173e-85
0.716667 -2.66529e-85 4.2812e-86 1.93012e-84
0.720833 -2.27101e-84 3.58438e-85 1.63376e-83
0.725 -1.90264e-83 2.95077e-84 1.35977e-82
0.729167 -1.56758e-82 2.38893e-83 1.11298e-81
0.733333 -1.2703e-81 1.90234e-82 8.96032e-81
0.7375 -1.01265e-80 1.49024e-81 7.09652e-80
0.741667 -7.94245e-80 1.14863e-80 5.52994e-79
0.745833 -6.12998e-79 8.71206e-80 4.24047e-78
0.75 -4.65628e-78 6.50353e-79 3.20031e-77
0.754167 -3.48143e-77 4.77889e-78 2.37749e-76
0.758333 -2.56258e-76 3.45714e-77 1.73883e-75
0.7625 -1.85721e-75 2.46253e-76 1.25218e-74
0.766667 -1.32547e-74 1.72736e-75 8.87997e-74
0.770833 -9.31677e-74 1.19338e-74 6.20224e-73
0.775 -6.45063e-73 8.12133e-74 4.26715e-72
0.779167 -4.39987e-72 5.44487e-73 2.89226e-71
0.783333 -2.95689e-71 3.5968e-72 1.93153e-70
0.7875 -1.95814e-70 2.34135e-71 1.27112e-69
0.791667 -1.27797e-69 1.50209e-70 8.24414e-69
0.795833 -8.22083e-69 9.49851e-70 5.27028e-68
0.8 -5.21297e-68 5.92105e-69 3.32126e-67
0.804167 -3.25896e-67 3.63895e-68 2.0635e-66
0.808333 -2.00886e-66 2.20516e-67 1.26412e-65
0.8125 -1.22108e-65 1.31776e-66 7.6367e-65
0.816667 -7.32009e-65 7.7664e-66 4.54993e-64
0.820833 -4.32822e-64 4.51475e-65 2.67382e-63
0.825 -2.52448e-63 2.58897e-64 1.55002e-62
0.829167 -1.45261e-62 1.46469e-63 8.86466e-62
0.833333 -8.24689e-62 8.17586e-63 5.00215e-61
0.8375 -4.61994e-61 4.50336e-62 2.78524e-60
0.841667 -2.55407e-60 2.44793e-61 1.53047e-59
0.845833 -1.39355e-59 1.31329e-60 8.30018e-59
0.85 -7.50496e-59 6.95455e-60 4.44314e-58
0.854167 -3.9898e-58 3.63548e-59 2.34788e-57
0.858333 -2.09398e-57 1.8762e-58 1.22486e-56
0.8625 -1.08505e-56 9.56014e-58 6.30898e-56
0.866667 -5.55174e-56 4.81009e-57 3.20875e-55
0.870833 -2.80506e-55 2.38993e-56 1.61158e-54
0.875 -1.39969e-54 1.17274e-55 7.99374e-54
0.879167 -6.89813e-54 5.68372e-55 3.91619e-53
0.883333 -3.35799e-53 2.72095e-54 1.89509e-52
0.8875 -1.61478e-52 1.28676e-53 9.05911e-52
0.891667 -7.67126e-52 6.01175e-53 4.27824e-51
0.895833 -3.6006e-51 2.77501e-52 1.9962e-50
0.9 -1.66983e-50 1.26568e-51 9.20312e-50
0.904167 -7.65227e-50 5.70436e-51 4.19269e-49
0.908333 -3.46549e-49 2.54069e-50 1.88759e-48
0.9125 -1.55105e-48 1.11837e-49 8.39876e-48
0.916667 -6.86129e-48 4.86571e-49 3.69356e-47
0.920833 -3.0001e-47 2.09247e-48 1.60556e-46
0.925 -1.29672e-46 8.89519e-48 6.89912e-46
0.929167 -5.54075e-46 3.73822e-47 2.93071e-45
0.933333 -2.34062e-45 1.55316e-46 1.23082e-44
0.9375 -9.77598e-45 6.3803e-46 5.11081e-44
0.941667 -4.03726e-44 2.59157e-45 2.09837e-43
0.945833 -1.64869e-43 1.0409e-44 8.51928e-43
0.95 -6.65797e-43 4.13439e-44 3.4204e-42
0.954167 -2.65903e-42 1.62402e-43 1.3581e-41
0.958333 -1.05029e-41 6.30924e-43 5.33325e-41
0.9625 -4.10323e-41 2.42433e-42 2.0715e-40
0.966667 -1.58561e-40 9.21427e-42 7.95856e-40
0.970833 -6.06105e-40 3.46425e-41 3.02458e-39
0.975 -2.29194e-39 1.28843e-40 1.13711e-38
0.979167 -8.57403e-39 4.74063e-40 4.22928e-38
0.983333 -3.17335e-38 1.72568e-39 1.55626e-37
0.9875 -1.16205e-37 6.2152e-39 5.66594e-37
0.991667 -4.2104e-37 2.21483e-38 2.04107e-36
0.995833 -1.50953e-36 7.8098e-38 7.27546e-36
1 -5.35545e-36 2.72504e-37 2.56627e-35
1.00417 -1.88023e-35 9.40933e-37 8.95781e-35
1.00833 -6.53284e-35 3.21528e-36 3.09443e-34
1.0125 -2.24643e-34 1.08735e-35 1.05793e-33
1.01667 -7.64542e-34 3.63943e-35 3.57974e-33
1.02083 -2.57541e-33 1.20566e-34 1.1989e-32
1.025 -8.58709e-33 3.95335e-34 3.97436e-32
1.02917 -2.83412e-32 1.28312e-33 1.30414e-31
1.03333 -9.25935e-32 4.12243e-33 4.23614e-31
1.0375 -2.99468e-31 1.3111e-32 1.36214e-30
1.04167 -9.58833e-31 4.12791e-32 4.33607e-30
1.04583 -3.03932e-30 1.28663e-31 1.3665e-29
1.05 -9.53814e-30 3.97028e-31 4.26358e-29
1.05417 -2.96362e-29 1.21296e-30 1.31707e-28
1.05833 -9.11728e-29 3.66896e-30 4.02834e-28
1.0625 -2.77721e-28 1.09882e-29 1.21995e-27
1.06667 -8.37653e-28 3.25841e-29 3.6582e-27
1.07083 -2.50176e-27 9.56745e-29 1.08622e-26
1.075 -7.39892e-27 2.7817e-28 3.19376e-26
1.07917 -2.16692e-26 8.00863e-28 9.29903e-26
1.08333 -6.28463e-26 2.28324e-27 2.68123e-25
1.0875 -1.80507e-25 6.44616e-27 7.65599e-25
1.09167 -5.13444e-25 1.80226e-26 2.16497e-24
1.09583 -1.44641e-24 4.99009e-26 6.06313e-24
1.1 -4.03547e-24 1.36831e-25 1.68168e-23
1.10417 -1.11511e-23 3.71581e-25 4.6196e-23
1.10833 -3.05186e-23 9.99367e-25 1.25686e-22
1.1125 -8.27271e-23 2.66198e-24 3.38688e-22
1.11667 -2.22113e-22 7.02266e-24 9.03963e-22
1.12083 -5.9068e-22 1.83494e-23 2.38972e-21
1.125 -1.55593e-21 4.74863e-23 6.25746e-21
1.12917 -4.05968e-21 1.21717e-22 1.62296e-20
1.13333 -1.04922e-20 3.0901e-22 4.1695e-20
1.1375 -2.68608e-20 7.77028e-22 1.06104e-19
1.14167 -6.81169e-20 1.9353e-21 2.67457e-19
1.14583 -1.71111e-19 4.77432e-21 6.6782e-19
1.15 -4.25789e-19 1.16661e-20 1.65177e-18
1.15417 -1.04956e-18 2.82357e-20 4.04696e-18
1.15833 -2.56283e-18 6.76902e-20 9.82198e-18
1.1625 -6.19918e-18 1.60735e-19 2.36137e-17
1.16667 -1.48543e-17 3.78054e-19 5.62373e-17
1.17083 -3.52597e-17 8.8075e-19 1.32673e-16
1.175 -8.2911e-17 2.03239e-18 3.10054e-16
1.17917 -1.93131e-16 4.64533e-18 7.1778e-16
1.18333 -4.45657e-16 1.05166e-17 1.64605e-15
1.1875 -1.01872e-15 2.35822e-17 3.73929e-15
1.19167 -2.30684e-15 5.23766e-17 8.41456e-15
1.19583 -5.17465e-15 1.1522e-16 1.87571e-14
1.2 -1.14986e-14 2.51044e-16 4.1418e-14
1.20417 -2.5311e-14 5.41752e-16 9.05935e-14
1.20833 -5.51906e-14 1.15789e-15 1.96284e-13
1.2125 -1.19209e-13 2.45102e-15 4.21259e-13
1.21667 -2.55057e-13 5.13839e-15 8.95536e-13
1.22083 -5.40559e-13 1.06684e-14 1.88573e-12
1.225 -1.1348e-12 2.19355e-14 3.93305e-12
1.22917 -2.35969e-12 4.46645e-14 8.12505e-12
1.23333 -4.86009e-12 9.00599e-14 1.66249e-11
1.2375 -9.91467e-12 1.7982e-13 3.36915e-11
1.24167 -2.0033e-11 3.55522e-13 6.76234e-11
1.24583 -4.00898e-11 6.95985e-13 1.34424e-10
1.25 -7.9457e-11 1.34902e-12 2.64634e-10
1.25417 -1.55965e-10 2.58882e-12 5.15931e-10
1.25833 -3.0318e-10 4.91845e-12 9.96089e-10
1.2625 -5.83636e-10 9.25068e-12 1.90436e-09
1.26667 -1.11258e-09 1.72232e-11 3.60517e-09
1.27083 -2.10016e-09 3.17409e-11 6.75786e-09
1.275 -3.92541e-09 5.78977e-11 1.25424e-08
1.27917 -7.26454e-09 1.04522e-10 2.30472e-08
1.28333 -1.33107e-08 1.86736e-10 4.19273e-08
1.2875 -2.41456e-08 3.30128e-10 7.5508e-08
1.29167 -4.33607e-08 5.77472e-10 1.34611e-07
1.29583 -7.7081e-08 9.99383e-10 2.37537e-07
1.3 -1.35633e-07 1.71096e-09 4.14873e-07
1.30417 -2.3622e-07 2.89738e-09 7.17134e-07
1.30833 -4.07164e-07 4.85261e-09 1.22674e-06
1.3125 -6.94531e-07 8.03694e-09 2.07652e-06
1.31667 -1.17232e-06 1.3161e-08 3.47786e-06
1.32083 -1.9579e-06 2.13062e-08 5.76289e-06
1.325 -3.23509e-06 3.40928e-08 9.44661e-06
1.32917 -5.28797e-06 5.39112e-08 1.5317e-05
1.33333 -8.5497e-06 8.42302e-08 2.45629e-05
1.3375 -1.36716e-05 1.29996e-07 3.89535e-05
1.34167 -2.16195e-05 1.98135e-07 6.10821e-05
1.34583 -3.38039e-05 2.98151e-07 9.46938e-05
1.35 -5.22545e-05 4.42819e-07 0.000145112
1.35417 -7.98454e-05 6.48905e-07 0.000219783
1.35833 -0.00012058 9.37846e-07 0.000328937
1.3625 -0.000179937 1.33625e-06 0.000486387
1.36667 -0.000265282 1.87597e-06 0.000710417
1.37083 -0.000386319 2.59356e-06 0.00102474
1.375 -0.000555572 3.52859e-06 0.00145943
1.37917 -0.000788838 4.72048e-06 0.00205167
1.38333 -0.00110554 6.20338e-06 0.00284623
1.3875 -0.00152891 7.9985e-06 0.00389528
1.39167 -0.00208581 1.01037e-05 0.00525739
1.39583 -0.00280612 1.24799e-05 0.00699533
1.4 -0.00372147 1.50353e-05 0.0091723
1.40417 -0.00486323 1.76073e-05 0.0118464
1.40833 -0.00625947 1.99446e-05 0.0150634
1.4125 -0.0079311 2.16919e-05 0.018847
1.41667 -0.00988704 2.23799e-05 0.0231887
1.42083 -0.0121187 2.14265e-05 0.0280359
1.425 -0.0145942 1.81511e-05 0.0332815
1.42917 -0.0172535 1.18096e-05 0.0387553
1.43333 -0.0200039 1.64993e-06 0.0442194
1.4375 -0.0227189 -1.30088e-05 0.0493712
1.44167 -0.0252401 -3.26775e-05 0.0538533
1.44583 -0.0273833 -5.75855e-05 0.0572741
1.45 -0.0289497 -8.75684e-05 0.0592382
1.45417 -0.0297421 -0.000121972 0.0593852
1.45833 -0.0295852 -0.000159594 0.0574339
1.4625 -0.028348 -0.000198678 0.0532265
1.46667 -0.0259655 -0.000236992 0.0467663
1.47083 -0.0224565 -0.000271978 0.03824
1.475 -0.0179332 -0.000300993 0.0280181
1.47917 -0.0125989 -0.000321607 0.0166279
1.48333 -0.00673107 -0.000331933 0.00469559
1.4875 -0.000650365 -0.000330924 -0.00713721
1.49167 0.00532386 -0.000318593 -0.0183153
1.49583 0.0109253 -0.000296084 -0.0284741
1.5 0.0159922 -0.000265564 -0.0375268
1.50417 0.0205083 -0.0002299 -0.0457153
1.50833 0.0246242 -0.000192159 -0.0536056
1.5125 0.0286485 -0.00015499 -0.0620176
1.51667 0.0330072 -0.000119988 -0.0718895
1.52083 0.0381693 -8.71805e-05 -0.0840898
1.525 0.0445498 -5.47439e-05 -0.0992049
1.52917 0.0524025 -1.90818e-05 -0.117337
1.53333 0.061722 2.47148e-05 -0.137956
1.5375 0.0721765 8.20423e-05 -0.159838
1.54167 0.083087 0.000157713 -0.181119
1.54583 0.0934649 0.000254816 -0.199463
1.55 0.102107 0.000373734 -0.212333
1.55417 0.107741 0.000511519 -0.217324
1.55833 0.10919 0.000661781 -0.212502
1.5625 0.105549 0.000815138 -0.196701
1.56667 0.0963201 0.000960179 -0.169729
1.57083 0.0815092 0.00108475 -0.132442
1.575 0.0616515 0.00117739 -0.0867011
1.57917 0.0377749 0.00122855 -0.0352005
1.58333 0.0113063 0.00123162 0.018783
1.5875 -0.016062 0.00118344 0.0716942
1.59167 -0.0425288 0.00108443 0.120021
1.59583 -0.0663465 0.00093836 0.160609
1.6 -0.0859775 0.000751928 0.190952
1.60417 -0.100237 0.000534181 0.209442
1.60833 -0.108413 0.000295836 0.215564
1.6125 -0.110355 4.85141e-05 0.209994
1.61667 -0.106515 -0.000196182 0.194575
1.62083 -0.0979152 -0.000427693 0.172133
1.625 -0.0860452 -0.000637555 0.146114
1.62917 -0.0726635 -0.000820233 0.120082
1.63333 -0.059537 -0.000973473 0.0971434
1.6375 -0.0481538 -0.00109793 0.0794172
1.64167 -0.0394701 -0.00119597 0.0676803
1.64583 -0.0337543 -0.0012699 0.0612929
1.65 -0.030578 -0.00132002 0.0584478
1.65417 -0.0289682 -0.00134317 0.0566965
1.65833 -0.0276881 -0.00133246 0.05362
1.6625 -0.0255765 -0.00127851 0.047458
1.66667 -0.021848 -0.00117203 0.0375141
1.67083 -0.0162693 -0.00100731 0.0242227
1.675 -0.00916054 -0.000785481 0.0088711
1.67917 -0.00122992 -0.0005164 -0.00690914
1.68333 0.00669346 -0.000218544 -0.0216902
1.6875 0.0139288 8.34798e-05 -0.0346337
1.69167 0.0201166 0.00036317 -0.0455801
1.69583 0.0252369 0.000596989 -0.0548309
1.7 0.0294786 0.000768473 -0.0627405
1.70417 0.0330262 0.000870434 -0.0693147
1.70833 0.0358665 0.000904779 -0.0740111
1.7125 0.0377087 0.000880266 -0.0758479
1.71667 0.0380612 0.000809175 -0.0737898
1.72083 0.0364399 0.000704179 -0.0672514
1.725 0.0326181 0.000576407 -0.0564945
1.72917 0.0268077 0.000435099 -0.0427309
1.73333 0.0196826 0.000288485 -0.0278606
1.7375 0.0122216 0.000145006 -0.0139314
1.74167 0.00542559 1.39098e-05 -0.00252784
1.74583 1.7806e-05 -9.53813e-05 0.00566775
1.75 -0.00375184 -0.000175022 0.0109683
1.75417 -0.00612147 -0.00022091 0.014398
1.75833 -0.00764787 -0.000234235 0.017156
1.7625 -0.00892641 -0.000221559 0.0200537
1.76667 -0.0103171 -0.000193159 0.0231531
1.77083 -0.0117871 -0.00016009 0.0257438
1.775 -0.0129293 -0.000130979 0.0266548
1.77917 -0.0131408 -0.000109696 0.0247616
1.78333 -0.0118864 -9.47393e-05 0.0194863
1.7875 -0.0089397 -8.05241e-05 0.0111
1.79167 -0.00451305 -6.00699e-05 0.000728665
1.79583 0.000765473 -2.81123e-05 -0.00992616
1.8 0.00601312 1.64473e-05 -0.0190426
1.80417 0.01033 6.95658e-05 -0.0251549
1.80833 0.0130333 0.000122852 -0.0275057
1.8125 0.0138182 0.00016585 -0.0261798
1.81667 0.0128032 0.000189088 -0.0219979
1.82083 0.0104571 0.000186927 -0.0162199
1.825 0.00743694 0.000159353 -0.0101618
1.82917 0.00439451 0.000112139 -0.0048514
1.83333 0.00181219 5.5345e-05 -0.000833813
1.8375 -7.88274e-05 6.30939e-07 0.00182038
1.84167 -0.00127834 -4.17448e-05 0.00333193
1.84583 -0.00191567 -6.52837e-05 0.0039604
1.85 -0.00212369 -6.82754e-05 0.00382099
1.85417 -0.00195669 -5.33519e-05 0.00287468
1.85833 -0.00139812 -2.60081e-05 0.00109807
1.8625 -0.000452998 7.12424e-06 -0.00127517
1.86667 0.000735194 3.95363e-05 -0.00361464
1.87083 0.00182947 6.5373e-05 -0.0049945
1.875 0.00236826 7.95313e-05 -0.00454485
1.87917 0.00195127 7.79343e-05 -0.00189912
1.88333 0.000456525 5.84106e-05 0.00251284
1.8875 -0.00183682 2.2017e-05 0.00753443
1.89167 -0.00431357 -2.59885e-05 0.0117428
1.89583 -0.00627346 -7.65217e-05 0.0141008
1.9 -0.00725517 -0.000118904 0.014461
1.90417 -0.00726174 -0.000144441 0.0136253
1.90833 -0.00675228 -0.000149848 0.0128943
1.9125 -0.00638662 -0.000138739 0.0133291
1.91667 -0.00665219 -0.00012012 0.0151331
1.92083 -0.00757994 -0.000104308 0.0175141
1.925 -0.00871648 -9.81789e-05 0.0191224
1.92917 -0.00937698 -0.000102152 0.0188241
1.93333 -0.0090387 -0.000110546 0.0163637
1.9375 -0.00764827 -0.000115162 0.0125287
1.94167 -0.00566251 -0.000110117 0.00872082
1.94583 -0.00379967 -9.52641e-05 0.0061922
1.95 -0.00264896 -7.62575e-05 0.00539441
1.95417 -0.00236685 -6.12619e-05 0.00580453
1.95833 -0.00262701 -5.61912e-05 0.00628457
1.9625 -0.00283023 -6.11524e-05 0.00570561
1.96667 -0.00242374 -7.00037e-05 0.00343641
1.97083 -0.00112982 -7.31126e-05 -0.000564585
1.975 0.0010324 -6.16611e-05 -0.00601145
1.97917 0.00389297 -3.12197e-05 -0.012618
1.98333 0.00729226 1.69336e-05 -0.020188
1.9875 0.011113 7.67597e-05 -0.0283929
1.99167 0.0151614 0.000139479 -0.0364513
1.99583 0.0190155 0.00019531 -0.0430529
2 0.0220099 0.000234375 -0.0467187
2.00417 0.0234357 0.000247227 -0.0464569
2.00833 0.0228681 0.000225768 -0.042304
2.0125 0.0204097 0.00016475 -0.0353512
2.01667 0.0166642 6.30544e-05 -0.0271708
2.02083 0.0124231 -7.6449e-05 -0.0189706
2.025 0.00824657 -0.00024894 -0.0110202
2.02917 0.00421161 -0.000450611 -0.00273952
2.03333 -4.91525e-07 -0.000680424 0.00660533
2.0375 -0.00473344 -0.000938748 0.0170745
2.04167 -0.00995606 -0.00122272 0.0276779
2.04583 -0.015115 -0.00152046 0.0367243
2.05 -0.0193499 -0.00180742 0.0426623
2.05417 -0.0219258 -0.00204762 0.0448346
2.05833 -0.0225868 -0.00219982 0.043631
2.0625 -0.021591 -0.00222616 0.0399734
2.06667 -0.0194238 -0.00209975 0.0345552
2.07083 -0.0164217 -0.00180871 0.0274366
2.075 -0.0126012 -0.00135669 0.0183173
2.07917 -0.00782887 -0.000762084 0.00727412
2.08333 -0.00219599 -5.79866e-05 -0.00463704
2.0875 0.00370916 0.000706618 -0.0154544
2.09167 0.00888351 0.00146674 -0.0231174
2.09583 0.0123408 0.00214546 -0.0265085
2.1 0.0136205 0.00266411 -0.0260213
2.10417 0.0130245 0.00295708 -0.0232453
2.10833 0.0114074 0.00298693 -0.019969
2.1125 0.00965433 0.00275457 -0.0171727
2.11667 0.00819827 0.00230096 -0.0146753
2.12083 0.00689085 0.00170007 -0.0116175
2.125 0.00528482 0.00104583 -0.00736753
2.12917 0.00309331 0.000436545 -0.00216043
2.13333 0.000480644 -3.99455e-05 0.0029767
2.1375 -0.00201494 -0.00031876 0.00690524
2.14167 -0.00384208 -0.000366673 0.00910865
2.14583 -0.00479016 -0.000185598 0.00992211
2.15 -0.00507012 0.000190662 0.0101215
2.15417 -0.00508124 0.000706607 0.0102367
2.15833 -0.00506747 0.00129973 0.0101487
2.1625 -0.00494119 0.00191464 0.00927582
2.16667 -0.00440618 0.00251083 0.00717399
2.17083 -0.00326749 0.00306088 0.00404936
2.175 -0.00167013 0.00354064 0.000765879
2.17917 -7.18303e-05 0.00391734 -0.00166071
2.18333 0.00103039 0.00414356 -0.00268934
2.1875 0.00140814 0.00416181 -0.00253021
2.19167 0.00121394 0.00391956 -0.00189301
2.19583 0.000828537 0.00338823 -0.00143991
2.2 0.000578402 0.00257743 -0.00137715
2.20417 0.000543887 0.00153704 -0.00146448
2.20833 0.000584761 0.0003455 -0.00136169
2.2125 0.000525988 -0.000911477 -0.000973877
2.21667 0.00032706 -0.00216243 -0.000502978
2.22083 9.58712e-05 -0.00336245 -0.000203348
2.225 -4.08446e-05 -0.00449029 -0.000107121
2.22917 -7.05261e-05 -0.00553127 -3.18016e-08
2.23333 -9.65241e-05 -0.00645387 0.000316054
2.2375 -0.000202991 -0.00719204 0.000719065
2.24167 -0.00031286 -0.00764427 0.000731184
2.24583 -0.000188171 -0.0076936 -0.000155379
2.25 0.000396105 -0.00724335 -0.00201842
2.25417 0.00143046 -0.00625503 -0.0042879
2.25833 0.00258748 -0.00477256 -0.00598874
2.2625 0.00336958 -0.00292248 -0.00631399
2.26667 0.00340362 -0.000890243 -0.00513394
2.27083 0.00267814 0.00111673 -0.00307722
2.275 0.00155218 0.00290446 -0.0011247
2.27917 0.000527467 0.00431567 -2.4384e-06
2.28333 -5.62387e-05 0.00523937 0.000209936
2.2875 -0.000194803 0.00561394 1.13371e-05
2.29167 -0.000156745 0.00543143 4.06255e-05
2.29583 -0.000248891 0.00474503 0.000602616
2.3 -0.00058835 0.00367235 0.00148744
2.30417 -0.00103789 0.00238395 0.00217938
2.30833 -0.00133376 0.00107242 0.00227328
2.3125 -0.00129828 -9.02229e-05 0.00178732
2.31667 -0.000978661 -0.000988858 0.00115338
2.32083 -0.000615767 -0.00157792 0.000901582
2.325 -0.000470238 -0.0018664 0.00126814
2.32917 -0.000632188 -0.0018884 0.00200692
2.33333 -0.000950416 -0.00168104 0.00254657
2.3375 -0.00113437 -0.00128462 0.00239621
2.34167 -0.000962272 -0.000759751 0.00152123
2.34583 -0.000450887 -0.000199766 0.000413284
2.35 0.000138333 0.00028294 -0.000219859
2.35417 0.000472199 0.000597891 5.68425e-05
2.35833 0.000382245 0.000719973 0.00109329
2.3625 -8.288e-06 0.00070056 0.00227049
2.36667 -0.000370948 0.00062972 0.0029837
2.37083 -0.000417752 0.000569742 0.00312875
2.375 -0.000118815 0.000508038 0.00318944
2.37917 0.000290208 0.000370762 0.00381762
2.38333 0.000534692 9.57184e-05 0.00522125
2.3875 0.000586845 -0.00028677 0.00688168
2.39167 0.00076254 -0.000632984 0.00789921
2.39583 0.00151465 -0.00075627 0.00775107
2.4 0.00306138 -0.000551262 0.00685033
2.40417 0.00515418 -8.44176e-05 0.00638447
2.40833 0.00721014 0.000423634 0.00747128
2.4125 0.00874585 0.000724483 0.0102659
2.41667 0.00977923 0.000694616 0.0137668
2.42083 0.0108541 0.000405805 0.0165482
2.425 0.0126267 6.16148e-05 0.0178822
2.42917 0.0153186 -0.000151099 0.0183462
2.43333 0.0184768 -0.000181522 0.0193874
2.4375 0.0212507 -0.000115988 0.0221692
2.44167 0.0229764 -7.00182e-05 0.0266371
2.44583 0.0235916 -7.14896e-05 0.031578
2.45 0.0235432 -4.05656e-05 0.0356104
2.45417 0.0232741 0.000115813 0.0382442
2.45833 0.0227451 0.000383862 0.0400798
2.4625 0.0214172 0.000616204 0.0419708
2.46667 0.0187213 0.000638183 0.0439011
2.47083 0.0146039 0.000404032 0.0446084
2.475 0.00965711 6.31308e-05 0.0423559
2.47917 0.00469721 -0.000136025 0.0362353
2.48333 0.000143571 -3.70876e-05 0.0268893
2.4875 -0.0042603 0.000294609 0.0160129
2.49167 -0.00913065 0.000617242 0.00504378
2.49583 -0.0147981 0.000699847 -0.00584498
2.5 -0.0208934 0.000497568 -0.0175962
2.50417 -0.0265322 0.000171148 -0.0311202
2.50833 -0.0309503 -5.82138e-05 -0.0461668
2.5125 -0.0340555 -8.81629e-05 -0.0612069
2.51667 -0.0364418 2.70846e-06 -0.0744151
2.52083 -0.0388812 4.92994e-05 -0.0848947
2.525 -0.0417478 -4.80951e-05 -0.0931092
2.52917 -0.0448576 -0.000252537 -0.100215
2.53333 -0.0478142 -0.000449812 -0.106957
2.5375 -0.0504971 -0.00056479 -0.113112
2.54167 -0.0532192 -0.000620103 -0.117922
2.54583 -0.0563985 -0.000693561 -0.121011
2.55 -0.0600371 -0.000832911 -0.12287
2.55417 -0.0634712 -0.00101673 -0.124408
2.55833 -0.0656135 -0.00118842 -0.125936
2.5625 -0.065482 -0.0013122 -0.126475
2.56667 -0.0625768 -0.00139003 -0.124021
2.57083 -0.0568315 -0.00143588 -0.116542
2.575 -0.0482552 -0.00145442 -0.102935
2.57917 -0.0366513 -0.00145348 -0.0832193
2.58333 -0.0217167 -0.00146218 -0.0579944
2.5875 -0.00347301 -0.00150898 -0.0277726
2.59167 0.0173242 -0.0015678 0.0071157
2.59583 0.0391507 -0.00154093 0.0459412
2.6 0.0601116 -0.00132809 0.086848
2.60417 0.0784947 -0.000933304 0.126683
2.60833 0.0931031 -0.000493493 0.161653
2.6125 0.103205 -0.000171083 0.188427
2.61667 0.108263 3.10498e-06 0.204972
2.62083 0.107781 0.000174141 0.210661
2.625 0.10147 0.000527292 0.205787
2.62917 0.0896188 0.00109196 0.191034
2.63333 0.073348 0.00168514 0.16739
2.6375 0.0544765 0.00206523 0.136504
2.64167 0.0350377 0.00214989 0.101017
2.64583 0.016762 0.00207798 0.0643701
2.65 0.000846378 0.00205423 0.0300438
2.65417 -0.0119331 0.00214231 0.000674061
2.65833 -0.0210023 0.00222168 -0.0223667
2.6625 -0.0259593 0.00214036 -0.0387201
2.66667 -0.0267972 0.00188374 -0.0484681
2.67083 -0.0241505 0.00157602 -0.0518023
2.675 -0.019275 0.00133253 -0.0491999
2.67917 -0.0136856 0.00114956 -0.0418429
2.68333 -0.00867951 0.000956504 -0.0317559
2.6875 -0.00505064 0.000745531 -0.0213922
2.69167 -0.003117 0.000598516 -0.0129021
2.69583 -0.00291359 0.000570532 -0.00758182
2.7 -0.00431928 0.000588412 -0.00581153
2.70417 -0.00703136 0.000519341 -0.00735263
2.70833 -0.0104982 0.000345517 -0.0116367
2.7125 -0.0139655 0.000219154 -0.0178216
2.71667 -0.0166671 0.000294195 -0.0247186
2.72083 -0.0180523 0.000513851 -0.0308514
2.725 -0.0179229 0.000624556 -0.0347777
2.72917 -0.0164377 0.00043921 -0.0355439
2.73333 -0.0140138 5.92452e-05 -0.0330204
2.7375 -0.01117 -0.000221903 -0.0279322
2.74167 -0.00835574 -0.000250092 -0.021565
2.74583 -0.00583041 -0.000198676 -0.0152707
2.75 -0.00365855 -0.000380155 -0.0099862
2.75417 -0.00180619 -0.000886838 -0.00599271
2.75833 -0.000227062 -0.00148011 -0.00302222
2.7625 0.00116002 -0.00186259 -0.000590995
2.76667 0.00254964 -0.00201041 0.00172875
2.77083 0.00421032 -0.00216803 0.00428313
2.775 0.00624964 -0.00251653 0.00742201
2.77917 0.00836272 -0.00292396 0.0113767
2.78333 0.0098622 -0.00308184 0.0158483
2.7875 0.0100678 -0.00285269 0.0196925
2.79167 0.00875858 -0.00239736 0.0212211
2.79583 0.0062804 -0.0019388 0.01915
2.8 0.00322371 -0.00148177 0.0135192
2.80417 2.23007e-05 -0.000852756 0.00578317
2.80833 -0.00312331 4.26585e-06 -0.00204364
2.8125 -0.0059933 0.000881999 -0.00844291
2.81667 -0.00815894 0.00152139 -0.0127966
2.82083 -0.00916708 0.0019075 -0.0150394
2.825 -0.00893752 0.00225257 -0.0152257
2.82917 -0.00790871 0.00267952 -0.0136001
2.83333 -0.00671151 0.00302619 -0.0109657
2.8375 -0.00566958 0.00304246 -0.00863671
2.84167 -0.0046194 0.00272811 -0.0076868
2.84583 -0.00319335 0.00235699 -0.00808771
2.85 -0.00123253 0.00213973 -0.00862188
2.85417 0.00107409 0.00196519 -0.00775682
2.85833 0.00336571 0.00157003 -0.00474902
2.8625 0.00531689 0.000919741 -8.50277e-05
2.86667 0.00666034 0.000295049 0.00493408
2.87083 0.00711151 -3.6978e-05 0.00892659
2.875 0.00640754 -0.000134995 0.0109025
2.87917 0.00449826 -0.000272175 0.0103886
2.88333 0.00171727 -0.000566596 0.00746833
2.8875 -0.0012308 -0.000857023 0.00287101
2.89167 -0.0034709 -0.000972637 -0.00203704
2.89583 -0.00425567 -0.000994156 -0.005544
2.9 -0.00327302 -0.00113015 -0.00614327
2.90417 -0.000846516 -0.00139633 -0.00314403
2.90833 0.00214244 -0.00157725 0.00290479
2.9125 0.00467208 -0.00153681 0.0102293
2.91667 0.00609963 -0.00141684 0.0164539
2.92083 0.00637821 -0.00140906 0.0196682
2.925 0.00582776 -0.00142867 0.0193148
2.92917 0.00478062 -0.00121154 0.0162415
2.93333 0.00351523 -0.000751656 0.0119071
2.9375 0.00244557 -0.00043283 0.00750552
2.94167 0.00211608 -0.000570431 0.00375003
2.94583 0.00277867 -0.000948762 0.00119468
2.95 0.00397719 -0.00105869 0.000307562
2.95417 0.00475009 -0.00080608 0.000963417
2.95833 0.00440531 -0.000716849 0.00204788
2.9625 0.00307669 -0.00125291 0.0020286
2.96667 0.00144144 -0.00210202 0.000225836
2.97083 -5.00986e-05 -0.00247044 -0.00254414
2.975 -0.0015083 -0.00210003 -0.00478171
2.97917 -0.00316567 -0.00165515 -0.00576416
2.98333 -0.0048405 -0.00185777 -0.00606221
2.9875 -0.00608013 -0.00245215 -0.00664678
2.99167 -0.00680281 -0.00243456 -0.0077956
2.99583 -0.00752208 -0.00135104 -0.0091249
