0 0 0 0
0.00416667 0 0 0
0.00833333 0 0 0
0.0125 0 0 0
0.0166667 0 0 0
0.0208333 0 0 0
0.025 0 0 0
0.0291667 0 0 0
0.0333333 0 0 0
0.0375 0 0 0
0.0416667 0 0 0
0.0458333 0 0 0
0.05 0 0 0
0.0541667 0 0 0
0.0583333 0 0 0
0.0625 0 0 0
0.0666667 0 0 0
0.0708333 0 0 0
0.075 0 0 0
0.0791667 0 0 0
0.0833333 0 0 0
0.0875 0 0 0
0.0916667 0 0 0
0.0958333 0 0 0
0.1 0 0 0
0.104167 0 0 0
0.108333 0 0 0
0.1125 0 0 0
0.116667 0 0 0
0.120833 0 0 0
0.125 -1.82804e-322 3.78948e-321 8.18173e-321
0.129167 -2.0713e-316 2.85593e-315 6.08258e-315
0.133333 -1.00455e-310 1.3401e-309 2.85475e-309
0.1375 -3.2105e-305 4.14804e-304 8.83831e-304
0.141667 -6.93329e-300 8.68414e-299 1.85076e-298
0.145833 -1.03514e-294 1.25803e-293 2.68173e-293
0.15 -1.091e-289 1.28762e-288 2.74546e-288
0.154167 -8.27439e-285 9.49104e-284 2.02417e-283
0.158333 -4.59593e-280 5.12734e-279 1.09379e-278
0.1625 -1.9001e-275 2.0632e-274 4.40247e-274
0.166667 -5.93523e-271 6.27688e-270 1.33972e-269
0.170833 -1.42026e-266 1.46383e-265 3.12521e-265
0.175 -2.63716e-262 2.65056e-261 5.66038e-261
0.179167 -3.84511e-258 3.77086e-257 8.0551e-257
0.183333 -4.4514e-254 4.26181e-253 9.1065e-253
0.1875 -4.13408e-250 3.86607e-249 8.26335e-249
0.191667 -3.10983e-246 2.84208e-245 6.07653e-245
0.195833 -1.91195e-242 1.70841e-241 3.65382e-241
0.2 -9.68857e-239 8.46814e-238 1.81168e-237
0.204167 -4.07862e-235 3.48854e-234 7.46581e-234
0.208333 -1.437e-231 1.20329e-230 2.576e-230
0.2125 -4.26691e-228 3.49931e-227 7.49388e-227
0.216667 -1.07482e-224 8.63624e-224 1.85011e-223
0.220833 -2.311e-221 1.82e-220 3.9003e-220
0.225 -4.2662e-218 3.29417e-217 7.06201e-217
0.229167 -6.79903e-215 5.14913e-214 1.10427e-213
0.233333 -9.40325e-212 6.98694e-211 1.49896e-210
0.2375 -1.13415e-208 8.27064e-208 1.77502e-207
0.241667 -1.19853e-205 8.58043e-205 1.84222e-204
0.245833 -1.11465e-202 7.83633e-202 1.68312e-201
0.25 -9.16126e-200 6.32656e-199 1.35939e-198
0.254167 -6.68087e-197 4.53316e-196 9.74433e-196
0.258333 -4.33927e-194 2.8937e-193 6.22276e-193
0.2625 -2.51926e-191 1.65154e-190 3.55303e-190
0.266667 -1.31187e-188 8.4565e-188 1.82006e-187
0.270833 -6.14743e-186 3.89744e-185 8.39193e-185
0.275 -2.60037e-183 1.62183e-182 3.49364e-182
0.279167 -9.95883e-181 6.11168e-180 1.31712e-179
0.283333 -3.46298e-178 2.09158e-177 4.50958e-177
0.2875 -1.09632e-175 6.51818e-175 1.406e-174
0.291667 -3.16814e-173 1.85456e-172 4.00224e-172
0.295833 -8.37776e-171 4.82946e-170 1.04271e-169
0.3 -2.03209e-168 1.1538e-167 2.49231e-167
0.304167 -4.5315e-166 2.53467e-165 5.47778e-165
0.308333 -9.31052e-164 5.13127e-163 1.10948e-162
0.3125 -1.76625e-161 9.59283e-161 2.07519e-160
0.316667 -3.09991e-159 1.65944e-158 3.59163e-158
0.320833 -5.04322e-157 2.66138e-156 5.76313e-156
0.325 -7.61963e-155 3.96449e-154 8.58942e-154
0.329167 -1.07104e-152 5.49514e-152 1.19119e-151
0.333333 -1.40302e-150 7.09944e-150 1.53977e-149
0.3375 -1.71567e-148 8.56329e-148 1.85826e-147
0.341667 -1.96156e-146 9.65868e-146 2.0971e-145
0.345833 -2.10009e-144 1.02028e-143 2.21646e-143
0.35 -2.10853e-142 1.01085e-141 2.19719e-141
0.354167 -1.98815e-140 9.40668e-140 2.04579e-139
0.358333 -1.76296e-138 8.23309e-138 1.79157e-137
0.3625 -1.47209e-136 6.78642e-136 1.47761e-135
0.366667 -1.15899e-134 5.27502e-134 1.1492e-133
0.370833 -8.6142e-133 3.87122e-132 8.4387e-132
0.375 -6.05145e-131 2.68553e-130 5.85753e-130
0.379167 -4.02266e-129 1.76306e-128 3.84781e-128
0.383333 -2.53315e-127 1.09659e-126 2.39472e-126
0.3875 -1.51276e-125 6.46889e-125 1.41353e-124
0.391667 -8.57615e-124 3.62303e-123 7.92163e-123
0.395833 -4.62027e-122 1.92845e-121 4.21913e-121
0.4 -2.36766e-120 9.76481e-120 2.13772e-119
0.404167 -1.1552e-118 4.7081e-118 1.03136e-117
0.408333 -5.3713e-117 2.16348e-116 4.74237e-116
0.4125 -2.38217e-115 9.48346e-115 2.08014e-114
0.416667 -1.00857e-113 3.96883e-113 8.71108e-113
0.420833 -4.07989e-112 1.58708e-111 3.48575e-111
0.425 -1.57814e-110 6.06918e-110 1.33388e-109
0.429167 -5.84173e-109 2.22122e-108 4.88506e-108
0.433333 -2.07092e-107 7.786e-107 1.71351e-106
0.4375 -7.03612e-106 2.61588e-105 5.76088e-105
0.441667 -2.29278e-104 8.42975e-104 1.85774e-103
0.445833 -7.17057e-103 2.60738e-102 5.75011e-102
0.45 -2.15378e-101 7.74603e-101 1.70945e-100
0.454167 -6.21709e-100 2.21169e-99 4.88438e-99
0.458333 -1.72581e-98 6.0732e-98 1.34218e-97
0.4625 -4.60982e-97 1.60482e-96 3.54922e-96
0.466667 -1.18556e-95 4.08331e-95 9.03718e-95
0.470833 -2.93744e-94 1.00099e-93 2.217e-93
0.475 -7.01561e-93 2.3655e-92 5.243e-92
0.479167 -1.61605e-91 5.39182e-91 1.19595e-90
0.483333 -3.59227e-90 1.18604e-89 2.63271e-89
0.4875 -7.70972e-89 2.51909e-88 5.59594e-88
0.491667 -1.5984e-87 5.16879e-87 1.14907e-86
0.495833 -3.20277e-86 1.02506e-85 2.28055e-85
0.5 -6.20539e-85 1.9658e-84 4.37683e-84
0.504167 -1.16311e-83 3.64719e-83 8.1267e-83
0.508333 -2.11e-82 6.54949e-82 1.4605e-81
0.5125 -3.70634e-81 1.13889e-80 2.54164e-80
0.516667 -6.30668e-80 1.91853e-79 4.2849e-79
0.520833 -1.04e-78 3.13221e-78 7.00113e-78
0.525 -1.66274e-77 4.95806e-77 1.10911e-76
0.529167 -2.57838e-76 7.61245e-76 1.70425e-75
0.533333 -3.87947e-75 1.13412e-74 2.54108e-74
0.5375 -5.6659e-74 1.64015e-73 3.67784e-73
0.541667 -8.03524e-73 2.30334e-72 5.16917e-72
0.545833 -1.10693e-71 3.14226e-71 7.05764e-71
0.55 -1.4818e-70 4.16572e-70 9.36405e-70
0.554167 -1.92822e-69 5.36848e-69 1.20777e-68
0.558333 -2.43987e-68 6.72782e-68 1.51484e-67
0.5625 -3.00308e-67 8.20166e-67 1.84823e-66
0.566667 -3.59664e-66 9.72912e-66 2.19427e-65
0.570833 -4.19268e-65 1.12338e-64 2.53575e-64
0.575 -4.75868e-64 1.26297e-63 2.85325e-63
0.579167 -5.26031e-63 1.38294e-62 3.12692e-62
0.583333 -5.66491e-62 1.47531e-61 3.33862e-61
0.5875 -5.94507e-61 1.53377e-60 3.47387e-60
0.591667 -6.08168e-60 1.55436e-59 3.52352e-59
0.595833 -6.06613e-59 1.53596e-58 3.48478e-58
0.6 -5.90115e-58 1.48032e-57 3.36144e-57
0.604167 -5.60032e-57 1.39185e-56 3.16328e-56
0.608333 -5.18619e-56 1.27704e-55 2.90484e-55
0.6125 -4.68763e-55 1.14365e-54 2.60368e-54
0.616667 -4.13648e-54 9.99921e-54 2.27844e-53
0.620833 -3.56439e-53 8.53741e-53 1.94705e-52
0.625 -2.99996e-52 7.11989e-52 1.62518e-51
0.629167 -2.46673e-51 5.80103e-51 1.32529e-50
0.633333 -1.98197e-50 4.61867e-50 1.05609e-49
0.6375 -1.55646e-49 3.59419e-49 8.22558e-49
0.641667 -1.1949e-48 2.73433e-48 6.26318e-48
0.645833 -8.96955e-48 2.034e-47 4.66311e-47
0.65 -6.58478e-47 1.47977e-46 3.39545e-46
0.654167 -4.72855e-46 1.05307e-45 2.41848e-45
0.658333 -3.32211e-45 7.33217e-45 1.68537e-44
0.6625 -2.28392e-44 4.99566e-44 1.1493e-43
0.666667 -1.53676e-43 3.33136e-43 7.6708e-43
0.670833 -1.01221e-42 2.17467e-42 5.01176e-42
0.675 -6.52748e-42 1.3899e-41 3.20596e-41
0.679167 -4.12199e-41 8.69892e-41 2.00824e-40
0.683333 -2.54933e-40 5.33226e-40 1.23208e-39
0.6875 -1.54444e-39 3.20178e-39 7.40443e-39
0.691667 -9.16672e-39 1.88353e-38 4.35959e-38
0.695833 -5.33112e-38 1.08573e-37 2.51516e-37
0.7 -3.03844e-37 6.13343e-37 1.42206e-36
0.704167 -1.69736e-36 3.39611e-36 7.88068e-36
0.708333 -9.29504e-36 1.84339e-35 4.28119e-35
0.7125 -4.99046e-35 9.81001e-35 2.28024e-34
0.716667 -2.62725e-34 5.11915e-34 1.19089e-33
0.720833 -1.35641e-33 2.61974e-33 6.09944e-33
0.725 -6.86854e-33 1.31494e-32 3.06404e-32
0.729167 -3.41174e-32 6.47437e-32 1.50986e-31
0.733333 -1.66257e-31 3.12739e-31 7.29913e-31
0.7375 -7.94921e-31 1.48221e-30 3.46215e-30
0.741667 -3.72958e-30 6.89342e-30 1.61143e-29
0.745833 -1.71726e-29 3.14631e-29 7.36065e-29
0.75 -7.76067e-29 1.40947e-28 3.29994e-28
0.754167 -3.44266e-28 6.19792e-28 1.45219e-27
0.758333 -1.49922e-27 2.67555e-27 6.27358e-27
0.7625 -6.40997e-27 1.13397e-26 2.66086e-26
0.766667 -2.69095e-26 4.719e-26 1.10812e-25
0.770833 -1.10932e-25 1.92841e-25 4.53152e-25
0.775 -4.491e-25 7.73908e-25 1.81985e-24
0.779167 -1.78569e-24 3.05039e-24 7.17787e-24
0.783333 -6.97399e-24 1.18095e-23 2.78074e-23
0.7875 -2.67548e-23 4.49113e-23 1.05819e-22
0.791667 -1.00832e-22 1.67787e-22 3.95585e-22
0.795833 -3.73343e-22 6.15841e-22 1.45284e-21
0.8 -1.35818e-21 2.22086e-21 5.24234e-21
0.804167 -4.85482e-21 7.86938e-21 1.85863e-20
0.808333 -1.70525e-20 2.74004e-20 6.4751e-20
0.8125 -5.88605e-20 9.37549e-20 2.21673e-19
0.816667 -1.99667e-19 3.15266e-19 7.45784e-19
0.820833 -6.65672e-19 1.04191e-18 2.46588e-18
0.825 -2.18125e-18 3.38432e-18 8.01326e-18
0.829167 -7.02527e-18 1.0805e-17 2.55944e-17
0.833333 -2.22408e-17 3.39082e-17 8.03517e-17
0.8375 -6.92128e-17 1.046e-16 2.47958e-16
0.841667 -2.11731e-16 3.17189e-16 7.52156e-16
0.845833 -6.36739e-16 9.45541e-16 2.24283e-15
0.85 -1.88247e-15 2.77095e-15 6.57442e-15
0.854167 -5.47133e-15 7.98314e-15 1.89452e-14
0.858333 -1.56339e-14 2.26112e-14 5.36695e-14
0.8625 -4.39197e-14 6.29633e-14 1.49469e-13
0.866667 -1.21303e-13 1.72372e-13 4.09235e-13
0.870833 -3.29389e-13 4.63946e-13 1.10153e-12
0.875 -8.79373e-13 1.22769e-12 2.91486e-12
0.879167 -2.30814e-12 3.19398e-12 7.58298e-12
0.883333 -5.95628e-12 8.16943e-12 1.93935e-11
0.8875 -1.51114e-11 2.0543e-11 4.87596e-11
0.891667 -3.76917e-11 5.07854e-11 1.20516e-10
0.895833 -9.24247e-11 1.23427e-10 2.92816e-10
0.9 -2.22802e-10 2.9489e-10 6.99357e-10
0.904167 -5.27987e-10 6.92592e-10 1.64187e-09
0.908333 -1.22994e-09 1.59898e-09 3.78877e-09
0.9125 -2.8163e-09 3.62855e-09 8.5931e-09
0.916667 -6.3385e-09 8.09331e-09 1.91545e-08
0.920833 -1.4021e-08 1.77416e-08 4.19593e-08
0.925 -3.04806e-08 3.8221e-08 9.03215e-08
0.929167 -6.5116e-08 8.09131e-08 1.91039e-07
0.933333 -1.36689e-07 1.68307e-07 3.96988e-07
0.9375 -2.81913e-07 3.43962e-07 8.10424e-07
0.941667 -5.71198e-07 6.90548e-07 1.62508e-06
0.945833 -1.13683e-06 1.36175e-06 3.20044e-06
0.95 -2.2222e-06 2.63732e-06 6.18947e-06
0.954167 -4.26565e-06 5.01563e-06 1.17527e-05
0.958333 -8.03954e-06 9.36506e-06 2.19071e-05
0.9625 -1.48745e-05 1.71649e-05 4.00785e-05
0.966667 -2.70107e-05 3.08765e-05 7.19496e-05
0.970833 -4.81297e-05 5.44974e-05 0.000126716
0.975 -8.41344e-05 9.4358e-05 0.000218884
0.979167 -0.000144245 0.000160221 0.000370721
0.983333 -0.000242477 0.000266727 0.000615457
0.9875 -0.000399523 0.000435193 0.00100119
0.991667 -0.000644998 0.000695669 0.00159525
0.995833 -0.00101988 0.00108907 0.00248861
1 -0.00157878 0.00166893 0.00379916
1.00417 -0.00239143 0.00250228 0.00567264
1.00833 -0.00354255 0.00366856 0.00827916
1.0125 -0.00512888 0.00525577 0.0118029
1.01667 -0.00725208 0.00735252 0.0164226
1.02083 -0.0100063 0.0100352 0.0222818
1.025 -0.01346 0.0133497 0.0294473
1.02917 -0.017631 0.0172889 0.0378591
1.03333 -0.0224589 0.0217678 0.047278
1.0375 -0.0277763 0.0265998 0.0572394
1.04167 -0.0332862 0.0314813 0.067027
1.04583 -0.0385524 0.0359907 0.0756828
1.05 -0.0430124 0.0396078 0.0820644
1.05417 -0.0460185 0.04176 0.0849599
1.05833 -0.0469089 0.0418935 0.0832553
1.0625 -0.0451078 0.0395657 0.0761372
1.06667 -0.0402383 0.0345419 0.063296
1.07083 -0.0322301 0.0268797 0.0450851
1.075 -0.0213946 0.0169759 0.0225849
1.07917 -0.00844066 0.00555638 -0.00246491
1.08333 0.00558509 -0.00640214 -0.0278802
1.0875 0.0194378 -0.0178128 -0.0513684
1.09167 0.0318729 -0.02766 -0.0709235
1.09583 0.0418636 -0.0351801 -0.0851863
1.1 0.0487854 -0.039998 -0.0936716
1.10417 0.0525138 -0.0421776 -0.0967899
1.10833 0.0534042 -0.0421691 -0.0956504
1.1125 0.0521556 -0.0406669 -0.0917021
1.11667 0.0496001 -0.0384222 -0.0863352
1.12083 0.04649 -0.0360759 -0.0805904
1.125 0.0433618 -0.0340715 -0.0750913
1.12917 0.0405318 -0.0326814 -0.0702287
1.13333 0.0382223 -0.0321287 -0.0665122
1.1375 0.0367583 -0.0327412 -0.064903
1.14167 0.0367265 -0.0350444 -0.0669165
1.14583 0.0389847 -0.0397136 -0.0743444
1.15 0.0444584 -0.0473556 -0.0886049
1.15417 0.0537531 -0.0581718 -0.109909
1.15833 0.0667059 -0.0716203 -0.136569
1.1625 0.0820624 -0.0862301 -0.164793
1.16667 0.0974508 -0.099683 -0.189149
1.17083 0.109729 -0.109189 -0.203661
1.175 0.115639 -0.112066 -0.203196
1.17917 0.112573 -0.106341 -0.184696
1.18333 0.0991836 -0.0911828 -0.147812
1.1875 0.0756424 -0.0670248 -0.0947611
1.19167 0.0434771 -0.0353751 -0.0295536
1.19583 0.00510048 0.00156435 0.0430292
1.2 -0.0367363 0.041293 0.118232
1.20417 -0.0793322 0.0812638 0.191621
1.20833 -0.120148 0.118949 0.258912
1.2125 -0.156695 0.151799 0.315644
1.21667 -0.186397 0.177246 0.357113
1.22083 -0.206629 0.192884 0.378831
1.225 -0.21504 0.196837 0.377434
1.22917 -0.210082 0.188207 0.351685
1.23333 -0.191519 0.167413 0.303116
1.2375 -0.160693 0.136256 0.235998
1.24167 -0.120395 0.0976715 0.156656
1.24583 -0.0744152 0.0552561 0.0724306
1.25 -0.0269373 0.0127453 -0.00934063
1.25417 0.0180034 -0.0264127 -0.0820772
1.25833 0.0569024 -0.0593303 -0.140437
1.2625 0.0870205 -0.0838424 -0.180676
1.26667 0.106561 -0.0986339 -0.200994
1.27083 0.114842 -0.103362 -0.201798
1.275 0.112403 -0.0987226 -0.185664
1.27917 0.100945 -0.0863764 -0.156838
1.28333 0.0830103 -0.0686812 -0.120334
1.2875 0.0614773 -0.0482927 -0.0809792
1.29167 0.0390541 -0.0277594 -0.0428127
1.29583 0.0179729 -0.00923927 -0.00899544
1.3 -5.11894e-05 0.00563182 0.0179601
1.30417 -0.0137251 0.0157965 0.0360979
1.30833 -0.0221725 0.0208569 0.0443753
1.3125 -0.0251386 0.0211944 0.0433308
1.31667 -0.0232883 0.0180056 0.0354802
1.32083 -0.018286 0.0130831 0.0248319
1.325 -0.0123913 0.00827669 0.0154236
1.32917 -0.007611 0.00480986 0.00954061
1.33333 -0.00482169 0.0028096 0.00671921
1.3375 -0.00343036 0.00138523 0.00433077
1.34167 -0.00189334 -0.000697861 -0.000422441
1.34583 0.00112889 -0.00409157 -0.008286
1.35 0.00568101 -0.00825313 -0.0170039
1.35417 0.010236 -0.011583 -0.0224175
1.35833 0.0125036 -0.0122988 -0.0210392
1.3625 0.0108718 -0.00954193 -0.0124619
1.36667 0.0055591 -0.00402573 2.48421e-05
1.37083 -0.00130724 0.00220895 0.0110921
1.375 -0.00678251 0.00680164 0.0162681
1.37917 -0.0086856 0.00823523 0.0142224
1.38333 -0.00667326 0.00646723 0.00705308
1.3875 -0.00218045 0.00271784 -0.00139472
1.39167 0.00261702 -0.00134359 -0.00785221
1.39583 0.00603541 -0.00443402 -0.011002
1.4 0.0075063 -0.0060291 -0.011233
1.40417 0.00734093 -0.00620297 -0.00941477
1.40833 0.00605747 -0.00525558 -0.0059774
1.4125 0.00394625 -0.00351254 -0.00108966
1.41667 0.0012096 -0.00140869 0.00443136
1.42083 -0.00159381 0.000376169 0.00862834
1.425 -0.00340088 0.00105022 0.00916953
1.42917 -0.00314225 0.000175661 0.00504147
1.43333 -0.000608305 -0.00184671 -0.002183
1.4375 0.00304842 -0.00373652 -0.00877459
1.44167 0.00574669 -0.00393658 -0.0110144
1.44583 0.00571533 -0.00155845 -0.00769136
1.45 0.0027101 0.00296841 -0.00107122
1.45417 -0.00171601 0.00805176 0.00451623
1.45833 -0.00517419 0.0118571 0.00556928
1.4625 -0.00600267 0.0133912 0.00173411
1.46667 -0.00432271 0.0130054 -0.00411413
1.47083 -0.00183271 0.0119827 -0.00804028
1.475 -0.000517016 0.0115365 -0.00782017
1.47917 -0.0012433 0.0119617 -0.00427904
1.48333 -0.00327194 0.0125379 -0.0003224
1.4875 -0.00497662 0.0121991 0.00144256
1.49167 -0.00515248 0.0104136 0.000594307
1.49583 -0.00388306 0.00759584 -0.00109791
1.5 -0.00234218 0.00477186 -0.00138827
1.50417 -0.00177136 0.00281121 0.000510974
1.50833 -0.00250066 0.00185327 0.00335194
1.5125 -0.00378961 0.00136027 0.00502722
1.51667 -0.00455984 0.000699956 0.00444655
1.52083 -0.00435941 -0.000267484 0.00251315
1.525 -0.00372965 -0.00110924 0.00136847
1.52917 -0.00366009 -0.00132009 0.00251811
1.53333 -0.00458786 -0.000976821 0.00539845
1.5375 -0.00579677 -0.000967015 0.00762705
1.54167 -0.00577061 -0.00253685 0.00683609
1.54583 -0.00328772 -0.00645303 0.00267635
1.55 0.00158212 -0.0124117 -0.00264695
1.55417 0.0073914 -0.0191704 -0.0058573
1.55833 0.0122689 -0.0253326 -0.00506541
1.5625 0.0152183 -0.0301978 -0.00130369
1.56667 0.0167515 -0.0340147 0.00215076
1.57083 0.0183231 -0.0374286 0.00226738
1.575 0.0209647 -0.0405524 -0.00130978
1.57917 0.0241888 -0.0424248 -0.00584502
1.58333 0.0260819 -0.0413557 -0.00755799
1.5875 0.0246067 -0.0359795 -0.00462663
1.59167 0.0191553 -0.0262575 0.00122529
1.59583 0.011132 -0.0136651 0.00591336
1.6 0.00305423 -0.000390488 0.00612383
1.60417 -0.003176 0.011869 0.00193859
1.60833 -0.00748515 0.0226162 -0.00319063
1.6125 -0.0113584 0.0322619 -0.00517312
1.61667 -0.0163015 0.0411261 -0.00255207
1.62083 -0.0222962 0.0486021 0.00234229
1.625 -0.0275415 0.0532189 0.00532322
1.62917 -0.0297346 0.0535971 0.0037895
1.63333 -0.0278649 0.0495336 -0.00115473
1.6375 -0.0230523 0.0423155 -0.00564062
1.64167 -0.0177336 0.0339649 -0.00622368
1.64583 -0.0138581 0.025985 -0.00265091
1.65 -0.0115604 0.0185844 0.00206285
1.65417 -0.00935621 0.0109665 0.00422429
1.65833 -0.00563001 0.00240151 0.00247737
1.6625 -0.000131522 -0.00682641 -0.00126
1.66667 0.00575093 -0.0153756 -0.00360068
1.67083 0.0100992 -0.0217135 -0.00258394
1.675 0.0119627 -0.0251516 0.000800577
1.67917 0.0119852 -0.0262003 0.00363091
1.68333 0.0117031 -0.0260006 0.00359656
1.6875 0.0121857 -0.0253646 0.000861
1.69167 0.0131895 -0.0242417 -0.00223734
1.69583 0.0134872 -0.0220055 -0.00323391
1.7 0.0120148 -0.0182312 -0.00152935
1.70417 0.00882713 -0.0132449 0.0012814
1.70833 0.00508647 -0.00798968 0.0028616
1.7125 0.00215731 -0.00337868 0.00204731
1.71667 0.000603266 0.000264235 -0.000336974
1.72083 -9.95433e-05 0.00321341 -0.00230282
1.725 -0.000960119 0.00585377 -0.00236242
1.72917 -0.002537 0.00817021 -0.00065392
1.73333 -0.00444917 0.00965879 0.00130355
1.7375 -0.00569769 0.00970911 0.00191885
1.74167 -0.00549091 0.00812374 0.00079643
1.74583 -0.00388937 0.0053704 -0.00102751
1.75 -0.00177573 0.00240039 -0.00200171
1.75417 -0.00021464 0.000176181 -0.0013427
1.75833 0.000268265 -0.000787584 0.000355099
1.7625 -5.81221e-05 -0.000608025 0.00164975
1.76667 -0.000483634 0.000142935 0.00146583
1.77083 -0.000484776 0.000849088 -1.07708e-05
1.775 -0.000113086 0.0012169 -0.00149513
1.77917 0.000141128 0.00134121 -0.00169269
1.78333 -0.000139507 0.00143918 -0.000411529
1.7875 -0.000859626 0.00151676 0.00124985
1.79167 -0.00142962 0.00131855 0.00183186
1.79583 -0.00125393 0.000644478 0.000796178
1.8 -0.000293261 -0.000292032 -0.000957127
1.80417 0.000804991 -0.000903761 -0.00184739
1.80833 0.00119073 -0.000730614 -0.00103605
1.8125 0.000551677 5.86997e-05 0.000760993
1.81667 -0.00054551 0.000714915 0.00188129
1.82083 -0.00108956 0.000540978 0.00126432
1.825 -0.000515632 -0.000473178 -0.00049831
1.82917 0.000752852 -0.00163767 -0.00168101
1.83333 0.0016639 -0.00217905 -0.0010974
1.8375 0.0015052 -0.00186675 0.000689072
1.84167 0.000554129 -0.00106414 0.00187862
1.84583 -0.000247752 -0.000253606 0.00123568
1.85 -0.000275052 0.000391951 -0.000629567
1.85417 0.000165532 0.000961297 -0.00185846
1.85833 0.000244342 0.00144156 -0.00125795
1.8625 -0.000394212 0.00154536 0.000456121
1.86667 -0.00115283 0.000967576 0.00142683
1.87083 -0.00109163 -0.000216112 0.000643011
1.875 8.22792e-06 -0.00146728 -0.000991498
1.87917 0.00130762 -0.0021275 -0.00167489
1.88333 0.00170796 -0.00185977 -0.000689131
1.8875 0.000938217 -0.000822339 0.000849951
1.89167 -0.000234276 0.000478142 0.00128336
1.89583 -0.000847375 0.0014658 0.000249262
1.9 -0.000673462 0.00175897 -0.000996623
1.90417 -0.000262161 0.00136092 -0.00106177
1.90833 -0.000187573 0.0006605 5.46292e-05
1.9125 -0.00042599 0.000126742 0.00107405
1.91667 -0.000498077 -0.000112735 0.000925712
1.92083 -8.85214e-05 -0.000337219 -0.000132864
1.925 0.000585069 -0.000777408 -0.000911158
1.92917 0.000990322 -0.00117576 -0.000608884
1.93333 0.000796989 -0.00101258 0.000389007
1.9375 0.000183312 -0.000200278 0.000982109
1.94167 -0.000335907 0.000685183 0.000519741
1.94583 -0.00040495 0.00103014 -0.000517688
1.95 -0.000177177 0.000864314 -0.00100462
1.95417 -0.000124053 0.00066683 -0.000376597
1.95833 -0.000450375 0.0005972 0.000693466
1.9625 -0.000781235 0.000278379 0.000980899
1.96667 -0.00056454 -0.000560058 0.000108774
1.97083 0.000229462 -0.0015274 -0.000951718
1.975 0.000966403 -0.00190002 -0.000968807
1.97917 0.000977024 -0.00137748 0.000107624
1.98333 0.000242454 -0.00033618 0.00107827
1.9875 -0.000605039 0.00056507 0.000865404
1.99167 -0.000897306 0.00088652 -0.000309751
1.99583 -0.000522138 0.000655104 -0.00120854
2 9.61851e-07 0.000296883 -0.000869146
2.00417 2.41718e-05 0.000199889 0.0004295
2.00833 -0.000501096 0.000193129 0.00136789
2.0125 -0.000808449 -0.000293359 0.000824544
2.01667 -0.000132006 -0.00128359 -0.000821309
2.02083 0.00114917 -0.00183179 -0.00175936
2.025 0.0016296 -0.00111596 -0.000670379
2.02917 0.000560201 0.000283395 0.00139316
2.03333 -0.000969427 0.001007 0.00188052
2.0375 -0.00124776 0.000784628 -4.9968e-05
2.04167 -0.000186978 0.000660357 -0.00209757
2.04583 0.000580286 0.00108871 -0.0016096
2.05 4.43223e-05 0.00103751 0.000830548
2.05417 -0.000772289 -0.000193991 0.00209676
2.05833 -0.000411416 -0.00140844 0.000713189
2.0625 0.000881367 -0.00110854 -0.0013406
2.06667 0.00164549 0.000158494 -0.00157239
2.07083 0.00129331 0.000745392 -0.000135885
2.075 0.000524267 0.000676227 0.00104731
2.07917 -6.2342e-05 0.00137464 0.00103075
2.08333 -0.000456548 0.00265892 0.000270888
2.0875 -0.000395731 0.00250021 -0.000700039
2.09167 0.00048468 0.000540795 -0.00136977
2.09583 0.00139214 -0.000695337 -0.000783495
2.1 0.000875397 0.000319125 0.00109253
2.10417 -0.000765982 0.00139266 0.00211108
2.10833 -0.00126579 0.000110053 0.000371898
2.1125 0.000274446 -0.00198103 -0.00229461
2.11667 0.00154205 -0.00181624 -0.00207849
2.12083 0.000296733 -2.76039e-05 0.00110754
2.125 -0.00197181 0.000118212 0.00284815
2.12917 -0.00214821 -0.00157827 0.000605113
2.13333 -0.000328452 -0.0019561 -0.00231134
2.1375 0.000474705 -0.000366101 -0.00175505
2.14167 -0.000677933 -0.000163554 0.00100359
2.14583 -0.00130917 -0.00260471 0.00169026
2.15 1.04546e-05 -0.00390916 -0.000153978
2.15417 0.00120861 -0.00151455 -0.00115769
2.15833 0.000514242 0.000981898 -0.000215751
2.1625 -0.000329253 -0.000435783 0.000147236
2.16667 0.000685292 -0.00300742 -0.000984912
2.17083 0.00190124 -0.0014832 -0.0010796
2.175 0.000772468 0.00262741 0.00075495
2.17917 -0.00123343 0.00292511 0.00133323
2.18333 -0.000618804 -0.0011904 -0.00112638
2.1875 0.00205445 -0.00305022 -0.00304174
2.19167 0.0025619 0.00041751 -0.000885889
2.19583 -0.000121757 0.00353787 0.00254254
2.2 -0.00191301 0.0013557 0.00207922
2.20417 -0.000193736 -0.00208808 -0.0014959
2.20833 0.00192578 -0.00062502 -0.00252536
2.2125 0.000750583 0.00367718 0.000600945
2.21667 -0.00204202 0.0041123 0.00313202
2.22083 -0.00238794 0.000556932 0.00168208
2.225 -0.000434779 -0.000727992 -0.000841657
2.22917 0.000226451 0.00199765 -0.000566648
2.23333 -0.00115737 0.00316059 0.00128747
2.2375 -0.00157664 -0.000227364 0.00128283
2.24167 0.000144986 -0.00316832 -0.000261588
2.24583 0.00121911 -0.00111115 -0.000411185
2.25 -0.000136929 0.00218004 0.000838824
2.25417 -0.00140001 0.000853067 0.000614483
2.25833 4.69366e-06 -0.00307418 -0.00140959
2.2625 0.0020684 -0.00288115 -0.00192812
2.26667 0.00126254 0.00161581 0.00044978
2.27083 -0.00151512 0.00349074 0.00232749
2.275 -0.00205696 2.50727e-05 0.000652586
2.27917 0.000441819 -0.00270994 -0.00210876
2.28333 0.00191288 0.000208631 -0.00144144
2.2875 -0.000185899 0.00434004 0.00210073
2.29167 -0.0027638 0.00313344 0.00345077
2.29583 -0.00199694 -0.00112288 0.000783096
2.3 0.000562377 -0.000962892 -0.00165687
2.30417 0.000583439 0.00372627 -0.00025757
2.30833 -0.00193854 0.00524942 0.00239164
2.3125 -0.00275911 0.000909596 0.00199108
2.31667 -0.000517602 -0.00230394 -0.00046908
2.32083 0.00104962 0.000590962 -0.000811975
2.325 -0.000416818 0.00405961 0.00100221
2.32917 -0.00183126 0.00143361 0.00110234
2.33333 -0.000127049 -0.00358393 -0.00106515
2.3375 0.00218667 -0.00315811 -0.00159061
2.34167 0.00129342 0.00120163 0.000629777
2.34583 -0.00107169 0.00124858 0.00136071
2.35 -0.000386853 -0.00369067 -0.00156436
2.35417 0.00272797 -0.00556818 -0.00382945
2.35833 0.00331317 -0.00162321 -0.00168429
2.3625 0.000522746 0.00093814 0.00139062
2.36667 -0.000869191 -0.00241577 0.000275523
2.37083 0.0014443 -0.00591733 -0.00327431
2.375 0.00359893 -0.00389439 -0.00370996
2.37917 0.00232999 -0.00035241 -0.000787689
2.38333 0.000147677 -0.00119784 0.000768622
2.3875 0.000383511 -0.00377049 -0.0005557
2.39167 0.00157525 -0.00222475 -0.00152175
2.39583 0.000837709 0.00177662 -0.000551494
2.4 -0.000789496 0.00238393 0.000279099
2.40417 -0.00077208 0.000139542 0.000187928
2.40833 -5.88429e-05 0.000522234 0.00103507
2.4125 -0.00106833 0.0038034 0.00267003
2.41667 -0.00275897 0.00480893 0.00224885
2.42083 -0.00231461 0.00227686 -0.000243193
2.425 -0.000379815 0.000567544 -0.00088156
2.42917 -6.7498e-05 0.00155734 0.00165434
2.43333 -0.00149646 0.0020522 0.00325297
2.4375 -0.00174481 0.000480561 0.000919391
2.44167 -8.00969e-05 -0.00046974 -0.0021918
2.44583 0.00100894 0.00034362 -0.00185381
2.45 0.000384517 0.000188042 0.000681613
2.45417 -0.000107679 -0.00185021 0.00131183
2.45833 0.00058152 -0.00256485 -0.000337324
2.4625 0.000986558 -0.000734082 -0.00134244
2.46667 0.000427596 -1.90648e-05 -0.000863392
2.47083 0.000518833 -0.00228548 -0.000606177
2.475 0.00166455 -0.00331876 -0.000646418
2.47917 0.00144577 0.000124767 0.000621693
2.48333 -0.00106277 0.00369435 0.0022096
2.4875 -0.00253746 0.00197544 0.0010054
2.49167 -0.000372222 -0.00193086 -0.00221301
2.49583 0.00223216 -0.000932888 -0.00227186
2.5 0.000683973 0.00378405 0.00209151
2.50417 -0.00311532 0.00392886 0.00446913
2.50833 -0.00296051 -0.00181793 0.000154493
2.5125 0.00159598 -0.00461301 -0.00517242
2.51667 0.00378305 -2.24785e-06 -0.00321576
2.52083 0.000276474 0.00402146 0.00341614
2.525 -0.00318934 0.000365231 0.00452231
2.52917 -0.00113994 -0.00462011 -0.00148028
2.53333 0.00266906 -0.00195645 -0.00497473
2.5375 0.00191364 0.00381932 -0.000905075
2.54167 -0.00151584 0.00224146 0.00351532
2.54583 -0.00140559 -0.00412644 0.00168794
2.55 0.00146942 -0.00356041 -0.00187742
2.55417 0.00118443 0.00370947 -0.00100553
2.55833 -0.00189707 0.00506347 0.00128292
2.5625 -0.0016337 -0.00211171 1.88726e-05
2.56667 0.00196529 -0.00511337 -0.00156104
2.57083 0.00197979 0.00168517 0.001044
2.575 -0.00250845 0.00643035 0.00340967
2.57917 -0.00364594 0.000585807 -0.000190722
2.58333 0.00140759 -0.00593232 -0.00477269
2.5875 0.00460439 -0.00229104 -0.00207183
2.59167 0.000501397 0.00451506 0.00439461
2.59583 -0.00419097 0.00262446 0.00420622
2.6 -0.00186454 -0.00409513 -0.00256579
2.60417 0.00345517 -0.00387955 -0.00540496
2.60833 0.00333242 0.00238953 -0.000344513
2.6125 -0.00148707 0.0040371 0.00471098
2.61667 -0.00349936 -0.000707269 0.00307698
2.62083 -0.000586197 -0.00331693 -0.00194722
2.625 0.00230417 -0.000280739 -0.00382728
2.62917 0.00170148 0.00258425 -0.0012641
2.63333 -0.000601737 0.00110653 0.00227758
2.6375 -0.00163399 -0.00159415 0.00303118
2.64167 -0.000734888 -0.0014677 0.000124044
2.64583 0.00076101 0.000933594 -0.00309517
2.65 0.00106486 0.00231699 -0.00225117
2.65417 -0.000186373 0.00075441 0.00179015
2.65833 -0.00112756 -0.00207477 0.0033314
2.6625 -0.000288771 -0.00224854 0.000355915
2.66667 0.000825335 0.000952639 -0.00245493
2.67083 0.000381533 0.00261444 -0.00157047
2.675 -0.000293675 -0.000580121 0.00049645
2.67917 0.00049965 -0.00366179 0.000913614
2.68333 0.000928787 -0.000778417 0.000767518
2.6875 -0.000864512 0.00400917 0.000756285
2.69167 -0.00212077 0.0026417 -0.000691722
2.69583 7.42145e-05 -0.00288901 -0.00242565
2.7 0.00257598 -0.00347395 -0.000786119
2.70417 0.000902891 0.00153567 0.0029049
2.70833 -0.00253118 0.00357606 0.00270517
2.7125 -0.00203881 -0.000231516 -0.00184164
2.71667 0.00165888 -0.00311734 -0.00396372
2.72083 0.00274892 -0.000964352 -0.000513921
2.725 -7.83461e-05 0.00194067 0.00325589
2.72917 -0.0023319 0.00151075 0.00243028
2.73333 -0.00131341 -0.000463943 -0.00103368
2.7375 0.000915202 -0.00113717 -0.00280521
2.74167 0.0017294 -0.000506156 -0.00151721
2.74583 0.000685762 0.000419914 0.00148797
2.75 -0.00114318 0.000739829 0.00325273
2.75417 -0.00175425 -0.00029072 0.000988484
2.75833 6.23617e-05 -0.00136357 -0.00331189
2.7625 0.00208686 -0.000163859 -0.00342663
2.76667 0.00102318 0.00185553 0.00168958
2.77083 -0.00181273 0.000908238 0.00461699
2.775 -0.00194934 -0.0017413 0.000836806
2.77917 0.000681886 -0.00115397 -0.00361119
2.78333 0.00167878 0.00169107 -0.00224768
2.7875 5.18483e-05 0.00100856 0.00165184
2.79167 -0.000704416 -0.0023374 0.00214892
2.79583 0.000203412 -0.00161226 0.000327609
2.8 1.79421e-05 0.00260435 -0.000315087
2.80417 -0.00101411 0.00255235 -0.000639401
2.80833 1.29952e-05 -0.00205357 -0.00146729
2.8125 0.00184939 -0.00295302 -0.000184892
2.81667 0.000655039 0.00133779 0.00267921
2.82083 -0.00206819 0.00296342 0.00193763
2.825 -0.00141141 -0.000494426 -0.00246704
2.82917 0.00179104 -0.00235191 -0.00350973
2.83333 0.00217436 4.57474e-05 0.000840766
2.8375 -0.000632284 0.00154855 0.00359447
2.84167 -0.00190901 0.00011998 0.000777895
2.84583 -0.000324726 -0.00050628 -0.00257873
2.85 0.00104608 0.000372713 -0.00206055
2.85417 0.000896501 -4.91201e-05 0.000122441
2.85833 0.000328094 -0.000778183 0.0013263
2.8625 -0.000611545 0.000668165 0.00175959
2.86667 -0.00158339 0.0015568 0.000670048
2.87083 -0.000474561 -0.000894611 -0.00225133
2.875 0.00215309 -0.00251458 -0.00284674
2.87917 0.0019865 0.000300312 0.00145214
2.88333 -0.00150142 0.00266329 0.00477268
2.8875 -0.00274291 0.000117153 0.00139831
2.89167 0.000544853 -0.00252263 -0.00348951
2.89583 0.00303448 -0.00050955 -0.001938
2.9 0.00115784 0.00170226 0.00331691
2.90417 -0.00108871 -0.000249998 0.00430853
2.90833 -6.76487e-05 -0.00200379 0.00127678
2.9125 0.00170684 0.000175348 0.00010908
2.91667 0.00174333 0.00164821 0.00171113
2.92083 0.0018312 -0.000949023 0.00337091
2.925 0.00284862 -0.00279442 0.00517154
2.92917 0.00280055 -0.000722908 0.00725327
2.93333 0.00221115 0.000632374 0.00706318
2.9375 0.00400358 -0.00150788 0.0054683
2.94167 0.00701963 -0.00292878 0.00789537
2.94583 0.00732678 -0.00159078 0.0144563
2.95 0.00594816 -0.00137253 0.0180432
2.95417 0.00740022 -0.00342741 0.0165089
2.95833 0.0113225 -0.00415506 0.0166548
2.9625 0.0134571 -0.00338926 0.0222002
2.96667 0.0135441 -0.00445226 0.0281842
2.97083 0.0146365 -0.00621727 0.0307519
2.975 0.0166384 -0.00522278 0.0323688
2.97917 0.0176189 -0.0038401 0.0347763
2.98333 0.0186755 -0.00616066 0.0363856
2.9875 0.0209681 -0.00903433 0.0378295
2.99167 0.0217085 -0.00744107 0.0408682
2.99583 0.0191508 -0.0043897 0.0422547
