0 0 0 0
0.00416667 0 0 0
0.00833333 0 0 0
0.0125 0 0 0
0.0166667 0 0 0
0.0208333 0 0 0
0.025 0 0 0
0.0291667 0 0 0
0.0333333 0 0 0
0.0375 0 0 0
0.0416667 0 0 0
0.0458333 0 0 0
0.05 0 0 0
0.0541667 0 0 0
0.0583333 0 0 0
0.0625 0 0 0
0.0666667 0 0 0
0.0708333 0 0 0
0.075 0 0 0
0.0791667 0 0 0
0.0833333 0 0 0
0.0875 0 0 0
0.0916667 0 0 0
0.0958333 0 0 0
0.1 0 0 0
0.104167 0 0 0
0.108333 0 0 0
0.1125 0 0 0
0.116667 0 0 0
0.120833 0 0 0
0.125 -1.82804e-322 3.78948e-321 8.18173e-321
0.129167 -2.07128e-316 2.85589e-315 6.08249e-315
0.133333 -1.00453e-310 1.34007e-309 2.8547e-309
0.1375 -3.21041e-305 4.14793e-304 8.83805e-304
0.141667 -6.93298e-300 8.68377e-299 1.85067e-298
0.145833 -1.03507e-294 1.25795e-293 2.68156e-293
0.15 -1.09094e-289 1.28755e-288 2.74532e-288
0.154167 -8.27409e-285 9.49068e-284 2.0241e-283
0.158333 -4.59582e-280 5.12721e-279 1.09377e-278
0.1625 -1.90006e-275 2.06316e-274 4.40239e-274
0.166667 -5.93513e-271 6.27677e-270 1.33969e-269
0.170833 -1.42024e-266 1.46381e-265 3.12515e-265
0.175 -2.6371e-262 2.65051e-261 5.66025e-261
0.179167 -3.84501e-258 3.77076e-257 8.05489e-257
0.183333 -4.45126e-254 4.26168e-253 9.1062e-253
0.1875 -4.13397e-250 3.86595e-249 8.26304e-249
0.191667 -3.10971e-246 2.84197e-245 6.07629e-245
0.195833 -1.91188e-242 1.70835e-241 3.65368e-241
0.2 -9.68822e-239 8.46784e-238 1.81161e-237
0.204167 -4.0785e-235 3.48844e-234 7.46559e-234
0.208333 -1.43696e-231 1.20325e-230 2.57593e-230
0.2125 -4.26674e-228 3.49918e-227 7.49352e-227
0.216667 -1.07471e-224 8.6355e-224 1.84988e-223
0.220833 -2.31051e-221 1.81964e-220 3.89936e-220
0.225 -4.26495e-218 3.29324e-217 7.05987e-217
0.229167 -6.79709e-215 5.14764e-214 1.10396e-213
0.233333 -9.40102e-212 6.98525e-211 1.49862e-210
0.2375 -1.13393e-208 8.26897e-208 1.77469e-207
0.241667 -1.19832e-205 8.57889e-205 1.8419e-204
0.245833 -1.11447e-202 7.83508e-202 1.68287e-201
0.25 -9.16002e-200 6.32569e-199 1.35921e-198
0.254167 -6.68009e-197 4.53262e-196 9.74324e-196
0.258333 -4.33884e-194 2.89341e-193 6.22217e-193
0.2625 -2.51904e-191 1.65139e-190 3.55274e-190
0.266667 -1.31177e-188 8.45587e-188 1.81993e-187
0.270833 -6.14697e-186 3.89716e-185 8.39129e-185
0.275 -2.60015e-183 1.6217e-182 3.49333e-182
0.279167 -9.95783e-181 6.11109e-180 1.31698e-179
0.283333 -3.46257e-178 2.09134e-177 4.50902e-177
0.2875 -1.09618e-175 6.51735e-175 1.40581e-174
0.291667 -3.1677e-173 1.85431e-172 4.00167e-172
0.295833 -8.37655e-171 4.82877e-170 1.04256e-169
0.3 -2.0318e-168 1.15363e-167 2.49195e-167
0.304167 -4.53085e-166 2.53431e-165 5.47699e-165
0.308333 -9.30917e-164 5.13053e-163 1.10932e-162
0.3125 -1.76598e-161 9.59141e-161 2.07488e-160
0.316667 -3.09943e-159 1.65918e-158 3.59106e-158
0.320833 -5.04241e-157 2.66096e-156 5.76221e-156
0.325 -7.61845e-155 3.96388e-154 8.5881e-154
0.329167 -1.07088e-152 5.49434e-152 1.19103e-151
0.333333 -1.40284e-150 7.09851e-150 1.53959e-149
0.3375 -1.71548e-148 8.56231e-148 1.85806e-147
0.341667 -1.96138e-146 9.65774e-146 2.09691e-145
0.345833 -2.09992e-144 1.0202e-143 2.21629e-143
0.35 -2.1084e-142 1.01078e-141 2.19705e-141
0.354167 -1.98804e-140 9.40614e-140 2.04568e-139
0.358333 -1.76287e-138 8.23268e-138 1.79149e-137
0.3625 -1.47202e-136 6.78611e-136 1.47755e-135
0.366667 -1.15894e-134 5.27479e-134 1.14915e-133
0.370833 -8.6138e-133 3.87105e-132 8.43831e-132
0.375 -6.05115e-131 2.6854e-130 5.85723e-130
0.379167 -4.02244e-129 1.76297e-128 3.84759e-128
0.383333 -2.533e-127 1.09653e-126 2.39456e-126
0.3875 -1.51266e-125 6.46847e-125 1.41343e-124
0.391667 -8.57552e-124 3.62277e-123 7.92102e-123
0.395833 -4.6199e-122 1.9283e-121 4.21878e-121
0.4 -2.36746e-120 9.76401e-120 2.13754e-119
0.404167 -1.1551e-118 4.70771e-118 1.03127e-117
0.408333 -5.37084e-117 2.16329e-116 4.74196e-116
0.4125 -2.38196e-115 9.48266e-115 2.07996e-114
0.416667 -1.00849e-113 3.9685e-113 8.71036e-113
0.420833 -4.07956e-112 1.58696e-111 3.48547e-111
0.425 -1.57802e-110 6.06869e-110 1.33377e-109
0.429167 -5.84127e-109 2.22105e-108 4.88468e-108
0.433333 -2.07076e-107 7.78541e-107 1.71339e-106
0.4375 -7.03561e-106 2.61569e-105 5.76047e-105
0.441667 -2.29262e-104 8.42915e-104 1.85761e-103
0.445833 -7.17009e-103 2.6072e-102 5.74973e-102
0.45 -2.15364e-101 7.74552e-101 1.70934e-100
0.454167 -6.21671e-100 2.21156e-99 4.88408e-99
0.458333 -1.72571e-98 6.07284e-98 1.34211e-97
0.4625 -4.60957e-97 1.60473e-96 3.54903e-96
0.466667 -1.1855e-95 4.08309e-95 9.03673e-95
0.470833 -2.9373e-94 1.00094e-93 2.2169e-93
0.475 -7.0153e-93 2.36539e-92 5.24278e-92
0.479167 -1.61598e-91 5.39159e-91 1.19591e-90
0.483333 -3.59213e-90 1.186e-89 2.63261e-89
0.4875 -7.70946e-89 2.519e-88 5.59575e-88
0.491667 -1.59835e-87 5.16863e-87 1.14904e-86
0.495833 -3.20268e-86 1.02503e-85 2.28048e-85
0.5 -6.20523e-85 1.96575e-84 4.37672e-84
0.504167 -1.16308e-83 3.6471e-83 8.12651e-83
0.508333 -2.10995e-82 6.54934e-82 1.46046e-81
0.5125 -3.70626e-81 1.13886e-80 2.54158e-80
0.516667 -6.30656e-80 1.91849e-79 4.28482e-79
0.520833 -1.03998e-78 3.13215e-78 7.00101e-78
0.525 -1.66271e-77 4.95798e-77 1.10909e-76
0.529167 -2.57833e-76 7.61232e-76 1.70423e-75
0.533333 -3.87941e-75 1.1341e-74 2.54104e-74
0.5375 -5.66582e-74 1.64012e-73 3.67779e-73
0.541667 -8.03513e-73 2.30331e-72 5.1691e-72
0.545833 -1.10692e-71 3.14222e-71 7.05755e-71
0.55 -1.48178e-70 4.16566e-70 9.36393e-70
0.554167 -1.92819e-69 5.36841e-69 1.20775e-68
0.558333 -2.43984e-68 6.72774e-68 1.51482e-67
0.5625 -3.00304e-67 8.20156e-67 1.8482e-66
0.566667 -3.59659e-66 9.72899e-66 2.19424e-65
0.570833 -4.19262e-65 1.12336e-64 2.53572e-64
0.575 -4.75861e-64 1.26295e-63 2.85321e-63
0.579167 -5.26023e-63 1.38292e-62 3.12688e-62
0.583333 -5.66482e-62 1.47529e-61 3.33857e-61
0.5875 -5.94497e-61 1.53375e-60 3.47382e-60
0.591667 -6.08158e-60 1.55434e-59 3.52346e-59
0.595833 -6.06602e-59 1.53593e-58 3.48472e-58
0.6 -5.90105e-58 1.48029e-57 3.36137e-57
0.604167 -5.60021e-57 1.39183e-56 3.16322e-56
0.608333 -5.18609e-56 1.27701e-55 2.90478e-55
0.6125 -4.68753e-55 1.14363e-54 2.60363e-54
0.616667 -4.13639e-54 9.99901e-54 2.27839e-53
0.620833 -3.56431e-53 8.53723e-53 1.947e-52
0.625 -2.9999e-52 7.11974e-52 1.62514e-51
0.629167 -2.46667e-51 5.8009e-51 1.32526e-50
0.633333 -1.98192e-50 4.61856e-50 1.05607e-49
0.6375 -1.55642e-49 3.59411e-49 8.22537e-49
0.641667 -1.19487e-48 2.73426e-48 6.26301e-48
0.645833 -8.96932e-48 2.03395e-47 4.66299e-47
0.65 -6.58461e-47 1.47973e-46 3.39536e-46
0.654167 -4.72842e-46 1.05305e-45 2.41841e-45
0.658333 -3.32202e-45 7.33197e-45 1.68532e-44
0.6625 -2.28386e-44 4.99553e-44 1.14927e-43
0.666667 -1.53672e-43 3.33126e-43 7.67058e-43
0.670833 -1.01218e-42 2.1746e-42 5.01162e-42
0.675 -6.52729e-42 1.38986e-41 3.20586e-41
0.679167 -4.12187e-41 8.69867e-41 2.00819e-40
0.683333 -2.54925e-40 5.33211e-40 1.23204e-39
0.6875 -1.5444e-39 3.20169e-39 7.40422e-39
0.691667 -9.16645e-39 1.88348e-38 4.35947e-38
0.695833 -5.33097e-38 1.0857e-37 2.51509e-37
0.7 -3.03836e-37 6.13326e-37 1.42202e-36
0.704167 -1.69732e-36 3.39601e-36 7.88046e-36
0.708333 -9.29478e-36 1.84334e-35 4.28107e-35
0.7125 -4.99032e-35 9.80974e-35 2.28018e-34
0.716667 -2.62718e-34 5.11901e-34 1.19085e-33
0.720833 -1.35637e-33 2.61967e-33 6.09928e-33
0.725 -6.86836e-33 1.31491e-32 3.06396e-32
0.729167 -3.41165e-32 6.4742e-32 1.50982e-31
0.733333 -1.66252e-31 3.12731e-31 7.29895e-31
0.7375 -7.94901e-31 1.48218e-30 3.46207e-30
0.741667 -3.72949e-30 6.89326e-30 1.61139e-29
0.745833 -1.71722e-29 3.14623e-29 7.36049e-29
0.75 -7.7605e-29 1.40944e-28 3.29986e-28
0.754167 -3.44259e-28 6.19778e-28 1.45216e-27
0.758333 -1.49919e-27 2.67549e-27 6.27346e-27
0.7625 -6.40984e-27 1.13394e-26 2.66081e-26
0.766667 -2.6909e-26 4.71891e-26 1.1081e-25
0.770833 -1.1093e-25 1.92838e-25 4.53143e-25
0.775 -4.49092e-25 7.73894e-25 1.81981e-24
0.779167 -1.78566e-24 3.05033e-24 7.17775e-24
0.783333 -6.97387e-24 1.18093e-23 2.7807e-23
0.7875 -2.67543e-23 4.49106e-23 1.05818e-22
0.791667 -1.00831e-22 1.67784e-22 3.9558e-22
0.795833 -3.73337e-22 6.15832e-22 1.45282e-21
0.8 -1.35816e-21 2.22082e-21 5.24227e-21
0.804167 -4.85476e-21 7.86928e-21 1.85861e-20
0.808333 -1.70523e-20 2.74e-20 6.47503e-20
0.8125 -5.88598e-20 9.37537e-20 2.2167e-19
0.816667 -1.99665e-19 3.15262e-19 7.45776e-19
0.820833 -6.65665e-19 1.0419e-18 2.46586e-18
0.825 -2.18123e-18 3.38429e-18 8.01318e-18
0.829167 -7.0252e-18 1.08049e-17 2.55941e-17
0.833333 -2.22406e-17 3.39079e-17 8.03511e-17
0.8375 -6.92122e-17 1.04599e-16 2.47956e-16
0.841667 -2.1173e-16 3.17187e-16 7.5215e-16
0.845833 -6.36734e-16 9.45534e-16 2.24282e-15
0.85 -1.88245e-15 2.77093e-15 6.57438e-15
0.854167 -5.47129e-15 7.98309e-15 1.8945e-14
0.858333 -1.56338e-14 2.26111e-14 5.36692e-14
0.8625 -4.39194e-14 6.29629e-14 1.49468e-13
0.866667 -1.21302e-13 1.72371e-13 4.09233e-13
0.870833 -3.29387e-13 4.63944e-13 1.10152e-12
0.875 -8.79369e-13 1.22769e-12 2.91485e-12
0.879167 -2.30813e-12 3.19397e-12 7.58295e-12
0.883333 -5.95625e-12 8.1694e-12 1.93934e-11
0.8875 -1.51114e-11 2.05429e-11 4.87595e-11
0.891667 -3.76916e-11 5.07853e-11 1.20515e-10
0.895833 -9.24244e-11 1.23426e-10 2.92815e-10
0.9 -2.22801e-10 2.94889e-10 6.99355e-10
0.904167 -5.27985e-10 6.9259e-10 1.64187e-09
0.908333 -1.22994e-09 1.59897e-09 3.78876e-09
0.9125 -2.8163e-09 3.62854e-09 8.59308e-09
0.916667 -6.33849e-09 8.09329e-09 1.91544e-08
0.920833 -1.4021e-08 1.77416e-08 4.19592e-08
0.925 -3.04806e-08 3.8221e-08 9.03213e-08
0.929167 -6.51159e-08 8.0913e-08 1.91038e-07
0.933333 -1.36688e-07 1.68307e-07 3.96987e-07
0.9375 -2.81912e-07 3.43962e-07 8.10423e-07
0.941667 -5.71197e-07 6.90547e-07 1.62508e-06
0.945833 -1.13683e-06 1.36175e-06 3.20044e-06
0.95 -2.2222e-06 2.63732e-06 6.18946e-06
0.954167 -4.26564e-06 5.01562e-06 1.17527e-05
0.958333 -8.03953e-06 9.36505e-06 2.1907e-05
0.9625 -1.48745e-05 1.71649e-05 4.00785e-05
0.966667 -2.70106e-05 3.08765e-05 7.19496e-05
0.970833 -4.81297e-05 5.44974e-05 0.000126716
0.975 -8.41344e-05 9.43579e-05 0.000218884
0.979167 -0.000144245 0.000160221 0.000370721
0.983333 -0.000242477 0.000266727 0.000615457
0.9875 -0.000399523 0.000435193 0.00100118
0.991667 -0.000644998 0.000695669 0.00159525
0.995833 -0.00101988 0.00108907 0.00248861
1 -0.00157877 0.00166893 0.00379916
1.00417 -0.00239143 0.00250228 0.00567264
1.00833 -0.00354255 0.00366856 0.00827915
1.0125 -0.00512888 0.00525577 0.0118028
1.01667 -0.00725208 0.00735252 0.0164226
1.02083 -0.0100063 0.0100352 0.0222818
1.025 -0.01346 0.0133497 0.0294472
1.02917 -0.017631 0.0172889 0.0378591
1.03333 -0.0224589 0.0217678 0.047278
1.0375 -0.0277763 0.0265997 0.0572394
1.04167 -0.0332862 0.0314813 0.067027
1.04583 -0.0385523 0.0359907 0.0756828
1.05 -0.0430124 0.0396078 0.0820644
1.05417 -0.0460185 0.04176 0.0849599
1.05833 -0.0469089 0.0418935 0.0832553
1.0625 -0.0451078 0.0395657 0.0761372
1.06667 -0.0402383 0.0345419 0.063296
1.07083 -0.0322301 0.0268797 0.0450851
1.075 -0.0213946 0.016976 0.022585
1.07917 -0.00844068 0.0055564 -0.00246485
1.08333 0.00558506 -0.00640211 -0.0278801
1.0875 0.0194378 -0.0178128 -0.0513683
1.09167 0.0318728 -0.0276599 -0.0709234
1.09583 0.0418636 -0.03518 -0.0851862
1.1 0.0487854 -0.0399979 -0.0936714
1.10417 0.0525137 -0.0421775 -0.0967898
1.10833 0.0534041 -0.042169 -0.0956503
1.1125 0.0521556 -0.0406668 -0.0917021
1.11667 0.0496001 -0.0384222 -0.0863352
1.12083 0.04649 -0.0360759 -0.0805905
1.125 0.0433618 -0.0340715 -0.0750913
1.12917 0.0405319 -0.0326814 -0.0702288
1.13333 0.0382224 -0.0321287 -0.0665122
1.1375 0.0367583 -0.0327412 -0.064903
1.14167 0.0367265 -0.0350444 -0.0669163
1.14583 0.0389846 -0.0397134 -0.0743441
1.15 0.0444583 -0.0473555 -0.0886045
1.15417 0.0537529 -0.0581716 -0.109908
1.15833 0.0667056 -0.0716201 -0.136569
1.1625 0.0820622 -0.0862299 -0.164793
1.16667 0.0974506 -0.0996828 -0.189149
1.17083 0.109729 -0.109189 -0.203661
1.175 0.115639 -0.112066 -0.203196
1.17917 0.112573 -0.106341 -0.184696
1.18333 0.0991838 -0.091183 -0.147812
1.1875 0.0756426 -0.0670249 -0.0947615
1.19167 0.0434773 -0.0353753 -0.0295539
1.19583 0.00510067 0.00156419 0.043029
1.2 -0.0367362 0.0412929 0.118232
1.20417 -0.0793322 0.0812637 0.191621
1.20833 -0.120148 0.118949 0.258913
1.2125 -0.156695 0.151799 0.315644
1.21667 -0.186397 0.177246 0.357113
1.22083 -0.206629 0.192884 0.378831
1.225 -0.21504 0.196837 0.377434
1.22917 -0.210081 0.188207 0.351685
1.23333 -0.191519 0.167413 0.303116
1.2375 -0.160693 0.136256 0.235998
1.24167 -0.120395 0.0976714 0.156656
1.24583 -0.0744152 0.055256 0.0724306
1.25 -0.0269373 0.0127451 -0.00934062
1.25417 0.0180035 -0.0264131 -0.0820773
1.25833 0.0569026 -0.059331 -0.140437
1.2625 0.0870209 -0.0838435 -0.180676
1.26667 0.106562 -0.0986356 -0.200994
1.27083 0.114843 -0.103364 -0.201798
1.275 0.112405 -0.098727 -0.185664
1.27917 0.100948 -0.0863834 -0.156838
1.28333 0.0830141 -0.0686923 -0.120334
1.2875 0.0614833 -0.0483099 -0.0809798
1.29167 0.0390635 -0.0277859 -0.0428137
1.29583 0.0179872 -0.00927946 -0.00899692
1.3 -2.94872e-05 0.00557157 0.017958
1.30417 -0.0136928 0.0157073 0.0360949
1.30833 -0.0221248 0.0207266 0.044371
1.3125 -0.0250692 0.0210064 0.0433245
1.31667 -0.0231884 0.0177382 0.0354712
1.32083 -0.0181442 0.0127076 0.0248191
1.325 -0.012193 0.00775713 0.0154058
1.32917 -0.00733762 0.00410126 0.0095164
1.33333 -0.00445025 0.00185762 0.00668676
1.3375 -0.00293333 0.000125931 0.00428798
1.34167 -0.00123853 -0.00233718 -0.000478003
1.34583 0.00197774 -0.00619033 -0.00835699
1.35 0.00676302 -0.0108938 -0.017093
1.35417 0.0115912 -0.0148453 -0.0225273
1.35833 0.0141697 -0.0162522 -0.0211717
1.3625 0.0128804 -0.0142358 -0.0126182
1.36667 0.00793053 -0.00947769 -0.000155239
1.37083 0.00143038 -0.0039748 0.0108901
1.375 -0.00369847 -3.13694e-05 0.0160483
1.37917 -0.00530384 0.000902003 0.0139913
1.38333 -0.00307614 -0.00114428 0.0068204
1.3875 0.00151353 -0.00487675 -0.00161654
1.39167 0.00625385 -0.00856054 -0.00804798
1.39583 0.00943048 -0.0108643 -0.0111545
1.4 0.0104541 -0.0112428 -0.011324
1.40417 0.00962956 -0.00978533 -0.00942652
1.40833 0.00748756 -0.00685001 -0.00589403
1.4125 0.00435238 -0.00286498 -0.00089899
1.41667 0.00048212 0.0015921 0.00473635
1.42083 -0.00348983 0.00566968 0.00904836
1.425 -0.00641311 0.00839364 0.00969845
1.42917 -0.00712829 0.00915733 0.00566665
1.43333 -0.00534526 0.00823313 -0.00147933
1.4375 -0.002159 0.00683911 -0.00801303
1.44167 0.000371546 0.00655611 -0.0102154
1.44583 0.000453397 0.0083911 -0.00687208
1.45 -0.0022266 0.0121224 -0.000242549
1.45417 -0.00622692 0.0164325 0.00535143
1.45833 -0.00930009 0.0197913 0.00641652
1.4625 -0.00993546 0.0214903 0.00260578
1.46667 -0.00839016 0.0220927 -0.00320229
1.47083 -0.00645675 0.0229716 -0.0070743
1.475 -0.00614893 0.0252732 -0.00679393
1.47917 -0.00828337 0.0290547 -0.00320048
1.48333 -0.011985 0.0332004 0.000781484
1.4875 -0.0154168 0.0361305 0.00252285
1.49167 -0.0171106 0.0367433 0.0015804
1.49583 -0.016866 0.0349029 -0.000294705
1.5 -0.0155918 0.0311843 -0.000867933
1.50417 -0.014322 0.0261767 0.000646328
1.50833 -0.013271 0.019963 0.00300851
1.5125 -0.0116982 0.0122028 0.00412986
1.51667 -0.00865265 0.0027156 0.00294779
1.52083 -0.00393461 -0.00795831 0.000399895
1.525 0.00155424 -0.018531 -0.00133428
1.52917 0.00638493 -0.0275431 -0.000710682
1.53333 0.00964198 -0.0341128 0.00174259
1.5375 0.0115733 -0.038273 0.00367255
1.54167 0.0132912 -0.0406314 0.0027322
1.54583 0.0157331 -0.0416368 -0.00141758
1.55 0.0187144 -0.0410681 -0.00657333
1.55417 0.0208773 -0.0382028 -0.00947219
1.55833 0.0206575 -0.0325803 -0.00824919
1.5625 0.0175652 -0.0247633 -0.00396882
1.56667 0.0127676 -0.016441 5.62852e-05
1.57083 0.00844329 -0.00968371 0.000761724
1.575 0.00631886 -0.00581364 -0.00223542
1.57917 0.00647415 -0.00469333 -0.00621581
1.58333 0.0073567 -0.00496897 -0.00740351
1.5875 0.0070412 -0.00510965 -0.00397077
1.59167 0.00478496 -0.00448409 0.00236988
1.59583 0.00165507 -0.00368403 0.00754472
1.6 -0.000297911 -0.00388413 0.00824424
1.60417 0.000312221 -0.00577843 0.00454441
1.60833 0.00306089 -0.00896044 -0.000119335
1.6125 0.00602213 -0.0122439 -0.00167945
1.61667 0.00731597 -0.0146437 0.00129693
1.62083 0.00664187 -0.0161809 0.00646166
1.625 0.00552115 -0.0178076 0.0096211
1.62917 0.00601306 -0.0204805 0.00817944
1.63333 0.0089374 -0.0241399 0.00325556
1.6375 0.0130698 -0.0274713 -0.00126396
1.64167 0.0159906 -0.028705 -0.00192123
1.64583 0.0159074 -0.0268542 0.00154007
1.65 0.0129679 -0.0224047 0.00609632
1.65417 0.00901628 -0.0168912 0.00803555
1.65833 0.00603596 -0.0116875 0.00597852
1.6625 0.00458764 -0.00697072 0.00182174
1.66667 0.00349757 -0.00167186 -0.00106211
1.67083 0.000971129 0.00557812 -0.000717309
1.675 -0.00386439 0.0152828 0.0018708
1.67917 -0.0102656 0.0265997 0.00379241
1.68333 -0.0165161 0.0378445 0.00275589
1.6875 -0.0212608 0.0474805 -0.00104904
1.69167 -0.0243753 0.0547717 -0.00524786
1.69583 -0.0267022 0.0596663 -0.00732715
1.7 -0.0289914 0.062185 -0.00662479
1.70417 -0.0310234 0.0619771 -0.0046619
1.70833 -0.0316666 0.0584757 -0.00369815
1.7125 -0.029785 0.0514794 -0.00482886
1.71667 -0.0252015 0.0415899 -0.00718238
1.72083 -0.0189195 0.0300783 -0.00875515
1.725 -0.0124487 0.0182703 -0.00808158
1.72917 -0.00680863 0.00694436 -0.00535777
1.73333 -0.00199759 -0.00380456 -0.00218846
1.7375 0.00270441 -0.0141877 -0.000265489
1.74167 0.00790938 -0.024176 -8.62185e-05
1.74583 0.0134602 -0.0332012 -0.000704825
1.75 0.0184364 -0.0402865 -0.000640376
1.75417 0.0217695 -0.0444835 0.000844189
1.75833 0.0229488 -0.0453224 0.00313115
1.7625 0.0222743 -0.0430182 0.00477456
1.76667 0.0205169 -0.0383324 0.00470939
1.77083 0.0183093 -0.0321941 0.00314222
1.775 0.0157707 -0.0253301 0.00138679
1.77917 0.0126384 -0.0181529 0.000774024
1.78333 0.00875308 -0.0109485 0.00153964
1.7875 0.00445872 -0.00413321 0.00263471
1.79167 0.000547521 0.00173758 0.00265088
1.79583 -0.00224575 0.00627805 0.00109605
1.8 -0.00379845 0.00958655 -0.00109534
1.80417 -0.0047078 0.0121648 -0.00232463
1.80833 -0.00578764 0.0144125 -0.00175109
1.8125 -0.00732835 0.0161654 -9.852e-05
1.81667 -0.00877662 0.0167968 0.000961396
1.82083 -0.00919459 0.0158668 0.000364787
1.825 -0.0081549 0.0137036 -0.00129231
1.82917 -0.00625116 0.0113023 -0.00227713
1.83333 -0.00468034 0.00959428 -0.001403
1.8375 -0.00422153 0.00878211 0.000751169
1.84167 -0.00457437 0.00836655 0.00235169
1.84583 -0.0047304 0.00778525 0.00211659
1.85 -0.0040362 0.0069933 0.000609591
1.85417 -0.00287832 0.00644473 -0.0003439
1.85833 -0.00227686 0.00658379 0.000436352
1.8625 -0.00280557 0.00740488 0.00224028
1.86667 -0.00397823 0.00846283 0.00322572
1.87083 -0.00474617 0.00920197 0.00239405
1.875 -0.00454527 0.00921942 0.000652622
1.87917 -0.00374016 0.00829102 -0.000201042
1.88333 -0.00301562 0.00630788 0.000546327
1.8875 -0.00246936 0.00329433 0.00178184
1.89167 -0.00147695 -0.000539924 0.00186081
1.89583 0.000532374 -0.00484551 0.00044412
1.9 0.00331939 -0.00924465 -0.00118857
1.90417 0.00597537 -0.0133679 -0.00162591
1.90833 0.00777362 -0.0168366 -0.000854983
1.9125 0.00876689 -0.0193605 -0.000145413
1.91667 0.00953317 -0.0209228 -0.000557326
1.92083 0.0104403 -0.0217343 -0.00181892
1.925 0.0112316 -0.021844 -0.00272508
1.92917 0.0112864 -0.0208642 -0.00246695
1.93333 0.010221 -0.0183191 -0.00143135
1.9375 0.00825072 -0.0143263 -0.000729555
1.94167 0.00600388 -0.00969966 -0.00102533
1.94583 0.00395853 -0.00519688 -0.0018461
1.95 0.00203277 -0.000829819 -0.00206673
1.95417 -0.000221372 0.00381017 -0.00112143
1.95833 -0.00296399 0.00861372 0.000310058
1.9625 -0.00567405 0.0126804 0.000980704
1.96667 -0.0075347 0.0151041 0.000477219
1.97083 -0.00821318 0.0158078 -0.000268893
1.975 -0.00814285 0.0154601 -5.50597e-05
1.97917 -0.00800409 0.0147534 0.00115859
1.98333 -0.00803853 0.0139326 0.00217949
1.9875 -0.00792703 0.0128501 0.00194329
1.99167 -0.00723577 0.0112248 0.000680347
1.99583 -0.00590088 0.00890395 -0.000369028
2 -0.00432904 0.00604819 -0.000242343
2.00417 -0.00303063 0.00300035 0.000792315
2.00833 -0.00204152 -9.94316e-05 0.00144278
2.0125 -0.00076152 -0.00328881 0.000626602
2.01667 0.0013106 -0.00614882 -0.00124075
2.02083 0.00358983 -0.00764114 -0.00233067
2.025 0.0046429 -0.0072229 -0.00132908
2.02917 0.00386542 -0.00589181 0.000691255
2.03333 0.00253815 -0.00524696 0.00116116
2.0375 0.00245751 -0.00545936 -0.000763392
2.04167 0.00362594 -0.00516261 -0.00276616
2.04583 0.00423022 -0.00366768 -0.00217283
2.05 0.00314639 -0.00213495 0.000443661
2.05417 0.00147795 -0.00178271 0.00194558
2.05833 0.000955978 -0.00206226 0.000825639
2.0625 0.00165916 -0.00188123 -0.000974294
2.06667 0.00231707 -0.00171047 -0.000990528
2.07083 0.00229367 -0.00269737 0.000611599
2.075 0.00204685 -0.00420033 0.00191268
2.07917 0.00190037 -0.00439968 0.0019728
2.08333 0.00171533 -0.00344982 0.00125163
2.0875 0.00178684 -0.00359969 0.000280747
2.09167 0.0026156 -0.00540126 -0.000426883
2.09583 0.0035069 -0.00628987 9.0344e-05
2.1 0.00297235 -0.00447059 0.00187758
2.10417 0.001157 -0.00184927 0.00279603
2.10833 0.000168855 -0.000782991 0.000943066
2.1125 0.000866449 7.36954e-06 -0.00186518
2.11667 0.00105678 0.00310771 -0.00183655
2.12083 -0.00128681 0.00744152 0.00110823
2.125 -0.00448826 0.00953062 0.00256542
2.12917 -0.00536289 0.00922312 2.78931e-05
2.13333 -0.00405505 0.00984369 -0.00315402
2.1375 -0.00366469 0.0121289 -0.00279941
2.14167 -0.00516342 0.0126335 -0.000159658
2.14583 -0.00601103 0.00988293 0.000492882
2.15 -0.00465519 0.00745878 -0.00130984
2.15417 -0.00306429 0.00787555 -0.00220866
2.15833 -0.00298797 0.00767138 -0.00110935
2.1625 -0.00275336 0.00308118 -0.000546254
2.16667 -0.000476063 -0.00286625 -0.00144664
2.17083 0.00206297 -0.00468839 -0.00129165
2.175 0.00221666 -0.00368775 0.000795423
2.17917 0.0013671 -0.0060501 0.00161542
2.18333 0.00292427 -0.0121605 -0.00062426
2.1875 0.00623856 -0.0151929 -0.00235156
2.19167 0.00702685 -0.0120492 -5.1925e-05
2.19583 0.00426763 -0.008525 0.00346
2.2 0.002115 -0.00977106 0.00300373
2.20417 0.00328616 -0.0118931 -0.000649937
2.20833 0.00473957 -0.00873713 -0.00183896
2.2125 0.00278379 -0.00228428 0.00106684
2.21667 -0.000943867 0.000807944 0.00334697
2.22083 -0.00239295 0.000272087 0.00164745
2.225 -0.00162889 0.00198278 -0.00110015
2.22917 -0.00205256 0.00716657 -0.00101003
2.23333 -0.0041858 0.00983368 0.000702628
2.2375 -0.00485783 0.00687026 0.000601199
2.24167 -0.00288574 0.00347309 -0.000993002
2.24583 -0.0012051 0.00456829 -0.00114187
2.25 -0.00181197 0.00671828 0.0001606
2.25417 -0.00234849 0.0042076 3.58178e-05
2.25833 -0.000294853 -0.000963624 -0.00185241
2.2625 0.00236595 -0.00208101 -0.0022123
2.26667 0.00212175 0.0011911 0.000335499
2.27083 -0.000194717 0.00222795 0.00238655
2.275 -0.000512274 -0.00141113 0.00088137
2.27917 0.00185531 -0.00360345 -0.00172519
2.28333 0.00283685 0.000334835 -0.000935311
2.2875 2.69354e-05 0.00557375 0.00267908
2.29167 -0.00328305 0.00526625 0.004042
2.29583 -0.00312377 0.00165131 0.00133553
2.3 -0.00102485 0.00233194 -0.00117203
2.30417 -0.00137853 0.00752179 0.000157736
2.30833 -0.00422459 0.00940073 0.00275206
2.3125 -0.00524249 0.00494227 0.00231017
2.31667 -0.00290767 0.000838459 -0.000191898
2.32083 -0.000827701 0.00207441 -0.00059152
2.325 -0.00139354 0.00348922 0.00114774
2.32917 -0.00173039 -0.00104716 0.00116304
2.33333 0.000953833 -0.0074657 -0.00108844
2.3375 0.00397895 -0.00794384 -0.00169412
2.34167 0.00355056 -0.00429322 0.000442904
2.34583 0.00155959 -0.0050425 0.00107928
2.35 0.0026576 -0.010848 -0.00194869
2.35417 0.00619779 -0.0133245 -0.00430668
2.35833 0.00704159 -0.00930277 -0.00221875
2.3625 0.00414547 -0.00581872 0.000851934
2.36667 0.00221822 -0.00758817 -0.000215777
2.37083 0.00367887 -0.00922074 -0.00368348
2.375 0.00486078 -0.00532706 -0.00402005
2.37917 0.00263829 6.18745e-05 -0.000987353
2.38333 -0.00047007 0.00117695 0.000697668
2.3875 -0.00119792 0.000725037 -0.000473284
2.39167 -0.00101807 0.00433191 -0.00127073
2.39583 -0.00269245 0.00991592 -0.000145388
2.4 -0.0049697 0.0112702 0.000791534
2.40417 -0.0051504 0.00887669 0.000736243
2.40833 -0.00417623 0.00846286 0.00155228
2.4125 -0.00461151 0.0106455 0.00311195
2.41667 -0.0055995 0.0104414 0.00259587
2.42083 -0.00442435 0.00654641 9.4918e-07
2.425 -0.00171517 0.00318957 -0.000749947
2.42917 -0.000531739 0.00225103 0.00166085
2.43333 -0.00101092 0.000773665 0.00312971
2.4375 -0.000358815 -0.00245666 0.000680876
2.44167 0.00198508 -0.00449473 -0.00251251
2.44583 0.00342716 -0.00417822 -0.00221923
2.45 0.00285133 -0.00440285 0.000296689
2.45417 0.00221131 -0.00624754 0.000914838
2.45833 0.00265182 -0.00653627 -0.00074661
2.4625 0.00272269 -0.00396938 -0.00175508
2.46667 0.00169984 -0.00217765 -0.00125191
2.47083 0.0011785 -0.00317699 -0.000930137
2.475 0.00163839 -0.00306575 -0.000868136
2.47917 0.000819879 0.00108631 0.000523456
2.48333 -0.00204259 0.00479017 0.00223695
2.4875 -0.00355417 0.00271961 0.00114846
2.49167 -0.00115192 -0.00181076 -0.00196818
2.49583 0.00185499 -0.00152805 -0.00194219
2.5 0.000776586 0.00244895 0.00248102
2.50417 -0.00253491 0.0018268 0.00488245
2.50833 -0.00189508 -0.00467301 0.000550593
2.5125 0.00310332 -0.00805836 -0.00482599
2.51667 0.00560676 -0.00366606 -0.00293117
2.52083 0.002195 0.000656062 0.00364769
2.525 -0.00144929 -0.00220421 0.00471894
2.52917 0.00017975 -0.00607732 -0.00130702
2.53333 0.00342833 -0.00222605 -0.00482873
2.5375 0.00208941 0.00463754 -0.0008023
2.54167 -0.00187194 0.0039998 0.0035581
2.54583 -0.00222943 -0.00153014 0.00166275
2.55 0.000217526 -0.00017906 -0.0019684
2.55417 -0.000471808 0.00780256 -0.00115549
2.55833 -0.00391166 0.00969677 0.00107964
2.5625 -0.00390456 0.00276618 -0.000233762
2.56667 -0.00039984 -0.000369709 -0.00185625
2.57083 -0.000284401 0.00590904 0.000720416
2.575 -0.00448126 0.00981013 0.003079
2.57917 -0.00517049 0.00289541 -0.000505803
2.58333 0.000440963 -0.00480756 -0.00505458
2.5875 0.00425171 -0.00234833 -0.00230999
2.59167 0.000757846 0.00339517 0.00420744
2.59583 -0.00339537 0.000653196 0.00407995
2.6 -0.000653507 -0.00667401 -0.00261576
2.60417 0.00493762 -0.00686194 -0.00536096
2.60833 0.00496396 -0.000869119 -0.000194421
2.6125 0.000215603 0.000586906 0.00496591
2.61667 -0.001776 -0.004217 0.00341857
2.62083 0.00108757 -0.00663076 -0.0015518
2.625 0.00379824 -0.00303026 -0.00341958
2.62917 0.00283222 0.000769181 -0.000887541
2.63333 -1.19332e-05 0.000450632 0.00258379
2.6375 -0.00167903 -0.00109829 0.00323754
2.64167 -0.00138066 -3.44122e-05 0.000215765
2.64583 -0.000340171 0.00298762 -0.00311493
2.65 -0.000296125 0.00467392 -0.00236224
2.65417 -0.00162174 0.0031351 0.0016186
2.65833 -0.0024885 8.10292e-05 0.00313078
2.6625 -0.00145856 -0.000533443 0.000149309
2.66667 -6.19596e-05 0.00209051 -0.00265604
2.67083 -0.000168921 0.0031745 -0.00176285
2.675 -0.000509397 -0.00046532 0.000313988
2.67917 0.000562018 -0.003818 0.000744381
2.68333 0.00119484 -0.00111541 0.000617189
2.6875 -0.000437337 0.00343636 0.000631183
2.69167 -0.00152155 0.00169116 -0.000785189
2.69583 0.000882409 -0.00430922 -0.00247978
2.7 0.00359939 -0.00529404 -0.000791523
2.70417 0.00207541 -0.000442732 0.00295594
2.70833 -0.0013455 0.0017718 0.00281235
2.7125 -0.00100845 -0.00153666 -0.00169129
2.71667 0.00237275 -0.00366369 -0.0037939
2.72083 0.0030148 -0.00058182 -0.000350539
2.725 -0.000347593 0.0032978 0.00339438
2.72917 -0.0031521 0.00370667 0.00253724
2.73333 -0.00259301 0.00222498 -0.000955844
2.7375 -0.000613772 0.00155454 -0.0027513
2.74167 0.000232658 0.00171457 -0.00148355
2.74583 -0.000522533 0.00188161 0.00150366
2.75 -0.00192421 0.00140748 0.00325363
2.75417 -0.00211269 -0.000273259 0.000979094
2.75833 3.32199e-05 -0.00182288 -0.00332828
2.7625 0.00229564 -0.00100953 -0.00345066
2.76667 0.00143993 0.0006177 0.00165416
2.77083 -0.00116152 -0.000764095 0.00456768
2.775 -0.00102947 -0.00386307 0.000776328
2.77917 0.00186645 -0.00368111 -0.00367539
2.78333 0.00306987 -0.00112132 -0.00230855
2.7875 0.00154221 -0.0018643 0.00159562
2.79167 0.00073442 -0.00491938 0.00209227
2.79583 0.00140039 -0.00346361 0.00026391
2.8 0.000765307 0.00188877 -0.000387453
2.80417 -0.000888672 0.00318706 -0.000714356
2.80833 -0.000555615 -0.000136139 -0.00153354
2.8125 0.000650841 -7.14499e-05 -0.000230028
2.81667 -0.000991062 0.00473341 0.00266736
2.82083 -0.00391866 0.00641011 0.00197268
2.825 -0.00322045 0.00258995 -0.00236934
2.82917 0.000237084 3.71031e-05 -0.00333568
2.83333 0.00103597 0.0015413 0.00109489
2.8375 -0.00127662 0.00216638 0.00391656
2.84167 -0.00209536 0.000114885 0.00114234
2.84583 -0.000203814 -0.000747458 -0.00220048
2.85 0.00127193 0.000198738 -0.0016874
2.85417 0.00108008 -0.000121624 0.000488249
2.85833 0.000457968 -0.00099299 0.00169828
2.8625 -0.00042142 -2.34965e-05 0.00216178
2.86667 -0.00119423 0.000211466 0.00113266
2.87083 0.000159302 -0.00278163 -0.00169368
2.875 0.00293401 -0.00460207 -0.00215653
2.87917 0.00271737 -0.00158721 0.00231106
2.88333 -0.00102783 0.00129785 0.00582885
2.8875 -0.00268105 -0.000515394 0.00266798
2.89167 0.000100319 -0.00229629 -0.00200246
2.89583 0.00203057 0.00061503 -0.000238942
2.9 -0.000413362 0.00362425 0.00521539
2.90417 -0.00315744 0.00218837 0.00638427
2.90833 -0.00246399 0.000540472 0.00349175
2.9125 -0.0007767 0.0024256 0.00240225
2.91667 -0.000594432 0.00335804 0.0039943
2.92083 -0.000212054 0.000181501 0.00552917
2.925 0.00113894 -0.00212742 0.00706812
2.92917 0.00138795 -0.000352613 0.00873677
2.93333 0.00104324 0.000835446 0.00797552
2.9375 0.00305738 -0.00142862 0.00565258
2.94167 0.00631748 -0.003033 0.00720222
2.94583 0.00693072 -0.00202544 0.0127473
2.95 0.00594043 -0.00230364 0.015192
2.95417 0.00784681 -0.00492148 0.0124046
2.95833 0.0122211 -0.0060705 0.0112106
2.9625 0.0146942 -0.00536722 0.0153664
2.96667 0.0148994 -0.00604263 0.0199583
2.97083 0.0158472 -0.00706788 0.0211841
2.975 0.017489 -0.00520044 0.0215628
2.97917 0.0179958 -0.00300927 0.0228876
2.98333 0.018559 -0.00467207 0.0236156
2.9875 0.0203896 -0.00704694 0.0244178
2.99167 0.020728 -0.00514397 0.0270852
2.99583 0.0178772 -0.00206911 0.0283931
