0 0 0 0
0.00416667 0 0 0
0.00833333 0 0 0
0.0125 0 0 0
0.0166667 0 0 0
0.0208333 0 0 0
0.025 0 0 0
0.0291667 0 0 0
0.0333333 0 0 0
0.0375 0 0 0
0.0416667 0 0 0
0.0458333 0 0 0
0.05 0 0 0
0.0541667 0 0 0
0.0583333 0 0 0
0.0625 0 0 0
0.0666667 0 0 0
0.0708333 0 0 0
0.075 0 0 0
0.0791667 0 0 0
0.0833333 0 0 0
0.0875 0 0 0
0.0916667 0 0 0
0.0958333 0 0 0
0.1 0 0 0
0.104167 0 0 0
0.108333 0 0 0
0.1125 0 0 0
0.116667 0 0 0
0.120833 0 0 0
0.125 0 0 0
0.129167 0 0 0
0.133333 0 0 0
0.1375 0 0 0
0.141667 0 0 0
0.145833 0 0 0
0.15 0 0 0
0.154167 0 0 0
0.158333 0 0 0
0.1625 0 0 0
0.166667 0 0 0
0.170833 0 0 0
0.175 0 0 0
0.179167 0 0 0
0.183333 0 0 0
0.1875 0 0 0
0.191667 -1.15611e-321 0 3.87891e-320
0.195833 -1.16814e-317 1.15442e-318 3.38104e-316
0.2 -8.53516e-314 1.03802e-314 2.41608e-312
0.204167 -5.18708e-310 7.74292e-311 1.43649e-308
0.208333 -2.64416e-306 4.82208e-307 7.16589e-305
0.2125 -1.14006e-302 2.52278e-303 3.02433e-301
0.216667 -4.19076e-299 1.1155e-299 1.08842e-297
0.220833 -1.32276e-295 4.19141e-296 3.364e-294
0.225 -3.60973e-292 1.34536e-292 8.99086e-291
0.229167 -8.57357e-289 3.70864e-289 2.09188e-287
0.233333 -1.78311e-285 8.82597e-286 4.26276e-284
0.2375 -3.26414e-282 1.82188e-282 7.6474e-281
0.241667 -5.28474e-279 3.27706e-279 1.21379e-277
0.245833 -7.60115e-276 5.16074e-276 1.71211e-274
0.25 -9.74772e-273 7.14631e-273 2.15397e-271
0.254167 -1.11796e-269 8.7361e-270 2.42451e-268
0.258333 -1.14992e-266 9.4647e-267 2.44857e-265
0.2625 -1.0635e-263 9.12208e-264 2.22447e-262
0.266667 -8.86471e-261 7.84979e-261 1.82218e-259
0.270833 -6.6743e-258 6.05198e-258 1.34883e-256
0.275 -4.54864e-255 4.19405e-255 9.0415e-254
0.279167 -2.81193e-252 2.62082e-252 5.49974e-251
0.283333 -1.58009e-249 1.48126e-249 3.04203e-248
0.2875 -8.08752e-247 7.59394e-247 1.53316e-245
0.291667 -3.77822e-244 3.54111e-244 7.0549e-243
0.295833 -1.61426e-241 1.50585e-241 2.96988e-240
0.3 -6.32049e-239 5.85445e-239 1.14603e-237
0.304167 -2.27239e-236 2.08592e-236 4.06184e-235
0.308333 -7.51661e-234 6.82689e-234 1.32483e-232
0.3125 -2.29194e-231 2.05692e-231 3.98419e-230
0.316667 -6.45419e-229 5.71747e-229 1.1068e-227
0.320833 -1.68168e-226 1.46916e-226 2.84545e-225
0.325 -4.06154e-224 3.49676e-224 6.78208e-223
0.329167 -9.10853e-222 7.72356e-222 1.50129e-220
0.333333 -1.90002e-219 1.58602e-219 3.09167e-218
0.3375 -3.69265e-217 3.0332e-217 5.9329e-216
0.341667 -6.69711e-215 5.4115e-215 1.06262e-213
0.345833 -1.13522e-212 9.02115e-213 1.7791e-211
0.35 -1.80126e-210 1.40738e-210 2.78862e-209
0.354167 -2.67922e-208 2.05789e-208 4.09808e-207
0.358333 -3.74108e-206 2.82436e-206 5.65437e-205
0.3625 -4.91056e-204 3.64345e-204 7.33488e-203
0.366667 -6.0672e-202 4.42366e-202 8.95738e-201
0.370833 -7.06525e-200 5.0617e-200 1.03111e-198
0.375 -7.76408e-198 5.46515e-198 1.12023e-196
0.379167 -8.06124e-196 5.57483e-196 1.15003e-194
0.383333 -7.91721e-194 5.37896e-194 1.11692e-192
0.3875 -7.36367e-192 4.9147e-192 1.02739e-190
0.391667 -6.493e-190 4.25705e-190 8.96034e-189
0.395833 -5.43363e-188 3.49946e-188 7.41745e-187
0.4 -4.31995e-186 2.7329e-186 5.83411e-185
0.404167 -3.26625e-184 2.02964e-184 4.36436e-183
0.408333 -2.35084e-182 1.43485e-182 3.10824e-181
0.4125 -1.61219e-180 9.66506e-181 2.10945e-179
0.416667 -1.05444e-178 6.20883e-179 1.36546e-177
0.420833 -6.58318e-177 3.80726e-177 8.43795e-176
0.425 -3.92672e-175 2.23044e-175 4.98215e-174
0.429167 -2.23962e-173 1.24943e-173 2.81309e-172
0.433333 -1.22243e-171 6.6978e-172 1.52019e-170
0.4375 -6.3904e-170 3.43875e-170 7.86866e-169
0.441667 -3.20201e-168 1.69221e-168 3.9042e-167
0.445833 -1.53899e-166 7.98772e-167 1.85831e-165
0.45 -7.1005e-165 3.61929e-165 8.4914e-164
0.454167 -3.14695e-163 1.57532e-163 3.72754e-162
0.458333 -1.34073e-161 6.59109e-162 1.57307e-160
0.4625 -5.49459e-160 2.6527e-160 6.38637e-159
0.466667 -2.16752e-158 1.02765e-158 2.49588e-157
0.470833 -8.23569e-157 3.83449e-157 9.39584e-156
0.475 -3.01593e-155 1.37895e-155 3.40927e-154
0.479167 -1.0651e-153 4.78228e-154 1.19307e-152
0.483333 -3.62964e-152 1.60038e-152 4.0291e-151
0.4875 -1.19425e-150 5.1709e-151 1.31382e-149
0.491667 -3.79606e-149 1.61402e-149 4.13903e-148
0.495833 -1.16631e-147 4.86961e-148 1.26047e-146
0.5 -3.46553e-146 1.42086e-146 3.71254e-145
0.504167 -9.96394e-145 4.01155e-145 1.05814e-143
0.508333 -2.77344e-143 1.09647e-143 2.91989e-142
0.5125 -7.47741e-142 2.90285e-142 7.80478e-141
0.516667 -1.95361e-140 7.4474e-141 2.02179e-139
0.520833 -4.94866e-139 1.85245e-139 5.07809e-138
0.525 -1.21591e-137 4.4694e-138 1.23724e-136
0.529167 -2.89917e-136 1.04644e-136 2.92543e-135
0.533333 -6.71119e-135 2.37864e-135 6.71589e-134
0.5375 -1.50892e-133 5.2515e-134 1.49755e-132
0.541667 -3.29652e-132 1.12658e-132 3.24494e-131
0.545833 -7.0008e-131 2.34934e-131 6.83528e-130
0.55 -1.44583e-129 4.76438e-130 1.40025e-128
0.554167 -2.90493e-128 9.39976e-129 2.79079e-127
0.558333 -5.68029e-127 1.80487e-127 5.41358e-126
0.5625 -1.08139e-125 3.37407e-126 1.02245e-124
0.566667 -2.0051e-124 6.14334e-125 1.88088e-123
0.570833 -3.6223e-123 1.08982e-123 3.37129e-122
0.575 -6.37792e-122 1.88431e-122 5.88976e-121
0.579167 -1.09489e-120 3.17652e-121 1.00327e-119
0.583333 -1.83319e-119 5.22274e-120 1.66686e-118
0.5875 -2.99455e-118 8.37791e-119 2.70201e-117
0.591667 -4.77398e-117 1.31161e-117 4.27484e-116
0.595833 -7.43007e-116 2.00465e-116 6.60289e-115
0.6 -1.12928e-114 2.99211e-115 9.96011e-114
0.604167 -1.67664e-113 4.36263e-114 1.46771e-112
0.608333 -2.4324e-112 6.21558e-113 2.11344e-111
0.6125 -3.44914e-111 8.65573e-112 2.97467e-110
0.616667 -4.78181e-110 1.17852e-110 4.09365e-109
0.620833 -6.48335e-109 1.56928e-109 5.50965e-108
0.625 -8.59905e-108 2.04417e-108 7.25433e-107
0.629167 -1.11599e-106 2.60554e-107 9.34643e-106
0.633333 -1.41756e-105 3.25056e-106 1.17864e-104
0.6375 -1.76281e-104 3.97016e-105 1.45518e-103
0.641667 -2.14666e-103 4.74852e-104 1.75937e-102
0.645833 -2.56045e-102 5.56305e-103 2.08358e-101
0.65 -2.99207e-101 6.38525e-102 2.41758e-100
0.654167 -3.42634e-100 7.18217e-101 2.74896e-99
0.658333 -3.84586e-99 7.91854e-100 3.0639e-98
0.6625 -4.23212e-98 8.55944e-99 3.34809e-97
0.666667 -4.56689e-97 9.07304e-98 3.58782e-96
0.670833 -4.83366e-96 9.43325e-97 3.77111e-95
0.675 -5.01897e-95 9.62196e-96 3.88871e-94
0.679167 -5.11363e-94 9.63053e-95 3.93487e-93
0.683333 -5.11337e-93 9.46041e-94 3.90779e-92
0.6875 -5.01921e-92 9.12285e-93 3.80974e-91
0.691667 -4.83727e-91 8.63768e-92 3.64677e-90
0.695833 -4.5781e-90 8.03145e-91 3.4281e-89
0.7 -4.25571e-89 7.33504e-90 3.16528e-88
0.704167 -3.88635e-88 6.58119e-89 2.87121e-87
0.708333 -3.48716e-87 5.802e-88 2.55912e-86
0.7125 -3.07498e-86 5.0269e-87 2.24164e-85
0.716667 -2.66519e-85 4.28104e-86 1.93005e-84
0.720833 -2.27092e-84 3.58425e-85 1.6337e-83
0.725 -1.90257e-83 2.95067e-84 1.35972e-82
0.729167 -1.56752e-82 2.38885e-83 1.11294e-81
0.733333 -1.27026e-81 1.90228e-82 8.96003e-81
0.7375 -1.01262e-80 1.4902e-81 7.09631e-80
0.741667 -7.94222e-80 1.14859e-80 5.52978e-79
0.745833 -6.12981e-79 8.71183e-80 4.24036e-78
0.75 -4.65615e-78 6.50337e-79 3.20023e-77
0.754167 -3.48134e-77 4.77877e-78 2.37743e-76
0.758333 -2.56252e-76 3.45707e-77 1.73879e-75
0.7625 -1.85717e-75 2.46248e-76 1.25215e-74
0.766667 -1.32545e-74 1.72733e-75 8.8798e-74
0.770833 -9.3166e-74 1.19336e-74 6.20214e-73
0.775 -6.45053e-73 8.12121e-74 4.26709e-72
0.779167 -4.39981e-72 5.4448e-73 2.89221e-71
0.783333 -2.95685e-71 3.59675e-72 1.9315e-70
0.7875 -1.95811e-70 2.34133e-71 1.2711e-69
0.791667 -1.27795e-69 1.50207e-70 8.24404e-69
0.795833 -8.22073e-69 9.49841e-70 5.27022e-68
0.8 -5.21291e-68 5.92099e-69 3.32123e-67
0.804167 -3.25893e-67 3.63892e-68 2.06348e-66
0.808333 -2.00884e-66 2.20514e-67 1.26411e-65
0.8125 -1.22107e-65 1.31775e-66 7.63664e-65
0.816667 -7.32003e-65 7.76635e-66 4.54989e-64
0.820833 -4.32819e-64 4.51472e-65 2.6738e-63
0.825 -2.52446e-63 2.58895e-64 1.55e-62
0.829167 -1.4526e-62 1.46468e-63 8.86461e-62
0.833333 -8.24684e-62 8.17581e-63 5.00212e-61
0.8375 -4.61992e-61 4.50333e-62 2.78523e-60
0.841667 -2.55406e-60 2.44791e-61 1.53046e-59
0.845833 -1.39354e-59 1.31329e-60 8.30013e-59
0.85 -7.50493e-59 6.95452e-60 4.44312e-58
0.854167 -3.98978e-58 3.63546e-59 2.34787e-57
0.858333 -2.09397e-57 1.8762e-58 1.22485e-56
0.8625 -1.08505e-56 9.5601e-58 6.30896e-56
0.866667 -5.55172e-56 4.81007e-57 3.20873e-55
0.870833 -2.80505e-55 2.38993e-56 1.61158e-54
0.875 -1.39968e-54 1.17273e-55 7.99371e-54
0.879167 -6.8981e-54 5.6837e-55 3.91617e-53
0.883333 -3.35798e-53 2.72094e-54 1.89508e-52
0.8875 -1.61477e-52 1.28676e-53 9.05908e-52
0.891667 -7.67123e-52 6.01173e-53 4.27823e-51
0.895833 -3.60058e-51 2.775e-52 1.99619e-50
0.9 -1.66982e-50 1.26567e-51 9.20309e-50
0.904167 -7.65224e-50 5.70434e-51 4.19267e-49
0.908333 -3.46547e-49 2.54068e-50 1.88759e-48
0.9125 -1.55104e-48 1.11837e-49 8.39873e-48
0.916667 -6.86126e-48 4.86569e-49 3.69354e-47
0.920833 -3.00009e-47 2.09246e-48 1.60556e-46
0.925 -1.29672e-46 8.89515e-48 6.89909e-46
0.929167 -5.54073e-46 3.73821e-47 2.9307e-45
0.933333 -2.34061e-45 1.55316e-46 1.23082e-44
0.9375 -9.77593e-45 6.38026e-46 5.11078e-44
0.941667 -4.03724e-44 2.59156e-45 2.09836e-43
0.945833 -1.64868e-43 1.0409e-44 8.51923e-43
0.95 -6.65793e-43 4.13437e-44 3.42038e-42
0.954167 -2.65902e-42 1.62401e-43 1.35809e-41
0.958333 -1.05028e-41 6.3092e-43 5.33322e-41
0.9625 -4.1032e-41 2.42431e-42 2.07149e-40
0.966667 -1.5856e-40 9.21422e-42 7.95852e-40
0.970833 -6.06102e-40 3.46423e-41 3.02456e-39
0.975 -2.29192e-39 1.28842e-40 1.1371e-38
0.979167 -8.57397e-39 4.7406e-40 4.22925e-38
0.983333 -3.17333e-38 1.72567e-39 1.55625e-37
0.9875 -1.16204e-37 6.21515e-39 5.6659e-37
0.991667 -4.21037e-37 2.21482e-38 2.04105e-36
0.995833 -1.50952e-36 7.80974e-38 7.27541e-36
1 -5.35541e-36 2.72502e-37 2.56625e-35
1.00417 -1.88021e-35 9.40926e-37 8.95774e-35
1.00833 -6.53279e-35 3.21525e-36 3.0944e-34
1.0125 -2.24641e-34 1.08734e-35 1.05792e-33
1.01667 -7.64536e-34 3.6394e-35 3.57972e-33
1.02083 -2.57539e-33 1.20565e-34 1.19889e-32
1.025 -8.58702e-33 3.95331e-34 3.97433e-32
1.02917 -2.8341e-32 1.28311e-33 1.30413e-31
1.03333 -9.25928e-32 4.12239e-33 4.2361e-31
1.0375 -2.99465e-31 1.31109e-32 1.36213e-30
1.04167 -9.58825e-31 4.12787e-32 4.33603e-30
1.04583 -3.03929e-30 1.28662e-31 1.36648e-29
1.05 -9.53805e-30 3.97024e-31 4.26354e-29
1.05417 -2.96359e-29 1.21295e-30 1.31706e-28
1.05833 -9.11719e-29 3.66892e-30 4.0283e-28
1.0625 -2.77718e-28 1.09881e-29 1.21994e-27
1.06667 -8.37644e-28 3.25837e-29 3.65816e-27
1.07083 -2.50174e-27 9.56735e-29 1.08621e-26
1.075 -7.39884e-27 2.78167e-28 3.19373e-26
1.07917 -2.16689e-26 8.00854e-28 9.29894e-26
1.08333 -6.28457e-26 2.28322e-27 2.6812e-25
1.0875 -1.80505e-25 6.44609e-27 7.65591e-25
1.09167 -5.13438e-25 1.80224e-26 2.16495e-24
1.09583 -1.44639e-24 4.99003e-26 6.06306e-24
1.1 -4.03543e-24 1.36829e-25 1.68166e-23
1.10417 -1.11509e-23 3.71577e-25 4.61955e-23
1.10833 -3.05182e-23 9.99355e-25 1.25685e-22
1.1125 -8.27261e-23 2.66195e-24 3.38684e-22
1.11667 -2.22111e-22 7.02258e-24 9.03952e-22
1.12083 -5.90673e-22 1.83491e-23 2.38969e-21
1.125 -1.55591e-21 4.74858e-23 6.25738e-21
1.12917 -4.05963e-21 1.21715e-22 1.62294e-20
1.13333 -1.04921e-20 3.09006e-22 4.16945e-20
1.1375 -2.68605e-20 7.77019e-22 1.06102e-19
1.14167 -6.8116e-20 1.93528e-21 2.67454e-19
1.14583 -1.71109e-19 4.77426e-21 6.67812e-19
1.15 -4.25784e-19 1.1666e-20 1.65175e-18
1.15417 -1.04955e-18 2.82353e-20 4.04691e-18
1.15833 -2.5628e-18 6.76894e-20 9.82186e-18
1.1625 -6.19911e-18 1.60733e-19 2.36134e-17
1.16667 -1.48542e-17 3.78049e-19 5.62366e-17
1.17083 -3.52593e-17 8.8074e-19 1.32671e-16
1.175 -8.291e-17 2.03237e-18 3.10051e-16
1.17917 -1.93129e-16 4.64528e-18 7.17771e-16
1.18333 -4.45652e-16 1.05165e-17 1.64603e-15
1.1875 -1.01871e-15 2.3582e-17 3.73925e-15
1.19167 -2.30681e-15 5.2376e-17 8.41447e-15
1.19583 -5.17459e-15 1.15219e-16 1.87569e-14
1.2 -1.14985e-14 2.51042e-16 4.14175e-14
1.20417 -2.53107e-14 5.41746e-16 9.05925e-14
1.20833 -5.519e-14 1.15788e-15 1.96282e-13
1.2125 -1.19208e-13 2.451e-15 4.21255e-13
1.21667 -2.55055e-13 5.13834e-15 8.95527e-13
1.22083 -5.40553e-13 1.06683e-14 1.88571e-12
1.225 -1.13478e-12 2.19353e-14 3.93301e-12
1.22917 -2.35967e-12 4.46641e-14 8.12498e-12
1.23333 -4.86005e-12 9.00592e-14 1.66248e-11
1.2375 -9.91459e-12 1.79819e-13 3.36912e-11
1.24167 -2.00328e-11 3.5552e-13 6.76228e-11
1.24583 -4.00895e-11 6.9598e-13 1.34423e-10
1.25 -7.94564e-11 1.34901e-12 2.64632e-10
1.25417 -1.55963e-10 2.5888e-12 5.15928e-10
1.25833 -3.03178e-10 4.91842e-12 9.96082e-10
1.2625 -5.83632e-10 9.25063e-12 1.90435e-09
1.26667 -1.11257e-09 1.72231e-11 3.60514e-09
1.27083 -2.10015e-09 3.17407e-11 6.75783e-09
1.275 -3.92538e-09 5.78975e-11 1.25423e-08
1.27917 -7.2645e-09 1.04522e-10 2.30471e-08
1.28333 -1.33106e-08 1.86735e-10 4.19271e-08
1.2875 -2.41455e-08 3.30127e-10 7.55077e-08
1.29167 -4.33605e-08 5.7747e-10 1.34611e-07
1.29583 -7.70807e-08 9.9938e-10 2.37536e-07
1.3 -1.35632e-07 1.71096e-09 4.14872e-07
1.30417 -2.36219e-07 2.89737e-09 7.17132e-07
1.30833 -4.07163e-07 4.85259e-09 1.22674e-06
1.3125 -6.94529e-07 8.03693e-09 2.07652e-06
1.31667 -1.17231e-06 1.3161e-08 3.47786e-06
1.32083 -1.9579e-06 2.13061e-08 5.76288e-06
1.325 -3.23509e-06 3.40927e-08 9.44659e-06
1.32917 -5.28796e-06 5.39112e-08 1.53169e-05
1.33333 -8.54968e-06 8.42301e-08 2.45629e-05
1.3375 -1.36716e-05 1.29996e-07 3.89534e-05
1.34167 -2.16195e-05 1.98134e-07 6.1082e-05
1.34583 -3.38039e-05 2.98151e-07 9.46937e-05
1.35 -5.22545e-05 4.42819e-07 0.000145112
1.35417 -7.98453e-05 6.48905e-07 0.000219782
1.35833 -0.00012058 9.37846e-07 0.000328937
1.3625 -0.000179937 1.33625e-06 0.000486386
1.36667 -0.000265282 1.87597e-06 0.000710417
1.37083 -0.000386318 2.59356e-06 0.00102474
1.375 -0.000555572 3.52859e-06 0.00145943
1.37917 -0.000788838 4.72048e-06 0.00205167
1.38333 -0.00110554 6.20338e-06 0.00284623
1.3875 -0.00152891 7.9985e-06 0.00389528
1.39167 -0.00208581 1.01037e-05 0.00525739
1.39583 -0.00280612 1.24799e-05 0.00699533
1.4 -0.00372147 1.50353e-05 0.0091723
1.40417 -0.00486322 1.76073e-05 0.0118464
1.40833 -0.00625947 1.99446e-05 0.0150634
1.4125 -0.0079311 2.16919e-05 0.018847
1.41667 -0.00988703 2.23799e-05 0.0231887
1.42083 -0.0121187 2.14265e-05 0.0280359
1.425 -0.0145942 1.81511e-05 0.0332815
1.42917 -0.0172535 1.18096e-05 0.0387553
1.43333 -0.0200038 1.64993e-06 0.0442194
1.4375 -0.0227189 -1.30088e-05 0.0493712
1.44167 -0.0252401 -3.26775e-05 0.0538533
1.44583 -0.0273833 -5.75855e-05 0.0572741
1.45 -0.0289497 -8.75683e-05 0.0592382
1.45417 -0.0297421 -0.000121972 0.0593852
1.45833 -0.0295852 -0.000159594 0.0574339
1.4625 -0.028348 -0.000198678 0.0532265
1.46667 -0.0259655 -0.000236992 0.0467663
1.47083 -0.0224565 -0.000271978 0.03824
1.475 -0.0179333 -0.000300992 0.0280181
1.47917 -0.0125989 -0.000321607 0.0166279
1.48333 -0.00673107 -0.000331933 0.00469562
1.4875 -0.000650379 -0.000330924 -0.00713717
1.49167 0.00532384 -0.000318592 -0.0183153
1.49583 0.0109253 -0.000296084 -0.028474
1.5 0.0159921 -0.000265564 -0.0375267
1.50417 0.0205083 -0.0002299 -0.0457152
1.50833 0.0246241 -0.000192159 -0.0536055
1.5125 0.0286485 -0.000154989 -0.0620175
1.51667 0.0330071 -0.000119988 -0.0718893
1.52083 0.0381692 -8.71804e-05 -0.0840896
1.525 0.0445497 -5.47439e-05 -0.0992047
1.52917 0.0524024 -1.90818e-05 -0.117337
1.53333 0.0617219 2.47146e-05 -0.137956
1.5375 0.0721764 8.20419e-05 -0.159838
1.54167 0.0830869 0.000157712 -0.181119
1.54583 0.0934648 0.000254815 -0.199463
1.55 0.102107 0.000373733 -0.212333
1.55417 0.107741 0.000511518 -0.217324
1.55833 0.10919 0.000661779 -0.212502
1.5625 0.105549 0.000815136 -0.196701
1.56667 0.0963202 0.000960177 -0.169729
1.57083 0.0815093 0.00108475 -0.132442
1.575 0.0616516 0.00117738 -0.0867013
1.57917 0.037775 0.00122855 -0.0352007
1.58333 0.0113064 0.00123162 0.0187827
1.5875 -0.0160618 0.00118344 0.071694
1.59167 -0.0425287 0.00108443 0.120021
1.59583 -0.0663464 0.000938361 0.160609
1.6 -0.0859775 0.000751929 0.190952
1.60417 -0.100237 0.000534181 0.209443
1.60833 -0.108413 0.000295837 0.215564
1.6125 -0.110356 4.85149e-05 0.209994
1.61667 -0.106515 -0.000196181 0.194575
1.62083 -0.0979152 -0.000427693 0.172133
1.625 -0.0860453 -0.000637555 0.146114
1.62917 -0.0726634 -0.000820233 0.120082
1.63333 -0.0595368 -0.000973473 0.0971431
1.6375 -0.0481537 -0.00109793 0.0794168
1.64167 -0.03947 -0.00119597 0.0676799
1.64583 -0.0337541 -0.0012699 0.0612925
1.65 -0.0305778 -0.00132002 0.0584475
1.65417 -0.028968 -0.00134317 0.0566963
1.65833 -0.0276881 -0.00133246 0.05362
1.6625 -0.0255766 -0.00127851 0.0474581
1.66667 -0.0218481 -0.00117203 0.0375143
1.67083 -0.0162694 -0.00100731 0.0242229
1.675 -0.00916063 -0.000785482 0.0088713
1.67917 -0.00123 -0.000516402 -0.00690898
1.68333 0.0066934 -0.000218546 -0.0216902
1.6875 0.0139288 8.34779e-05 -0.0346338
1.69167 0.0201166 0.000363168 -0.0455802
1.69583 0.0252369 0.000596989 -0.054831
1.7 0.0294786 0.000768473 -0.0627405
1.70417 0.0330262 0.000870435 -0.0693146
1.70833 0.0358665 0.000904781 -0.0740111
1.7125 0.0377086 0.000880267 -0.0758479
1.71667 0.0380612 0.000809176 -0.0737899
1.72083 0.0364399 0.00070418 -0.0672514
1.725 0.0326181 0.000576408 -0.0564946
1.72917 0.0268078 0.000435099 -0.042731
1.73333 0.0196827 0.000288485 -0.0278607
1.7375 0.0122217 0.000145007 -0.0139314
1.74167 0.00542562 1.39103e-05 -0.0025277
1.74583 1.7767e-05 -9.5381e-05 0.00566801
1.75 -0.00375195 -0.000175022 0.0109686
1.75417 -0.00612159 -0.000220911 0.0143981
1.75833 -0.00764795 -0.000234237 0.017156
1.7625 -0.00892641 -0.00022156 0.0200536
1.76667 -0.010317 -0.00019316 0.0231529
1.77083 -0.011787 -0.000160091 0.0257436
1.775 -0.0129291 -0.000130979 0.0266546
1.77917 -0.0131407 -0.000109695 0.0247615
1.78333 -0.0118864 -9.47376e-05 0.0194863
1.7875 -0.00893971 -8.05221e-05 0.0111001
1.79167 -0.00451312 -6.00683e-05 0.000728852
1.79583 0.000765385 -2.8111e-05 -0.00992601
1.8 0.00601306 1.64485e-05 -0.0190425
1.80417 0.0103299 6.95671e-05 -0.0251548
1.80833 0.0130333 0.000122853 -0.0275057
1.8125 0.0138182 0.000165852 -0.0261799
1.81667 0.0128032 0.000189089 -0.0219979
1.82083 0.0104571 0.000186929 -0.0162198
1.825 0.0074369 0.000159354 -0.0101616
1.82917 0.00439443 0.000112139 -0.0048512
1.83333 0.0018121 5.53442e-05 -0.000833676
1.8375 -7.88686e-05 6.29711e-07 0.00182043
1.84167 -0.00127832 -4.17457e-05 0.00333197
1.84583 -0.00191564 -6.52837e-05 0.00396053
1.85 -0.00212373 -6.82744e-05 0.00382123
1.85417 -0.00195681 -5.335e-05 0.00287502
1.85833 -0.0013983 -2.60056e-05 0.00109847
1.8625 -0.0004532 7.12662e-06 -0.00127478
1.86667 0.000735003 3.95378e-05 -0.00361431
1.87083 0.00182931 6.53728e-05 -0.00499432
1.875 0.00236815 7.95293e-05 -0.00454483
1.87917 0.00195122 7.79311e-05 -0.00189921
1.88333 0.000456515 5.84069e-05 0.00251275
1.8875 -0.00183683 2.20134e-05 0.0075344
1.89167 -0.00431361 -2.59914e-05 0.0117428
1.89583 -0.00627351 -7.65234e-05 0.0141008
1.9 -0.00725518 -0.000118904 0.0144609
1.90417 -0.00726166 -0.000144439 0.0136252
1.90833 -0.00675211 -0.000149845 0.0128941
1.9125 -0.0063864 -0.000138737 0.0133289
1.91667 -0.00665196 -0.000120118 0.0151329
1.92083 -0.00757976 -0.000104306 0.0175139
1.925 -0.00871638 -9.81778e-05 0.0191223
1.92917 -0.00937697 -0.00010215 0.0188241
1.93333 -0.00903876 -0.000110545 0.0163638
1.9375 -0.00764834 -0.00011516 0.0125287
1.94167 -0.00566256 -0.000110114 0.00872085
1.94583 -0.00379968 -9.52616e-05 0.00619234
1.95 -0.002649 -7.62555e-05 0.00539465
1.95417 -0.00236692 -6.12612e-05 0.00580477
1.95833 -0.0026271 -5.61922e-05 0.00628465
1.9625 -0.00283025 -6.11548e-05 0.00570545
1.96667 -0.00242366 -7.00066e-05 0.00343608
1.97083 -0.00112965 -7.3115e-05 -0.000564966
1.975 0.0010326 -6.16623e-05 -0.00601179
1.97917 0.00389316 -3.12193e-05 -0.0126182
1.98333 0.00729239 1.69355e-05 -0.0201881
1.9875 0.0111131 7.67624e-05 -0.0283929
1.99167 0.0151614 0.000139482 -0.036451
1.99583 0.0190154 0.000195312 -0.0430525
2 0.0220097 0.000234375 -0.0467185
2.00417 0.0234356 0.000247226 -0.0464569
2.00833 0.0228681 0.000225767 -0.0423041
2.0125 0.0204097 0.000164749 -0.0353513
2.01667 0.0166642 6.30533e-05 -0.0271708
2.02083 0.0124231 -7.64507e-05 -0.0189705
2.025 0.00824653 -0.000248942 -0.0110202
2.02917 0.0042116 -0.000450612 -0.00273965
2.03333 -4.32046e-07 -0.000680423 0.00660515
2.0375 -0.00473334 -0.000938744 0.0170744
2.04167 -0.00995598 -0.00122272 0.027678
2.04583 -0.015115 -0.00152045 0.0367244
2.05 -0.0193499 -0.00180742 0.0426625
2.05417 -0.0219259 -0.00204762 0.0448348
2.05833 -0.0225869 -0.00219983 0.0436311
2.0625 -0.021591 -0.00222617 0.0399734
2.06667 -0.0194238 -0.00209976 0.0345551
2.07083 -0.0164216 -0.00180871 0.0274365
2.075 -0.0126011 -0.0013567 0.0183173
2.07917 -0.0078288 -0.000762089 0.00727415
2.08333 -0.00219598 -5.79917e-05 -0.00463693
2.0875 0.00370913 0.000706612 -0.0154543
2.09167 0.00888347 0.00146673 -0.0231173
2.09583 0.0123407 0.00214545 -0.0265084
2.1 0.0136204 0.00266411 -0.0260212
2.10417 0.0130245 0.00295708 -0.0232453
2.10833 0.0114074 0.00298694 -0.0199692
2.1125 0.0096544 0.00275458 -0.017173
2.11667 0.00819841 0.00230096 -0.0146756
2.12083 0.00689101 0.00170008 -0.0116177
2.125 0.00528494 0.00104583 -0.00736756
2.12917 0.00309332 0.000436546 -0.00216027
2.13333 0.000480545 -3.99427e-05 0.002977
2.1375 -0.00201511 -0.000318757 0.00690559
2.14167 -0.00384225 -0.000366671 0.0091089
2.14583 -0.00479027 -0.000185598 0.00992213
2.15 -0.00507012 0.000190661 0.0101212
2.15417 -0.00508114 0.000706605 0.0102364
2.15833 -0.00506732 0.00129973 0.0101485
2.1625 -0.00494109 0.00191464 0.00927582
2.16667 -0.00440619 0.00251083 0.00717416
2.17083 -0.00326759 0.00306088 0.00404953
2.175 -0.00167024 0.00354064 0.00076593
2.17917 -7.18709e-05 0.00391734 -0.00166077
2.18333 0.00103041 0.00414355 -0.00268942
2.1875 0.00140817 0.0041618 -0.00253023
2.19167 0.00121393 0.00391956 -0.00189299
2.19583 0.000828484 0.00338824 -0.0014399
2.2 0.000578354 0.00257743 -0.00137717
2.20417 0.000543874 0.00153705 -0.00146448
2.20833 0.000584771 0.000345502 -0.00136165
2.2125 0.000525983 -0.000911476 -0.000973783
2.21667 0.00032702 -0.00216243 -0.000502866
2.22083 9.58108e-05 -0.00336244 -0.000203271
2.225 -4.08896e-05 -0.00449028 -0.000107126
2.22917 -7.05292e-05 -0.00553127 -1.37365e-07
2.23333 -9.64864e-05 -0.00645387 0.000315885
2.2375 -0.00020294 -0.00719204 0.000718931
2.24167 -0.000312834 -0.00764427 0.00073119
2.24583 -0.000188197 -0.0076936 -0.000155212
2.25 0.000396035 -0.00724335 -0.0020182
2.25417 0.00143039 -0.00625502 -0.0042878
2.25833 0.00258748 -0.00477255 -0.00598887
2.2625 0.00336967 -0.00292248 -0.00631427
2.26667 0.00340376 -0.00089024 -0.00513416
2.27083 0.00267824 0.00111673 -0.00307722
2.275 0.00155218 0.00290447 -0.00112448
2.27917 0.000527366 0.00431567 -2.15756e-06
2.28333 -5.63696e-05 0.00523937 0.000210122
2.2875 -0.000194881 0.00561394 1.13837e-05
2.29167 -0.000156742 0.00543143 4.0606e-05
2.29583 -0.000248844 0.00474503 0.000602619
2.3 -0.000588315 0.00367234 0.00148748
2.30417 -0.00103789 0.00238395 0.00217941
2.30833 -0.00133377 0.00107242 0.00227326
2.3125 -0.00129827 -9.02254e-05 0.00178729
2.31667 -0.000978632 -0.000988863 0.00115342
2.32083 -0.000615764 -0.00157792 0.00090173
2.325 -0.000470287 -0.00186641 0.00126833
2.32917 -0.000632261 -0.0018884 0.00200704
2.33333 -0.000950452 -0.00168104 0.00254656
2.3375 -0.00113433 -0.00128463 0.00239613
2.34167 -0.000962178 -0.000759751 0.00152117
2.34583 -0.000450802 -0.00019976 0.000413306
2.35 0.000138363 0.000282949 -0.000219784
2.35417 0.000472191 0.0005979 5.68818e-05
2.35833 0.000382255 0.000719979 0.00109323
2.3625 -8.22047e-06 0.000700561 0.00227035
2.36667 -0.000370839 0.000629719 0.00298358
2.37083 -0.00041766 0.00056974 0.00312875
2.375 -0.000118795 0.000508036 0.0031896
2.37917 0.000290143 0.000370759 0.00381788
2.38333 0.000534582 9.57144e-05 0.00522148
2.3875 0.000586759 -0.000286774 0.00688174
2.39167 0.000762535 -0.000632987 0.00789909
2.39583 0.00151473 -0.000756273 0.00775088
2.4 0.0030615 -0.000551265 0.00685025
2.40417 0.00515424 -8.44209e-05 0.00638459
2.40833 0.00721009 0.000423632 0.00747154
2.4125 0.00874572 0.000724483 0.0102661
2.41667 0.0097791 0.000694617 0.0137669
2.42083 0.0108541 0.000405806 0.016548
2.425 0.0126268 6.16138e-05 0.0178821
2.42917 0.0153187 -0.000151102 0.0183462
2.43333 0.0184768 -0.000181525 0.0193874
2.4375 0.0212506 -0.000115988 0.0221692
2.44167 0.0229763 -7.00162e-05 0.0266371
2.44583 0.0235916 -7.14854e-05 0.031578
2.45 0.0235432 -4.05589e-05 0.0356104
2.45417 0.0232741 0.000115821 0.0382442
2.45833 0.022745 0.00038387 0.0400797
2.4625 0.0214171 0.00061621 0.0419708
2.46667 0.0187213 0.000638186 0.043901
2.47083 0.0146039 0.000404035 0.0446083
2.475 0.00965711 6.31354e-05 0.042356
2.47917 0.00469716 -0.00013602 0.0362355
2.48333 0.000143486 -3.70848e-05 0.0268894
2.4875 -0.00426037 0.00029461 0.016013
2.49167 -0.00913066 0.000617243 0.00504376
2.49583 -0.014798 0.000699848 -0.00584505
2.5 -0.0208933 0.000497567 -0.0175963
2.50417 -0.0265321 0.000171147 -0.0311202
2.50833 -0.0309503 -5.82135e-05 -0.0461667
2.5125 -0.0340555 -8.8161e-05 -0.0612067
2.51667 -0.0364418 2.71063e-06 -0.0744149
2.52083 -0.0388812 4.93001e-05 -0.0848946
2.525 -0.0417478 -4.80957e-05 -0.0931092
2.52917 -0.0448575 -0.000252537 -0.100215
2.53333 -0.0478141 -0.00044981 -0.106957
2.5375 -0.0504971 -0.000564787 -0.113112
2.54167 -0.0532192 -0.000620103 -0.117922
2.54583 -0.0563984 -0.000693564 -0.121011
2.55 -0.060037 -0.000832914 -0.12287
2.55417 -0.063471 -0.00101674 -0.124408
2.55833 -0.0656135 -0.00118841 -0.125935
2.5625 -0.065482 -0.00131219 -0.126475
2.56667 -0.0625768 -0.00139003 -0.124021
2.57083 -0.0568315 -0.00143588 -0.116542
2.575 -0.0482551 -0.00145442 -0.102935
2.57917 -0.0366512 -0.00145348 -0.0832193
2.58333 -0.0217168 -0.00146218 -0.0579943
2.5875 -0.00347316 -0.00150898 -0.0277726
2.59167 0.0173241 -0.0015678 0.00711565
2.59583 0.0391506 -0.00154093 0.0459411
2.6 0.0601116 -0.0013281 0.0868478
2.60417 0.0784947 -0.000933306 0.126683
2.60833 0.0931031 -0.00049349 0.161653
2.6125 0.103205 -0.000171079 0.188427
2.61667 0.108263 3.10564e-06 0.204972
2.62083 0.107781 0.000174137 0.210661
2.625 0.10147 0.000527286 0.205787
2.62917 0.0896189 0.00109196 0.191034
2.63333 0.0733481 0.00168514 0.16739
2.6375 0.0544766 0.00206524 0.136505
2.64167 0.0350378 0.0021499 0.101017
2.64583 0.0167621 0.00207798 0.0643702
2.65 0.000846339 0.00205423 0.0300438
2.65417 -0.0119332 0.00214231 0.00067394
2.65833 -0.0210023 0.00222169 -0.0223669
2.6625 -0.0259594 0.00214036 -0.0387202
2.66667 -0.0267973 0.00188374 -0.0484683
2.67083 -0.0241507 0.00157601 -0.0518025
2.675 -0.0192751 0.00133252 -0.0492001
2.67917 -0.0136856 0.00114956 -0.041843
2.68333 -0.00867942 0.000956508 -0.0317557
2.6875 -0.00505055 0.000745531 -0.021392
2.69167 -0.0031169 0.00059851 -0.0129019
2.69583 -0.00291345 0.000570524 -0.00758168
2.7 -0.00431911 0.000588409 -0.00581139
2.70417 -0.00703123 0.000519345 -0.00735241
2.70833 -0.0104982 0.000345524 -0.0116364
2.7125 -0.0139656 0.000219158 -0.0178215
2.71667 -0.0166673 0.000294196 -0.0247187
2.72083 -0.0180524 0.000513854 -0.0308518
2.725 -0.017923 0.000624565 -0.0347781
2.72917 -0.0164378 0.000439221 -0.0355441
2.73333 -0.014014 5.92534e-05 -0.0330205
2.7375 -0.0111703 -0.000221899 -0.0279324
2.74167 -0.00835589 -0.00025009 -0.0215654
2.74583 -0.00583043 -0.000198672 -0.015271
2.75 -0.00365849 -0.000380147 -0.00998642
2.75417 -0.00180614 -0.000886829 -0.00599269
2.75833 -0.000227089 -0.00148011 -0.00302205
2.7625 0.00115995 -0.00186259 -0.000590817
2.76667 0.00254959 -0.00201041 0.00172883
2.77083 0.00421031 -0.00216803 0.0042831
2.775 0.00624965 -0.00251653 0.00742194
2.77917 0.00836272 -0.00292396 0.0113766
2.78333 0.00986218 -0.00308184 0.0158483
2.7875 0.0100678 -0.00285269 0.0196925
2.79167 0.00875865 -0.00239737 0.0212212
2.79583 0.00628054 -0.00193881 0.01915
2.8 0.0032239 -0.00148177 0.0135193
2.80417 2.2469e-05 -0.000852763 0.00578339
2.80833 -0.00312321 4.25861e-06 -0.00204332
2.8125 -0.00599329 0.000881996 -0.00844259
2.81667 -0.00815894 0.00152139 -0.0127965
2.82083 -0.00916703 0.0019075 -0.0150394
2.825 -0.00893739 0.00225257 -0.0152257
2.82917 -0.00790858 0.00267952 -0.0136
2.83333 -0.00671145 0.00302619 -0.0109653
2.8375 -0.00566959 0.00304246 -0.00863641
2.84167 -0.00461938 0.00272811 -0.00768667
2.84583 -0.00319322 0.00235698 -0.00808772
2.85 -0.00123232 0.00213972 -0.00862183
2.85417 0.00107427 0.0019652 -0.00775659
2.85833 0.00336576 0.00157004 -0.00474868
2.8625 0.00531685 0.000919743 -8.47567e-05
2.86667 0.00666032 0.000295046 0.00493417
2.87083 0.0071116 -3.69802e-05 0.00892658
2.875 0.00640772 -0.000134992 0.0109025
2.87917 0.00449844 -0.000272171 0.0103888
2.88333 0.00171737 -0.000566598 0.00746864
2.8875 -0.00123075 -0.000857031 0.0028713
2.89167 -0.00347088 -0.000972643 -0.00203684
2.89583 -0.00425566 -0.000994152 -0.00554389
2.9 -0.00327307 -0.00113013 -0.00614325
2.90417 -0.000846652 -0.00139632 -0.00314411
2.90833 0.00214227 -0.00157725 0.00290458
2.9125 0.00467193 -0.00153681 0.0102289
2.91667 0.00609953 -0.00141683 0.0164535
2.92083 0.00637813 -0.00140905 0.0196679
2.925 0.00582766 -0.00142867 0.0193146
2.92917 0.00478049 -0.00121154 0.0162413
2.93333 0.00351511 -0.00075166 0.0119069
2.9375 0.00244549 -0.000432829 0.00750538
2.94167 0.00211605 -0.000570423 0.00374992
2.94583 0.00277866 -0.000948754 0.00119466
2.95 0.00397716 -0.00105868 0.000307653
2.95417 0.00475007 -0.000806082 0.000963567
2.95833 0.00440533 -0.000716851 0.002048
2.9625 0.00307679 -0.00125291 0.00202866
2.96667 0.00144161 -0.00210202 0.000225906
2.97083 -4.99289e-05 -0.00247044 -0.00254395
2.975 -0.00150821 -0.00210003 -0.00478142
2.97917 -0.00316568 -0.00165515 -0.00576394
2.98333 -0.00484058 -0.00185776 -0.00606224
2.9875 -0.00608022 -0.00245214 -0.00664704
2.99167 -0.00680288 -0.00243456 -0.00779589
2.99583 -0.00752216 -0.00135104 -0.00912502
