0 0 0 0
0.00416667 0 0 0
0.00833333 0 0 0
0.0125 0 0 0
0.0166667 0 0 0
0.0208333 0 0 0
0.025 0 0 0
0.0291667 0 0 0
0.0333333 0 0 0
0.0375 0 0 0
0.0416667 0 0 0
0.0458333 0 0 0
0.05 0 0 0
0.0541667 0 0 0
0.0583333 0 0 0
0.0625 0 0 0
0.0666667 0 0 0
0.0708333 0 0 0
0.075 0 0 0
0.0791667 0 0 0
0.0833333 0 0 0
0.0875 0 0 0
0.0916667 0 0 0
0.0958333 0 0 0
0.1 0 0 0
0.104167 0 0 0
0.108333 0 0 0
0.1125 0 0 0
0.116667 0 0 0
0.120833 0 0 0
0.125 0 0 0
0.129167 0 0 0
0.133333 0 0 0
0.1375 0 0 0
0.141667 0 0 0
0.145833 0 0 0
0.15 0 0 0
0.154167 0 0 0
0.158333 0 0 0
0.1625 0 0 0
0.166667 0 0 0
0.170833 0 0 0
0.175 0 0 0
0.179167 0 0 0
0.183333 0 0 0
0.1875 0 0 0
0.191667 -5.00884e-320 1.17094e-321 1.48801e-318
0.195833 -4.39793e-316 1.92117e-317 1.27306e-314
0.2 -3.18071e-312 2.03873e-313 9.00283e-311
0.204167 -1.91831e-308 1.67257e-309 5.31086e-307
0.208333 -9.73009e-305 1.09801e-305 2.63561e-303
0.2125 -4.18391e-301 5.89032e-302 1.10915e-299
0.216667 -1.53656e-297 2.6205e-298 3.98768e-296
0.220833 -4.85303e-294 9.77867e-295 1.23331e-292
0.225 -1.32654e-290 3.08934e-291 3.30219e-289
0.229167 -3.15618e-287 8.32902e-288 7.6986e-286
0.233333 -6.57039e-284 1.9297e-284 1.57095e-282
0.2375 -1.20232e-280 3.86607e-281 2.81888e-279
0.241667 -1.94201e-277 6.73589e-278 4.46649e-276
0.245833 -2.7791e-274 1.02596e-274 6.27271e-273
0.25 -3.53542e-271 1.37267e-271 7.83452e-270
0.254167 -4.01058e-268 1.62053e-268 8.72932e-267
0.258333 -4.06868e-265 1.69522e-265 8.70174e-264
0.2625 -3.70135e-262 1.57757e-262 7.78152e-261
0.266667 -3.02731e-259 1.31088e-259 6.25862e-258
0.270833 -2.2317e-256 9.76053e-257 4.5387e-255
0.275 -1.48649e-253 6.53387e-254 2.97494e-252
0.279167 -8.96753e-251 3.94483e-251 1.76664e-249
0.283333 -4.91121e-248 2.15454e-248 9.52699e-247
0.2875 -2.44741e-245 1.06756e-245 4.67615e-244
0.291667 -1.11227e-242 4.81208e-243 2.09372e-241
0.295833 -4.62011e-240 1.97837e-240 8.57037e-239
0.3 -1.75782e-237 7.43711e-238 3.21412e-236
0.304167 -6.13889e-235 2.56248e-235 1.10666e-233
0.308333 -1.97193e-232 8.11093e-233 3.50547e-231
0.3125 -5.83779e-230 2.36369e-230 1.02358e-228
0.316667 -1.5959e-227 6.35532e-228 2.76045e-226
0.320833 -4.0363e-225 1.57976e-225 6.88872e-224
0.325 -9.46189e-223 3.63745e-223 1.59365e-221
0.329167 -2.05951e-220 7.77272e-221 3.42382e-219
0.333333 -4.16956e-218 1.54419e-218 6.84293e-217
0.3375 -7.86472e-216 2.85718e-216 1.27441e-214
0.341667 -1.38435e-213 4.93187e-214 2.2152e-212
0.345833 -2.27753e-211 7.95471e-212 3.59945e-210
0.35 -3.50749e-209 1.20076e-209 5.47565e-208
0.354167 -5.06388e-207 1.69886e-207 7.81e-206
0.358333 -6.86347e-205 2.25614e-205 1.04592e-203
0.3625 -8.7454e-203 2.81637e-203 1.31699e-201
0.366667 -1.04899e-200 3.30917e-201 1.56126e-199
0.370833 -1.18601e-198 3.6646e-199 1.7448e-197
0.375 -1.26552e-196 3.82971e-197 1.84051e-195
0.379167 -1.27599e-194 3.78156e-195 1.83475e-193
0.383333 -1.21712e-192 3.53232e-193 1.73053e-191
0.3875 -1.09959e-190 3.12489e-191 1.5461e-189
0.391667 -9.41931e-189 2.62109e-189 1.30989e-187
0.395833 -7.65888e-187 2.08677e-187 1.05351e-185
0.4 -5.91732e-185 1.57858e-185 8.05197e-184
0.404167 -4.34849e-183 1.1358e-183 5.85416e-182
0.408333 -3.04253e-181 7.78062e-182 4.05279e-180
0.4125 -2.02874e-179 5.07945e-180 2.67413e-178
0.416667 -1.29039e-177 3.16313e-178 1.68327e-176
0.420833 -7.8362e-176 1.88064e-176 1.01172e-174
0.425 -4.5474e-174 1.06848e-174 5.81137e-173
0.429167 -2.52385e-172 5.80592e-173 3.19285e-171
0.433333 -1.3408e-170 3.0198e-171 1.67927e-169
0.4375 -6.82365e-169 1.50467e-169 8.46152e-168
0.441667 -3.32934e-167 7.1878e-168 4.08795e-166
0.445833 -1.55855e-165 3.29441e-166 1.89504e-164
0.45 -7.00528e-164 1.4498e-164 8.43548e-163
0.454167 -3.0254e-162 6.13052e-163 3.60819e-161
0.458333 -1.25632e-160 2.49261e-161 1.48409e-159
0.4625 -5.01959e-159 9.75153e-160 5.87382e-158
0.466667 -1.93099e-157 3.67319e-158 2.23849e-156
0.470833 -7.15671e-156 1.33305e-156 8.21945e-155
0.475 -2.55706e-154 4.66396e-155 2.90976e-153
0.479167 -8.81315e-153 1.57412e-153 9.93722e-152
0.483333 -2.93184e-151 5.12805e-152 3.27584e-150
0.4875 -9.41939e-150 1.61344e-150 1.043e-148
0.491667 -2.92431e-148 4.90553e-149 3.20915e-147
0.495833 -8.77772e-147 1.44209e-147 9.5474e-146
0.5 -2.54878e-145 4.10114e-146 2.74789e-144
0.504167 -7.16312e-144 1.12889e-144 7.65529e-143
0.508333 -1.94946e-142 3.00926e-143 2.06535e-141
0.5125 -5.14026e-141 7.77215e-142 5.39894e-140
0.516667 -1.31379e-139 1.94586e-140 1.36811e-138
0.520833 -3.25644e-138 4.7247e-139 3.36229e-137
0.525 -7.83135e-137 1.1131e-137 8.01774e-136
0.529167 -1.82812e-135 2.54558e-136 1.85596e-134
0.533333 -4.14419e-134 5.6536e-135 4.17227e-133
0.5375 -9.12697e-133 1.21993e-133 9.11286e-132
0.541667 -1.95366e-131 2.5586e-132 1.93462e-130
0.545833 -4.06618e-130 5.21799e-131 3.99369e-129
0.55 -8.23212e-129 1.03518e-129 8.01979e-128
0.554167 -1.62179e-127 1.99851e-128 1.56723e-126
0.558333 -3.11032e-126 3.75616e-127 2.9816e-125
0.5625 -5.80902e-125 6.87532e-126 5.52428e-124
0.566667 -1.05693e-123 1.22606e-124 9.97169e-123
0.570833 -1.8741e-122 2.13085e-123 1.75422e-121
0.575 -3.2396e-121 3.61054e-122 3.00867e-120
0.579167 -5.46126e-120 5.96646e-121 5.03252e-119
0.583333 -8.98135e-119 9.61906e-120 8.21229e-118
0.5875 -1.44138e-117 1.51343e-118 1.30783e-116
0.591667 -2.25811e-116 2.32457e-117 2.03322e-115
0.595833 -3.45442e-115 3.48667e-116 3.08673e-114
0.6 -5.1618e-114 5.10858e-115 4.5775e-113
0.604167 -7.53622e-113 7.31377e-114 6.63289e-112
0.608333 -1.07537e-111 1.02343e-112 9.39395e-111
0.6125 -1.50018e-110 1.40018e-111 1.30073e-109
0.616667 -2.04658e-109 1.87339e-110 1.76135e-108
0.620833 -2.73106e-108 2.452e-109 2.33313e-107
0.625 -3.5659e-107 3.14031e-108 3.02401e-106
0.629167 -4.55678e-106 3.93641e-107 3.83614e-105
0.633333 -5.70045e-105 4.83075e-106 4.76412e-104
0.6375 -6.98284e-104 5.80532e-105 5.79373e-103
0.641667 -8.37786e-103 6.83348e-104 6.90126e-102
0.645833 -9.84733e-102 7.88073e-103 8.05373e-101
0.65 -1.1342e-100 8.90643e-102 9.21017e-100
0.654167 -1.28042e-99 9.8663e-101 1.03238e-98
0.658333 -1.41709e-98 1.07156e-99 1.13452e-97
0.6625 -1.5379e-97 1.14127e-98 1.2226e-96
0.666667 -1.63696e-96 1.19224e-97 1.29226e-95
0.670833 -1.7093e-95 1.22189e-96 1.33998e-94
0.675 -1.75131e-94 1.22883e-95 1.3634e-93
0.679167 -1.761e-93 1.21291e-94 1.36149e-92
0.683333 -1.73818e-92 1.17524e-93 1.33461e-91
0.6875 -1.68444e-91 1.11809e-92 1.28451e-90
0.691667 -1.60298e-90 1.04463e-91 1.21406e-89
0.695833 -1.49828e-89 9.58658e-91 1.12707e-88
0.7 -1.37573e-88 8.64296e-90 1.02788e-87
0.704167 -1.24115e-87 7.65665e-89 9.21093e-87
0.708333 -1.10039e-86 6.66606e-88 8.11159e-86
0.7125 -9.58911e-86 5.70467e-87 7.02145e-85
0.716667 -8.21471e-85 4.79952e-86 5.97506e-84
0.720833 -6.9193e-84 3.97049e-85 4.99948e-83
0.725 -5.7314e-83 3.23029e-84 4.11383e-82
0.729167 -4.66938e-82 2.585e-83 3.32949e-81
0.733333 -3.74219e-81 2.03503e-82 2.65087e-80
0.7375 -2.95073e-80 1.5763e-81 2.07657e-79
0.741667 -2.28949e-79 1.20152e-80 1.60074e-78
0.745833 -1.7483e-78 9.01399e-80 1.21443e-77
0.75 -1.3141e-77 6.65667e-79 9.06918e-77
0.754167 -9.72388e-77 4.83967e-78 6.66763e-76
0.758333 -7.08451e-76 3.4646e-77 4.82663e-75
0.7625 -5.08278e-75 2.44249e-76 3.44069e-74
0.766667 -3.59148e-74 1.69594e-75 2.41567e-73
0.770833 -2.49968e-73 1.15998e-74 1.67062e-72
0.775 -1.71393e-72 7.81633e-74 1.13822e-71
0.779167 -1.15786e-71 5.18954e-73 7.64071e-71
0.783333 -7.70777e-71 3.39534e-72 5.05429e-70
0.7875 -5.05668e-70 2.18937e-71 3.29503e-69
0.791667 -3.2698e-69 1.39152e-70 2.11731e-68
0.795833 -2.08423e-68 8.71863e-70 1.34118e-67
0.8 -1.30977e-67 5.38575e-69 8.37571e-67
0.804167 -8.11551e-67 3.28045e-68 5.15746e-66
0.808333 -4.95862e-66 1.97042e-67 3.1317e-65
0.8125 -2.98798e-65 1.16728e-66 1.87545e-64
0.816667 -1.77589e-64 6.8206e-66 1.10779e-63
0.820833 -1.04117e-63 3.93146e-65 6.45481e-63
0.825 -6.02199e-63 2.2357e-64 3.71048e-62
0.829167 -3.43652e-62 1.25443e-63 2.10448e-61
0.833333 -1.9351e-61 6.94539e-63 1.17779e-60
0.8375 -1.07532e-60 3.79497e-62 6.50501e-60
0.841667 -5.89739e-60 2.04656e-61 3.54589e-59
0.845833 -3.19241e-59 1.0894e-60 1.90784e-58
0.85 -1.7059e-58 5.72449e-60 1.01331e-57
0.854167 -8.99923e-58 2.96971e-59 5.31329e-57
0.858333 -4.68721e-57 1.52111e-58 2.75073e-56
0.8625 -2.41057e-56 7.69327e-58 1.40616e-55
0.866667 -1.22422e-55 3.84245e-57 7.09843e-55
0.870833 -6.1401e-55 1.89534e-56 3.5389e-54
0.875 -3.04159e-54 9.23392e-56 1.74257e-53
0.879167 -1.48825e-53 4.44365e-55 8.47548e-53
0.883333 -7.19337e-53 2.11245e-54 4.07218e-52
0.8875 -3.43486e-52 9.92106e-54 1.93292e-51
0.891667 -1.62046e-51 4.60352e-53 9.06482e-51
0.895833 -7.55368e-51 2.11065e-52 4.20046e-50
0.9 -3.47936e-50 9.56247e-52 1.92336e-49
0.904167 -1.58378e-49 4.28137e-51 8.70325e-49
0.908333 -7.12487e-49 1.89447e-50 3.89219e-48
0.9125 -3.16795e-48 8.2854e-50 1.7204e-47
0.916667 -1.39229e-47 3.58173e-49 7.51653e-47
0.920833 -6.04868e-47 1.53058e-48 3.24631e-46
0.925 -2.59778e-46 6.4659e-48 1.38604e-45
0.929167 -1.10302e-45 2.7005e-47 5.85065e-45
0.933333 -4.63057e-45 1.11514e-46 2.44177e-44
0.9375 -1.92213e-44 4.55314e-46 1.00764e-43
0.941667 -7.88959e-44 1.8383e-45 4.11179e-43
0.945833 -3.20242e-43 7.3396e-45 1.65925e-42
0.95 -1.28553e-42 2.89805e-44 6.6218e-42
0.954167 -5.10375e-42 1.13172e-43 2.61364e-41
0.958333 -2.00414e-41 4.37122e-43 1.02035e-40
0.9625 -7.78434e-41 1.67e-42 3.94011e-40
0.966667 -2.99086e-40 6.31112e-42 1.50505e-39
0.970833 -1.13678e-39 2.35936e-41 5.68719e-39
0.975 -4.27446e-39 8.72578e-41 2.12606e-38
0.979167 -1.59016e-38 3.1927e-40 7.86331e-38
0.983333 -5.85291e-38 1.15579e-39 2.87747e-37
0.9875 -2.13157e-37 4.13986e-39 1.04187e-36
0.991667 -7.6815e-37 1.46724e-38 3.73279e-36
0.995833 -2.73924e-36 5.14572e-38 1.32341e-35
1 -9.66664e-36 1.78582e-37 4.64316e-35
1.00417 -3.37598e-35 6.13337e-37 1.61218e-34
1.00833 -1.16688e-34 2.08471e-36 5.54007e-34
1.0125 -3.9918e-34 7.01291e-36 1.88424e-33
1.01667 -1.35161e-33 2.33493e-35 6.34298e-33
1.02083 -4.52989e-33 7.69466e-35 2.11353e-32
1.025 -1.5028e-32 2.50994e-34 6.97101e-32
1.02917 -4.93521e-32 8.10419e-34 2.27601e-31
1.03333 -1.60442e-31 2.59028e-33 7.35635e-31
1.0375 -5.16367e-31 8.19576e-33 2.35383e-30
1.04167 -1.64528e-30 2.56715e-32 7.45636e-30
1.04583 -5.19013e-30 7.96067e-32 2.33849e-29
1.05 -1.62103e-29 2.44397e-31 7.26133e-29
1.05417 -5.0129e-29 7.42857e-31 2.23245e-28
1.05833 -1.53494e-28 2.23558e-30 6.79592e-28
1.0625 -4.6538e-28 6.66136e-30 2.04846e-27
1.06667 -1.39719e-27 1.96533e-29 6.11413e-27
1.07083 -4.15378e-27 5.74144e-29 1.8071e-26
1.075 -1.22289e-26 1.66084e-28 5.28909e-26
1.07917 -3.56533e-26 4.7574e-28 1.53301e-25
1.08333 -1.02941e-25 1.34944e-27 4.40032e-25
1.0875 -2.94354e-25 3.79047e-27 1.25087e-24
1.09167 -8.33589e-25 1.05437e-26 3.52155e-24
1.09583 -2.338e-24 2.90445e-26 9.81895e-24
1.1 -6.49471e-24 7.92345e-26 2.71152e-23
1.10417 -1.78692e-23 2.14067e-25 7.41631e-23
1.10833 -4.86955e-23 5.72769e-25 2.00908e-22
1.1125 -1.31438e-22 1.51778e-24 5.39077e-22
1.11667 -3.51407e-22 3.98328e-24 1.4327e-21
1.12083 -9.306e-22 1.03535e-23 3.77153e-21
1.125 -2.4411e-21 2.66529e-23 9.83433e-21
1.12917 -6.34289e-21 6.79551e-23 2.54006e-20
1.13333 -1.63257e-20 1.71602e-22 6.4986e-20
1.1375 -4.1624e-20 4.29189e-22 1.64694e-19
1.14167 -1.05126e-19 1.06317e-21 4.13452e-19
1.14583 -2.63013e-19 2.60845e-21 1.02817e-18
1.15 -6.51847e-19 6.33861e-21 2.53278e-18
1.15417 -1.60037e-18 1.52558e-20 6.18058e-18
1.15833 -3.89229e-18 3.63668e-20 1.49404e-17
1.1625 -9.3778e-18 8.58624e-20 3.57766e-17
1.16667 -2.23826e-17 2.00783e-19 8.48674e-17
1.17083 -5.29219e-17 4.65021e-19 1.99429e-16
1.175 -1.23958e-16 1.06669e-18 4.64241e-16
1.17917 -2.87629e-16 2.42335e-18 1.07054e-15
1.18333 -6.61157e-16 5.4526e-18 2.44551e-15
1.1875 -1.50554e-15 1.21505e-17 5.53399e-15
1.19167 -3.39618e-15 2.6815e-17 1.24054e-14
1.19583 -7.58927e-15 5.86069e-17 2.75474e-14
1.2 -1.68003e-14 1.26852e-16 6.05962e-14
1.20417 -3.68416e-14 2.71901e-16 1.32039e-13
1.20833 -8.0031e-14 5.77136e-16 2.85001e-13
1.2125 -1.72216e-13 1.21308e-15 6.09355e-13
1.21667 -3.67093e-13 2.52478e-15 1.29053e-12
1.22083 -7.75106e-13 5.2032e-15 2.70729e-12
1.225 -1.62114e-12 1.06172e-14 5.6255e-12
1.22917 -3.35851e-12 2.14499e-14 1.15781e-11
1.23333 -6.89175e-12 4.29036e-14 2.36022e-11
1.2375 -1.40074e-11 8.4956e-14 4.7654e-11
1.24167 -2.81984e-11 1.66533e-13 9.52938e-11
1.24583 -5.62232e-11 3.23137e-13 1.88728e-10
1.25 -1.11024e-10 6.20617e-13 3.70168e-10
1.25417 -2.17129e-10 1.17972e-12 7.19018e-10
1.25833 -4.20532e-10 2.21933e-12 1.38306e-09
1.2625 -8.06582e-10 4.13153e-12 2.63445e-09
1.26667 -1.53196e-09 7.6104e-12 4.96894e-09
1.27083 -2.88121e-09 1.38696e-11 9.27994e-09
1.275 -5.36557e-09 2.50056e-11 1.71598e-08
1.27917 -9.8934e-09 4.45933e-11 3.14155e-08
1.28333 -1.8061e-08 7.8651e-11 5.69398e-08
1.2875 -3.26425e-08 1.37175e-10 1.02165e-07
1.29167 -5.84038e-08 2.36546e-10 1.81459e-07
1.29583 -1.0344e-07 4.0322e-10 3.19015e-07
1.3 -1.81342e-07 6.79313e-10 5.55104e-07
1.30417 -3.14656e-07 1.13084e-09 9.55944e-07
1.30833 -5.40344e-07 1.85963e-09 1.62912e-06
1.3125 -9.18263e-07 3.0201e-09 2.74723e-06
1.31667 -1.54414e-06 4.84223e-09 4.58378e-06
1.32083 -2.56916e-06 7.66193e-09 7.5665e-06
1.325 -4.229e-06 1.19595e-08 1.23556e-05
1.32917 -6.88619e-06 1.84058e-08 1.99564e-05
1.33333 -1.10909e-05 2.79131e-08 3.18788e-05
1.3375 -1.76666e-05 4.16837e-08 5.03575e-05
1.34167 -2.78277e-05 6.12439e-08 7.86527e-05
1.34583 -4.33395e-05 8.84392e-08 0.000121447
1.35 -6.67281e-05 1.25356e-07 0.000185361
1.35417 -0.000101551 1.74112e-07 0.000279598
1.35833 -0.000152734 2.36451e-07 0.000416733
1.3625 -0.00022698 3.13017e-07 0.000613632
1.36667 -0.000333237 4.02207e-07 0.000892471
1.37083 -0.000483218 4.98426e-07 0.0012818
1.375 -0.000691923 5.8959e-07 0.00181752
1.37917 -0.00097812 6.5372e-07 0.00254367
1.38333 -0.00136467 6.54501e-07 0.00351267
1.3875 -0.00187863 5.35775e-07 0.00478493
1.39167 -0.00255089 2.15101e-07 0.00642726
1.39583 -0.00341529 -4.23287e-07 0.00850991
1.4 -0.00450693 -1.53547e-06 0.0111017
1.40417 -0.00585959 -3.32375e-06 0.0142634
1.40833 -0.00750203 -6.04011e-06 0.0180383
1.4125 -0.0094533 -9.98529e-06 0.0224416
1.41667 -0.0117171 -1.55016e-05 0.0274479
1.42083 -0.0142754 -2.29571e-05 0.0329786
1.425 -0.0170824 -3.27197e-05 0.0388903
1.42917 -0.0200587 -4.51192e-05 0.0449664
1.43333 -0.0230879 -6.03993e-05 0.0509143
1.4375 -0.0260155 -7.86593e-05 0.0563708
1.44167 -0.0286528 -9.97918e-05 0.0609166
1.44583 -0.0307854 -0.000123423 0.0641026
1.45 -0.0321872 -0.000148865 0.0654869
1.45417 -0.0326399 -0.000175089 0.0646802
1.45833 -0.0319566 -0.000200737 0.0613962
1.4625 -0.0300071 -0.000224168 0.0554991
1.46667 -0.0267409 -0.000243563 0.047042
1.47083 -0.022205 -0.00025707 0.0362859
1.475 -0.0165514 -0.000262987 0.0236923
1.47917 -0.01003 -0.000259958 0.00988406
1.48333 -0.00296614 -0.000247169 -0.00442605
1.4875 0.00427778 -0.000224486 -0.0185332
1.49167 0.0113537 -0.000192526 -0.0318533
1.49583 0.0179846 -0.000152616 -0.0440319
1.5 0.0240175 -0.000106642 -0.0550287
1.50417 0.0294623 -5.67867e-05 -0.0651538
1.50833 0.0345044 -5.18355e-06 -0.075041
1.5125 0.039485 4.64451e-05 -0.0855485
1.51667 0.0448446 9.71114e-05 -0.0975931
1.52083 0.051035 0.000146767 -0.111938
1.525 0.0584105 0.00019633 -0.12897
1.52917 0.0671169 0.000247504 -0.148501
1.53333 0.0769987 0.00030239 -0.169651
1.5375 0.087548 0.000362953 -0.190833
1.54167 0.0979083 0.000430418 -0.209863
1.54583 0.106943 0.000504731 -0.2242
1.55 0.113362 0.000584186 -0.23126
1.55417 0.115889 0.000665308 -0.228788
1.55833 0.113445 0.000743039 -0.215194
1.5625 0.105314 0.000811189 -0.189819
1.56667 0.0912661 0.00086309 -0.153077
1.57083 0.0716146 0.000892316 -0.106448
1.575 0.047203 0.000893355 -0.0523453
1.57917 0.0193242 0.000862125 0.00612535
1.58333 -0.0104073 0.000796288 0.06547
1.5875 -0.0402114 0.000695372 0.122123
1.59167 -0.0683016 0.00056075 0.172746
1.59583 -0.0930342 0.000395564 0.214497
1.6 -0.113037 0.000204641 0.245242
1.60417 -0.127314 -5.58827e-06 0.263731
1.60833 -0.135327 -0.000227206 0.26971
1.6125 -0.137046 -0.000451039 0.263954
1.61667 -0.132953 -0.000667086 0.248192
1.62083 -0.123995 -0.000865145 0.224894
1.625 -0.111465 -0.0010356 0.196921
1.62917 -0.0968166 -0.00117019 0.167075
1.63333 -0.0814329 -0.00126266 0.137627
1.6375 -0.0663961 -0.001309 0.109945
1.64167 -0.0523144 -0.00130733 0.0843247
1.64583 -0.0392626 -0.00125755 0.0601129
1.65 -0.0268668 -0.00116084 0.0361137
1.65417 -0.0145268 -0.0010194 0.0111803
1.65833 -0.00171845 -0.000836718 -0.0151771
1.6625 0.0117124 -0.000618158 -0.0423702
1.66667 0.0253663 -0.000371928 -0.0686618
1.67083 0.0382886 -0.000109833 -0.0915006
1.675 0.0491692 0.00015264 -0.108183
1.67917 0.0566922 0.000397278 -0.116641
1.68333 0.0599256 0.000605234 -0.116088
1.6875 0.0586216 0.00075992 -0.107306
1.69167 0.0533196 0.000850004 -0.092454
1.69583 0.0452113 0.000871667 -0.0744653
1.7 0.035812 0.000829403 -0.0562443
1.70417 0.0265532 0.000735038 -0.0399437
1.70833 0.018439 0.000605199 -0.0265747
1.7125 0.0118847 0.000457957 -0.0160633
1.71667 0.00677938 0.000309618 -0.00768608
1.72083 0.00272751 0.000172527 -0.000670821
1.725 -0.00064893 5.43476e-05 0.00531319
1.72917 -0.00348247 -4.12816e-05 0.00998657
1.73333 -0.00560416 -0.000113301 0.0126719
1.7375 -0.0066747 -0.000161797 0.0127669
1.74167 -0.00643076 -0.000187223 0.0102365
1.74583 -0.00492038 -0.000190511 0.00586983
1.75 -0.0026045 -0.00017381 0.00115221
1.75417 -0.000262529 -0.000141236 -0.00221905
1.75833 0.00127062 -9.9008e-05 -0.0029831
1.7625 0.00142902 -5.46329e-05 -0.000850775
1.76667 0.000162056 -1.53024e-05 0.00331186
1.77083 -0.00200884 1.39282e-05 0.00774894
1.775 -0.00415772 3.14056e-05 0.0104429
1.77917 -0.00528877 3.90057e-05 0.00987259
1.78333 -0.00471327 4.09852e-05 0.00561638
1.7875 -0.00232717 4.1961e-05 -0.00142318
1.79167 0.00131416 4.48025e-05 -0.00925689
1.79583 0.00515196 4.92845e-05 -0.0154261
1.8 0.00795667 5.20684e-05 -0.0177902
1.80417 0.00872435 4.80587e-05 -0.015225
1.80833 0.0070063 3.26436e-05 -0.00800644
1.8125 0.00306591 3.96674e-06 0.00224117
1.81667 -0.00218687 -3.56618e-05 0.0130193
1.82083 -0.00746372 -7.98212e-05 0.0217061
1.825 -0.0114859 -0.000119591 0.026348
1.82917 -0.0133694 -0.000146235 0.0262352
1.83333 -0.0128822 -0.00015406 0.0220646
1.8375 -0.0104849 -0.000142409 0.0156292
1.84167 -0.00713927 -0.000116019 0.00914543
1.84583 -0.00395313 -8.35069e-05 0.00446972
1.85 -0.00179499 -5.44676e-05 0.00250756
1.85417 -0.00102675 -3.62148e-05 0.0030417
1.85833 -0.00145552 -3.1422e-05 0.00502169
1.8625 -0.00250934 -3.75888e-05 0.00714901
1.86667 -0.00354042 -4.85345e-05 0.00845903
1.87083 -0.00410348 -5.72382e-05 0.00861866
1.875 -0.00407705 -5.87299e-05 0.00782451
1.87917 -0.00358616 -5.17081e-05 0.00641344
1.88333 -0.00279696 -3.81714e-05 0.00445882
1.8875 -0.00172501 -2.13592e-05 0.00162356
1.89167 -0.000185027 -3.17842e-06 -0.00262755
1.89583 0.00208209 1.74024e-05 -0.00859028
1.9 0.0051862 4.40054e-05 -0.015948
1.90417 0.00891739 8.06032e-05 -0.0237256
1.90833 0.0127495 0.000128513 -0.0306284
1.9125 0.0160302 0.000184239 -0.0355726
1.91667 0.0182472 0.000239403 -0.0380766
1.92083 0.019205 0.000282937 -0.0382666
1.925 0.019002 0.000304589 -0.0365041
1.92917 0.0178284 0.000298132 -0.032913
1.93333 0.0157369 0.000262956 -0.0271707
1.9375 0.012563 0.000203601 -0.0187693
1.94167 0.00808008 0.000127846 -0.00761992
1.94583 0.0023061 4.45053e-05 0.00539873
1.95 -0.00424539 -3.81295e-05 0.0183742
1.95417 -0.010573 -0.000112929 0.0289337
1.95833 -0.0155073 -0.000174093 0.0352046
1.9625 -0.0181938 -0.000217448 0.0366297
1.96667 -0.018468 -0.000241076 0.034145
1.97083 -0.0168925 -0.000245908 0.0295993
1.975 -0.0144258 -0.0002356 0.0247498
1.97917 -0.0119145 -0.000215363 0.0204358
1.98333 -0.00971078 -0.000190141 0.016403
1.9875 -0.00763203 -0.000163154 0.0118312
1.99167 -0.00525876 -0.000135769 0.00616172
1.99583 -0.00234811 -0.000108914 -0.00034851
2 0.000919846 -8.51818e-05 -0.00669939
2.00417 0.00401658 -7.02421e-05 -0.0117465
2.00833 0.00638347 -7.24745e-05 -0.0148616
2.0125 0.0077504 -0.000100847 -0.0161752
2.01667 0.00822578 -0.000162179 -0.0162569
2.02083 0.00811158 -0.000259328 -0.0155295
2.025 0.00760975 -0.000391158 -0.013914
2.02917 0.00666812 -0.000553926 -0.0110174
2.03333 0.00510021 -0.000742702 -0.00672485
2.0375 0.00288655 -0.000951479 -0.00170199
2.04167 0.000401487 -0.00117165 0.00267454
2.04583 -0.00165841 -0.00138986 0.00502568
2.05 -0.00264914 -0.00158687 0.00487442
2.05417 -0.00241518 -0.00173863 0.00308152
2.05833 -0.0014598 -0.00181938 0.00141744
2.0625 -0.000683075 -0.00180548 0.00147354
2.06667 -0.000823349 -0.00167846 0.00361586
2.07083 -0.00196726 -0.00142684 0.00670798
2.075 -0.00347208 -0.00104736 0.00882604
2.07917 -0.0043717 -0.00054702 0.00850089
2.08333 -0.00400096 5.35493e-05 0.0056445
2.0875 -0.00241408 0.000716659 0.00153331
2.09167 -0.000314838 0.00138659 -0.00211052
2.09583 0.00143926 0.0019937 -0.00426071
2.1 0.00239521 0.00246437 -0.00512887
2.10417 0.00272588 0.00273506 -0.00574478
2.10833 0.00297129 0.00276645 -0.00693529
2.1125 0.00351622 0.00255366 -0.00850928
2.11667 0.00421509 0.00212951 -0.00929294
2.12083 0.0044602 0.00156031 -0.00800807
2.125 0.00364943 0.000935451 -0.00433813
2.12917 0.00170257 0.000352908 0.00063029
2.13333 -0.000769154 -9.68005e-05 0.00494887
2.1375 -0.00278254 -0.000345718 0.00696815
2.14167 -0.00357329 -0.000359735 0.0063041
2.14583 -0.00304384 -0.000143148 0.00395126
2.15 -0.00176355 0.000265444 0.00151199
2.15417 -0.000544982 0.000805381 0.000135439
2.15833 8.23883e-05 0.00141061 -8.02859e-05
2.1625 0.000131463 0.00202476 0.000131164
2.16667 3.87096e-06 0.00260869 -3.06202e-05
2.17083 9.01326e-05 0.00313793 -0.00076245
2.175 0.000452071 0.00359203 -0.00157448
2.17917 0.000815692 0.00394217 -0.00177809
2.18333 0.00083818 0.00414458 -0.00108232
2.1875 0.000402094 0.00414453 0.000200195
2.19167 -0.00030552 0.00389047 0.0014676
2.19583 -0.000972017 0.00335279 0.00234736
2.2 -0.00142063 0.00253854 0.00295279
2.20417 -0.00172256 0.00149505 0.00366596
2.20833 -0.00207069 0.000299671 0.00466129
2.2125 -0.00253909 -0.000960565 0.00561263
2.21667 -0.00295156 -0.00221117 0.00586635
2.22083 -0.00298639 -0.00340418 0.00495591
2.225 -0.00243692 -0.00451725 0.00302839
2.22917 -0.00140817 -0.00553756 0.000810982
2.23333 -0.000275901 -0.00643797 -0.000880625
2.2375 0.000570609 -0.00715778 -0.00171135
2.24167 0.00100065 -0.0075998 -0.00202299
2.24583 0.00121199 -0.00764896 -0.00250456
2.25 0.00154354 -0.00720766 -0.00360396
2.25417 0.00218197 -0.00623408 -0.00514988
2.25833 0.00299712 -0.00476757 -0.00647757
2.2625 0.00363454 -0.00293 -0.00694636
2.26667 0.00378704 -0.000903254 -0.00642899
2.27083 0.00342618 0.00110673 -0.00538427
2.275 0.00281042 0.00290492 -0.00446067
2.27917 0.00226614 0.00433047 -0.00394919
2.28333 0.00191712 0.00526746 -0.00352027
2.2875 0.00157762 0.0056494 -0.00245975
2.29167 0.000897211 0.00546534 -0.000239895
2.29583 -0.000346383 0.00476833 0.00299071
2.3 -0.00202224 0.00367869 0.00635959
2.30417 -0.0036573 0.00237141 0.00871478
2.30833 -0.00468446 0.00104346 0.00927192
2.3125 -0.00476438 -0.000130302 0.00804158
2.31667 -0.00397011 -0.00103407 0.00576875
2.32083 -0.00271928 -0.00162332 0.0034424
2.325 -0.0015077 -0.00190883 0.00171148
2.32917 -0.000625867 -0.00192607 0.000591209
2.33333 -4.25775e-05 -0.00171292 -0.000365069
2.3375 0.00047976 -0.0013099 -0.00158
2.34167 0.00113576 -0.000777936 -0.0030254
2.34583 0.00188464 -0.000210966 -0.00418578
2.35 0.00246338 0.000278013 -0.00445223
2.35417 0.00259956 0.000598439 -0.0036461
2.35833 0.00225892 0.000725797 -0.00224053
2.3625 0.0017212 0.000712251 -0.0010542
2.36667 0.0013995 0.000647962 -0.00061034
2.37083 0.00152464 0.000594064 -0.000665503
2.375 0.00194697 0.000536002 -0.000338137
2.37917 0.00224308 0.000398446 0.00118696
2.38333 0.00207945 0.000119452 0.00390346
2.3875 0.00155584 -0.00026849 0.00682463
2.39167 0.0012271 -0.000618856 0.00864898
2.39583 0.00173393 -0.000743511 0.00880398
2.4 0.0032987 -0.000538142 0.00803925
2.40417 0.00549177 -7.23042e-05 0.00801807
2.40833 0.0074965 0.000430206 0.0101345
2.4125 0.00870828 0.000719792 0.0144489
2.41667 0.00920839 0.000674416 0.0196093
2.42083 0.00971864 0.000368896 0.0238663
2.425 0.0110446 9.51557e-06 0.0263936
2.42917 0.0134382 -0.000215642 0.027842
2.43333 0.0163934 -0.000255669 0.0296694
2.4375 0.0190431 -0.000196649 0.0328115
2.44167 0.0208215 -0.000152848 0.0368291
2.44583 0.0218299 -0.000150447 0.040268
2.45 0.0225923 -0.000109035 0.0419146
2.45417 0.0234231 6.2787e-05 0.0418303
2.45833 0.0239785 0.000347869 0.0412152
2.4625 0.023415 0.000595738 0.041178
2.46667 0.0210489 0.000630816 0.0414818
2.47083 0.016951 0.000408833 0.0404181
2.475 0.01194 8.14136e-05 0.0360022
2.47917 0.00695116 -0.000102186 0.0275275
2.48333 0.00230631 1.26954e-05 0.0161556
2.4875 -0.00248374 0.000357661 0.00402267
2.49167 -0.0082034 0.000688563 -0.00739061
2.49583 -0.0151409 0.000774164 -0.0182436
2.5 -0.0227045 0.000570808 -0.0298601
2.50417 -0.0297809 0.000240058 -0.043249
2.50833 -0.0355307 2.2207e-06 -0.0579398
2.5125 -0.0399466 -4.23778e-05 -0.0721458
2.51667 -0.0437192 2.66083e-05 -0.0840845
2.52083 -0.0475655 4.58482e-05 -0.0932775
2.525 -0.0516281 -7.98582e-05 -0.100711
2.52917 -0.0554582 -0.000308497 -0.107775
2.53333 -0.0585489 -0.000522806 -0.114979
2.5375 -0.0608924 -0.000647615 -0.121591
2.54167 -0.063024 -0.000707156 -0.126458
2.54583 -0.0654943 -0.000779888 -0.129192
2.55 -0.0682283 -0.000911535 -0.130581
2.55417 -0.0703348 -0.00107645 -0.131804
2.55833 -0.0705322 -0.00121385 -0.13311
2.5625 -0.0678324 -0.00128643 -0.133115
2.56667 -0.0619286 -0.00129843 -0.129308
2.57083 -0.0530242 -0.00126964 -0.119359
2.575 -0.0413371 -0.00121295 -0.102187
2.57917 -0.0267771 -0.00114568 -0.0780423
2.58333 -0.00910933 -0.00110687 -0.0477808
2.5875 0.0115323 -0.00113413 -0.0121349
2.59167 0.034226 -0.00120802 0.0282937
2.59583 0.0573016 -0.00123308 0.0723471
2.6 0.0788214 -0.00110574 0.117622
2.60417 0.0971398 -0.00082171 0.160502
2.60833 0.111159 -0.000506369 0.197022
2.6125 0.120196 -0.000309299 0.224012
2.61667 0.123698 -0.000248297 0.239748
2.62083 0.121181 -0.000165267 0.243806
2.625 0.112482 0.000137922 0.23645
2.62917 0.0981536 0.000702138 0.218208
2.63333 0.0796067 0.0013519 0.190016
2.6375 0.0588253 0.00184625 0.153738
2.64167 0.0377828 0.00209483 0.11245
2.64583 0.017951 0.00222011 0.0700404
2.65 0.000196295 0.00240438 0.0302304
2.65417 -0.0149649 0.0026863 -0.00438279
2.65833 -0.0270699 0.00292131 -0.0326451
2.6625 -0.0356784 0.00293772 -0.0544319
2.66667 -0.0406254 0.00270827 -0.0699629
2.67083 -0.042282 0.00235371 -0.0794528
2.675 -0.0415245 0.00199592 -0.083299
2.67917 -0.0393811 0.0016465 -0.0824609
2.68333 -0.0366203 0.00125523 -0.0784979
2.6875 -0.0335873 0.000835003 -0.0730837
2.69167 -0.0303545 0.000484285 -0.0673411
2.69583 -0.0269711 0.000268404 -0.0615364
2.7 -0.0235559 0.00011861 -0.0553486
2.70417 -0.0201802 -9.71839e-05 -0.0484227
2.70833 -0.0167202 -0.000397715 -0.0407141
2.7125 -0.0128834 -0.000632847 -0.0323996
2.71667 -0.00842519 -0.000652761 -0.0235765
2.72083 -0.00339101 -0.000521305 -0.0141463
2.725 0.00179926 -0.000501244 -0.00405817
2.72917 0.00646972 -0.000787799 0.00628276
2.73333 0.00991969 -0.00128187 0.0158051
2.7375 0.0116468 -0.00168233 0.0229795
2.74167 0.0114836 -0.00181553 0.0263716
2.74583 0.0096163 -0.00182501 0.0252573
2.75 0.00649011 -0.00198773 0.0199819
2.75417 0.00266711 -0.00236129 0.0118804
2.75833 -0.00126353 -0.00268056 0.00280205
2.7625 -0.00467591 -0.00263705 -0.00548127
2.76667 -0.00689195 -0.00221683 -0.0116486
2.77083 -0.00732075 -0.00169811 -0.0148571
2.775 -0.00577251 -0.00131782 -0.0146378
2.77917 -0.00271714 -0.00101509 -0.010993
2.78333 0.00081138 -0.000556803 -0.00473261
2.7875 0.00369872 0.000127696 0.00236536
2.79167 0.00528033 0.000830481 0.00803474
2.79583 0.00550332 0.00130805 0.0105632
2.8 0.0046597 0.0015625 0.00966718
2.80417 0.00304971 0.0017969 0.00646248
2.80833 0.000945486 0.00211122 0.00256086
2.8125 -0.00119415 0.00234739 -0.000879158
2.81667 -0.00266343 0.00229378 -0.00335925
2.82083 -0.002854 0.00197795 -0.00457877
2.825 -0.00174033 0.00165038 -0.00409768
2.82917 1.99736e-05 0.0014707 -0.00167167
2.83333 0.001558 0.00131386 0.00212451
2.8375 0.00243262 0.00096584 0.00586744
2.84167 0.00285119 0.000456454 0.00815475
2.84583 0.00332048 7.58942e-05 0.00864844
2.85 0.00413354 3.04447e-05 0.00826902
2.85417 0.00517659 0.000180326 0.00832501
2.85833 0.00611968 0.000211232 0.00939738
2.8625 0.00666654 2.33874e-05 0.0109554
2.86667 0.00659928 -0.000169332 0.0118772
2.87083 0.00569728 -0.000153641 0.0112321
2.875 0.00377127 -1.67397e-05 0.00866614
2.87917 0.000867572 -2.98859e-05 0.00434095
2.88333 -0.0025543 -0.000283238 -0.00119854
2.8875 -0.00567496 -0.000574815 -0.00701506
2.89167 -0.00760539 -0.000697103 -0.0117997
2.89583 -0.00776498 -0.000711707 -0.014177
2.9 -0.00618485 -0.000830177 -0.0132817
2.90417 -0.00359798 -0.00108758 -0.00932081
2.90833 -0.00120348 -0.00129173 -0.00378328
2.9125 -0.00013373 -0.00132082 0.000924678
2.91667 -0.000910412 -0.00131407 0.00241467
2.92083 -0.00327131 -0.0014429 -0.000537723
2.925 -0.00645915 -0.00159023 -0.00730676
2.92917 -0.00963268 -0.00145704 -0.0157192
2.93333 -0.0120135 -0.00100989 -0.0231629
2.9375 -0.0128236 -0.000620684 -0.0276457
2.94167 -0.0114272 -0.000612258 -0.028107
2.94583 -0.00781243 -0.000793814 -0.0241834
2.95 -0.00292346 -0.000691016 -0.0161918
2.95417 0.00173567 -0.000243832 -0.00554453
2.95833 0.00506649 -2.17459e-06 0.00517246
2.9625 0.00701027 -0.000437753 0.0132227
2.96667 0.00821254 -0.00123657 0.0173408
2.97083 0.00914574 -0.00159877 0.0184275
2.975 0.00970666 -0.00126304 0.0184883
2.97917 0.00965202 -0.000896386 0.0188163
2.98333 0.00915348 -0.00122645 0.0192313
2.9875 0.00864431 -0.00199985 0.0189212
2.99167 0.0081434 -0.0022059 0.0176013
2.99583 0.00702561 -0.00137244 0.0155555
