0 0 0 0
0.00416667 0 0 0
0.00833333 0 0 0
0.0125 0 0 0
0.0166667 0 0 0
0.0208333 0 0 0
0.025 0 0 0
0.0291667 0 0 0
0.0333333 0 0 0
0.0375 0 0 0
0.0416667 0 0 0
0.0458333 0 0 0
0.05 0 0 0
0.0541667 0 0 0
0.0583333 0 0 0
0.0625 0 0 0
0.0666667 0 0 0
0.0708333 0 0 0
0.075 0 0 0
0.0791667 0 0 0
0.0833333 0 0 0
0.0875 0 0 0
0.0916667 0 0 0
0.0958333 0 0 0
0.1 0 0 0
0.104167 0 0 0
0.108333 0 0 0
0.1125 0 0 0
0.116667 0 0 0
0.120833 0 0 0
0.125 -1.82804e-322 3.78948e-321 8.18173e-321
0.129167 -2.0713e-316 2.85593e-315 6.08258e-315
0.133333 -1.00455e-310 1.3401e-309 2.85475e-309
0.1375 -3.2105e-305 4.14804e-304 8.83831e-304
0.141667 -6.93329e-300 8.68414e-299 1.85076e-298
0.145833 -1.03514e-294 1.25803e-293 2.68173e-293
0.15 -1.091e-289 1.28762e-288 2.74546e-288
0.154167 -8.27439e-285 9.49104e-284 2.02417e-283
0.158333 -4.59593e-280 5.12734e-279 1.09379e-278
0.1625 -1.9001e-275 2.0632e-274 4.40247e-274
0.166667 -5.93523e-271 6.27688e-270 1.33972e-269
0.170833 -1.42026e-266 1.46383e-265 3.12521e-265
0.175 -2.63716e-262 2.65056e-261 5.66038e-261
0.179167 -3.84511e-258 3.77086e-257 8.0551e-257
0.183333 -4.4514e-254 4.26181e-253 9.1065e-253
0.1875 -4.13408e-250 3.86607e-249 8.26335e-249
0.191667 -3.10983e-246 2.84208e-245 6.07653e-245
0.195833 -1.91195e-242 1.70841e-241 3.65382e-241
0.2 -9.68857e-239 8.46814e-238 1.81168e-237
0.204167 -4.07862e-235 3.48854e-234 7.46581e-234
0.208333 -1.437e-231 1.20329e-230 2.576e-230
0.2125 -4.26691e-228 3.49931e-227 7.49388e-227
0.216667 -1.07482e-224 8.63624e-224 1.85011e-223
0.220833 -2.311e-221 1.82e-220 3.9003e-220
0.225 -4.2662e-218 3.29417e-217 7.06201e-217
0.229167 -6.79903e-215 5.14913e-214 1.10427e-213
0.233333 -9.40325e-212 6.98694e-211 1.49896e-210
0.2375 -1.13415e-208 8.27064e-208 1.77502e-207
0.241667 -1.19853e-205 8.58043e-205 1.84222e-204
0.245833 -1.11465e-202 7.83633e-202 1.68312e-201
0.25 -9.16126e-200 6.32656e-199 1.35939e-198
0.254167 -6.68087e-197 4.53316e-196 9.74433e-196
0.258333 -4.33927e-194 2.8937e-193 6.22276e-193
0.2625 -2.51926e-191 1.65154e-190 3.55303e-190
0.266667 -1.31187e-188 8.4565e-188 1.82006e-187
0.270833 -6.14743e-186 3.89744e-185 8.39193e-185
0.275 -2.60037e-183 1.62183e-182 3.49364e-182
0.279167 -9.95883e-181 6.11168e-180 1.31712e-179
0.283333 -3.46298e-178 2.09158e-177 4.50958e-177
0.2875 -1.09632e-175 6.51818e-175 1.406e-174
0.291667 -3.16814e-173 1.85456e-172 4.00224e-172
0.295833 -8.37776e-171 4.82946e-170 1.04271e-169
0.3 -2.03209e-168 1.1538e-167 2.49231e-167
0.304167 -4.5315e-166 2.53467e-165 5.47778e-165
0.308333 -9.31052e-164 5.13127e-163 1.10948e-162
0.3125 -1.76625e-161 9.59283e-161 2.07519e-160
0.316667 -3.09991e-159 1.65944e-158 3.59163e-158
0.320833 -5.04322e-157 2.66138e-156 5.76313e-156
0.325 -7.61963e-155 3.96449e-154 8.58942e-154
0.329167 -1.07104e-152 5.49514e-152 1.19119e-151
0.333333 -1.40302e-150 7.09944e-150 1.53977e-149
0.3375 -1.71567e-148 8.56329e-148 1.85826e-147
0.341667 -1.96156e-146 9.65868e-146 2.0971e-145
0.345833 -2.10009e-144 1.02028e-143 2.21646e-143
0.35 -2.10853e-142 1.01085e-141 2.19719e-141
0.354167 -1.98815e-140 9.40668e-140 2.04579e-139
0.358333 -1.76296e-138 8.23309e-138 1.79157e-137
0.3625 -1.47209e-136 6.78642e-136 1.47761e-135
0.366667 -1.15899e-134 5.27502e-134 1.1492e-133
0.370833 -8.6142e-133 3.87122e-132 8.4387e-132
0.375 -6.05145e-131 2.68553e-130 5.85753e-130
0.379167 -4.02266e-129 1.76306e-128 3.84781e-128
0.383333 -2.53315e-127 1.09659e-126 2.39472e-126
0.3875 -1.51276e-125 6.46889e-125 1.41353e-124
0.391667 -8.57615e-124 3.62303e-123 7.92163e-123
0.395833 -4.62027e-122 1.92845e-121 4.21913e-121
0.4 -2.36766e-120 9.76481e-120 2.13772e-119
0.404167 -1.1552e-118 4.7081e-118 1.03136e-117
0.408333 -5.3713e-117 2.16348e-116 4.74237e-116
0.4125 -2.38217e-115 9.48346e-115 2.08014e-114
0.416667 -1.00857e-113 3.96883e-113 8.71108e-113
0.420833 -4.07989e-112 1.58708e-111 3.48575e-111
0.425 -1.57814e-110 6.06918e-110 1.33388e-109
0.429167 -5.84173e-109 2.22122e-108 4.88506e-108
0.433333 -2.07092e-107 7.786e-107 1.71351e-106
0.4375 -7.03612e-106 2.61588e-105 5.76088e-105
0.441667 -2.29278e-104 8.42975e-104 1.85774e-103
0.445833 -7.17057e-103 2.60738e-102 5.75011e-102
0.45 -2.15378e-101 7.74603e-101 1.70945e-100
0.454167 -6.21709e-100 2.21169e-99 4.88438e-99
0.458333 -1.72581e-98 6.0732e-98 1.34218e-97
0.4625 -4.60982e-97 1.60482e-96 3.54922e-96
0.466667 -1.18556e-95 4.08331e-95 9.03718e-95
0.470833 -2.93744e-94 1.00099e-93 2.217e-93
0.475 -7.01561e-93 2.3655e-92 5.243e-92
0.479167 -1.61605e-91 5.39182e-91 1.19595e-90
0.483333 -3.59227e-90 1.18604e-89 2.63271e-89
0.4875 -7.70972e-89 2.51909e-88 5.59594e-88
0.491667 -1.5984e-87 5.16879e-87 1.14907e-86
0.495833 -3.20277e-86 1.02506e-85 2.28055e-85
0.5 -6.20539e-85 1.9658e-84 4.37683e-84
0.504167 -1.16311e-83 3.64719e-83 8.1267e-83
0.508333 -2.11e-82 6.54949e-82 1.4605e-81
0.5125 -3.70634e-81 1.13889e-80 2.54164e-80
0.516667 -6.30668e-80 1.91853e-79 4.2849e-79
0.520833 -1.04e-78 3.13221e-78 7.00113e-78
0.525 -1.66274e-77 4.95806e-77 1.10911e-76
0.529167 -2.57838e-76 7.61245e-76 1.70425e-75
0.533333 -3.87947e-75 1.13412e-74 2.54108e-74
0.5375 -5.6659e-74 1.64015e-73 3.67784e-73
0.541667 -8.03524e-73 2.30334e-72 5.16917e-72
0.545833 -1.10693e-71 3.14226e-71 7.05764e-71
0.55 -1.4818e-70 4.16572e-70 9.36405e-70
0.554167 -1.92822e-69 5.36848e-69 1.20777e-68
0.558333 -2.43987e-68 6.72782e-68 1.51484e-67
0.5625 -3.00308e-67 8.20166e-67 1.84823e-66
0.566667 -3.59664e-66 9.72912e-66 2.19427e-65
0.570833 -4.19268e-65 1.12338e-64 2.53575e-64
0.575 -4.75868e-64 1.26297e-63 2.85325e-63
0.579167 -5.26031e-63 1.38294e-62 3.12692e-62
0.583333 -5.66491e-62 1.47531e-61 3.33862e-61
0.5875 -5.94507e-61 1.53377e-60 3.47387e-60
0.591667 -6.08168e-60 1.55436e-59 3.52352e-59
0.595833 -6.06613e-59 1.53596e-58 3.48478e-58
0.6 -5.90115e-58 1.48032e-57 3.36144e-57
0.604167 -5.60032e-57 1.39185e-56 3.16328e-56
0.608333 -5.18619e-56 1.27704e-55 2.90484e-55
0.6125 -4.68763e-55 1.14365e-54 2.60368e-54
0.616667 -4.13648e-54 9.99921e-54 2.27844e-53
0.620833 -3.56439e-53 8.53741e-53 1.94705e-52
0.625 -2.99996e-52 7.11989e-52 1.62518e-51
0.629167 -2.46673e-51 5.80103e-51 1.32529e-50
0.633333 -1.98197e-50 4.61867e-50 1.05609e-49
0.6375 -1.55646e-49 3.59419e-49 8.22558e-49
0.641667 -1.1949e-48 2.73433e-48 6.26318e-48
0.645833 -8.96955e-48 2.034e-47 4.66311e-47
0.65 -6.58478e-47 1.47977e-46 3.39545e-46
0.654167 -4.72855e-46 1.05307e-45 2.41848e-45
0.658333 -3.32211e-45 7.33217e-45 1.68537e-44
0.6625 -2.28392e-44 4.99566e-44 1.1493e-43
0.666667 -1.53676e-43 3.33136e-43 7.6708e-43
0.670833 -1.01221e-42 2.17467e-42 5.01176e-42
0.675 -6.52748e-42 1.3899e-41 3.20596e-41
0.679167 -4.12199e-41 8.69892e-41 2.00824e-40
0.683333 -2.54933e-40 5.33226e-40 1.23208e-39
0.6875 -1.54444e-39 3.20178e-39 7.40443e-39
0.691667 -9.16672e-39 1.88353e-38 4.35959e-38
0.695833 -5.33112e-38 1.08573e-37 2.51516e-37
0.7 -3.03844e-37 6.13343e-37 1.42206e-36
0.704167 -1.69736e-36 3.39611e-36 7.88068e-36
0.708333 -9.29504e-36 1.84339e-35 4.28119e-35
0.7125 -4.99046e-35 9.81001e-35 2.28024e-34
0.716667 -2.62725e-34 5.11915e-34 1.19089e-33
0.720833 -1.35641e-33 2.61974e-33 6.09944e-33
0.725 -6.86854e-33 1.31494e-32 3.06404e-32
0.729167 -3.41174e-32 6.47437e-32 1.50986e-31
0.733333 -1.66257e-31 3.12739e-31 7.29913e-31
0.7375 -7.94921e-31 1.48221e-30 3.46215e-30
0.741667 -3.72958e-30 6.89342e-30 1.61143e-29
0.745833 -1.71726e-29 3.14631e-29 7.36065e-29
0.75 -7.76067e-29 1.40947e-28 3.29994e-28
0.754167 -3.44266e-28 6.19792e-28 1.45219e-27
0.758333 -1.49922e-27 2.67555e-27 6.27358e-27
0.7625 -6.40997e-27 1.13397e-26 2.66086e-26
0.766667 -2.69095e-26 4.719e-26 1.10812e-25
0.770833 -1.10932e-25 1.92841e-25 4.53152e-25
0.775 -4.491e-25 7.73908e-25 1.81985e-24
0.779167 -1.78569e-24 3.05039e-24 7.17787e-24
0.783333 -6.97399e-24 1.18095e-23 2.78074e-23
0.7875 -2.67548e-23 4.49113e-23 1.05819e-22
0.791667 -1.00832e-22 1.67787e-22 3.95585e-22
0.795833 -3.73343e-22 6.15841e-22 1.45284e-21
0.8 -1.35818e-21 2.22086e-21 5.24234e-21
0.804167 -4.85482e-21 7.86938e-21 1.85863e-20
0.808333 -1.70525e-20 2.74004e-20 6.4751e-20
0.8125 -5.88605e-20 9.37549e-20 2.21673e-19
0.816667 -1.99667e-19 3.15266e-19 7.45784e-19
0.820833 -6.65672e-19 1.04191e-18 2.46588e-18
0.825 -2.18125e-18 3.38432e-18 8.01326e-18
0.829167 -7.02527e-18 1.0805e-17 2.55944e-17
0.833333 -2.22408e-17 3.39082e-17 8.03517e-17
0.8375 -6.92128e-17 1.046e-16 2.47958e-16
0.841667 -2.11731e-16 3.17189e-16 7.52156e-16
0.845833 -6.36739e-16 9.45541e-16 2.24283e-15
0.85 -1.88247e-15 2.77095e-15 6.57442e-15
0.854167 -5.47133e-15 7.98314e-15 1.89452e-14
0.858333 -1.56339e-14 2.26112e-14 5.36695e-14
0.8625 -4.39197e-14 6.29633e-14 1.49469e-13
0.866667 -1.21303e-13 1.72372e-13 4.09235e-13
0.870833 -3.29389e-13 4.63946e-13 1.10153e-12
0.875 -8.79373e-13 1.22769e-12 2.91486e-12
0.879167 -2.30814e-12 3.19398e-12 7.58298e-12
0.883333 -5.95628e-12 8.16943e-12 1.93935e-11
0.8875 -1.51114e-11 2.0543e-11 4.87596e-11
0.891667 -3.76917e-11 5.07854e-11 1.20516e-10
0.895833 -9.24247e-11 1.23427e-10 2.92816e-10
0.9 -2.22802e-10 2.9489e-10 6.99357e-10
0.904167 -5.27987e-10 6.92592e-10 1.64187e-09
0.908333 -1.22994e-09 1.59898e-09 3.78877e-09
0.9125 -2.8163e-09 3.62855e-09 8.5931e-09
0.916667 -6.3385e-09 8.09331e-09 1.91545e-08
0.920833 -1.4021e-08 1.77416e-08 4.19593e-08
0.925 -3.04806e-08 3.8221e-08 9.03215e-08
0.929167 -6.5116e-08 8.09131e-08 1.91039e-07
0.933333 -1.36689e-07 1.68307e-07 3.96988e-07
0.9375 -2.81913e-07 3.43962e-07 8.10424e-07
0.941667 -5.71198e-07 6.90548e-07 1.62508e-06
0.945833 -1.13683e-06 1.36175e-06 3.20044e-06
0.95 -2.2222e-06 2.63732e-06 6.18947e-06
0.954167 -4.26565e-06 5.01563e-06 1.17527e-05
0.958333 -8.03954e-06 9.36506e-06 2.19071e-05
0.9625 -1.48745e-05 1.71649e-05 4.00785e-05
0.966667 -2.70107e-05 3.08765e-05 7.19496e-05
0.970833 -4.81297e-05 5.44974e-05 0.000126716
0.975 -8.41344e-05 9.4358e-05 0.000218884
0.979167 -0.000144245 0.000160221 0.000370721
0.983333 -0.000242477 0.000266727 0.000615457
0.9875 -0.000399523 0.000435193 0.00100119
0.991667 -0.000644998 0.000695669 0.00159525
0.995833 -0.00101988 0.00108907 0.00248861
1 -0.00157878 0.00166893 0.00379916
1.00417 -0.00239143 0.00250228 0.00567264
1.00833 -0.00354255 0.00366856 0.00827916
1.0125 -0.00512888 0.00525577 0.0118029
1.01667 -0.00725208 0.00735252 0.0164226
1.02083 -0.0100063 0.0100352 0.0222818
1.025 -0.01346 0.0133497 0.0294473
1.02917 -0.017631 0.0172889 0.0378591
1.03333 -0.0224589 0.0217678 0.047278
1.0375 -0.0277763 0.0265998 0.0572394
1.04167 -0.0332862 0.0314813 0.067027
1.04583 -0.0385524 0.0359907 0.0756828
1.05 -0.0430124 0.0396078 0.0820644
1.05417 -0.0460185 0.04176 0.0849599
1.05833 -0.0469089 0.0418935 0.0832553
1.0625 -0.0451078 0.0395657 0.0761372
1.06667 -0.0402383 0.0345419 0.063296
1.07083 -0.0322301 0.0268797 0.0450851
1.075 -0.0213946 0.0169759 0.0225849
1.07917 -0.00844066 0.00555638 -0.00246491
1.08333 0.00558509 -0.00640214 -0.0278802
1.0875 0.0194378 -0.0178128 -0.0513684
1.09167 0.0318729 -0.02766 -0.0709235
1.09583 0.0418636 -0.0351801 -0.0851863
1.1 0.0487854 -0.039998 -0.0936716
1.10417 0.0525138 -0.0421776 -0.0967899
1.10833 0.0534042 -0.0421691 -0.0956504
1.1125 0.0521556 -0.0406669 -0.0917021
1.11667 0.0496001 -0.0384222 -0.0863352
1.12083 0.04649 -0.0360759 -0.0805904
1.125 0.0433618 -0.0340715 -0.0750913
1.12917 0.0405318 -0.0326814 -0.0702287
1.13333 0.0382223 -0.0321287 -0.0665122
1.1375 0.0367583 -0.0327412 -0.064903
1.14167 0.0367265 -0.0350444 -0.0669165
1.14583 0.0389847 -0.0397136 -0.0743444
1.15 0.0444584 -0.0473556 -0.0886049
1.15417 0.0537531 -0.0581718 -0.109909
1.15833 0.0667059 -0.0716203 -0.136569
1.1625 0.0820624 -0.0862301 -0.164793
1.16667 0.0974508 -0.099683 -0.189149
1.17083 0.109729 -0.109189 -0.203661
1.175 0.115639 -0.112066 -0.203196
1.17917 0.112573 -0.106341 -0.184696
1.18333 0.0991836 -0.0911828 -0.147812
1.1875 0.0756424 -0.0670248 -0.0947611
1.19167 0.0434771 -0.0353751 -0.0295536
1.19583 0.00510048 0.00156435 0.0430292
1.2 -0.0367363 0.041293 0.118232
1.20417 -0.0793322 0.0812638 0.191621
1.20833 -0.120148 0.118949 0.258912
1.2125 -0.156695 0.151799 0.315644
1.21667 -0.186397 0.177246 0.357113
1.22083 -0.206629 0.192884 0.378831
1.225 -0.21504 0.196837 0.377434
1.22917 -0.210082 0.188207 0.351685
1.23333 -0.191519 0.167413 0.303116
1.2375 -0.160693 0.136256 0.235998
1.24167 -0.120395 0.0976715 0.156656
1.24583 -0.0744152 0.055256 0.0724306
1.25 -0.0269373 0.0127453 -0.00934063
1.25417 0.0180034 -0.0264128 -0.0820772
1.25833 0.0569024 -0.0593305 -0.140437
1.2625 0.0870206 -0.0838426 -0.180676
1.26667 0.106562 -0.0986342 -0.200994
1.27083 0.114842 -0.103362 -0.201798
1.275 0.112404 -0.0987236 -0.185664
1.27917 0.100946 -0.086378 -0.156838
1.28333 0.0830112 -0.0686838 -0.120334
1.2875 0.0614787 -0.0482968 -0.0809793
1.29167 0.0390564 -0.0277659 -0.0428129
1.29583 0.0179764 -0.00924954 -0.00899569
1.3 -4.56087e-05 0.00561589 0.0179598
1.30417 -0.0137165 0.0157721 0.0360973
1.30833 -0.0221594 0.02082 0.0443744
1.3125 -0.0251188 0.0211392 0.0433294
1.31667 -0.0232588 0.0179243 0.0354782
1.32083 -0.0182425 0.0129646 0.024829
1.325 -0.0123282 0.00810654 0.0154194
1.32917 -0.00752066 0.0045687 0.00953469
1.33333 -0.0046941 0.00247255 0.00671092
1.3375 -0.00325269 0.000920879 0.00431935
1.34167 -0.00164946 -0.00132823 -0.000437956
1.34583 0.00145871 -0.00493435 -0.00830674
1.35 0.00612024 -0.00936227 -0.0170312
1.35417 0.0108117 -0.013019 -0.0224528
1.35833 0.0132458 -0.0141263 -0.0210841
1.3625 0.0118121 -0.0118265 -0.0125178
1.36667 0.00672907 -0.00682826 -4.34241e-05
1.37083 0.00012082 -0.0011609 0.0110105
1.375 -0.00507459 0.00283536 0.016173
1.37917 -0.00668712 0.00367345 0.0141143
1.38333 -0.00438951 0.00135116 0.00693394
1.3875 0.000362342 -0.00286153 -0.0015214
1.39167 0.0053672 -0.00723841 -0.00798114
1.39583 0.0089128 -0.0104366 -0.0111259
1.4 0.0104014 -0.0118747 -0.0113427
1.40417 0.0101171 -0.0115806 -0.00949935
1.40833 0.00855718 -0.009827 -0.0060247
1.4125 0.00600147 -0.00693981 -0.00108703
1.41667 0.00265624 -0.00338865 0.00449607
1.42083 -0.000898319 7.37441e-05 0.00876566
1.425 -0.00355859 0.00254556 0.00938715
1.42917 -0.00419697 0.00344928 0.00534312
1.43333 -0.00253217 0.00303033 -0.00179835
1.4375 0.000360714 0.00241838 -0.0083131
1.44167 0.00247305 0.00304922 -0.0104871
1.44583 0.00208895 0.00574499 -0.00711345
1.45 -0.00101043 0.0100874 -0.000460326
1.45417 -0.00528697 0.014587 0.00514178
1.45833 -0.00841273 0.0176043 0.00619252
1.4625 -0.00883169 0.0184187 0.00234132
1.46667 -0.00680628 0.0176978 -0.00353236
1.47083 -0.00419348 0.0170377 -0.00748884
1.475 -0.00312875 0.0179044 -0.00730051
1.47917 -0.0045947 0.0207269 -0.00379145
1.48333 -0.00790258 0.0247538 0.000130845
1.4875 -0.0113911 0.0286958 0.00185355
1.49167 -0.0137242 0.0316074 0.000946288
1.49583 -0.0147619 0.0333341 -0.000832752
1.5 -0.0153835 0.0342427 -0.00124915
1.50417 -0.0164996 0.0345424 0.000475256
1.50833 -0.0181192 0.0338083 0.00308712
1.5125 -0.0192387 0.0311277 0.00447954
1.51667 -0.0186194 0.0257531 0.00356986
1.52083 -0.0157841 0.0177266 0.00127605
1.525 -0.0113978 0.00795734 -0.00023952
1.52917 -0.00671747 -0.00232137 0.000553788
1.53333 -0.00256594 -0.0122834 0.00311902
1.5375 0.0013104 -0.0218377 0.0050992
1.54167 0.00593963 -0.0312866 0.0041483
1.54583 0.012085 -0.0405956 -6.68758e-05
1.55 0.0193012 -0.0488988 -0.00533205
1.55417 0.0258938 -0.0547068 -0.00836926
1.55833 0.0299085 -0.0567392 -0.00729534
1.5625 0.0304492 -0.0547878 -0.0031558
1.56667 0.0283143 -0.0499434 0.000753293
1.57083 0.0254115 -0.0439679 0.00137819
1.575 0.023351 -0.0382467 -0.0016622
1.57917 0.022285 -0.0330884 -0.00565653
1.58333 0.0209198 -0.0278924 -0.00684491
1.5875 0.0177295 -0.0220329 -0.00341913
1.59167 0.012428 -0.0157349 0.00289154
1.59583 0.00649525 -0.0102051 0.00800551
1.6 0.00225928 -0.00686675 0.00861798
1.60417 0.00119445 -0.0062789 0.00482157
1.60833 0.00277717 -0.00761342 7.4848e-05
1.6125 0.00485264 -0.00915471 -0.00153403
1.61667 0.00527565 -0.00947754 0.00143587
1.62083 0.00354004 -0.00839446 0.00662444
1.625 0.00108483 -0.00691795 0.0098041
1.62917 1.86604e-05 -0.00625408 0.00832839
1.63333 0.00129453 -0.00662502 0.00326035
1.6375 0.00382377 -0.0068691 -0.00155976
1.64167 0.00524856 -0.00515408 -0.00269711
1.64583 0.00372993 -0.000252476 0.000113105
1.65 -0.0007096 0.00761162 0.00388791
1.65417 -0.00634491 0.0169703 0.0049814
1.65833 -0.0111974 0.0261411 0.0020943
1.6625 -0.0145156 0.0342073 -0.00279518
1.66667 -0.0170732 0.0411828 -0.00624043
1.67083 -0.020127 0.04733 -0.00622453
1.675 -0.0240154 0.0523233 -0.00368551
1.67917 -0.0276272 0.0550473 -0.00149952
1.68333 -0.0291741 0.054231 -0.00193929
1.6875 -0.0275734 0.0493724 -0.00481516
1.69167 -0.0232685 0.0411605 -0.00777823
1.69583 -0.0178381 0.0310479 -0.00837284
1.7 -0.012779 0.0203541 -0.00602921
1.70417 -0.00849327 0.00965147 -0.00239075
1.70833 -0.00427218 -0.0011064 0.000143338
1.7125 0.000798256 -0.011914 0.000339865
1.71667 0.00682153 -0.0221414 -0.00104487
1.72083 0.0128009 -0.0305638 -0.00208271
1.725 0.0172654 -0.0359523 -0.00133355
1.72917 0.0192615 -0.037735 0.00103163
1.73333 0.0189187 -0.0362389 0.00347567
1.7375 0.0171992 -0.0324031 0.00440277
1.74167 0.0151128 -0.027251 0.00342379
1.74583 0.0130559 -0.0215062 0.00159007
1.75 0.0107655 -0.0155398 0.000474345
1.75417 0.0078354 -0.009564 0.00088602
1.75833 0.00429938 -0.00384668 0.00225936
1.7625 0.000772146 0.00123865 0.00318267
1.76667 -0.00195751 0.00536945 0.00261132
1.77083 -0.00353003 0.00851377 0.000761449
1.775 -0.0043072 0.0110322 -0.00105363
1.77917 -0.00509997 0.0134768 -0.00151478
1.78333 -0.00652865 0.0161523 -0.000411583
1.7875 -0.00850863 0.018765 0.00116759
1.79167 -0.0102745 0.0205137 0.00176338
1.79583 -0.0109491 0.0206421 0.000827272
1.8 -0.0102272 0.0190269 -0.000760359
1.80417 -0.00861508 0.0162668 -0.00144626
1.80833 -0.00699974 0.0131588 -0.000424416
1.8125 -0.00588472 0.0100434 0.00155456
1.81667 -0.00496539 0.00665016 0.00279496
1.82083 -0.00346201 0.00257511 0.00220867
1.825 -0.000940131 -0.00212424 0.000369997
1.82917 0.00215774 -0.00683522 -0.000998378
1.83333 0.00482411 -0.0108617 -0.000696728
1.8375 0.00638072 -0.0139252 0.000739406
1.84167 0.00707017 -0.0161754 0.00154725
1.84583 0.00771707 -0.0177694 0.000529384
1.85 0.00878126 -0.0185551 -0.00167225
1.85417 0.00979965 -0.018223 -0.00317767
1.85833 0.00984565 -0.0167217 -0.00278224
1.8625 0.00854814 -0.0144256 -0.0011952
1.86667 0.00656402 -0.0118454 -0.000266686
1.87083 0.00494942 -0.00920132 -0.000998797
1.875 0.00408156 -0.00632859 -0.00247949
1.87917 0.00331392 -0.00299715 -0.00290677
1.88333 0.00176109 0.000709647 -0.0015776
1.8875 -0.000648033 0.00432894 0.000359354
1.89167 -0.00301321 0.00727617 0.00119921
1.89583 -0.0043573 0.00916822 0.000531913
1.9 -0.00456911 0.0100111 -0.000425042
1.90417 -0.00439961 0.0102054 -0.000299039
1.90833 -0.00461278 0.0103361 0.000910217
1.9125 -0.00526201 0.0107458 0.00193745
1.91667 -0.0057824 0.0111588 0.0017306
1.92083 -0.00564575 0.0108168 0.000565066
1.925 -0.00483637 0.00918282 -0.000353325
1.92917 -0.00375465 0.00654062 -0.000209555
1.93333 -0.00276951 0.0037539 0.000627849
1.9375 -0.00189229 0.00140231 0.0010761
1.94167 -0.000856762 -0.000663403 0.000499563
1.94583 0.000490358 -0.00282589 -0.000613502
1.95 0.00189658 -0.00500822 -0.00113865
1.95417 0.00288012 -0.00675731 -0.000518656
1.95833 0.00325575 -0.0079111 0.000566331
1.9625 0.00339914 -0.00880804 0.000889717
1.96667 0.00384521 -0.00972757 7.87664e-05
1.97083 0.00463187 -0.0104203 -0.000889584
1.975 0.00519684 -0.0104176 -0.000783285
1.97917 0.00499135 -0.00964007 0.000437814
1.98333 0.00408896 -0.00845982 0.00155484
1.9875 0.00309692 -0.00722246 0.00146654
1.99167 0.00251212 -0.00586877 0.000373501
1.99583 0.00220381 -0.00398163 -0.000499452
2 0.0014886 -0.00114952 -0.000197949
2.00417 -0.000228321 0.00249744 0.000995412
2.00833 -0.00269551 0.00595501 0.00176044
2.0125 -0.0047117 0.00788944 0.000981245
2.01667 -0.00513923 0.0079386 -0.000945644
2.02083 -0.00421707 0.00725086 -0.00217814
2.025 -0.0034814 0.0072048 -0.00135524
2.02917 -0.00397433 0.00777408 0.000510713
2.03333 -0.00488061 0.007857 0.000893758
2.0375 -0.00460786 0.00708593 -0.00104611
2.04167 -0.00301827 0.00623126 -0.00302676
2.04583 -0.00162397 0.00555471 -0.00242211
2.05 -0.00136927 0.00405438 0.000163913
2.05417 -0.00128002 0.00122501 0.0015982
2.05833 -1.86515e-05 -0.00155586 0.000407806
2.0625 0.00207186 -0.00276093 -0.00142624
2.06667 0.00352012 -0.00302782 -0.00142274
2.07083 0.00379171 -0.00404621 0.000238231
2.075 0.00361596 -0.00562961 0.00160104
2.07917 0.00352452 -0.00599238 0.0016908
2.08333 0.00337235 -0.00494698 0.000952064
2.0875 0.00327871 -0.00439579 -7.5715e-05
2.09167 0.00359396 -0.00493168 -0.000859875
2.09583 0.00368436 -0.00451285 -0.000421492
2.1 0.00235819 -0.00206116 0.00129409
2.10417 0.000130157 6.82574e-05 0.00215597
2.10833 -0.000681393 -0.000368549 0.000277829
2.1125 0.00070129 -0.00149976 -0.00249668
2.11667 0.00177492 -5.8427e-05 -0.00234676
2.12083 0.000178123 0.00323786 0.000819235
2.125 -0.00257452 0.00480233 0.00258102
2.12917 -0.00323175 0.00410081 0.000387797
2.13333 -0.001754 0.00415942 -0.00246461
2.1375 -0.00111783 0.00574574 -0.00183973
2.14167 -0.0023397 0.00574411 0.000989722
2.14583 -0.00305864 0.00305688 0.0017518
2.15 -0.00190081 0.00142777 -1.13007e-05
2.15417 -0.000886583 0.00323842 -0.000932951
2.15833 -0.0016653 0.00472884 8.10265e-05
2.1625 -0.00238981 0.00187702 0.000493075
2.16667 -0.00103536 -0.00239335 -0.000622556
2.17083 0.000672223 -0.002607 -0.000736555
2.175 8.94346e-05 -0.000115049 0.001045
2.17917 -0.00137727 -0.00127031 0.00154124
2.18333 -0.000236552 -0.0066736 -0.00102429
2.1875 0.00296201 -0.00959809 -0.00306326
2.19167 0.0039718 -0.00681175 -0.00103923
2.19583 0.0016914 -0.00379292 0.00226306
2.2 0.000108969 -0.00539377 0.0016956
2.20417 0.00179098 -0.00765675 -0.00194771
2.20833 0.00365986 -0.00466215 -0.00300248
2.2125 0.00212192 0.00123409 0.000139964
2.21667 -0.00103874 0.00314118 0.00272142
2.22083 -0.00171002 0.000915267 0.0013482
2.225 -6.86089e-05 0.00089945 -0.00107755
2.22917 0.000229097 0.00488545 -0.000685857
2.23333 -0.00160203 0.00721678 0.00129964
2.2375 -0.00250411 0.0046917 0.00143124
2.24167 -0.00118399 0.00207892 1.12218e-05
2.24583 -0.000309409 0.00383235 -4.55123e-05
2.25 -0.00161304 0.00629992 0.00125025
2.25417 -0.00262555 0.00390097 0.00101912
2.25833 -0.00089771 -0.00106201 -0.00105817
2.2625 0.00144044 -0.00171517 -0.0016627
2.26667 0.000811686 0.00210435 0.000611177
2.27083 -0.00184902 0.00336096 0.00237823
2.275 -0.00226104 -0.00071832 0.000594129
2.27917 0.000415393 -0.00397747 -0.00226665
2.28333 0.00207029 -0.0013233 -0.00167747
2.2875 7.47344e-05 0.0028998 0.00182115
2.29167 -0.00253181 0.00202632 0.00317148
2.29583 -0.00187652 -0.00196608 0.000546685
2.3 0.000625785 -0.00193001 -0.00182126
2.30417 0.000777918 0.00215891 -0.000340967
2.30833 -0.00140448 0.00284973 0.00238111
2.3125 -0.00180736 -0.00211177 0.00203874
2.31667 0.000723675 -0.00538816 -0.000373875
2.32083 0.00231099 -0.00198108 -0.000672573
2.325 0.000620047 0.00226536 0.00118402
2.32917 -0.00109502 0.000300551 0.00131721
2.33333 0.000409992 -0.00432611 -0.000838471
2.3375 0.00267042 -0.00360223 -0.00138041
2.34167 0.00174907 0.0012857 0.000799038
2.34583 -0.000795922 0.00223801 0.00147702
2.35 -0.000512657 -0.00162771 -0.00150051
2.35417 0.00209534 -0.00270094 -0.00381302
2.35833 0.00229409 0.00145257 -0.0017143
2.3625 -0.000601737 0.00367388 0.0013094
2.36667 -0.00184675 -0.000197365 0.000139346
2.37083 0.00068282 -0.00402912 -0.00345909
2.375 0.00295255 -0.00211887 -0.00392386
2.37917 0.00169444 0.00120024 -0.00100463
2.38333 -0.000418903 -0.000341642 0.000570133
2.3875 0.000107878 -0.00408443 -0.000725688
2.39167 0.00179127 -0.00370595 -0.00166162
2.39583 0.00150394 -0.000224004 -0.000658062
2.4 -1.16688e-05 0.000823205 0.000218417
2.40417 -0.000331917 -0.000323391 0.000193346
2.40833 -0.000216234 0.00109463 0.00112338
2.4125 -0.00171551 0.00473824 0.00284228
2.41667 -0.00351131 0.00537219 0.00248579
2.42083 -0.00280187 0.00221727 2.45965e-05
2.425 -0.000505847 0.000225639 -0.000620524
2.42917 -3.51303e-05 0.00148267 0.00187528
2.43333 -0.00159163 0.00248068 0.00340653
2.4375 -0.00207182 0.00112044 0.000983266
2.44167 -0.000469807 -0.000183962 -0.00223285
2.44583 0.000854127 -9.42964e-05 -0.00200089
2.45 0.000650007 -0.000884077 0.00044863
2.45417 0.000527443 -0.00316237 0.00103367
2.45833 0.00138651 -0.00381146 -0.000610756
2.4625 0.00180921 -0.00194154 -0.00156901
2.46667 0.00127452 -0.00140755 -0.00102086
2.47083 0.00147684 -0.00389075 -0.000692484
2.475 0.00271483 -0.00475664 -0.000669819
2.47917 0.00236329 -0.000514576 0.000653735
2.48333 -0.000604353 0.00425673 0.00229425
2.4875 -0.00272373 0.00353523 0.00113978
2.49167 -0.00107215 -0.000129594 -0.00203886
2.49583 0.00141591 0.000274966 -0.00207654
2.5 0.000164879 0.00400882 0.00228644
2.50417 -0.00316579 0.00340267 0.00464719
2.50833 -0.00268457 -0.0025129 0.00030755
2.5125 0.00189329 -0.00500281 -0.00504831
2.51667 0.00386591 1.10536e-05 -0.00312738
2.52083 0.00010424 0.00424934 0.00345653
2.525 -0.00351491 0.000621013 0.00450203
2.52917 -0.00151799 -0.00433882 -0.00156503
2.53333 0.00225543 -0.00154934 -0.00511307
2.5375 0.00144352 0.00433154 -0.00107416
2.54167 -0.00199564 0.00261541 0.00334079
2.54583 -0.00174574 -0.00419574 0.00152612
2.55 0.0014262 -0.0041408 -0.00201893
2.55417 0.00145379 0.00294482 -0.00112609
2.55833 -0.00150498 0.00467735 0.00118329
2.5625 -0.00141563 -0.0017002 -5.69777e-05
2.56667 0.00180428 -0.00393739 -0.00160816
2.57083 0.00147281 0.00314619 0.00103004
2.575 -0.00311074 0.00756548 0.00343184
2.57917 -0.00404568 0.00103425 -0.000129492
2.58333 0.00136625 -0.00610704 -0.00466846
2.5875 0.00486243 -0.00272651 -0.00192218
2.59167 0.000862962 0.00419369 0.0045844
2.59583 -0.00391075 0.0025889 0.00441765
2.6 -0.00174038 -0.00388885 -0.00236401
2.60417 0.00345105 -0.00355296 -0.00524856
2.60833 0.00325328 0.00276682 -0.000261224
2.6125 -0.00162337 0.00445517 0.00471104
2.61667 -0.00370243 -0.00028842 0.00300275
2.62083 -0.000837638 -0.00303548 -0.00207432
2.625 0.00208648 -0.000327503 -0.00398291
2.62917 0.00163326 0.00209985 -0.00142728
2.63333 -0.000448829 0.000259531 0.00212377
2.6375 -0.00129057 -0.00257612 0.00290188
2.64167 -0.000317729 -0.00236101 3.33081e-05
2.64583 0.00113232 0.000190894 -0.00313765
2.65 0.00135235 0.00160109 -0.002245
2.65417 7.63135e-05 -0.000106975 0.00183425
2.65833 -0.000801452 -0.00311359 0.00339563
2.6625 0.00012333 -0.00327666 0.000423638
2.66667 0.00123936 0.000238481 -0.00239261
2.67083 0.000657103 0.00242157 -0.00151407
2.675 -0.000250879 -0.000285789 0.000549547
2.67917 0.000331505 -0.00311554 0.000963001
2.68333 0.000667261 -0.000226321 0.000807923
2.6875 -0.00109887 0.00448847 0.000781162
2.69167 -0.0022906 0.00315534 -0.000684877
2.69583 -8.57844e-05 -0.00219328 -0.00243333
2.7 0.00234839 -0.00257594 -0.00080192
2.70417 0.000587931 0.00249108 0.00288509
2.70833 -0.00287661 0.0043974 0.00268091
2.7125 -0.00233446 0.000368669 -0.0018727
2.71667 0.00144883 -0.00268735 -0.00400105
2.72083 0.00260177 -0.000627926 -0.000552063
2.725 -0.000193401 0.00214921 0.00322444
2.72917 -0.00239602 0.00143688 0.0024097
2.73333 -0.00125989 -0.000949276 -0.00104544
2.7375 0.00113266 -0.00196846 -0.00281401
2.74167 0.00206587 -0.00139902 -0.00152708
2.74583 0.00100564 -0.000192548 0.00147888
2.75 -0.000984379 0.000590633 0.00325143
2.75417 -0.00181402 -4.50427e-05 0.00100278
2.75833 -0.000157872 -0.000947994 -0.00327746
2.7625 0.00182249 0.000215768 -0.00337194
2.76667 0.000805261 0.00210877 0.00176133
2.77083 -0.00195412 0.0010207 0.00469977
2.775 -0.00201348 -0.00179291 0.000920396
2.77917 0.000710257 -0.00140874 -0.00354231
2.78333 0.00182516 0.00126278 -0.00221201
2.7875 0.000301098 0.000566504 0.00163944
2.79167 -0.000440423 -0.00257705 0.00208466
2.79583 0.000363786 -0.00155447 0.000221868
2.8 2.21669e-05 0.00281774 -0.000441349
2.80417 -0.00109292 0.00262728 -0.000762741
2.80833 2.99683e-06 -0.0023214 -0.00156921
2.8125 0.00201154 -0.00348457 -0.000254785
2.81667 0.000945294 0.00086971 0.00264546
2.82083 -0.00181976 0.00289086 0.00194039
2.825 -0.00137282 -7.69091e-05 -0.00242967
2.82917 0.00157799 -0.00162565 -0.00344202
2.83333 0.0018106 0.000798933 0.000932287
2.8375 -0.000997245 0.00215454 0.0037023
2.84167 -0.00218725 0.000566275 0.000895751
2.84583 -0.000518839 -0.000185414 -0.00245438
2.85 0.000903193 0.00052035 -0.00193021
2.85417 0.00081204 -0.000195445 0.000260877
2.85833 0.000351039 -0.00127405 0.00147743
2.8625 -0.000455923 -5.38418e-05 0.00193094
2.86667 -0.00135129 0.000869734 0.000872416
2.87083 -0.00028781 -0.00131577 -0.00200417
2.875 0.00218494 -0.00260768 -0.00253848
2.87917 0.00183215 0.00043917 0.00183992
2.88333 -0.00179908 0.00290707 0.0052598
2.8875 -0.00312601 0.000413608 0.00200386
2.89167 9.93878e-05 -0.00215952 -0.00275096
2.89583 0.00251778 -7.92504e-05 -0.00106001
2.9 0.000563968 0.00215169 0.00433167
2.90417 -0.00174862 0.000179886 0.00545065
2.90833 -0.000791618 -0.00154607 0.00253385
2.9125 0.000881629 0.000780873 0.00146675
2.91667 0.000755374 0.00247844 0.00314971
2.92083 0.000653834 3.19016e-05 0.00485911
2.925 0.00153714 -0.00186985 0.0066618
2.92917 0.00147385 -5.46159e-05 0.00868167
2.93333 0.000977033 0.000987438 0.00835245
2.9375 0.00289506 -0.00136843 0.00652945
2.94167 0.0059984 -0.00285642 0.00862542
2.94583 0.00634171 -0.00148494 0.0147346
2.95 0.00498307 -0.00118034 0.0177322
2.95417 0.00646492 -0.00307913 0.0154626
2.95833 0.0104107 -0.00355233 0.0147335
2.9625 0.0125357 -0.00249992 0.019287
2.96667 0.0126013 -0.00342351 0.0241977
2.97083 0.0137417 -0.00536234 0.0256534
2.975 0.0159383 -0.00484262 0.0261656
2.97917 0.0172489 -0.00401205 0.0275243
2.98333 0.0186542 -0.00668053 0.0281925
2.9875 0.0211698 -0.00957135 0.0288554
2.99167 0.0219456 -0.00777473 0.0313221
2.99583 0.0193002 -0.00453002 0.0323865
