0 0 0 0
0.00416667 0 0 0
0.00833333 0 0 0
0.0125 0 0 0
0.0166667 0 0 0
0.0208333 0 0 0
0.025 0 0 0
0.0291667 0 0 0
0.0333333 0 0 0
0.0375 0 0 0
0.0416667 0 0 0
0.0458333 0 0 0
0.05 0 0 0
0.0541667 0 0 0
0.0583333 0 0 0
0.0625 0 0 0
0.0666667 0 0 0
0.0708333 0 0 0
0.075 0 0 0
0.0791667 0 0 0
0.0833333 0 0 0
0.0875 0 0 0
0.0916667 0 0 0
0.0958333 0 0 0
0.1 0 0 0
0.104167 0 0 0
0.108333 0 0 0
0.1125 0 0 0
0.116667 0 0 0
0.120833 0 0 0
0.125 0 0 0
0.129167 0 0 0
0.133333 0 0 0
0.1375 0 0 0
0.141667 0 0 0
0.145833 0 0 0
0.15 0 0 0
0.154167 0 0 0
0.158333 0 0 0
0.1625 0 0 0
0.166667 0 0 0
0.170833 0 0 0
0.175 0 0 0
0.179167 0 0 0
0.183333 0 0 0
0.1875 0 0 0
0.191667 -2.94463e-321 4.49254e-320 6.03748e-320
0.195833 -1.03784e-316 1.48628e-315 1.99843e-315
0.2 -2.78814e-312 3.90721e-311 5.25317e-311
0.204167 -6.01419e-308 8.25099e-307 1.10924e-306
0.208333 -1.0509e-303 1.41206e-302 1.89819e-302
0.2125 -1.49996e-299 1.97473e-298 2.65437e-298
0.216667 -1.7625e-295 2.27439e-294 3.05694e-294
0.220833 -1.71756e-291 2.17329e-290 2.92085e-290
0.225 -1.3978e-287 1.73491e-286 2.33152e-286
0.229167 -9.56269e-284 1.16464e-282 1.56504e-282
0.233333 -5.53368e-280 6.6153e-279 8.88903e-279
0.2375 -2.72456e-276 3.19812e-275 4.29707e-275
0.241667 -1.14774e-272 1.32324e-271 1.77783e-271
0.245833 -4.15855e-269 4.71049e-268 6.32837e-268
0.25 -1.30248e-265 1.44993e-264 1.94781e-264
0.254167 -3.54314e-262 3.87739e-261 5.20855e-261
0.258333 -8.40934e-259 9.04906e-258 1.21551e-257
0.2625 -1.74887e-255 1.85098e-254 2.48619e-254
0.266667 -3.20001e-252 3.33202e-251 4.47527e-251
0.270833 -5.17176e-249 5.29924e-248 7.11713e-248
0.275 -7.4103e-246 7.47362e-245 1.0037e-244
0.279167 -9.44679e-243 9.37991e-242 1.25966e-241
0.283333 -1.07512e-239 1.0512e-238 1.41163e-238
0.2875 -1.09588e-236 1.05536e-235 1.41716e-235
0.291667 -1.00356e-233 9.52094e-233 1.27845e-232
0.295833 -8.28121e-231 7.7413e-230 1.03945e-229
0.3 -6.17508e-228 5.68895e-227 7.63849e-227
0.304167 -4.17228e-225 3.78892e-224 5.08718e-224
0.308333 -2.56106e-222 2.29294e-221 3.07852e-221
0.3125 -1.43175e-219 1.264e-218 1.69702e-218
0.316667 -7.30733e-217 6.36247e-216 8.54189e-216
0.320833 -3.4127e-214 2.93105e-213 3.93497e-213
0.325 -1.46166e-211 1.23851e-210 1.66269e-210
0.329167 -5.75349e-209 4.81043e-208 6.45783e-208
0.333333 -2.08565e-206 1.72091e-205 2.31023e-205
0.3375 -6.97643e-204 5.68175e-203 7.62733e-203
0.341667 -2.15741e-201 1.7345e-200 2.32842e-200
0.345833 -6.17918e-199 4.90492e-198 6.58435e-198
0.35 -1.64209e-196 1.28711e-195 1.7278e-195
0.354167 -4.05571e-194 3.13951e-193 4.21442e-193
0.358333 -9.32509e-192 7.12987e-191 9.57099e-191
0.3625 -1.99913e-189 1.50994e-188 2.02691e-188
0.366667 -4.00218e-187 2.98648e-186 4.00899e-186
0.370833 -7.49301e-185 5.5248e-184 7.41641e-184
0.375 -1.31383e-182 9.57304e-182 1.28508e-181
0.379167 -2.16046e-180 1.55581e-179 2.08852e-179
0.383333 -3.3362e-178 2.37471e-177 3.18786e-177
0.3875 -4.84413e-176 3.40857e-175 4.57578e-175
0.391667 -6.62183e-174 4.60658e-173 6.18413e-173
0.395833 -8.53223e-172 5.86886e-171 7.87881e-171
0.4 -1.03747e-169 7.05669e-169 9.47364e-169
0.404167 -1.19181e-167 8.01699e-167 1.07631e-166
0.408333 -1.29488e-165 8.61506e-165 1.15663e-164
0.4125 -1.33202e-163 8.76598e-163 1.17692e-162
0.416667 -1.29864e-161 8.45443e-161 1.13512e-160
0.420833 -1.20116e-159 7.73644e-159 1.03875e-158
0.425 -1.05503e-157 6.72342e-157 9.02765e-157
0.429167 -8.80831e-156 5.5544e-155 7.45824e-155
0.433333 -6.99638e-154 4.36593e-153 5.86262e-153
0.4375 -5.29168e-152 3.26807e-151 4.38858e-151
0.441667 -3.81439e-150 2.3316e-149 3.13115e-149
0.445833 -2.62259e-148 1.58681e-147 2.13105e-147
0.45 -1.72132e-146 1.03099e-145 1.38466e-145
0.454167 -1.07934e-144 6.40004e-144 8.59591e-144
0.458333 -6.47071e-143 3.79877e-142 5.10239e-142
0.4625 -3.71166e-141 2.15753e-140 2.89807e-140
0.466667 -2.03854e-139 1.17337e-138 1.57621e-138
0.470833 -1.07278e-137 6.11486e-137 8.21463e-137
0.475 -5.41303e-136 3.05566e-135 4.10517e-135
0.479167 -2.62058e-134 1.46514e-133 1.96848e-133
0.483333 -1.21804e-132 6.74511e-132 9.06296e-132
0.4875 -5.43885e-131 2.98339e-130 4.00884e-130
0.491667 -2.33454e-129 1.26855e-128 1.70469e-128
0.495833 -9.63839e-128 5.18845e-127 6.97279e-127
0.5 -3.82974e-126 2.04248e-125 2.74509e-125
0.504167 -1.46535e-124 7.74301e-124 1.04074e-123
0.508333 -5.4021e-123 2.82837e-122 3.80191e-122
0.5125 -1.91984e-121 9.96024e-121 1.33897e-120
0.516667 -6.58082e-120 3.38328e-119 4.54855e-119
0.520833 -2.17684e-118 1.10908e-117 1.4912e-117
0.525 -6.95224e-117 3.51044e-116 4.72031e-116
0.529167 -2.14479e-115 1.07336e-114 1.44342e-114
0.533333 -6.3946e-114 3.17189e-113 4.26584e-113
0.5375 -1.84337e-112 9.06326e-112 1.21902e-111
0.541667 -5.14016e-111 2.50517e-110 3.36981e-110
0.545833 -1.38708e-109 6.70148e-109 9.0153e-109
0.55 -3.62385e-108 1.73568e-107 2.33519e-107
0.554167 -9.16999e-107 4.35429e-106 5.85888e-106
0.558333 -2.24841e-105 1.0585e-104 1.42441e-104
0.5625 -5.34395e-104 2.49441e-103 3.35703e-103
0.566667 -1.23169e-102 5.7005e-102 7.6727e-102
0.570833 -2.75398e-101 1.26385e-100 1.70129e-100
0.575 -5.97585e-100 2.71942e-99 3.66108e-99
0.579167 -1.25886e-98 5.68087e-98 7.64886e-98
0.583333 -2.57544e-97 1.15256e-96 1.55202e-96
0.5875 -5.11883e-96 2.27184e-95 3.05958e-95
0.591667 -9.88745e-95 4.35212e-94 5.86191e-94
0.595833 -1.85668e-93 8.10549e-93 1.09187e-92
0.6 -3.39056e-92 1.4681e-91 1.97789e-91
0.604167 -6.02316e-91 2.58681e-90 3.48551e-90
0.608333 -1.0412e-89 4.4355e-89 5.97727e-89
0.6125 -1.75197e-88 7.40327e-88 9.97794e-88
0.616667 -2.87037e-87 1.20319e-86 1.62185e-86
0.620833 -4.58027e-86 1.90459e-85 2.56766e-85
0.625 -7.12051e-85 2.93731e-84 3.96046e-84
0.629167 -1.07875e-83 4.41466e-83 5.95327e-83
0.633333 -1.59306e-82 6.46792e-82 8.72339e-82
0.6375 -2.29387e-81 9.23988e-81 1.24638e-80
0.641667 -3.22136e-80 1.28741e-79 1.73686e-79
0.645833 -4.41323e-79 1.74994e-78 2.36122e-78
0.65 -5.89967e-78 2.32111e-77 3.13239e-77
0.654167 -7.69767e-77 3.00498e-76 4.05592e-76
0.658333 -9.80519e-76 3.79807e-75 5.12718e-75
0.6625 -1.2196e-74 4.68771e-74 6.32916e-74
0.666667 -1.48166e-73 5.65113e-73 7.63115e-73
0.670833 -1.75849e-72 6.65553e-72 8.98894e-72
0.675 -2.03934e-71 7.65947e-71 1.03466e-70
0.679167 -2.31148e-70 8.6154e-70 1.16398e-69
0.683333 -2.56115e-69 9.47337e-69 1.28011e-68
0.6875 -2.77466e-68 1.01853e-67 1.37655e-67
0.691667 -2.93972e-67 1.07096e-66 1.44766e-66
0.695833 -3.04653e-66 1.1015e-65 1.4892e-65
0.7 -3.08884e-65 1.10839e-64 1.49879e-64
0.704167 -3.06446e-64 1.09139e-63 1.47606e-63
0.708333 -2.97553e-63 1.05178e-62 1.42275e-62
0.7125 -2.82815e-62 9.92216e-62 1.34242e-61
0.716667 -2.63177e-61 9.16433e-61 1.24012e-60
0.720833 -2.39813e-60 8.28863e-60 1.12183e-59
0.725 -2.14019e-59 7.3422e-59 9.93922e-59
0.729167 -1.87093e-58 6.37091e-58 8.62602e-58
0.733333 -1.60236e-57 5.41602e-57 7.33453e-57
0.7375 -1.3447e-56 4.51158e-56 6.11091e-56
0.741667 -1.10593e-55 3.68312e-55 4.98974e-55
0.745833 -8.91506e-55 2.94718e-54 3.9935e-54
0.75 -7.04506e-54 2.31188e-53 3.13328e-53
0.754167 -5.45846e-53 1.77809e-52 2.41032e-52
0.758333 -4.14708e-52 1.34102e-51 1.8182e-51
0.7625 -3.09003e-51 9.91896e-51 1.34512e-50
0.766667 -2.25833e-50 7.19627e-50 9.76095e-50
0.770833 -1.61911e-49 5.12171e-49 6.94847e-49
0.775 -1.13889e-48 3.5764e-48 4.853e-48
0.779167 -7.86074e-48 2.45049e-47 3.32589e-47
0.783333 -5.32441e-47 1.64775e-46 2.23685e-46
0.7875 -3.53964e-46 1.08746e-45 1.47655e-45
0.791667 -2.30981e-45 7.04474e-45 9.5674e-45
0.795833 -1.4797e-44 4.48023e-44 6.08586e-44
0.8 -9.30681e-44 2.79747e-43 3.80085e-43
0.804167 -5.74781e-43 1.71518e-42 2.33086e-42
0.808333 -3.48599e-42 1.0327e-41 1.40371e-41
0.8125 -2.07643e-41 6.10674e-41 8.30242e-41
0.816667 -1.21483e-40 3.54694e-40 4.8233e-40
0.820833 -6.98184e-40 2.02373e-39 2.75256e-39
0.825 -3.942e-39 1.13435e-38 1.54321e-38
0.829167 -2.18674e-38 6.24702e-38 8.50053e-38
0.833333 -1.19193e-37 3.38044e-37 4.60089e-37
0.8375 -6.38437e-37 1.79756e-36 2.44708e-36
0.841667 -3.36072e-36 9.39384e-36 1.27909e-35
0.845833 -1.73872e-35 4.82485e-35 6.57108e-35
0.85 -8.84189e-35 2.4358e-34 3.3181e-34
0.854167 -4.4199e-34 1.20879e-33 1.64699e-33
0.858333 -2.17202e-33 5.89713e-33 8.03668e-33
0.8625 -1.04937e-32 2.82842e-32 3.85544e-32
0.866667 -4.98474e-32 1.3338e-31 1.8185e-31
0.870833 -2.32825e-31 6.18454e-31 8.43384e-31
0.875 -1.06935e-30 2.81984e-30 3.84623e-30
0.879167 -4.82988e-30 1.26435e-29 1.72493e-29
0.883333 -2.14541e-29 5.57522e-29 7.60776e-29
0.8875 -9.37266e-29 2.41786e-28 3.30003e-28
0.891667 -4.02734e-28 1.03133e-27 1.40791e-27
0.895833 -1.70216e-27 4.32701e-27 5.90818e-27
0.9 -7.07666e-27 1.78574e-26 2.43878e-26
0.904167 -2.89417e-26 7.24953e-26 9.90265e-26
0.908333 -1.16441e-25 2.89522e-25 3.95557e-25
0.9125 -4.60882e-25 1.1375e-24 1.5544e-24
0.916667 -1.79471e-24 4.39676e-24 6.00937e-24
0.920833 -6.87599e-24 1.67203e-23 2.28572e-23
0.925 -2.59195e-23 6.25601e-23 8.55375e-23
0.929167 -9.61349e-23 2.30307e-22 3.14952e-22
0.933333 -3.50841e-22 8.34223e-22 1.14103e-21
0.9375 -1.25987e-21 2.97327e-21 4.06747e-21
0.941667 -4.4518e-21 1.04273e-20 1.42671e-20
0.945833 -1.54792e-20 3.59836e-20 4.92422e-20
0.95 -5.2963e-20 1.2219e-19 1.67238e-19
0.954167 -1.78325e-19 4.08293e-19 5.58903e-19
0.958333 -5.90839e-19 1.34251e-18 1.83799e-18
0.9625 -1.92641e-18 4.3438e-18 5.94778e-18
0.966667 -6.18091e-18 1.38304e-17 1.89398e-17
0.970833 -1.95154e-17 4.33319e-17 5.93473e-17
0.975 -6.06352e-17 1.33595e-16 1.82991e-16
0.979167 -1.85391e-16 4.05298e-16 5.55212e-16
0.983333 -5.57783e-16 1.20992e-15 1.6576e-15
0.9875 -1.65138e-15 3.55409e-15 4.86954e-15
0.991667 -4.81091e-15 1.02726e-14 1.40757e-14
0.995833 -1.37909e-14 2.92149e-14 4.00331e-14
1 -3.88987e-14 8.17493e-14 1.12026e-13
1.00417 -1.07954e-13 2.25064e-13 3.08428e-13
1.00833 -2.94771e-13 6.09611e-13 8.35425e-13
1.0125 -7.91877e-13 1.62445e-12 2.22618e-12
1.01667 -2.09285e-12 4.25837e-12 5.83568e-12
1.02083 -5.44126e-12 1.0981e-11 1.50479e-11
1.025 -1.39162e-11 2.78532e-11 3.81668e-11
1.02917 -3.50084e-11 6.94886e-11 9.52123e-11
1.03333 -8.66209e-11 1.70501e-10 2.33596e-10
1.0375 -2.10785e-10 4.11414e-10 5.63595e-10
1.04167 -5.04415e-10 9.76189e-10 1.33709e-09
1.04583 -1.18694e-09 2.27745e-09 3.11892e-09
1.05 -2.74609e-09 5.22374e-09 7.15239e-09
1.05417 -6.24601e-09 1.17783e-08 1.61233e-08
1.05833 -1.3965e-08 2.61036e-08 3.5724e-08
1.0625 -3.06887e-08 5.68563e-08 7.77878e-08
1.06667 -6.62753e-08 1.2169e-07 1.66436e-07
1.07083 -1.40637e-07 2.55897e-07 3.49862e-07
1.075 -2.93192e-07 5.28614e-07 7.22423e-07
1.07917 -6.00393e-07 1.0725e-06 1.46505e-06
1.08333 -1.20745e-06 2.13677e-06 2.91737e-06
1.0875 -2.38433e-06 4.17956e-06 5.70324e-06
1.09167 -4.62202e-06 8.02449e-06 1.09431e-05
1.09583 -8.79355e-06 1.51187e-05 2.06035e-05
1.1 -1.64154e-05 2.79449e-05 3.80544e-05
1.10417 -3.0059e-05 5.06596e-05 6.89294e-05
1.10833 -5.39758e-05 9.00435e-05 0.000122406
1.1125 -9.50134e-05 0.000156865 0.000213031
1.11667 -0.000163898 0.000267746 0.000363214
1.12083 -0.000276943 0.000447568 0.000606422
1.125 -0.000458193 0.000732386 0.00099101
1.12917 -0.000741885 0.00117259 0.00158433
1.13333 -0.00117496 0.00183583 0.00247644
1.1375 -0.00181904 0.00280885 0.00378218
1.14167 -0.0027511 0.00419688 0.00563992
1.14583 -0.00406147 0.006119 0.00820459
1.15 -0.00584784 0.00869746 0.0116327
1.15417 -0.00820366 0.0120394 0.016057
1.15833 -0.0111999 0.0162098 0.0215497
1.1625 -0.0148599 0.0211971 0.0280763
1.16667 -0.0191292 0.026874 0.0354437
1.17083 -0.0238439 0.0329611 0.0432532
1.175 -0.0287048 0.0390016 0.0508714
1.17917 -0.0332661 0.0443616 0.0574341
1.18333 -0.0369484 0.0482655 0.0619011
1.1875 -0.0390857 0.0498753 0.0631687
1.19167 -0.039008 0.048414 0.060239
1.19583 -0.0361566 0.0433189 0.0524277
1.2 -0.0302141 0.0343996 0.0395704
1.20417 -0.0212247 0.0219619 0.022179
1.20833 -0.00966871 0.00685775 0.0014915
1.2125 0.00353745 -0.00957284 -0.0206244
1.21667 0.0171368 -0.0256771 -0.0419242
1.22083 0.0297182 -0.0397601 -0.0601588
1.225 0.0399617 -0.050395 -0.0734873
1.22917 0.0468847 -0.0566914 -0.0808206
1.23333 0.0500217 -0.0584443 -0.0819942
1.2375 0.0494814 -0.0561141 -0.0777117
1.24167 0.0458613 -0.0506412 -0.0692774
1.24583 0.0400482 -0.0431652 -0.0582186
1.25 0.0329825 -0.0347553 -0.0459463
1.25417 0.0254781 -0.0262643 -0.0335936
1.25833 0.0181725 -0.0183603 -0.022091
1.2625 0.0116185 -0.0117047 -0.0124134
1.26667 0.00645109 -0.00715648 -0.0058239
1.27083 0.00350852 -0.00584292 -0.00390464
1.275 0.00378726 -0.00898105 -0.00824369
1.27917 0.00818116 -0.0174553 -0.0198234
1.28333 0.017074 -0.0313036 -0.0383511
1.2875 0.0299628 -0.0493617 -0.0618791
1.29167 0.0453237 -0.0692952 -0.0869959
1.29583 0.0608537 -0.0880943 -0.109628
1.3 0.0740518 -0.102877 -0.126177
1.30417 0.082918 -0.111665 -0.134499
1.30833 0.0864535 -0.113763 -0.134247
1.3125 0.0847155 -0.109559 -0.126395
1.31667 0.0783944 -0.0998424 -0.112197
1.32083 0.0681459 -0.085045 -0.0921702
1.325 0.0540647 -0.06485 -0.0657252
1.32917 0.0356315 -0.0384492 -0.0317084
1.33333 0.012202 -0.00534302 0.0103967
1.3375 -0.016217 0.0337545 0.0593021
1.34167 -0.0483553 0.0764398 0.111491
1.34583 -0.0816098 0.118882 0.161834
1.35 -0.112592 0.156709 0.204941
1.35417 -0.138007 0.186054 0.236502
1.35833 -0.155396 0.204253 0.253963
1.3625 -0.163416 0.20994 0.25634
1.36667 -0.16163 0.202746 0.243596
1.37083 -0.150156 0.182999 0.216246
1.375 -0.129523 0.151772 0.175572
1.37917 -0.100887 0.111224 0.124233
1.38333 -0.066363 0.0648251 0.0666058
1.3875 -0.0290768 0.0170614 0.00830588
1.39167 0.00731577 -0.027447 -0.0450816
1.39583 0.0394792 -0.0649939 -0.089344
1.4 0.0651258 -0.0933874 -0.122214
1.40417 0.0831718 -0.111767 -0.142871
1.40833 0.0932896 -0.119898 -0.150923
1.4125 0.0953099 -0.117617 -0.145884
1.41667 0.0890694 -0.105016 -0.12776
1.42083 0.0749319 -0.0832844 -0.098395
1.425 0.0545882 -0.0554933 -0.0623653
1.42917 0.031368 -0.0264477 -0.0263294
1.43333 0.00953547 -0.0013308 0.00319523
1.4375 -0.00721871 0.0162045 0.0223932
1.44167 -0.017202 0.0253136 0.0313744
1.44583 -0.0211137 0.0277558 0.0332204
1.45 -0.0211395 0.0263627 0.0315532
1.45417 -0.0193953 0.0232656 0.0283691
1.45833 -0.0168159 0.0190806 0.0235891
1.4625 -0.013188 0.0134537 0.0163716
1.46667 -0.00810772 0.00630266 0.00686595
1.47083 -0.00194865 -0.00138145 -0.00313144
1.475 0.00398908 -0.00782742 -0.0110871
1.47917 0.00820813 -0.011536 -0.015291
1.48333 0.00992569 -0.0121332 -0.0156757
1.4875 0.00937833 -0.0103299 -0.0133082
1.49167 0.00735121 -0.00715828 -0.00924513
1.49583 0.00448828 -0.00329482 -0.00397279
1.5 0.00108365 0.000904796 0.00206608
1.50417 -0.00250941 0.00483313 0.00759422
1.50833 -0.00541593 0.00731199 0.0104937
1.5125 -0.00640579 0.00710377 0.00907906
1.51667 -0.00474848 0.00395839 0.00367549
1.52083 -0.00103711 -0.00077896 -0.00303966
1.525 0.00287811 -0.00474079 -0.00755046
1.52917 0.00499341 -0.00602223 -0.0078377
1.53333 0.00448967 -0.0044354 -0.00465802
1.5375 0.00221467 -0.00150067 -0.000711831
1.54167 -9.08825e-05 0.000811088 0.00155661
1.54583 -0.00115388 0.00151795 0.00164522
1.55 -0.000971775 0.00107794 0.000842954
1.55417 -0.000462566 0.000605669 0.000620257
1.55833 -0.000413534 0.000693694 0.00118112
1.5625 -0.000750631 0.000935506 0.00146815
1.56667 -0.000752008 0.000500758 0.000435919
1.57083 0.000101084 -0.000882888 -0.00174715
1.575 0.00150251 -0.00250499 -0.00370034
1.57917 0.00250274 -0.00318528 -0.00394647
1.58333 0.0022849 -0.002242 -0.00208066
1.5875 0.00082864 -8.67933e-05 0.000944774
1.59167 -0.00105511 0.00199537 0.0034686
1.59583 -0.0022565 0.00265881 0.00407951
1.6 -0.00202247 0.00132292 0.00231594
1.60417 -0.00035626 -0.00146064 -0.00106368
1.60833 0.00195654 -0.00425644 -0.00426638
1.6125 0.00367371 -0.00550226 -0.0052327
1.61667 0.00372496 -0.00446013 -0.00292239
1.62083 0.00194287 -0.00184512 0.00159588
1.625 -0.000579266 0.000406566 0.00536038
1.62917 -0.00198855 0.000337595 0.00543593
1.63333 -0.000955344 -0.00254195 0.00135252
1.6375 0.00214716 -0.00665046 -0.00407351
1.64167 0.0052677 -0.00932536 -0.00667269
1.64583 0.00615416 -0.00883579 -0.00431656
1.65 0.00419964 -0.00581307 0.00114349
1.65417 0.00104072 -0.00279637 0.00529872
1.65833 -0.000748502 -0.00215717 0.0048868
1.6625 0.000184857 -0.00413969 0.000515113
1.66667 0.00285591 -0.00671492 -0.0040264
1.67083 0.00485544 -0.00734452 -0.00514705
1.675 0.00443173 -0.00506114 -0.0023895
1.67917 0.00185631 -0.00107636 0.0016075
1.68333 -0.00104466 0.00244181 0.00371877
1.6875 -0.00256998 0.00415708 0.00286834
1.69167 -0.0024211 0.00435633 0.00035616
1.69583 -0.00158578 0.0043188 -0.00175651
1.7 -0.00125753 0.00512735 -0.00229298
1.70417 -0.00194674 0.00700298 -0.0013112
1.70833 -0.00341026 0.00944384 0.000479551
1.7125 -0.00507341 0.0116941 0.0021785
1.71667 -0.00634945 0.0130979 0.00279696
1.72083 -0.00676493 0.0133602 0.00163937
1.725 -0.00619463 0.0128385 -0.000871428
1.72917 -0.00519597 0.0126039 -0.00291674
1.73333 -0.0049148 0.0138625 -0.00252586
1.7375 -0.0062394 0.0169221 0.000383405
1.74167 -0.00881532 0.0206564 0.00336167
1.74583 -0.0110608 0.0232614 0.00343484
1.75 -0.0115122 0.0238422 0.000155689
1.75417 -0.0103202 0.0232826 -0.00353797
1.75833 -0.00924652 0.0233242 -0.00400813
1.7625 -0.00990172 0.0245971 -0.000681791
1.76667 -0.0119171 0.0256124 0.00311271
1.77083 -0.013051 0.0239195 0.00342241
1.775 -0.0113107 0.0183995 -0.000204241
1.77917 -0.00696616 0.0103713 -0.00416319
1.78333 -0.00229953 0.00232577 -0.00454501
1.7875 0.000713168 -0.00442599 -0.00124201
1.79167 0.00235327 -0.0107432 0.00201405
1.79583 0.00465802 -0.0182748 0.00171792
1.8 0.00902076 -0.027229 -0.00168317
1.80417 0.0145068 -0.0357109 -0.00443445
1.80833 0.018704 -0.0413348 -0.0036658
1.8125 0.0201459 -0.0433607 -0.000432112
1.81667 0.0196469 -0.043075 0.00168916
1.82083 0.0191508 -0.0421048 0.000699364
1.825 0.0194733 -0.0406241 -0.00171506
1.82917 0.0194992 -0.0374601 -0.0023508
1.83333 0.0176743 -0.031878 -0.000273533
1.8375 0.013989 -0.0248811 0.00220918
1.84167 0.010128 -0.0184714 0.00243012
1.84583 0.00764817 -0.0137663 0.000582357
1.85 0.00637849 -0.0102327 -0.000601207
1.85417 0.00494417 -0.00689977 0.000704482
1.85833 0.00272062 -0.00393512 0.0030873
1.8625 0.000758801 -0.00252813 0.00362205
1.86667 0.000487258 -0.00321683 0.00158971
1.87083 0.00179646 -0.00485364 -0.000462094
1.875 0.00296218 -0.0056441 0.000197576
1.87917 0.00260869 -0.00503097 0.00297641
1.88333 0.00130821 -0.00406697 0.00448553
1.8875 0.000779333 -0.00381089 0.00265417
1.89167 0.00162254 -0.00376521 -0.000588498
1.89583 0.00240191 -0.00228151 -0.00150445
1.9 0.0012557 0.00160546 0.00092328
1.90417 -0.00190132 0.00712983 0.0036387
1.90833 -0.00525339 0.012684 0.0030633
1.9125 -0.00718486 0.0175219 -0.000663027
1.91667 -0.00811182 0.0223748 -0.00378648
1.92083 -0.00992123 0.0283784 -0.00323974
1.925 -0.013684 0.03543 -0.000121733
1.92917 -0.0182117 0.0416243 0.00157707
1.93333 -0.0210397 0.0444819 -0.000525783
1.9375 -0.0208052 0.0430216 -0.00451695
1.94167 -0.0185273 0.0386263 -0.00623936
1.94583 -0.0164012 0.0335034 -0.00385487
1.95 -0.0153069 0.0281577 3.32178e-05
1.95417 -0.013753 0.0209098 0.00114305
1.95833 -0.00963667 0.0104418 -0.00166411
1.9625 -0.00303091 -0.00159686 -0.00489324
1.96667 0.00333504 -0.0115497 -0.00428865
1.97083 0.00683069 -0.0175399 9.49229e-05
1.975 0.00783306 -0.0213222 0.00370451
1.97917 0.0091236 -0.0256038 0.0028027
1.98333 0.0122957 -0.030237 -0.000983781
1.9875 0.0156229 -0.032317 -0.00262967
1.99167 0.0161563 -0.0299554 8.80362e-05
1.99583 0.0133857 -0.0246014 0.00393462
2 0.00977877 -0.0190637 0.0044086
2.00417 0.00768013 -0.0143382 0.00127798
2.00833 0.00673421 -0.00943525 -0.00151674
2.0125 0.00494848 -0.00369082 -0.000980946
2.01667 0.00155379 0.00207853 0.00161085
2.02083 -0.0021201 0.00668782 0.00289873
2.025 -0.00438464 0.00971318 0.0015671
2.02917 -0.00493104 0.0112837 -0.000700984
2.03333 -0.00472588 0.0117648 -0.00165295
2.0375 -0.00486156 0.0120619 -0.000743803
2.04167 -0.00576665 0.0132372 0.000815928
2.04583 -0.00702897 0.0150915 0.00141958
2.05 -0.00769355 0.0159328 0.000457777
2.05417 -0.00714209 0.0146649 -0.00105483
2.05833 -0.00592525 0.0124133 -0.00133748
2.0625 -0.00524751 0.0109086 0.000117214
2.06667 -0.00532237 0.00977439 0.00164126
2.07083 -0.0048587 0.00698902 0.00135412
2.075 -0.00277876 0.0020602 -0.000241237
2.07917 0.000118031 -0.00293984 -0.000868578
2.08333 0.00211795 -0.00612101 0.000242128
2.0875 0.00289152 -0.00807134 0.0012468
2.09167 0.00369182 -0.0103528 0.000559243
2.09583 0.00523138 -0.0129121 -0.000736548
2.1 0.00661869 -0.0144498 -0.00075623
2.10417 0.00690814 -0.0146358 0.000110242
2.10833 0.00657583 -0.0143341 -2.57564e-05
2.1125 0.00655393 -0.0138645 -0.00127483
2.11667 0.00662617 -0.0125847 -0.00173425
2.12083 0.00590296 -0.0102859 -0.000694787
2.125 0.00440282 -0.00761977 0.000145212
2.12917 0.00298778 -0.0049215 -0.00050834
2.13333 0.00194678 -0.00192883 -0.00148248
2.1375 0.000793389 0.00106184 -0.00117455
2.14167 -0.00058097 0.00318559 -4.38587e-05
2.14583 -0.00169983 0.00457116 0.000494858
2.15 -0.00251081 0.00635531 0.00036529
2.15417 -0.00342247 0.00850471 0.000296557
2.15833 -0.00418862 0.0093943 0.000136799
2.1625 -0.00408751 0.00858999 -0.000365971
2.16667 -0.00351994 0.00807735 -0.000163216
2.17083 -0.00384103 0.00901739 0.00137188
2.175 -0.00491572 0.00924401 0.00224238
2.17917 -0.00464573 0.00655284 0.000333992
2.18333 -0.00224516 0.00290356 -0.0023395
2.1875 -0.000195003 0.00193652 -0.00161993
2.19167 -0.000837638 0.00308562 0.00208409
2.19583 -0.00243886 0.00216929 0.00331306
2.2 -0.00146789 -0.00189633 -0.000329971
2.20417 0.00188751 -0.00526462 -0.00380653
2.20833 0.00380036 -0.00543751 -0.00188304
2.2125 0.00266846 -0.00510678 0.00272228
2.21667 0.00143698 -0.00708195 0.00333308
2.22083 0.00271923 -0.00925203 -0.000595086
2.225 0.00479089 -0.00843339 -0.00308
2.22917 0.0047535 -0.00617777 -0.000978117
2.23333 0.00312655 -0.00603192 0.00201593
2.2375 0.00235663 -0.00711343 0.00199406
2.24167 0.00259824 -0.00577714 0.000220967
2.24583 0.00224529 -0.00256923 -0.000517579
2.25 0.00142788 -0.00154976 -0.000454487
2.25417 0.00144767 -0.00257353 -0.00060721
2.25833 0.00140972 -0.000689053 0.000120613
2.2625 -0.000735971 0.00506744 0.00196274
2.26667 -0.00380367 0.00873884 0.00188759
2.27083 -0.00415946 0.00672419 -0.00152886
2.275 -0.00174784 0.00406203 -0.00390887
2.27917 -0.0010409 0.00637579 -0.000999717
2.28333 -0.00404032 0.0104528 0.00354344
2.2875 -0.00649796 0.00942818 0.00261733
2.29167 -0.00431113 0.00407515 -0.00306285
2.29583 -0.000174074 0.00138595 -0.0052307
2.3 0.000472295 0.00319616 -0.000561768
2.30417 -0.00221004 0.00398813 0.0041609
2.30833 -0.00312774 0.00068386 0.0024175
2.3125 -0.000359962 -0.00272838 -0.00260661
2.31667 0.00244709 -0.00268534 -0.00363687
2.32083 0.00227103 -0.00175579 4.44129e-05
2.325 0.000793407 -0.00333925 0.00301058
2.32917 0.000803251 -0.00586164 0.00218232
2.33333 0.00215687 -0.00635588 -0.000326511
2.3375 0.00324067 -0.00567907 -0.00167494
2.34167 0.00362069 -0.00584847 -0.00118098
2.34583 0.00332992 -0.00559371 0.000659936
2.35 0.00192554 -0.00308476 0.00242956
2.35417 6.74157e-05 -0.000358313 0.00180334
2.35833 -0.00023004 -0.000385128 -0.00137885
2.3625 0.00126339 -0.00182134 -0.00324031
2.36667 0.00188084 -0.00125882 -0.00075891
2.37083 5.79569e-05 0.00102227 0.00284133
2.375 -0.0019127 0.00215655 0.0021389
2.37917 -0.00150955 0.00204081 -0.00201201
2.38333 -7.43786e-05 0.00275173 -0.00348397
2.3875 -0.000354719 0.00382985 -0.00039001
2.39167 -0.0019095 0.00324664 0.00230895
2.39583 -0.00232377 0.00216151 0.00104439
2.4 -0.00152466 0.00322609 -0.00133932
2.40417 -0.00128029 0.00479364 -0.00133334
2.40833 -0.00147902 0.00300187 -0.000171664
2.4125 -0.000730808 -0.000515663 -7.80255e-05
2.41667 0.00010008 -0.000176702 7.85132e-05
2.42083 -0.000854619 0.00337773 0.00132282
2.425 -0.00210695 0.00286535 0.00118219
2.42917 -0.000445263 -0.00312061 -0.00152354
2.43333 0.0028358 -0.00599342 -0.00262558
2.4375 0.00271552 -0.000904874 0.000972728
2.44167 -0.00116313 0.00390358 0.0044718
2.44583 -0.00265966 -0.00032249 0.00176456
2.45 0.001337 -0.00793904 -0.00376179
2.45417 0.00517242 -0.00736154 -0.00336634
2.45833 0.00299315 4.20206e-05 0.00287179
2.4625 -0.00170637 0.00223042 0.00529961
2.46667 -0.00158089 -0.00342217 -0.000106825
2.47083 0.00265577 -0.00593996 -0.00506483
2.475 0.00353258 0.000449591 -0.00211587
2.47917 -0.000850459 0.00642428 0.00368073
2.48333 -0.00389659 0.00330105 0.00327536
2.4875 -0.00148198 -0.00247605 -0.00207749
2.49167 0.00167247 -0.000545176 -0.00376521
2.49583 0.000305553 0.00592521 0.000106981
2.5 -0.00295239 0.0061375 0.00281211
2.50417 -0.00274938 0.000205183 0.000771467
2.50833 -5.61854e-05 -0.00148651 -0.00151371
2.5125 0.000228574 0.00365642 -0.000215893
2.51667 -0.00200244 0.00632935 0.00173363
2.52083 -0.00238819 0.00173653 0.000906402
2.525 -0.000181338 -0.00227652 -0.000465931
2.52917 0.000567612 0.00085598 0.000721642
2.53333 -0.00145958 0.00500421 0.00229517
2.5375 -0.00231636 0.002141 0.000832129
2.54167 0.0001519 -0.00366212 -0.00162167
2.54583 0.00222903 -0.00323246 -0.000762615
2.55 0.000607712 0.00206738 0.00218422
2.55417 -0.00183306 0.0029209 0.00211301
2.55833 -0.000839207 -0.00209707 -0.00126317
2.5625 0.00206431 -0.00467303 -0.00266628
2.56667 0.00227172 -0.00127583 1.91313e-05
2.57083 -0.000149804 0.00132588 0.00226928
2.575 -0.000820594 -0.0017709 0.000429951
2.57917 0.00148538 -0.00547588 -0.00251331
2.58333 0.00306642 -0.00402227 -0.00216626
2.5875 0.00171193 -0.000674039 0.000303683
2.59167 8.40073e-05 -0.00140299 0.000707192
2.59583 0.000837073 -0.00453722 -0.00128915
2.6 0.00233873 -0.00420285 -0.00234112
2.60417 0.00187716 -0.000537737 -0.00121021
2.60833 0.000159242 0.0010963 -0.00012474
2.6125 -0.000364013 -0.000567901 -0.000540185
2.61667 0.000342259 -0.00130706 -0.00117056
2.62083 0.000392563 0.00078735 -0.000784946
2.625 -0.000540171 0.00248781 -9.06218e-05
2.62917 -0.00101153 0.00154587 2.79437e-05
2.63333 -0.00056434 0.000299383 -1.79276e-05
2.6375 -0.000318186 0.0012051 0.000330194
2.64167 -0.000850206 0.00287435 0.000769005
2.64583 -0.00138361 0.00285942 0.000947072
2.65 -0.0012566 0.00145744 0.00102731
2.65417 -0.000773972 0.000570629 0.00103888
2.65833 -0.000432169 0.000790573 0.000789219
2.6625 -0.000361692 0.00135798 0.000564262
2.66667 -0.000561462 0.00159326 0.000764081
2.67083 -0.000831222 0.00116958 0.000879298
2.675 -0.000645692 0.000138579 0.000148006
2.67917 0.00010597 -0.00065719 -0.000842024
2.68333 0.000616644 -0.000424273 -0.000749903
2.6875 0.000271898 9.19276e-05 0.000240231
2.69167 -0.000212895 -0.000495759 0.000439118
2.69583 0.000170621 -0.00173655 -0.000663587
2.7 0.00100045 -0.00175485 -0.00145016
2.70417 0.00102276 -0.000466983 -0.000682258
2.70833 0.000225678 -5.38609e-05 0.000562005
2.7125 -0.000107038 -0.00136817 0.000579561
2.71667 0.000508154 -0.00225229 -0.000443882
2.72083 0.0010019 -0.000952074 -0.000901906
2.725 0.00051682 0.000868043 -0.000140001
2.72917 -0.000276093 0.000609349 0.000851823
2.73333 -0.000313271 -0.00121997 0.000959688
2.7375 0.000294152 -0.00184852 0.000234213
2.74167 0.000627408 -0.000423423 -0.00044258
2.74583 0.000330576 0.00107146 -0.000412753
2.75 -0.000168739 0.00110563 0.000179787
2.75417 -0.000495959 0.000582886 0.000594988
2.75833 -0.00065784 0.000809879 0.000255954
2.7625 -0.000634343 0.00126417 -0.000547008
2.76667 -0.000289373 0.000676011 -0.000849719
2.77083 0.000214405 -0.000701274 -0.000150098
2.775 0.00041128 -0.00133172 0.000814339
2.77917 0.000148491 -0.000586888 0.000839737
2.78333 -0.000149456 0.000482538 -0.000182272
2.7875 -7.31457e-05 0.000661846 -0.000982846
2.79167 0.000190468 3.13758e-05 -0.00050912
2.79583 0.000162028 -0.00036188 0.000624028
2.8 -0.000227884 0.000169641 0.000890757
2.80417 -0.000564964 0.00118039 -8.80843e-05
2.80833 -0.000510419 0.00149982 -0.00101932
2.8125 -0.000156618 0.000501655 -0.00069233
2.81667 0.000159546 -0.000942584 0.000435211
2.82083 0.000195883 -0.00122747 0.000923207
2.825 -1.00696e-05 -3.15939e-05 0.000202447
2.82917 -0.000166712 0.00112184 -0.000828867
2.83333 -6.29195e-05 0.000960941 -0.000938487
2.8375 4.30467e-05 0.000279354 7.48459e-05
2.84167 -0.000301305 0.000504427 0.00114096
2.84583 -0.000890379 0.00118865 0.00101133
2.85 -0.000815535 0.000655183 -0.000238314
2.85417 0.000236044 -0.00106538 -0.00103039
2.85833 0.00117625 -0.00190813 -0.000174089
2.8625 0.000823651 -0.000825355 0.00131864
2.86667 -0.000333944 0.000613843 0.00133654
2.87083 -0.000702584 0.000571991 -0.000356474
2.875 0.000160063 -0.000509003 -0.00157445
2.87917 0.000934305 -0.000838613 -0.000709673
2.88333 0.000455267 0.000156032 0.000995112
2.8875 -0.000702217 0.00127763 0.00122835
2.89167 -0.00108802 0.0011455 -0.000237462
2.89583 -0.000227368 -0.000338753 -0.00144452
2.9 0.000933478 -0.00186391 -0.00092733
2.90417 0.0011824 -0.00190247 0.000606802
2.90833 0.000344973 -0.000469031 0.00131063
2.9125 -0.000504181 0.000563593 0.000311271
2.91667 -0.000220259 -0.000233311 -0.00128474
2.92083 0.000903111 -0.00165345 -0.00146733
2.925 0.00128633 -0.00140584 0.000282961
2.92917 0.000184951 0.00040689 0.00196218
2.93333 -0.00102569 0.0013344 0.00136849
2.9375 -0.000662188 0.000359909 -0.000710073
2.94167 0.000721034 -0.000574462 -0.00121497
2.94583 0.00102756 0.000238479 0.000905416
2.95 -0.00025143 0.00158637 0.0030065
2.95417 -0.00121743 0.00136645 0.00246726
2.95833 -0.000332637 -0.000192156 0.000455149
2.9625 0.00141092 -0.00107521 0.000221664
2.96667 0.00198729 -0.000423677 0.00261924
2.97083 0.0010739 0.000593896 0.00522641
2.975 0.000295885 0.000507611 0.00573893
2.97917 0.00110415 -0.000858689 0.00473131
2.98333 0.00312884 -0.00233215 0.00474293
2.9875 0.00466741 -0.0025501 0.00731984
2.99167 0.00465085 -0.00158759 0.0112161
2.99583 0.00407195 -0.00128605 0.0136547
