0 0 0 0
0.00416667 0 0 0
0.00833333 0 0 0
0.0125 0 0 0
0.0166667 0 0 0
0.0208333 0 0 0
0.025 0 0 0
0.0291667 0 0 0
0.0333333 0 0 0
0.0375 0 0 0
0.0416667 0 0 0
0.0458333 0 0 0
0.05 0 0 0
0.0541667 0 0 0
0.0583333 0 0 0
0.0625 0 0 0
0.0666667 0 0 0
0.0708333 0 0 0
0.075 0 0 0
0.0791667 0 0 0
0.0833333 0 0 0
0.0875 0 0 0
0.0916667 0 0 0
0.0958333 0 0 0
0.1 0 0 0
0.104167 0 0 0
0.108333 0 0 0
0.1125 0 0 0
0.116667 0 0 0
0.120833 0 0 0
0.125 -1.82804e-322 3.78948e-321 8.18173e-321
0.129167 -2.0713e-316 2.85593e-315 6.08258e-315
0.133333 -1.00455e-310 1.3401e-309 2.85475e-309
0.1375 -3.2105e-305 4.14804e-304 8.83831e-304
0.141667 -6.93329e-300 8.68414e-299 1.85076e-298
0.145833 -1.03514e-294 1.25803e-293 2.68173e-293
0.15 -1.091e-289 1.28762e-288 2.74546e-288
0.154167 -8.27439e-285 9.49104e-284 2.02417e-283
0.158333 -4.59593e-280 5.12734e-279 1.09379e-278
0.1625 -1.9001e-275 2.0632e-274 4.40247e-274
0.166667 -5.93523e-271 6.27688e-270 1.33972e-269
0.170833 -1.42026e-266 1.46383e-265 3.12521e-265
0.175 -2.63716e-262 2.65056e-261 5.66038e-261
0.179167 -3.84511e-258 3.77086e-257 8.0551e-257
0.183333 -4.4514e-254 4.26181e-253 9.1065e-253
0.1875 -4.13408e-250 3.86607e-249 8.26335e-249
0.191667 -3.10983e-246 2.84208e-245 6.07653e-245
0.195833 -1.91195e-242 1.70841e-241 3.65382e-241
0.2 -9.68857e-239 8.46814e-238 1.81168e-237
0.204167 -4.07862e-235 3.48854e-234 7.46581e-234
0.208333 -1.437e-231 1.20329e-230 2.576e-230
0.2125 -4.26691e-228 3.49931e-227 7.49388e-227
0.216667 -1.07482e-224 8.63624e-224 1.85011e-223
0.220833 -2.311e-221 1.82e-220 3.9003e-220
0.225 -4.2662e-218 3.29417e-217 7.06201e-217
0.229167 -6.79903e-215 5.14913e-214 1.10427e-213
0.233333 -9.40325e-212 6.98694e-211 1.49896e-210
0.2375 -1.13415e-208 8.27064e-208 1.77502e-207
0.241667 -1.19853e-205 8.58043e-205 1.84222e-204
0.245833 -1.11465e-202 7.83633e-202 1.68312e-201
0.25 -9.16126e-200 6.32656e-199 1.35939e-198
0.254167 -6.68087e-197 4.53316e-196 9.74433e-196
0.258333 -4.33927e-194 2.8937e-193 6.22276e-193
0.2625 -2.51926e-191 1.65154e-190 3.55303e-190
0.266667 -1.31187e-188 8.4565e-188 1.82006e-187
0.270833 -6.14743e-186 3.89744e-185 8.39193e-185
0.275 -2.60037e-183 1.62183e-182 3.49364e-182
0.279167 -9.95883e-181 6.11168e-180 1.31712e-179
0.283333 -3.46298e-178 2.09158e-177 4.50958e-177
0.2875 -1.09632e-175 6.51818e-175 1.406e-174
0.291667 -3.16814e-173 1.85456e-172 4.00224e-172
0.295833 -8.37776e-171 4.82946e-170 1.04271e-169
0.3 -2.03209e-168 1.1538e-167 2.49231e-167
0.304167 -4.5315e-166 2.53467e-165 5.47778e-165
0.308333 -9.31052e-164 5.13127e-163 1.10948e-162
0.3125 -1.76625e-161 9.59283e-161 2.07519e-160
0.316667 -3.09991e-159 1.65944e-158 3.59163e-158
0.320833 -5.04322e-157 2.66138e-156 5.76313e-156
0.325 -7.61963e-155 3.96449e-154 8.58942e-154
0.329167 -1.07104e-152 5.49514e-152 1.19119e-151
0.333333 -1.40302e-150 7.09944e-150 1.53977e-149
0.3375 -1.71567e-148 8.56329e-148 1.85826e-147
0.341667 -1.96156e-146 9.65868e-146 2.0971e-145
0.345833 -2.10009e-144 1.02028e-143 2.21646e-143
0.35 -2.10853e-142 1.01085e-141 2.19719e-141
0.354167 -1.98815e-140 9.40668e-140 2.04579e-139
0.358333 -1.76296e-138 8.23309e-138 1.79157e-137
0.3625 -1.47209e-136 6.78642e-136 1.47761e-135
0.366667 -1.15899e-134 5.27502e-134 1.1492e-133
0.370833 -8.6142e-133 3.87122e-132 8.4387e-132
0.375 -6.05145e-131 2.68553e-130 5.85753e-130
0.379167 -4.02266e-129 1.76306e-128 3.84781e-128
0.383333 -2.53315e-127 1.09659e-126 2.39472e-126
0.3875 -1.51276e-125 6.46889e-125 1.41353e-124
0.391667 -8.57615e-124 3.62303e-123 7.92163e-123
0.395833 -4.62027e-122 1.92845e-121 4.21913e-121
0.4 -2.36766e-120 9.76481e-120 2.13772e-119
0.404167 -1.1552e-118 4.7081e-118 1.03136e-117
0.408333 -5.3713e-117 2.16348e-116 4.74237e-116
0.4125 -2.38217e-115 9.48346e-115 2.08014e-114
0.416667 -1.00857e-113 3.96883e-113 8.71108e-113
0.420833 -4.07989e-112 1.58708e-111 3.48575e-111
0.425 -1.57814e-110 6.06918e-110 1.33388e-109
0.429167 -5.84173e-109 2.22122e-108 4.88506e-108
0.433333 -2.07092e-107 7.786e-107 1.71351e-106
0.4375 -7.03612e-106 2.61588e-105 5.76088e-105
0.441667 -2.29278e-104 8.42975e-104 1.85774e-103
0.445833 -7.17057e-103 2.60738e-102 5.75011e-102
0.45 -2.15378e-101 7.74603e-101 1.70945e-100
0.454167 -6.21709e-100 2.21169e-99 4.88438e-99
0.458333 -1.72581e-98 6.0732e-98 1.34218e-97
0.4625 -4.60982e-97 1.60482e-96 3.54922e-96
0.466667 -1.18556e-95 4.08331e-95 9.03718e-95
0.470833 -2.93744e-94 1.00099e-93 2.217e-93
0.475 -7.01561e-93 2.3655e-92 5.243e-92
0.479167 -1.61605e-91 5.39182e-91 1.19595e-90
0.483333 -3.59227e-90 1.18604e-89 2.63271e-89
0.4875 -7.70972e-89 2.51909e-88 5.59594e-88
0.491667 -1.5984e-87 5.16879e-87 1.14907e-86
0.495833 -3.20277e-86 1.02506e-85 2.28055e-85
0.5 -6.20539e-85 1.9658e-84 4.37683e-84
0.504167 -1.16311e-83 3.64719e-83 8.1267e-83
0.508333 -2.11e-82 6.54949e-82 1.4605e-81
0.5125 -3.70634e-81 1.13889e-80 2.54164e-80
0.516667 -6.30668e-80 1.91853e-79 4.2849e-79
0.520833 -1.04e-78 3.13221e-78 7.00113e-78
0.525 -1.66274e-77 4.95806e-77 1.10911e-76
0.529167 -2.57838e-76 7.61245e-76 1.70425e-75
0.533333 -3.87947e-75 1.13412e-74 2.54108e-74
0.5375 -5.6659e-74 1.64015e-73 3.67784e-73
0.541667 -8.03524e-73 2.30334e-72 5.16917e-72
0.545833 -1.10693e-71 3.14226e-71 7.05764e-71
0.55 -1.4818e-70 4.16572e-70 9.36405e-70
0.554167 -1.92822e-69 5.36848e-69 1.20777e-68
0.558333 -2.43987e-68 6.72782e-68 1.51484e-67
0.5625 -3.00308e-67 8.20166e-67 1.84823e-66
0.566667 -3.59664e-66 9.72912e-66 2.19427e-65
0.570833 -4.19268e-65 1.12338e-64 2.53575e-64
0.575 -4.75868e-64 1.26297e-63 2.85325e-63
0.579167 -5.26031e-63 1.38294e-62 3.12692e-62
0.583333 -5.66491e-62 1.47531e-61 3.33862e-61
0.5875 -5.94507e-61 1.53377e-60 3.47387e-60
0.591667 -6.08168e-60 1.55436e-59 3.52352e-59
0.595833 -6.06613e-59 1.53596e-58 3.48478e-58
0.6 -5.90115e-58 1.48032e-57 3.36144e-57
0.604167 -5.60032e-57 1.39185e-56 3.16328e-56
0.608333 -5.18619e-56 1.27704e-55 2.90484e-55
0.6125 -4.68763e-55 1.14365e-54 2.60368e-54
0.616667 -4.13648e-54 9.99921e-54 2.27844e-53
0.620833 -3.56439e-53 8.53741e-53 1.94705e-52
0.625 -2.99996e-52 7.11989e-52 1.62518e-51
0.629167 -2.46673e-51 5.80103e-51 1.32529e-50
0.633333 -1.98197e-50 4.61867e-50 1.05609e-49
0.6375 -1.55646e-49 3.59419e-49 8.22558e-49
0.641667 -1.1949e-48 2.73433e-48 6.26318e-48
0.645833 -8.96955e-48 2.034e-47 4.66311e-47
0.65 -6.58478e-47 1.47977e-46 3.39545e-46
0.654167 -4.72855e-46 1.05307e-45 2.41848e-45
0.658333 -3.32211e-45 7.33217e-45 1.68537e-44
0.6625 -2.28392e-44 4.99566e-44 1.1493e-43
0.666667 -1.53676e-43 3.33136e-43 7.6708e-43
0.670833 -1.01221e-42 2.17467e-42 5.01176e-42
0.675 -6.52748e-42 1.3899e-41 3.20596e-41
0.679167 -4.12199e-41 8.69892e-41 2.00824e-40
0.683333 -2.54933e-40 5.33226e-40 1.23208e-39
0.6875 -1.54444e-39 3.20178e-39 7.40443e-39
0.691667 -9.16672e-39 1.88353e-38 4.35959e-38
0.695833 -5.33112e-38 1.08573e-37 2.51516e-37
0.7 -3.03844e-37 6.13343e-37 1.42206e-36
0.704167 -1.69736e-36 3.39611e-36 7.88068e-36
0.708333 -9.29504e-36 1.84339e-35 4.28119e-35
0.7125 -4.99046e-35 9.81001e-35 2.28024e-34
0.716667 -2.62725e-34 5.11915e-34 1.19089e-33
0.720833 -1.35641e-33 2.61974e-33 6.09944e-33
0.725 -6.86854e-33 1.31494e-32 3.06404e-32
0.729167 -3.41174e-32 6.47437e-32 1.50986e-31
0.733333 -1.66257e-31 3.12739e-31 7.29913e-31
0.7375 -7.94921e-31 1.48221e-30 3.46215e-30
0.741667 -3.72958e-30 6.89342e-30 1.61143e-29
0.745833 -1.71726e-29 3.14631e-29 7.36065e-29
0.75 -7.76067e-29 1.40947e-28 3.29994e-28
0.754167 -3.44266e-28 6.19792e-28 1.45219e-27
0.758333 -1.49922e-27 2.67555e-27 6.27358e-27
0.7625 -6.40997e-27 1.13397e-26 2.66086e-26
0.766667 -2.69095e-26 4.719e-26 1.10812e-25
0.770833 -1.10932e-25 1.92841e-25 4.53152e-25
0.775 -4.491e-25 7.73908e-25 1.81985e-24
0.779167 -1.78569e-24 3.05039e-24 7.17787e-24
0.783333 -6.97399e-24 1.18095e-23 2.78074e-23
0.7875 -2.67548e-23 4.49113e-23 1.05819e-22
0.791667 -1.00832e-22 1.67787e-22 3.95585e-22
0.795833 -3.73343e-22 6.15841e-22 1.45284e-21
0.8 -1.35818e-21 2.22086e-21 5.24234e-21
0.804167 -4.85482e-21 7.86938e-21 1.85863e-20
0.808333 -1.70525e-20 2.74004e-20 6.4751e-20
0.8125 -5.88605e-20 9.37549e-20 2.21673e-19
0.816667 -1.99667e-19 3.15266e-19 7.45784e-19
0.820833 -6.65672e-19 1.04191e-18 2.46588e-18
0.825 -2.18125e-18 3.38432e-18 8.01326e-18
0.829167 -7.02527e-18 1.0805e-17 2.55944e-17
0.833333 -2.22408e-17 3.39082e-17 8.03517e-17
0.8375 -6.92128e-17 1.046e-16 2.47958e-16
0.841667 -2.11731e-16 3.17189e-16 7.52156e-16
0.845833 -6.36739e-16 9.45541e-16 2.24283e-15
0.85 -1.88247e-15 2.77095e-15 6.57442e-15
0.854167 -5.47133e-15 7.98314e-15 1.89452e-14
0.858333 -1.56339e-14 2.26112e-14 5.36695e-14
0.8625 -4.39197e-14 6.29633e-14 1.49469e-13
0.866667 -1.21303e-13 1.72372e-13 4.09235e-13
0.870833 -3.29389e-13 4.63946e-13 1.10153e-12
0.875 -8.79373e-13 1.22769e-12 2.91486e-12
0.879167 -2.30814e-12 3.19398e-12 7.58298e-12
0.883333 -5.95628e-12 8.16943e-12 1.93935e-11
0.8875 -1.51114e-11 2.0543e-11 4.87596e-11
0.891667 -3.76917e-11 5.07854e-11 1.20516e-10
0.895833 -9.24247e-11 1.23427e-10 2.92816e-10
0.9 -2.22802e-10 2.9489e-10 6.99357e-10
0.904167 -5.27987e-10 6.92592e-10 1.64187e-09
0.908333 -1.22994e-09 1.59898e-09 3.78877e-09
0.9125 -2.8163e-09 3.62855e-09 8.5931e-09
0.916667 -6.3385e-09 8.09331e-09 1.91545e-08
0.920833 -1.4021e-08 1.77416e-08 4.19593e-08
0.925 -3.04806e-08 3.8221e-08 9.03215e-08
0.929167 -6.5116e-08 8.09131e-08 1.91039e-07
0.933333 -1.36689e-07 1.68307e-07 3.96988e-07
0.9375 -2.81913e-07 3.43962e-07 8.10424e-07
0.941667 -5.71198e-07 6.90548e-07 1.62508e-06
0.945833 -1.13683e-06 1.36175e-06 3.20044e-06
0.95 -2.2222e-06 2.63732e-06 6.18947e-06
0.954167 -4.26565e-06 5.01563e-06 1.17527e-05
0.958333 -8.03954e-06 9.36506e-06 2.19071e-05
0.9625 -1.48745e-05 1.71649e-05 4.00785e-05
0.966667 -2.70107e-05 3.08765e-05 7.19496e-05
0.970833 -4.81297e-05 5.44974e-05 0.000126716
0.975 -8.41344e-05 9.4358e-05 0.000218884
0.979167 -0.000144245 0.000160221 0.000370721
0.983333 -0.000242477 0.000266727 0.000615457
0.9875 -0.000399523 0.000435193 0.00100119
0.991667 -0.000644998 0.000695669 0.00159525
0.995833 -0.00101988 0.00108907 0.00248861
1 -0.00157878 0.00166893 0.00379916
1.00417 -0.00239143 0.00250228 0.00567264
1.00833 -0.00354255 0.00366856 0.00827916
1.0125 -0.00512888 0.00525577 0.0118029
1.01667 -0.00725208 0.00735252 0.0164226
1.02083 -0.0100063 0.0100352 0.0222818
1.025 -0.01346 0.0133497 0.0294473
1.02917 -0.017631 0.0172889 0.0378591
1.03333 -0.0224589 0.0217678 0.047278
1.0375 -0.0277763 0.0265998 0.0572394
1.04167 -0.0332862 0.0314813 0.067027
1.04583 -0.0385524 0.0359907 0.0756828
1.05 -0.0430124 0.0396078 0.0820644
1.05417 -0.0460185 0.04176 0.0849599
1.05833 -0.0469089 0.0418935 0.0832553
1.0625 -0.0451078 0.0395657 0.0761372
1.06667 -0.0402383 0.0345419 0.063296
1.07083 -0.0322301 0.0268797 0.0450851
1.075 -0.0213946 0.0169759 0.0225849
1.07917 -0.00844066 0.00555638 -0.00246491
1.08333 0.00558509 -0.00640214 -0.0278802
1.0875 0.0194378 -0.0178128 -0.0513684
1.09167 0.0318729 -0.02766 -0.0709235
1.09583 0.0418636 -0.0351801 -0.0851863
1.1 0.0487854 -0.039998 -0.0936716
1.10417 0.0525138 -0.0421776 -0.0967899
1.10833 0.0534042 -0.0421691 -0.0956504
1.1125 0.0521556 -0.0406669 -0.0917021
1.11667 0.0496001 -0.0384222 -0.0863352
1.12083 0.04649 -0.0360759 -0.0805904
1.125 0.0433618 -0.0340715 -0.0750913
1.12917 0.0405318 -0.0326814 -0.0702287
1.13333 0.0382223 -0.0321287 -0.0665122
1.1375 0.0367583 -0.0327412 -0.064903
1.14167 0.0367265 -0.0350444 -0.0669165
1.14583 0.0389847 -0.0397136 -0.0743444
1.15 0.0444584 -0.0473556 -0.0886049
1.15417 0.0537531 -0.0581718 -0.109909
1.15833 0.0667059 -0.0716203 -0.136569
1.1625 0.0820624 -0.0862301 -0.164793
1.16667 0.0974508 -0.099683 -0.189149
1.17083 0.109729 -0.109189 -0.203661
1.175 0.115639 -0.112066 -0.203196
1.17917 0.112573 -0.106341 -0.184696
1.18333 0.0991837 -0.0911829 -0.147812
1.1875 0.0756424 -0.0670248 -0.0947611
1.19167 0.0434771 -0.0353752 -0.0295536
1.19583 0.00510053 0.0015642 0.0430292
1.2 -0.0367362 0.0412927 0.118232
1.20417 -0.0793321 0.0812633 0.191621
1.20833 -0.120148 0.118948 0.258912
1.2125 -0.156695 0.151798 0.315644
1.21667 -0.186396 0.177244 0.357113
1.22083 -0.206627 0.19288 0.378831
1.225 -0.215038 0.196831 0.377433
1.22917 -0.210078 0.188197 0.351684
1.23333 -0.191514 0.167398 0.303115
1.2375 -0.160685 0.136232 0.235996
1.24167 -0.120382 0.0976339 0.156653
1.24583 -0.0743947 0.0551984 0.0724258
1.25 -0.0269059 0.012658 -0.00934794
1.25417 0.0180507 -0.0265432 -0.0820882
1.25833 0.0569729 -0.0595227 -0.140453
1.2625 0.0871241 -0.0841223 -0.1807
1.26667 0.106712 -0.0990354 -0.201028
1.27083 0.115057 -0.10393 -0.201846
1.275 0.112706 -0.0995142 -0.185732
1.27917 0.101365 -0.0874636 -0.156932
1.28333 0.0835847 -0.0701517 -0.12046
1.2875 0.0622509 -0.0502506 -0.0811487
1.29167 0.0400798 -0.0303241 -0.0430356
1.29583 0.0193107 -0.0125427 -0.00928361
1.3 0.0016641 0.00145073 0.0175942
1.30417 -0.0115645 0.0106005 0.0356416
1.30833 -0.019501 0.0145225 0.0438175
1.3125 -0.0218991 0.0136267 0.0426628
1.31667 -0.0194402 0.00915692 0.0346978
1.32083 -0.0138142 0.00297182 0.0239372
1.325 -0.00731607 -0.00299299 0.014427
1.32917 -0.00199704 -0.00741254 0.00846261
1.33333 0.00121464 -0.0100481 0.00559146
1.3375 0.00285621 -0.011678 0.00319659
1.34167 0.00441672 -0.0134363 -0.00150898
1.34583 0.00718845 -0.0158997 -0.00926233
1.35 0.0111833 -0.0184905 -0.0178027
1.35417 0.0148632 -0.0196264 -0.022972
1.35833 0.0159533 -0.0176014 -0.0212894
1.3625 0.0128876 -0.011693 -0.012361
1.36667 0.00595882 -0.00279974 0.000504436
1.37083 -0.00260837 0.00682225 0.0119542
1.375 -0.00975997 0.0145959 0.0174915
1.37917 -0.0132086 0.0188206 0.0157621
1.38333 -0.0125252 0.0193381 0.00884651
1.3875 -0.00909641 0.0173494 0.000581266
1.39167 -0.00509984 0.0146156 -0.00576169
1.39583 -0.00227719 0.0126188 -0.00884926
1.4 -0.00130624 0.0121625 -0.00904381
1.40417 -0.00202095 0.0134842 -0.00718108
1.40833 -0.00405811 0.0165637 -0.00365625
1.4125 -0.00725921 0.0212541 0.00139069
1.41667 -0.0114962 0.0271362 0.00715811
1.42083 -0.0161982 0.0333425 0.011685
1.425 -0.0201858 0.0386813 0.0126139
1.42917 -0.0221696 0.0421331 0.0088838
1.43333 -0.0216344 0.0434005 0.00200333
1.4375 -0.0193787 0.0430425 -0.00437133
1.44167 -0.0171291 0.0419763 -0.00659305
1.44583 -0.0163546 0.0406306 -0.00351044
1.45 -0.0170971 0.0383716 0.00257239
1.45417 -0.0177356 0.0337005 0.007315
1.45833 -0.0159647 0.0251767 0.00723538
1.4625 -0.0103544 0.0124696 0.00202873
1.46667 -0.00138697 -0.00319545 -0.00535566
1.47083 0.00878072 -0.0195245 -0.0108894
1.475 0.0176473 -0.0342384 -0.0122434
1.47917 0.0238114 -0.0460069 -0.0101336
1.48333 0.027506 -0.0546348 -0.00736008
1.4875 0.0299219 -0.060483 -0.00643723
1.49167 0.0319451 -0.0636782 -0.00771542
1.49583 0.0333326 -0.0637742 -0.00938559
1.5 0.0329435 -0.0601265 -0.00920148
1.50417 0.029776 -0.0526434 -0.00641882
1.50833 0.0239308 -0.0422697 -0.00237125
1.5125 0.0167177 -0.030772 0.000714955
1.51667 0.00983597 -0.0199448 0.00161414
1.52083 0.00430209 -0.0108072 0.00109893
1.525 -2.18545e-05 -0.00335844 0.00120622
1.52917 -0.00395683 0.00298157 0.0033785
1.53333 -0.00802411 0.00864617 0.00703558
1.5375 -0.0117959 0.0134998 0.00981753
1.54167 -0.0141431 0.017027 0.00940049
1.54583 -0.0141953 0.0189146 0.00547836
1.55 -0.0122157 0.0194773 0.000279753
1.55417 -0.00961571 0.0195026 -0.00292386
1.55833 -0.00800399 0.0195952 -0.00227141
1.5625 -0.00796401 0.0195591 0.00117078
1.56667 -0.00854267 0.0183985 0.0041091
1.57083 -0.00794016 0.0150565 0.00353332
1.575 -0.00495895 0.00940122 -0.000848156
1.57917 -0.000116302 0.00268946 -0.00620028
1.58333 0.00449899 -0.00294542 -0.00863151
1.5875 0.00661645 -0.00571849 -0.00622615
1.59167 0.00542036 -0.00529402 -0.000656704
1.59583 0.00217302 -0.00295341 0.00398997
1.6 -0.000702981 -0.000675943 0.00435034
1.60417 -0.00141806 0.000217593 0.000429935
1.60833 -0.000103997 -0.000126838 -0.00439573
1.6125 0.00141413 -0.00040947 -0.0060901
1.61667 0.00117726 0.000671219 -0.00321938
1.62083 -0.0012768 0.00334346 0.00188838
1.625 -0.00453305 0.00659082 0.00505732
1.62917 -0.00646775 0.00897044 0.00368748
1.63333 -0.00598607 0.00971446 -0.00113617
1.6375 -0.00388251 0.00920789 -0.00558257
1.64167 -0.00212035 0.00848578 -0.00624934
1.64583 -0.00215728 0.00822677 -0.00290985
1.65 -0.00373725 0.00813696 0.00142808
1.65417 -0.00515618 0.00726639 0.00311865
1.65833 -0.00475089 0.00498272 0.000887138
1.6625 -0.00233619 0.00174196 -0.00325214
1.66667 0.00061392 -0.00105091 -0.00582517
1.67083 0.00216448 -0.00203486 -0.00481652
1.675 0.00147226 -0.000955455 -0.00120687
1.67917 -0.000583228 0.00106017 0.00204461
1.68333 -0.00215146 0.00223653 0.00255686
1.6875 -0.00185824 0.0013096 0.000411624
1.69167 0.000248364 -0.001768 -0.00212048
1.69583 0.00294842 -0.00603347 -0.00260895
1.7 0.00496755 -0.0103401 -0.000446871
1.70417 0.0059694 -0.0140795 0.00281248
1.70833 0.0066388 -0.0172857 0.00488722
1.7125 0.00789684 -0.0202021 0.0046547
1.71667 0.00999764 -0.0228208 0.00294526
1.72083 0.0122796 -0.0248213 0.00171027
1.725 0.0137304 -0.0258901 0.00236837
1.72917 0.0138336 -0.0260499 0.00470489
1.73333 0.0129715 -0.0256701 0.00714415
1.7375 0.0120747 -0.0251662 0.00807547
1.74167 0.0118476 -0.0246836 0.00711975
1.74583 0.0122283 -0.0240413 0.00534829
1.75 0.0125077 -0.0229552 0.00434278
1.75417 0.0119752 -0.0213263 0.00489695
1.75833 0.0105331 -0.0193484 0.00640702
1.7625 0.00877251 -0.0173509 0.0074171
1.76667 0.00746134 -0.0154892 0.00685124
1.77083 0.00687168 -0.0135107 0.00491551
1.775 0.00650103 -0.010803 0.0029253
1.77917 0.00542467 -0.00676635 0.00219257
1.78333 0.00301671 -0.00129964 0.00289235
1.7875 -0.000523489 0.004989 0.00387127
1.79167 -0.00427453 0.0111193 0.00359696
1.79583 -0.00728492 0.0164697 0.00147545
1.8 -0.00933319 0.0213211 -0.00160039
1.80417 -0.0111284 0.0266588 -0.00399903
1.80833 -0.0137256 0.0332742 -0.00479028
1.8125 -0.0175785 0.0408796 -0.00459082
1.81667 -0.022019 0.0480363 -0.00498432
1.82083 -0.0256546 0.0530068 -0.00697927
1.825 -0.0273895 0.0548095 -0.00994124
1.82917 -0.0271823 0.0535936 -0.0120851
1.83333 -0.025856 0.0501214 -0.0121351
1.8375 -0.0241599 0.0449649 -0.0105503
1.84167 -0.0220173 0.038178 -0.00904721
1.84583 -0.0187123 0.0296232 -0.00883801
1.85 -0.0138062 0.0194882 -0.00936673
1.85417 -0.00780685 0.00845955 -0.00889176
1.85833 -0.00186912 -0.002515 -0.0063632
1.8625 0.00315345 -0.0125515 -0.00262944
1.86667 0.00727964 -0.0209734 0.000346423
1.87083 0.0109956 -0.0273198 0.00146465
1.875 0.0143814 -0.0313834 0.00153888
1.87917 0.0168086 -0.033262 0.00227144
1.88333 0.0175713 -0.0332607 0.0042872
1.8875 0.0167024 -0.0316368 0.00641517
1.89167 0.0149899 -0.0284453 0.00700459
1.89583 0.0131591 -0.0237016 0.00576422
1.9 0.011182 -0.0177153 0.00405216
1.90417 0.0085247 -0.0112199 0.00335346
1.90833 0.00502976 -0.00515649 0.00372566
1.9125 0.00139821 -0.000333632 0.00391712
1.91667 -0.00128694 0.00280529 0.00288474
1.92083 -0.00248854 0.00433426 0.000943784
1.925 -0.002655 0.00492726 -0.000625186
1.92917 -0.00278383 0.00559319 -0.000930347
1.93333 -0.00354809 0.00690967 -0.000307616
1.9375 -0.0047458 0.00833557 0.000123754
1.94167 -0.0055127 0.00852391 -0.000359642
1.94583 -0.00511257 0.00662903 -0.00135733
1.95 -0.00361971 0.00330074 -0.00178232
1.95417 -0.00185244 0.000191514 -0.00105051
1.95833 -0.000607055 -0.001524 0.000216086
1.9625 1.83822e-05 -0.00198868 0.000822802
1.96667 0.000509419 -0.00211226 0.000361539
1.97083 0.0012435 -0.00251684 -0.000288123
1.975 0.002072 -0.00313298 -3.92056e-06
1.97917 0.00258818 -0.00351139 0.00119311
1.98333 0.00262315 -0.0032228 0.00210373
1.9875 0.00235847 -0.00207527 0.00171113
1.99167 0.00203565 -0.000239101 0.000314506
1.99583 0.00166611 0.00180078 -0.00079755
2 0.00102427 0.00351945 -0.000658292
2.00417 -4.75007e-05 0.00452416 0.000431952
2.00833 -0.00122083 0.00446451 0.00114154
2.0125 -0.0016626 0.00316344 0.000369695
2.01667 -0.000810027 0.00114671 -0.00145682
2.02083 0.000705399 -0.000385013 -0.00248312
2.025 0.00139291 -0.000791829 -0.00137874
2.02917 0.000632486 -0.001022 0.000773022
2.03333 -0.000288581 -0.00256742 0.00136666
2.0375 0.000394887 -0.00535005 -0.00048746
2.04167 0.00257327 -0.00762359 -0.00250799
2.04583 0.00424975 -0.00828775 -0.00203315
2.05 0.00409916 -0.0081827 0.000373344
2.05417 0.00306889 -0.00837914 0.00159585
2.05833 0.00281855 -0.00837139 0.000152775
2.0625 0.00344622 -0.00726823 -0.00198941
2.06667 0.00377349 -0.00583713 -0.00234357
2.07083 0.00329727 -0.00553542 -0.00105135
2.075 0.00260982 -0.00595423 -8.65447e-06
2.07917 0.00212869 -0.00535871 -0.000135008
2.08333 0.00173705 -0.00383015 -0.00095728
2.0875 0.00167908 -0.00345719 -0.00193988
2.09167 0.00236861 -0.00466694 -0.00257515
2.09583 0.00304802 -0.00490792 -0.0019132
2.1 0.00223715 -0.00255047 7.772e-05
2.10417 0.000163368 0.000270095 0.00124859
2.10833 -0.00095439 0.00103824 -0.000307281
2.1125 -0.000183001 0.00104461 -0.00277174
2.11667 0.000278608 0.00306324 -0.00234765
2.12083 -0.00168127 0.00630274 0.00104738
2.125 -0.0045099 0.00755316 0.00300639
2.12917 -0.00513127 0.00682405 0.0010097
2.13333 -0.00374625 0.00746048 -0.00161505
2.1375 -0.0034501 0.010104 -0.00071854
2.14167 -0.00516629 0.0111723 0.00241136
2.14583 -0.0062994 0.00911178 0.00346781
2.15 -0.00527766 0.00756681 0.00195899
2.15417 -0.00411661 0.00926949 0.00123774
2.15833 -0.00467471 0.0110336 0.00240909
2.1625 -0.00539629 0.00924862 0.00295768
2.16667 -0.0044387 0.00681733 0.00197017
2.17083 -0.00348491 0.00879408 0.00196625
2.175 -0.00495133 0.0133019 0.00381488
2.17917 -0.00718034 0.0136746 0.00431584
2.18333 -0.00655737 0.00929527 0.00169688
2.1875 -0.00366006 0.00696585 -0.000427518
2.19167 -0.00279416 0.00978114 0.00150418
2.19583 -0.0049977 0.0118165 0.00470327
2.2 -0.00605914 0.00772335 0.00397925
2.20417 -0.00316962 0.0013691 6.51001e-05
2.20833 0.000627973 -0.00073324 -0.00141594
2.2125 0.00144371 0.000143095 0.00115208
2.21667 0.000547519 -0.00192522 0.00306402
2.22083 0.00162066 -0.00682541 0.000992557
2.225 0.00441301 -0.00878147 -0.00211664
2.22917 0.00557611 -0.00688677 -0.00238365
2.23333 0.00474459 -0.0072302 -0.00103285
2.2375 0.00513767 -0.0125571 -0.00148828
2.24167 0.00777284 -0.0170226 -0.00338606
2.24583 0.00944049 -0.015271 -0.00373655
2.25 0.00800207 -0.0109279 -0.00250983
2.25417 0.00597667 -0.0104662 -0.00260938
2.25833 0.00629532 -0.0127366 -0.00443006
2.2625 0.00738788 -0.0114551 -0.00472939
2.26667 0.0059153 -0.00616925 -0.00213065
2.27083 0.00261043 -0.00318897 6.09768e-06
2.275 0.00136702 -0.00492713 -0.00132577
2.27917 0.0028572 -0.00567907 -0.00365679
2.28333 0.00321876 -0.00128937 -0.00252962
2.2875 0.000293419 0.003307 0.00141451
2.29167 -0.00260747 0.00181008 0.00304891
2.29583 -0.00181707 -0.0026703 0.000552863
2.3 0.000692682 -0.0019743 -0.00177113
2.30417 0.00026685 0.00395477 -0.000251408
2.30833 -0.00303576 0.0066264 0.00254221
2.3125 -0.00455478 0.00247086 0.00228646
2.31667 -0.00250658 -0.00171189 -5.86681e-05
2.32083 -0.000562734 -0.000236294 -0.00031393
2.325 -0.00144783 0.00243182 0.00159949
2.32917 -0.00258578 0.000236022 0.0018508
2.33333 -0.00116165 -0.0033978 -0.000114072
2.3375 0.000503052 -0.00150444 -0.000435615
2.34167 -0.000962371 0.00368297 0.00192582
2.34583 -0.00349368 0.00387663 0.00270759
2.35 -0.00259945 -0.00105298 -0.000225375
2.35417 0.00079373 -0.00252008 -0.00249376
2.35833 0.00145508 0.00224255 -0.000306154
2.3625 -0.00144782 0.00550857 0.00283998
2.36667 -0.00287352 0.00219688 0.00176205
2.37083 -0.000261748 -0.00199064 -0.00184445
2.375 0.00251217 -0.00090575 -0.00244279
2.37917 0.00190358 0.00202771 0.000250596
2.38333 0.000114104 0.00106787 0.00156783
2.3875 0.00040303 -0.00151468 2.362e-05
2.39167 0.0015267 -0.000458632 -0.0011539
2.39583 0.000912946 0.00231656 -0.000413866
2.4 -0.0002579 0.00125574 0.000160483
2.40417 0.000411509 -0.00250397 -0.000185051
2.40833 0.00169085 -0.00306621 0.000454603
2.4125 0.000972493 -0.000195502 0.00195779
2.41667 -0.000670976 0.000589488 0.00147527
2.42083 -0.00025282 -0.00222681 -0.00103501
2.425 0.00169654 -0.00416994 -0.00166901
2.42917 0.00199818 -0.00296922 0.000898758
2.43333 0.000343797 -0.00149791 0.00257848
2.4375 -0.000481731 -0.00137482 0.00038717
2.44167 0.000301285 -0.000310397 -0.00253827
2.44583 0.000409199 0.00238157 -0.00201332
2.45 -0.0010847 0.00375579 0.000668948
2.45417 -0.00225646 0.00298823 0.00138922
2.45833 -0.00212159 0.00347404 -0.000216359
2.4625 -0.00224072 0.00646259 -0.00120649
2.46667 -0.00329479 0.00807427 -0.000738225
2.47083 -0.00355158 0.00613038 -0.00053537
2.475 -0.0024587 0.00467994 -0.000696131
2.47917 -0.00237612 0.007074 0.000381082
2.48333 -0.00430635 0.00926223 0.00173212
2.4875 -0.00508296 0.00612847 0.000286972
2.49167 -0.00223543 0.000932015 -0.00314017
2.49583 0.000979182 0.000800652 -0.00336107
2.5 -3.38637e-05 0.00458648 0.000881601
2.50417 -0.00339329 0.0041242 0.0031709
2.50833 -0.00296869 -0.00173874 -0.00119779
2.5125 0.00159722 -0.00409863 -0.00653167
2.51667 0.00351283 0.00134035 -0.00452422
2.52083 -0.000442599 0.00624677 0.00221147
2.525 -0.00434096 0.00318771 0.00345388
2.52917 -0.00252924 -0.00164343 -0.00240257
2.53333 0.00130215 0.000799534 -0.00574944
2.5375 0.000767543 0.0061444 -0.00152078
2.54167 -0.00235117 0.00400251 0.00308716
2.54583 -0.00189073 -0.00314793 0.0014833
2.55 0.001421 -0.00373073 -0.00183225
2.55417 0.00174591 0.00199269 -0.000703044
2.55833 -0.000527243 0.00157129 0.00183785
2.5625 0.000657025 -0.00733941 0.000823413
2.56667 0.00514194 -0.0118632 -0.000500247
2.57083 0.00590269 -0.00639764 0.0023694
2.575 0.00202068 -0.00291931 0.00499374
2.57917 0.00141291 -0.00997329 0.00162333
2.58333 0.00694379 -0.0174261 -0.00277164
2.5875 0.0104881 -0.0141274 7.75166e-05
2.59167 0.00647245 -0.00693105 0.00666891
2.59583 0.00154645 -0.00790976 0.00658894
2.6 0.00340752 -0.0136477 -0.00010721
2.60417 0.00822222 -0.0127424 -0.00293749
2.60833 0.0077047 -0.00607145 0.00203268
2.6125 0.00259021 -0.00395867 0.00688893
2.61667 0.000225675 -0.00777013 0.00496372
2.62083 0.00255829 -0.00883174 -0.000412085
2.625 0.00458672 -0.00380715 -0.00267412
2.62917 0.00292527 0.00119051 -0.000501478
2.63333 -0.000504287 0.0018173 0.00265823
2.6375 -0.00265699 0.00119406 0.00305437
2.64167 -0.00286217 0.00337979 -0.000175945
2.64583 -0.0024279 0.00766395 -0.00369066
2.65 -0.00303622 0.010457 -0.00313955
2.65417 -0.00490276 0.00962341 0.000582016
2.65833 -0.00609439 0.00693208 0.00176604
2.6625 -0.00523673 0.00666908 -0.00158105
2.66667 -0.00404971 0.00994801 -0.00472847
2.67083 -0.00455794 0.0120305 -0.00409473
2.675 -0.00548283 0.00950916 -0.00216528
2.67917 -0.00503107 0.00714255 -0.00177654
2.68333 -0.00490234 0.0106041 -0.00186765
2.6875 -0.0068708 0.0156935 -0.00177105
2.69167 -0.00813604 0.0141598 -0.00308287
2.69583 -0.00571916 0.00774052 -0.00466717
2.7 -0.00265375 0.00538961 -0.00286746
2.70417 -0.0033413 0.00790199 0.00100836
2.70833 -0.00542824 0.00717076 0.0010515
2.7125 -0.0034448 0.000819068 -0.00315108
2.71667 0.00163815 -0.00418643 -0.00479658
2.72083 0.00390102 -0.00396421 -0.000742051
2.725 0.00213965 -0.00324335 0.00371471
2.72917 0.00105512 -0.00636186 0.00358611
2.73333 0.00346282 -0.0113478 0.000758249
2.7375 0.00720159 -0.0148294 -0.000486905
2.74167 0.00937321 -0.0162316 0.00119477
2.74583 0.00923584 -0.0161771 0.00445446
2.75 0.00766262 -0.015389 0.00633455
2.75417 0.0065782 -0.0145539 0.00404961
2.75833 0.00719614 -0.0124197 -0.000399645
2.7625 0.00737271 -0.00696277 -0.000779335
2.76667 0.00400246 -0.000252027 0.00396851
2.77083 -0.00127008 0.00311649 0.00643546
2.775 -0.00358236 0.00374032 0.00211848
2.77917 -0.0025718 0.0063387 -0.00291081
2.78333 -0.00257317 0.0101877 -0.00211733
2.7875 -0.00472747 0.0099689 0.00129781
2.79167 -0.00577084 0.00689443 0.00147126
2.79583 -0.00506369 0.00778117 -0.000457402
2.8 -0.00538407 0.0119512 -0.000966735
2.80417 -0.00642813 0.0115256 -0.000925152
2.80833 -0.00523589 0.00614263 -0.00119193
2.8125 -0.00302973 0.00398991 0.000785893
2.81667 -0.00362268 0.00647374 0.00440504
2.82083 -0.00548223 0.00576676 0.00440439
2.825 -0.00372322 -0.00027269 0.000668194
2.82917 0.000672151 -0.00443605 0.000185139
2.83333 0.00207536 -0.00350688 0.00496821
2.8375 -0.000150025 -0.00232391 0.00801573
2.84167 -0.00140629 -0.00300907 0.00533664
2.84583 -0.000275876 -0.00222075 0.00193333
2.85 0.000401763 0.000268592 0.0021914
2.85417 -0.000423717 0.00126653 0.00388516
2.85833 -0.00146491 0.00150266 0.00437417
2.8625 -0.00256731 0.00327897 0.00388276
2.86667 -0.00332781 0.00377078 0.00168099
2.87083 -0.00160437 0.00026467 -0.00250411
2.875 0.00199855 -0.0028033 -0.00445645
2.87917 0.00302934 -0.0014699 -0.00153495
2.88333 0.000771553 -0.000360284 0.000455695
2.8875 0.000645445 -0.00389168 -0.00414998
2.89167 0.00488669 -0.00737341 -0.0101384
2.89583 0.00819829 -0.00617875 -0.00954721
2.9 0.00705022 -0.0047613 -0.00512617
2.90417 0.00543625 -0.00738699 -0.00486374
2.90833 0.0069539 -0.00959813 -0.00852955
2.9125 0.00904671 -0.00762584 -0.0102398
2.91667 0.00920854 -0.00611509 -0.00911246
2.92083 0.0092403 -0.00842041 -0.00790458
2.925 0.0100288 -0.00967682 -0.00656837
2.92917 0.00956743 -0.00669749 -0.0049754
2.93333 0.00837882 -0.00420308 -0.00569007
2.9375 0.0094445 -0.00518389 -0.00786144
2.94167 0.0117135 -0.00564034 -0.00603817
2.94583 0.0113209 -0.00359615 -1.23325e-05
2.95 0.00924529 -0.00281477 0.00323571
2.95417 0.0098765 -0.00427902 0.00167144
2.95833 0.01273 -0.00427114 0.0022169
2.9625 0.0134593 -0.0025437 0.00875153
2.96667 0.0117306 -0.00232656 0.0164513
2.97083 0.0105443 -0.00243485 0.021481
2.975 0.00981802 0.000536467 0.0262187
2.97917 0.00771449 0.00405405 0.0322838
2.98333 0.00548402 0.00383138 0.0379016
2.9875 0.00450782 0.00282888 0.0433643
2.99167 0.00230108 0.00591798 0.0499954
2.99583 -0.00258202 0.0100739 0.0542137
