0 0 0 0
0.00416667 0 0 0
0.00833333 0 0 0
0.0125 0 0 0
0.0166667 0 0 0
0.0208333 0 0 0
0.025 0 0 0
0.0291667 0 0 0
0.0333333 0 0 0
0.0375 0 0 0
0.0416667 0 0 0
0.0458333 0 0 0
0.05 0 0 0
0.0541667 0 0 0
0.0583333 0 0 0
0.0625 0 0 0
0.0666667 0 0 0
0.0708333 0 0 0
0.075 0 0 0
0.0791667 0 0 0
0.0833333 0 0 0
0.0875 0 0 0
0.0916667 0 0 0
0.0958333 0 0 0
0.1 0 0 0
0.104167 0 0 0
0.108333 0 0 0
0.1125 0 0 0
0.116667 0 0 0
0.120833 0 0 0
0.125 0 0 0
0.129167 0 0 0
0.133333 0 0 0
0.1375 0 0 0
0.141667 0 0 0
0.145833 0 0 0
0.15 0 0 0
0.154167 0 0 0
0.158333 0 0 0
0.1625 0 0 0
0.166667 0 0 0
0.170833 0 0 0
0.175 0 0 0
0.179167 0 0 0
0.183333 0 0 0
0.1875 0 0 0
0.191667 0 0 0
0.195833 0 0 0
0.2 -5.00488e-321 0 1.46752e-319
0.204167 -3.09542e-317 7.45402e-319 8.60031e-316
0.208333 -1.54374e-313 3.72266e-315 4.201e-312
0.2125 -6.47093e-310 1.5534e-311 1.72549e-308
0.216667 -2.29517e-306 5.45573e-308 5.99929e-305
0.220833 -6.93215e-303 1.62368e-304 1.77688e-301
0.225 -1.79358e-299 4.12088e-301 4.51e-298
0.229167 -3.9978e-296 8.97268e-298 9.86502e-295
0.233333 -7.71773e-293 1.68565e-294 1.86955e-291
0.2375 -1.29695e-289 2.74713e-291 3.08518e-288
0.241667 -1.90635e-286 3.90424e-288 4.45461e-285
0.245833 -2.46208e-283 4.86392e-285 5.65317e-282
0.25 -2.80609e-280 5.33975e-282 6.33289e-279
0.254167 -2.83391e-277 5.19509e-279 6.2881e-276
0.258333 -2.546e-274 4.50818e-276 5.55576e-273
0.2625 -2.04241e-271 3.51681e-273 4.38422e-270
0.266667 -1.46823e-268 2.49113e-270 3.10113e-267
0.270833 -9.49093e-266 1.62325e-267 1.97293e-264
0.275 -5.53518e-263 9.88728e-265 1.13269e-261
0.279167 -2.92195e-260 5.72864e-262 5.88731e-259
0.283333 -1.40062e-257 3.20459e-259 2.77912e-256
0.2875 -6.11607e-255 1.74353e-256 1.19527e-253
0.291667 -2.44096e-252 9.20283e-254 4.69903e-251
0.295833 -8.93522e-250 4.66549e-251 1.69443e-248
0.3 -3.01137e-247 2.24347e-248 5.62512e-246
0.304167 -9.38452e-245 1.0121e-245 1.72646e-243
0.308333 -2.71778e-242 4.25046e-243 4.92266e-241
0.3125 -7.35686e-240 1.65403e-240 1.3113e-238
0.316667 -1.87389e-237 5.95074e-238 3.28463e-236
0.320833 -4.52426e-235 1.9781e-235 7.79233e-234
0.325 -1.04306e-232 6.07773e-233 1.76379e-231
0.329167 -2.31131e-230 1.72772e-230 3.83456e-229
0.333333 -4.94479e-228 4.55008e-228 8.04607e-227
0.3375 -1.02311e-225 1.1118e-225 1.63306e-224
0.341667 -2.04493e-223 2.52452e-223 3.2038e-222
0.345833 -3.93523e-221 5.33548e-221 6.05719e-220
0.35 -7.25917e-219 1.05124e-218 1.09893e-217
0.354167 -1.27791e-216 1.93397e-216 1.9047e-215
0.358333 -2.13878e-214 3.32721e-214 3.14155e-213
0.3625 -3.3934e-212 5.36092e-212 4.916e-211
0.366667 -5.09416e-210 8.10135e-210 7.28335e-209
0.370833 -7.22768e-208 1.14985e-207 1.02038e-206
0.375 -9.68746e-206 1.53492e-205 1.351e-204
0.379167 -1.22662e-203 1.92956e-203 1.69037e-202
0.383333 -1.46774e-201 2.28724e-201 1.99924e-200
0.3875 -1.66066e-199 2.55966e-199 2.23634e-198
0.391667 -1.77796e-197 2.70764e-197 2.36758e-196
0.395833 -1.80274e-195 2.71041e-195 2.37419e-194
0.4 -1.73263e-193 2.57043e-193 2.25711e-192
0.404167 -1.57993e-191 2.31192e-191 2.03615e-190
0.408333 -1.36817e-189 1.97421e-189 1.74458e-188
0.4125 -1.12621e-187 1.60217e-187 1.42103e-186
0.416667 -8.82022e-186 1.23695e-185 1.1014e-184
0.420833 -6.57842e-184 9.09372e-184 8.13045e-183
0.425 -4.67667e-182 6.37203e-182 5.72142e-181
0.429167 -3.17183e-180 4.25947e-180 3.84144e-179
0.433333 -2.05407e-178 2.71867e-178 2.46297e-177
0.4375 -1.27121e-176 1.65825e-176 1.50926e-175
0.441667 -7.52451e-175 9.6738e-175 8.84638e-174
0.445833 -4.26325e-173 5.40191e-173 4.96374e-172
0.45 -2.3139e-171 2.88962e-171 2.66828e-170
0.454167 -1.20398e-169 1.48186e-169 1.37519e-168
0.458333 -6.01014e-168 7.29067e-168 6.8002e-167
0.4625 -2.88041e-166 3.44378e-166 3.22865e-165
0.466667 -1.32627e-164 1.56283e-164 1.47286e-163
0.470833 -5.87101e-163 6.81864e-163 6.46012e-162
0.475 -2.50026e-161 2.86204e-161 2.72612e-160
0.479167 -1.02501e-159 1.15645e-159 1.10752e-158
0.483333 -4.04777e-158 4.5012e-158 4.33449e-157
0.4875 -1.54068e-156 1.68865e-156 1.63518e-155
0.491667 -5.65563e-155 6.10973e-155 5.94966e-154
0.495833 -2.00341e-153 2.13318e-153 2.08916e-152
0.5 -6.85214e-152 7.19118e-152 7.08351e-151
0.504167 -2.26407e-150 2.34197e-150 2.32039e-149
0.508333 -7.23091e-149 7.37228e-149 7.34755e-148
0.5125 -2.23339e-147 2.24435e-147 2.2502e-146
0.516667 -6.67463e-146 6.611e-146 6.66832e-145
0.520833 -1.93106e-144 1.88517e-144 1.91314e-143
0.525 -5.41106e-143 5.20654e-143 5.31642e-142
0.529167 -1.46924e-141 1.39338e-141 1.43167e-140
0.533333 -3.86749e-140 3.61504e-140 3.73781e-139
0.5375 -9.87383e-139 9.0965e-139 9.46537e-138
0.541667 -2.44599e-137 2.22098e-137 2.32592e-136
0.545833 -5.882e-136 5.26396e-136 5.54851e-135
0.55 -1.37365e-134 1.2116e-134 1.28548e-133
0.554167 -3.11666e-133 2.70932e-133 2.89358e-132
0.558333 -6.87287e-132 5.88835e-132 6.33089e-131
0.5625 -1.47364e-130 1.2443e-130 1.34686e-129
0.566667 -3.07339e-129 2.55757e-129 2.78723e-128
0.570833 -6.23704e-128 5.11512e-128 5.61281e-127
0.575 -1.23206e-126 9.95803e-127 1.10028e-125
0.579167 -2.36993e-125 1.8877e-125 2.10036e-124
0.583333 -4.44058e-124 3.48569e-124 3.90577e-123
0.5875 -8.10764e-123 6.27172e-123 7.07765e-122
0.591667 -1.44293e-121 1.09995e-121 1.25022e-120
0.595833 -2.50399e-120 1.88101e-120 2.15348e-119
0.6 -4.23835e-119 3.13747e-119 3.61819e-118
0.604167 -6.99963e-118 5.10592e-118 5.93162e-117
0.608333 -1.12824e-116 8.10976e-117 9.49118e-116
0.6125 -1.77543e-115 1.25751e-115 1.48273e-114
0.616667 -2.72842e-114 1.90421e-114 2.26219e-113
0.620833 -4.09592e-113 2.81669e-113 3.37165e-112
0.625 -6.0082e-112 4.07108e-112 4.91051e-111
0.629167 -8.61415e-111 5.75104e-111 6.99039e-110
0.633333 -1.20746e-109 7.94269e-110 9.72937e-109
0.6375 -1.65516e-108 1.07272e-108 1.32431e-107
0.641667 -2.21935e-107 1.41717e-107 1.76333e-106
0.645833 -2.91169e-106 1.83179e-106 2.29733e-105
0.65 -3.73857e-105 2.31721e-105 2.92933e-104
0.654167 -4.69908e-104 2.86941e-104 3.65658e-103
0.658333 -5.78324e-103 3.47906e-103 4.4694e-102
0.6625 -6.97082e-102 4.13123e-102 5.35045e-101
0.666667 -8.23098e-101 4.80554e-101 6.27481e-100
0.670833 -9.52297e-100 5.4771e-100 7.21072e-99
0.675 -1.0798e-98 6.11789e-99 8.1212e-98
0.679167 -1.20022e-97 6.69869e-98 8.96644e-97
0.683333 -1.30803e-96 7.19131e-97 9.70671e-96
0.6875 -1.39798e-95 7.57093e-96 1.03054e-94
0.691667 -1.46557e-94 7.81811e-95 1.07323e-93
0.695833 -1.50737e-93 7.92054e-94 1.09658e-92
0.7 -1.52135e-92 7.87398e-93 1.0995e-91
0.704167 -1.50701e-91 7.68256e-92 1.08203e-90
0.708333 -1.46543e-90 7.35822e-91 1.04534e-89
0.7125 -1.39914e-89 6.91953e-90 9.91593e-89
0.716667 -1.31184e-88 6.38996e-89 9.2373e-88
0.720833 -1.2081e-87 5.79585e-88 8.45223e-87
0.725 -1.09297e-86 5.16429e-87 7.59784e-86
0.729167 -9.71565e-86 4.52121e-86 6.71084e-85
0.733333 -8.48725e-85 3.88977e-85 5.82514e-84
0.7375 -7.28732e-84 3.28922e-84 4.96995e-83
0.741667 -6.15101e-83 2.73422e-83 4.16856e-82
0.745833 -5.10475e-82 2.23469e-82 3.43778e-81
0.75 -4.16602e-81 1.79602e-81 2.78804e-80
0.754167 -3.34391e-80 1.41968e-80 2.2239e-79
0.758333 -2.64023e-79 1.10386e-79 1.74501e-78
0.7625 -2.05093e-78 8.44411e-79 1.34712e-77
0.766667 -1.56763e-77 6.35585e-78 1.02332e-76
0.770833 -1.1792e-76 4.708e-77 7.65019e-76
0.775 -8.73053e-76 3.43247e-76 5.6293e-75
0.779167 -6.36309e-75 2.46345e-75 4.07772e-74
0.783333 -4.56593e-74 1.74065e-74 2.90819e-73
0.7875 -3.22615e-73 1.21106e-73 2.04235e-72
0.791667 -2.24487e-72 8.29791e-73 1.41253e-71
0.795833 -1.53853e-71 5.59985e-72 9.62234e-71
0.8 -1.0387e-70 3.72259e-71 6.4571e-70
0.804167 -6.90862e-70 2.43799e-70 4.26897e-69
0.808333 -4.52763e-69 1.57322e-69 2.78094e-68
0.8125 -2.92401e-68 1.0004e-68 1.78524e-67
0.816667 -1.8611e-67 6.26954e-68 1.12951e-66
0.820833 -1.1676e-66 3.87283e-67 7.04413e-66
0.825 -7.22115e-66 2.35832e-66 4.33066e-65
0.829167 -4.40303e-65 1.41582e-65 2.62496e-64
0.833333 -2.64717e-64 8.38101e-65 1.56885e-63
0.8375 -1.56944e-63 4.8923e-64 9.24656e-63
0.841667 -9.17674e-63 2.81648e-63 5.37483e-62
0.845833 -5.29248e-62 1.59928e-62 3.08164e-61
0.85 -3.01094e-61 8.95805e-62 1.74292e-60
0.854167 -1.68991e-60 4.95014e-61 9.72518e-60
0.858333 -9.35814e-60 2.69886e-60 5.35409e-59
0.8625 -5.11352e-59 1.45194e-59 2.9086e-58
0.866667 -2.75741e-58 7.70836e-59 1.55933e-57
0.870833 -1.46748e-57 4.03891e-58 8.25064e-57
0.875 -7.70862e-57 2.0888e-57 4.30898e-56
0.879167 -3.99719e-56 1.06635e-56 2.22146e-55
0.883333 -2.04619e-55 5.37422e-56 1.13063e-54
0.8875 -1.03417e-54 2.67412e-55 5.68149e-54
0.891667 -5.16091e-54 1.31382e-54 2.81902e-53
0.895833 -2.54327e-53 6.37406e-54 1.38123e-52
0.9 -1.23772e-52 3.05395e-53 6.68354e-52
0.904167 -5.94921e-52 1.44514e-52 3.19413e-51
0.908333 -2.82445e-51 6.75449e-52 1.5078e-50
0.9125 -1.3246e-50 3.11852e-51 7.03089e-50
0.916667 -6.13681e-50 1.42237e-50 3.23885e-49
0.920833 -2.80896e-49 6.40937e-50 1.47407e-48
0.925 -1.27036e-48 2.85361e-49 6.62863e-48
0.929167 -5.67695e-48 1.25539e-48 2.9454e-47
0.933333 -2.50696e-47 5.45766e-48 1.29333e-46
0.9375 -1.09409e-46 2.34479e-47 5.61241e-46
0.941667 -4.71916e-46 9.95642e-47 2.40712e-45
0.945833 -2.01192e-45 4.17865e-46 1.02043e-44
0.95 -8.4786e-45 1.73353e-45 4.27602e-44
0.954167 -3.53209e-44 7.10916e-45 1.77129e-43
0.958333 -1.45467e-43 2.88222e-44 7.25384e-43
0.9625 -5.92309e-43 1.15527e-43 2.93697e-42
0.966667 -2.38458e-42 4.57844e-43 1.17574e-41
0.970833 -9.49258e-42 1.79414e-42 4.65408e-41
0.975 -3.73672e-41 6.95223e-42 1.82176e-40
0.979167 -1.45464e-40 2.66409e-41 7.05194e-40
0.983333 -5.60027e-40 1.00961e-40 2.69969e-39
0.9875 -2.13242e-39 3.78416e-40 1.02219e-38
0.991667 -8.03103e-39 1.40286e-39 3.8281e-38
0.995833 -2.99179e-38 5.14416e-39 1.41807e-37
1 -1.10249e-37 1.86592e-38 5.19631e-37
1.00417 -4.01904e-37 6.69537e-38 1.88364e-36
1.00833 -1.44944e-36 2.37672e-37 6.75511e-36
1.0125 -5.17167e-36 8.34698e-37 2.39672e-35
1.01667 -1.82572e-35 2.90033e-36 8.41345e-35
1.02083 -6.37722e-35 9.97132e-36 2.9223e-34
1.025 -2.20416e-34 3.39209e-35 1.00436e-33
1.02917 -7.53862e-34 1.14185e-34 3.41579e-33
1.03333 -2.55149e-33 3.80364e-34 1.14959e-32
1.0375 -8.54616e-33 1.25388e-33 3.82887e-32
1.04167 -2.83296e-32 4.09072e-33 1.26209e-31
1.04583 -9.2944e-32 1.32082e-32 4.11734e-31
1.05 -3.01808e-31 4.22096e-32 1.32945e-30
1.05417 -9.70035e-31 1.3351e-31 4.24885e-30
1.05833 -3.08608e-30 4.17995e-31 1.3441e-29
1.0625 -9.71867e-30 1.29538e-30 4.20892e-29
1.06667 -3.02972e-29 3.97385e-30 1.30467e-28
1.07083 -9.34993e-29 1.20677e-29 4.00353e-28
1.075 -2.85655e-28 3.62788e-29 1.2162e-27
1.07917 -8.64003e-28 1.07972e-28 3.6577e-27
1.08333 -2.58728e-27 3.18134e-28 1.08908e-26
1.0875 -7.67081e-27 9.28039e-28 3.21055e-26
1.09167 -2.25175e-26 2.68034e-27 9.3708e-26
1.09583 -6.54476e-26 7.66469e-27 2.7081e-25
1.1 -1.88354e-25 2.17016e-26 7.74915e-25
1.10417 -5.36752e-25 6.08402e-26 2.19563e-24
1.10833 -1.51462e-24 1.6889e-25 6.1601e-24
1.1125 -4.23226e-24 4.64238e-25 1.71141e-23
1.11667 -1.1711e-23 1.26361e-24 4.70831e-23
1.12083 -3.20903e-23 3.40584e-24 1.28272e-22
1.125 -8.70814e-23 9.09052e-24 3.4607e-22
1.12917 -2.34022e-22 2.40277e-23 9.24631e-22
1.13333 -6.22837e-22 6.28929e-23 2.44656e-21
1.1375 -1.64168e-21 1.63029e-22 6.41107e-21
1.14167 -4.28553e-21 4.18512e-22 1.66381e-20
1.14583 -1.10798e-20 1.06399e-21 4.27639e-20
1.15 -2.83709e-20 2.67891e-21 1.08858e-19
1.15417 -7.1951e-20 6.67997e-21 2.74447e-19
1.15833 -1.80729e-19 1.64965e-20 6.85293e-19
1.1625 -4.49625e-19 4.0347e-20 1.6948e-18
1.16667 -1.10792e-18 9.77322e-20 4.15133e-18
1.17083 -2.70402e-18 2.34463e-19 1.00713e-17
1.175 -6.5366e-18 5.57084e-19 2.42003e-17
1.17917 -1.56509e-17 1.31093e-18 5.75959e-17
1.18333 -3.71172e-17 3.05528e-18 1.35769e-16
1.1875 -8.71885e-17 7.05236e-18 3.16991e-16
1.19167 -2.02858e-16 1.61224e-17 7.33048e-16
1.19583 -4.67495e-16 3.65035e-17 1.67903e-15
1.2 -1.06711e-15 8.18552e-17 3.80908e-15
1.20417 -2.41263e-15 1.81787e-16 8.55891e-15
1.20833 -5.40279e-15 3.99835e-16 1.90481e-14
1.2125 -1.19837e-14 8.70951e-16 4.19871e-14
1.21667 -2.6327e-14 1.87887e-15 9.16657e-14
1.22083 -5.72862e-14 4.01408e-15 1.98208e-13
1.225 -1.23461e-13 8.49282e-15 4.24476e-13
1.22917 -2.63535e-13 1.77945e-14 9.0032e-13
1.23333 -5.57142e-13 3.69217e-14 1.89124e-12
1.2375 -1.16656e-12 7.58626e-14 3.93452e-12
1.24167 -2.4191e-12 1.54352e-13 8.10638e-12
1.24583 -4.96817e-12 3.10975e-13 1.65402e-11
1.25 -1.01048e-11 6.20372e-13 3.34214e-11
1.25417 -2.03533e-11 1.2254e-12 6.68753e-11
1.25833 -4.05981e-11 2.39657e-12 1.32511e-10
1.2625 -8.01918e-11 4.64055e-12 2.59998e-10
1.26667 -1.56853e-10 8.89608e-12 5.05134e-10
1.27083 -3.03794e-10 1.68833e-11 9.71729e-10
1.275 -5.82604e-10 3.17195e-11 1.85084e-09
1.27917 -1.10626e-09 5.89905e-11 3.49027e-09
1.28333 -2.07978e-09 1.08592e-10 6.51623e-09
1.2875 -3.87104e-09 1.97858e-10 1.20437e-08
1.29167 -7.13296e-09 3.56794e-10 2.20359e-08
1.29583 -1.30113e-08 6.36738e-10 3.991e-08
1.3 -2.34941e-08 1.12448e-09 7.15464e-08
1.30417 -4.19908e-08 1.96496e-09 1.26947e-07
1.30833 -7.42818e-08 3.39729e-09 2.22924e-07
1.3125 -1.30051e-07 5.81099e-09 3.874e-07
1.31667 -2.25328e-07 9.83245e-09 6.66192e-07
1.32083 -3.86328e-07 1.6456e-08 1.13355e-06
1.325 -6.55389e-07 2.72388e-08 1.90829e-06
1.32917 -1.10004e-06 4.45864e-08 3.17814e-06
1.33333 -1.82659e-06 7.21624e-08 5.2358e-06
1.3375 -3.00025e-06 1.15466e-07 8.5316e-06
1.34167 -4.87426e-06 1.82627e-07 1.37488e-05
1.34583 -7.83155e-06 2.8548e-07 2.19098e-05
1.35 -1.24429e-05 4.40971e-07 3.45217e-05
1.35417 -1.95468e-05 6.72953e-07 5.37736e-05
1.35833 -3.03564e-05 1.01441e-06 8.27953e-05
1.3625 -4.65994e-05 1.51006e-06 0.00012599
1.36667 -7.06965e-05 2.21934e-06 0.000189445
1.37083 -0.000105981 3.21946e-06 0.000281433
1.375 -0.000156963 4.60836e-06 0.000412974
1.37917 -0.000229621 6.50683e-06 0.000598464
1.38333 -0.000331731 9.05928e-06 0.000856292
1.3875 -0.000473172 1.2432e-05 0.0012094
1.39167 -0.000666196 1.6808e-05 0.00168563
1.39583 -0.00092559 2.23763e-05 0.00231781
1.4 -0.00126865 2.93158e-05 0.00314324
1.40417 -0.00171486 3.77708e-05 0.00420252
1.40833 -0.00228522 4.78196e-05 0.00553744
1.4125 -0.00300103 5.94344e-05 0.00718772
1.41667 -0.00388212 7.24368e-05 0.00918654
1.42083 -0.00494441 8.64504e-05 0.0115548
1.425 -0.00619689 0.000100858 0.0142944
1.42917 -0.00763806 0.000114768 0.0173808
1.43333 -0.00925217 0.00012701 0.0207558
1.4375 -0.0110056 0.000136148 0.0243215
1.44167 -0.0128437 0.000140552 0.0279364
1.44583 -0.0146898 0.000138501 0.0314155
1.45 -0.0164448 0.000128351 0.0345354
1.45417 -0.0179913 0.000108735 0.0370459
1.45833 -0.0191992 7.87917e-05 0.0386871
1.4625 -0.019936 3.83971e-05 0.039214
1.46667 -0.0200791 -1.16448e-05 0.0384238
1.47083 -0.0195306 -6.94902e-05 0.0361857
1.475 -0.0182317 -0.000132266 0.0324674
1.47917 -0.0161764 -0.000196234 0.0273535
1.48333 -0.0134192 -0.00025713 0.0210521
1.4875 -0.0100773 -0.000310652 0.0138841
1.49167 -0.00632358 -0.000353066 0.0062536
1.49583 -0.00236927 -0.000381839 -0.00139854
1.5 0.00156094 -0.00039619 -0.00865574
1.50417 0.0052608 -0.000397443 -0.0151913
1.50833 0.00857585 -0.000389068 -0.0208284
1.5125 0.0114327 -0.000376338 -0.0255822
1.51667 0.0138581 -0.000365574 -0.0296722
1.52083 0.0159815 -0.000363066 -0.0334973
1.525 0.0180194 -0.000373797 -0.0375718
1.52917 0.0202384 -0.000400196 -0.0424274
1.53333 0.0229032 -0.000441163 -0.048496
1.5375 0.0262161 -0.000491606 -0.0559913
1.54167 0.0302579 -0.000542656 -0.0648143
1.54583 0.0349432 -0.000582602 -0.0745021
1.55 0.0399992 -0.000598465 -0.0842361
1.55417 0.0449763 -0.000577974 -0.0929151
1.55833 0.0492905 -0.000511605 -0.0992838
1.5625 0.0522939 -0.000394326 -0.102101
1.56667 0.0533617 -0.000226724 -0.100316
1.57083 0.0519834 -1.5299e-05 -0.0932318
1.575 0.0478404 0.000228082 -0.0806186
1.57917 0.0408615 0.000487465 -0.0627726
1.58333 0.0312461 0.000744547 -0.0405094
1.5875 0.0194552 0.000980563 -0.0151008
1.59167 0.00617539 0.00117806 0.01183
1.59583 -0.00773867 0.00132238 0.0384397
1.6 -0.0213324 0.00140279 0.0628084
1.60417 -0.033626 0.00141333 0.0830888
1.60833 -0.0436908 0.00135345 0.0976574
1.6125 -0.0507266 0.00122834 0.105265
1.61667 -0.0541378 0.00104902 0.105179
1.62083 -0.0536037 0.000831763 0.0972995
1.625 -0.0491335 0.000596859 0.0822222
1.62917 -0.0410915 0.000366415 0.0612223
1.63333 -0.0301796 0.000161489 0.0361365
1.6375 -0.0173685 -1.04604e-06 0.00914547
1.64167 -0.00377924 -0.000111196 -0.0175153
1.64583 0.00946675 -0.000167325 -0.0418614
1.65 0.0214006 -0.000175864 -0.0624129
1.65417 0.031326 -0.00014915 -0.0783309
1.65833 0.0388751 -0.000101877 -0.0894015
1.6625 0.0439877 -4.71576e-05 -0.0958761
1.66667 0.0468195 6.56638e-06 -0.0982206
1.67083 0.0476115 5.67211e-05 -0.0968595
1.675 0.0465648 0.000105453 -0.0920018
1.67917 0.0437636 0.000156505 -0.0836082
1.68333 0.0391716 0.000211262 -0.0715049
1.6875 0.0327011 0.000265497 -0.0555929
1.69167 0.0243235 0.000308204 -0.0360634
1.69583 0.0141736 0.000323181 -0.0135234
1.7 0.00260309 0.000293031 0.0110271
1.70417 -0.00984503 0.00020429 0.036364
1.70833 -0.0225328 5.19017e-05 0.0612919
1.7125 -0.0348583 -0.000158528 0.0848745
1.71667 -0.0463676 -0.00041149 0.106546
1.72083 -0.0567997 -0.000684986 0.126055
1.725 -0.0660443 -0.000955277 0.143249
1.72917 -0.0740288 -0.00120122 0.157811
1.73333 -0.0805813 -0.00140671 0.169042
1.7375 -0.0853329 -0.00156072 0.175805
1.74167 -0.0877056 -0.00165544 0.176679
1.74583 -0.0870018 -0.00168387 0.170269
1.75 -0.0825709 -0.00163849 0.155589
1.75417 -0.0740002 -0.00151189 0.13239
1.75833 -0.0612669 -0.00129951 0.101327
1.7625 -0.0448054 -0.0010033 0.0639385
1.76667 -0.0254773 -0.000634979 0.0224538
1.77083 -0.0044614 -0.000217099 -0.0204864
1.775 0.0168946 0.000218577 -0.062123
1.77917 0.0372194 0.000635351 -0.0998176
1.78333 0.0552325 0.000997312 -0.131223
1.7875 0.0698219 0.001275 -0.154403
1.79167 0.0800966 0.00144956 -0.167927
1.79583 0.0854304 0.00151462 -0.170975
1.8 0.0855082 0.00147565 -0.163435
1.80417 0.080373 0.00134747 -0.145988
1.80833 0.070461 0.0011506 -0.120131
1.8125 0.0566077 0.00090765 -0.08812
1.81667 0.040009 0.000640421 -0.052808
1.82083 0.0221316 0.000368171 -0.0173779
1.825 0.00457275 0.000107227 0.0150035
1.82917 -0.0111185 -0.000128523 0.0415771
1.83333 -0.0236354 -0.000326902 0.060362
1.8375 -0.0320914 -0.000477248 0.0704306
1.84167 -0.0361434 -0.000571222 0.0720134
1.84583 -0.0360247 -0.000604547 0.0663881
1.85 -0.0324699 -0.000578939 0.0555664
1.85417 -0.0265425 -0.000503154 0.0418549
1.85833 -0.0194104 -0.000392215 0.0274126
1.8625 -0.0121289 -0.000264639 0.0139282
1.86667 -0.00549361 -0.00013843 0.00248745
1.87083 9.23617e-06 -2.73364e-05 -0.00637782
1.875 0.00416549 6.11449e-05 -0.0125415
1.87917 0.00695276 0.000125355 -0.016137
1.88333 0.00846839 0.000167169 -0.0174798
1.8875 0.0088942 0.000189278 -0.0170519
1.89167 0.00849017 0.000193613 -0.015483
1.89583 0.0075821 0.000181636 -0.0134601
1.9 0.00651059 0.000155885 -0.0115494
1.90417 0.00553946 0.000121279 -0.0100007
1.90833 0.00476242 8.4768e-05 -0.00864919
1.9125 0.00406617 5.30256e-05 -0.00700391
1.91667 0.00318975 2.9373e-05 -0.00451731
1.92083 0.00186867 1.1954e-05 -0.000916239
1.925 -1.91609e-06 -5.29526e-06 0.00357744
1.92917 -0.00227104 -2.89437e-05 0.00826321
1.93333 -0.00455935 -6.14965e-05 0.0122142
1.9375 -0.00639939 -9.86485e-05 0.0146305
1.94167 -0.00741385 -0.000130232 0.0151044
1.94583 -0.007437 -0.000144655 0.0136681
1.95 -0.00652238 -0.000134541 0.0106392
1.95417 -0.00485387 -0.000100453 0.00640542
1.95833 -0.00263723 -5.0711e-05 0.00131859
1.9625 -5.54756e-05 2.44937e-06 -0.00422662
1.96667 0.00268358 4.79544e-05 -0.00961255
1.97083 0.00525729 7.92965e-05 -0.0139033
1.975 0.00719186 9.46553e-05 -0.0159944
1.97917 0.00795321 9.44349e-05 -0.0150123
1.98333 0.00715518 7.85832e-05 -0.0107821
1.9875 0.00478543 4.59637e-05 -0.00409339
1.99167 0.00131347 -3.72763e-06 0.00343044
1.99583 -0.00240458 -6.71748e-05 0.00984258
2 -0.00540187 -0.00013641 0.0135392
2.00417 -0.00693353 -0.000201145 0.013772
2.00833 -0.00671186 -0.000253707 0.0107936
2.0125 -0.00494835 -0.000293816 0.00563004
2.01667 -0.00221429 -0.000330179 -0.000342194
2.02083 0.000781618 -0.000377707 -0.00578902
2.025 0.00338603 -0.000451816 -0.00965337
2.02917 0.0051074 -0.000562905 -0.0112537
2.03333 0.00565516 -0.000713628 -0.0103488
2.0375 0.0049654 -0.000899402 -0.00722627
2.04167 0.00323768 -0.00111032 -0.00275041
2.04583 0.000946999 -0.00133208 0.00176617
2.05 -0.0012366 -0.0015449 0.00494462
2.05417 -0.00265052 -0.00172195 0.00587556
2.05833 -0.00290405 -0.00183006 0.00454514
2.0625 -0.00206867 -0.00183451 0.00187667
2.06667 -0.000664978 -0.00170717 -0.000701652
2.07083 0.000581292 -0.00143469 -0.00196988
2.075 0.001101 -0.00102276 -0.00152485
2.07917 0.000763492 -0.000494916 6.34549e-05
2.08333 -8.35654e-05 0.000112522 0.00163429
2.0875 -0.000838332 0.000755842 0.00212312
2.09167 -0.000997361 0.00138658 0.00114624
2.09583 -0.000429047 0.00195159 -0.000839467
2.1 0.000580944 0.00239377 -0.00284657
2.10417 0.00151445 0.00265739 -0.00390307
2.10833 0.00190334 0.00269932 -0.00349904
2.1125 0.0015405 0.00250344 -0.0017209
2.11667 0.00052325 0.00209186 0.000907662
2.12083 -0.00084666 0.00152711 0.00369244
2.125 -0.00220543 0.000902617 0.00596152
2.12917 -0.00322233 0.000323972 0.00714014
2.13333 -0.00363241 -0.000112866 0.00679718
2.1375 -0.00325631 -0.00033989 0.00476387
2.14167 -0.00205652 -0.000327327 0.00131146
2.14583 -0.00021822 -8.46443e-05 -0.00275438
2.15 0.00181868 0.000346385 -0.00623932
2.15417 0.00344982 0.000903962 -0.00796927
2.15833 0.0041204 0.00152076 -0.00729434
2.1625 0.00357022 0.00213715 -0.00441864
2.16667 0.00197525 0.00270955 -0.000361137
2.17083 -0.000101487 0.00321101 0.00344296
2.175 -0.00193057 0.00362396 0.0056959
2.17917 -0.00289629 0.00392853 0.00568342
2.18333 -0.00270455 0.00409292 0.00344799
2.1875 -0.00144479 0.00407207 -0.000312326
2.19167 0.000483822 0.00381753 -0.00451027
2.19583 0.00251961 0.00329502 -0.00798564
2.2 0.00409948 0.00250173 -0.00980986
2.20417 0.00480487 0.00147448 -0.00954966
2.20833 0.00448028 0.000283587 -0.00743492
2.2125 0.00329928 -0.000985368 -0.00433861
2.21667 0.00173541 -0.00225377 -0.00150534
2.22083 0.000412713 -0.00346559 -8.40546e-05
2.225 -0.000129448 -0.00458889 -0.000659949
2.22917 0.000343009 -0.00560271 -0.00302516
2.23333 0.00166798 -0.00647616 -0.00631626
2.2375 0.00337855 -0.00715124 -0.00943677
2.24167 0.00492451 -0.00754006 -0.0115191
2.24583 0.00589678 -0.00754102 -0.01218
2.25 0.0061379 -0.00706964 -0.0114852
2.25417 0.00570766 -0.00609245 -0.00973615
2.25833 0.00476923 -0.00464963 -0.0072755
2.2625 0.00349536 -0.00285678 -0.00443195
2.26667 0.0020478 -0.000885362 -0.0015654
2.27083 0.000603067 0.00106959 0.000922926
2.275 -0.000645276 0.00282141 0.00270596
2.27917 -0.00154816 0.00421396 0.00372251
2.28333 -0.00209502 0.00513254 0.00429159
2.2875 -0.0024613 0.00550943 0.00502332
2.29167 -0.0029517 0.00533088 0.0065424
2.29583 -0.00385594 0.00464616 0.00918041
2.3 -0.00530107 0.00357132 0.0128193
2.30417 -0.00718873 0.00227712 0.0169629
2.30833 -0.00924743 0.00095729 0.0209666
2.3125 -0.0111552 -0.000214571 0.0242754
2.31667 -0.0126549 -0.00112099 0.0265579
2.32083 -0.0136104 -0.00171291 0.0277192
2.325 -0.0140012 -0.00199496 0.0278488
2.32917 -0.0138906 -0.0019976 0.0271594
2.33333 -0.0133953 -0.00175754 0.0259304
2.3375 -0.0126589 -0.00131943 0.024441
2.34167 -0.0118194 -0.000752182 0.0228937
2.34583 -0.0109695 -0.000157961 0.0213564
2.35 -0.0101258 0.000345784 0.0197529
2.35417 -0.00922694 0.000669505 0.0179001
2.35833 -0.00815842 0.000793513 0.0155569
2.3625 -0.00678622 0.00077487 0.0124625
2.36667 -0.00498214 0.000705798 0.00838411
2.37083 -0.00264627 0.000646735 0.0032077
2.375 0.000257245 0.000582325 -0.00293762
2.37917 0.00365192 0.000438857 -0.00960613
2.38333 0.00732301 0.000158251 -0.0161172
2.3875 0.0109591 -0.000223832 -0.0218077
2.39167 0.014268 -0.00056118 -0.0263244
2.39583 0.0171075 -0.000668867 -0.0297509
2.4 0.0195389 -0.000444315 -0.0324514
2.40417 0.0217515 4.73957e-05 -0.0347234
2.40833 0.0239016 0.000593507 -0.0365146
2.4125 0.0259822 0.000956161 -0.0374232
2.41667 0.0278229 0.00101701 -0.0369751
2.42083 0.0292133 0.000841309 -0.0349396
2.425 0.0300407 0.00061529 -0.0314068
2.42917 0.0303198 0.000505813 -0.0265652
2.43333 0.0300887 0.000550599 -0.0203913
2.4375 0.0292729 0.000660905 -0.0125651
2.44167 0.0276541 0.000724855 -0.00273835
2.44583 0.0249976 0.000715535 0.00903529
2.45 0.0212477 0.000705895 0.0220637
2.45417 0.0166287 0.000777337 0.0351909
2.45833 0.0115603 0.000908512 0.0472594
2.4625 0.00644904 0.000955749 0.0574977
2.46667 0.00152077 0.000758786 0.0655454
2.47083 -0.00318005 0.000289141 0.071156
2.475 -0.00764647 -0.00029198 0.0739026
2.47917 -0.0117682 -0.000731695 0.0731983
2.48333 -0.01533 -0.000871192 0.0686355
2.4875 -0.0181482 -0.000767821 0.0603341
2.49167 -0.0202101 -0.000647731 0.0489583
2.49583 -0.021671 -0.000724054 0.0353531
2.5 -0.0226976 -0.00103037 0.0201126
2.50417 -0.023299 -0.00140578 0.00347462
2.50833 -0.0233161 -0.00163699 -0.014334
2.5125 -0.0226109 -0.0016301 -0.0325943
2.51667 -0.0213144 -0.00146787 -0.0499001
2.52083 -0.0199199 -0.00131732 -0.0645212
2.525 -0.0191144 -0.00128422 -0.0751234
2.52917 -0.0194481 -0.00134553 -0.0813495
2.53333 -0.0210707 -0.00140473 -0.0838645
2.5375 -0.0237147 -0.00139823 -0.0838777
2.54167 -0.0269115 -0.00134551 -0.0825292
2.54583 -0.0302526 -0.00130622 -0.0805644
2.55 -0.0334959 -0.00130327 -0.0784152
2.55417 -0.0364685 -0.00129453 -0.0764441
2.55833 -0.0388966 -0.0012128 -0.0750042
2.5625 -0.0403468 -0.00102049 -0.0741984
2.56667 -0.0403446 -0.000721912 -0.0735597
2.57083 -0.0385635 -0.000335783 -0.0720018
2.575 -0.0349049 0.00012244 -0.0681861
2.57917 -0.0293946 0.000622554 -0.0610866
2.58333 -0.0220061 0.00110005 -0.0503453
2.5875 -0.0126088 0.00148366 -0.0361748
2.59167 -0.00114761 0.00175888 -0.0189491
2.59583 0.0120597 0.00199247 0.00110175
2.6 0.0261511 0.00226429 0.0237742
2.60417 0.0398482 0.00255638 0.0484205
2.60833 0.0518191 0.00272108 0.0735422
2.6125 0.0610289 0.00259076 0.0968497
2.61667 0.0668527 0.00214228 0.115824
2.62083 0.0689486 0.00154828 0.128415
2.625 0.067093 0.0010423 0.133416
2.62917 0.0611846 0.000715582 0.130399
2.63333 0.0514267 0.000448903 0.11943
2.6375 0.0384929 5.61925e-05 0.100975
2.64167 0.0234802 -0.000502824 0.0760803
2.64583 0.0076411 -0.00106132 0.0466037
2.65 -0.00791093 -0.00139997 0.0151209
2.65417 -0.0223163 -0.00145399 -0.0155728
2.65833 -0.0348798 -0.00135694 -0.0430998
2.6625 -0.0449352 -0.00128686 -0.0658797
2.66667 -0.0518403 -0.00129284 -0.0830892
2.67083 -0.0551223 -0.0012865 -0.0943781
2.675 -0.054642 -0.00118302 -0.0996504
2.67917 -0.0506428 -0.00100811 -0.0990559
2.68333 -0.0436648 -0.000846588 -0.0930863
2.6875 -0.0344133 -0.00071554 -0.0825876
2.69167 -0.0236637 -0.000540202 -0.0686164
2.69583 -0.0122067 -0.000271693 -0.0522314
2.7 -0.000800971 1.12791e-05 -0.034347
2.70417 0.00988256 0.000170726 -0.0156966
2.70833 0.0193067 0.000183587 0.00311616
2.7125 0.0271041 0.000197096 0.0215258
2.71667 0.0331231 0.00036274 0.0389185
2.72083 0.0374709 0.000627602 0.0546262
2.725 0.0404815 0.000751641 0.0680576
2.72917 0.0425447 0.000571404 0.0788989
2.73333 0.0438644 0.000218795 0.0871908
2.7375 0.0443303 1.87397e-05 0.093124
2.74167 0.0436384 0.000152008 0.096664
2.74583 0.0415729 0.000462723 0.097345
2.75 0.0381926 0.000644009 0.0944922
2.75417 0.0337509 0.000595347 0.0877303
2.75833 0.0284628 0.000532032 0.0773263
2.7625 0.0223918 0.000713856 0.064058
2.76667 0.0155859 0.00111731 0.0487819
2.77083 0.00827949 0.0014485 0.0321735
2.775 0.00088054 0.00148277 0.0148682
2.77917 -0.00629246 0.00131863 -0.00228438
2.78333 -0.013242 0.00124061 -0.0183128
2.7875 -0.0201988 0.00136873 -0.0326043
2.79167 -0.0272521 0.00153037 -0.045276
2.79583 -0.0340573 0.00150058 -0.0569346
2.8 -0.0399001 0.00128952 -0.0679253
2.80417 -0.0440234 0.00110765 -0.0777266
2.80833 -0.0458803 0.0010687 -0.0850281
2.8125 -0.0451333 0.00103588 -0.0883689
2.81667 -0.0415501 0.000822734 -0.0867336
2.82083 -0.0350522 0.000479283 -0.0797111
2.825 -0.025933 0.000267863 -0.0673772
2.82917 -0.0150079 0.00034037 -0.0502941
2.83333 -0.0034952 0.000536623 -0.0297022
2.8375 0.00730553 0.000578375 -0.00758554
2.84167 0.0163029 0.00041156 0.0136613
2.84583 0.0227502 0.000244139 0.0318213
2.85 0.0262918 0.0002277 0.0453072
2.85417 0.0269971 0.000213916 0.0532814
2.85833 0.0253259 -7.23847e-05 0.0555782
2.8625 0.021946 -0.000660818 0.0526203
2.86667 0.0174799 -0.00126272 0.0453243
2.87083 0.0123755 -0.00160885 0.0348969
2.875 0.00697374 -0.00176034 0.0225871
2.87917 0.00163059 -0.00198898 0.00958257
2.88333 -0.00327818 -0.00239915 -0.00291994
2.8875 -0.00743315 -0.00280147 -0.0136935
2.89167 -0.010562 -0.00298765 -0.0216832
2.89583 -0.0123354 -0.00300017 -0.0262771
2.9 -0.0123803 -0.00301657 -0.0273502
2.90417 -0.0105469 -0.00303396 -0.025077
2.90833 -0.00721513 -0.00283401 -0.0198467
2.9125 -0.00327223 -0.00229567 -0.0124695
2.91667 0.000296416 -0.00159407 -0.00435715
2.92083 0.00283424 -0.000969135 0.00278015
2.925 0.00409554 -0.000391481 0.00765309
2.92917 0.00407048 0.000350979 0.00989087
2.93333 0.00292699 0.00122521 0.00985863
2.9375 0.0011659 0.0018267 0.00811949
2.94167 -0.000363152 0.00183674 0.00523407
2.94583 -0.000873833 0.00147927 0.00202137
2.95 -0.000198351 0.00127583 -0.000346825
2.95417 0.00111365 0.00133187 -0.000899154
2.95833 0.00229952 0.00113107 0.000384897
2.9625 0.00293943 0.000223206 0.00253191
2.96667 0.00298622 -0.00106023 0.00439571
2.97083 0.00240242 -0.00189568 0.00545047
2.975 0.00103821 -0.00198714 0.00571656
2.97917 -0.00101975 -0.00196032 0.00511979
2.98333 -0.00315694 -0.00250624 0.00330653
2.9875 -0.00455182 -0.00335109 0.000244835
2.99167 -0.00485268 -0.00348672 -0.00323691
2.99583 -0.00439924 -0.00246603 -0.00585062
