0 0 0 0
0.00416667 0 0 0
0.00833333 0 0 0
0.0125 0 0 0
0.0166667 0 0 0
0.0208333 0 0 0
0.025 0 0 0
0.0291667 0 0 0
0.0333333 0 0 0
0.0375 0 0 0
0.0416667 0 0 0
0.0458333 0 0 0
0.05 0 0 0
0.0541667 0 0 0
0.0583333 0 0 0
0.0625 0 0 0
0.0666667 0 0 0
0.0708333 0 0 0
0.075 0 0 0
0.0791667 0 0 0
0.0833333 0 0 0
0.0875 0 0 0
0.0916667 0 0 0
0.0958333 0 0 0
0.1 0 0 0
0.104167 0 0 0
0.108333 0 0 0
0.1125 0 0 0
0.116667 0 0 0
0.120833 0 0 0
0.125 0 0 0
0.129167 0 0 0
0.133333 0 0 0
0.1375 0 0 0
0.141667 0 0 0
0.145833 0 0 0
0.15 0 0 0
0.154167 0 0 0
0.158333 0 0 0
0.1625 0 0 0
0.166667 0 0 0
0.170833 0 0 0
0.175 0 0 0
0.179167 0 0 0
0.183333 0 0 0
0.1875 0 0 0
0.191667 -2.94463e-321 4.49254e-320 6.03748e-320
0.195833 -1.03784e-316 1.48628e-315 1.99843e-315
0.2 -2.78814e-312 3.90721e-311 5.25317e-311
0.204167 -6.01419e-308 8.25099e-307 1.10924e-306
0.208333 -1.0509e-303 1.41206e-302 1.89819e-302
0.2125 -1.49996e-299 1.97473e-298 2.65437e-298
0.216667 -1.7625e-295 2.27439e-294 3.05694e-294
0.220833 -1.71756e-291 2.17329e-290 2.92085e-290
0.225 -1.3978e-287 1.73491e-286 2.33152e-286
0.229167 -9.56269e-284 1.16464e-282 1.56504e-282
0.233333 -5.53368e-280 6.6153e-279 8.88903e-279
0.2375 -2.72456e-276 3.19812e-275 4.29707e-275
0.241667 -1.14774e-272 1.32324e-271 1.77783e-271
0.245833 -4.15855e-269 4.71049e-268 6.32837e-268
0.25 -1.30248e-265 1.44993e-264 1.94781e-264
0.254167 -3.54314e-262 3.87739e-261 5.20855e-261
0.258333 -8.40934e-259 9.04906e-258 1.21551e-257
0.2625 -1.74887e-255 1.85098e-254 2.48619e-254
0.266667 -3.20001e-252 3.33202e-251 4.47527e-251
0.270833 -5.17176e-249 5.29924e-248 7.11713e-248
0.275 -7.4103e-246 7.47362e-245 1.0037e-244
0.279167 -9.44679e-243 9.37991e-242 1.25966e-241
0.283333 -1.07512e-239 1.0512e-238 1.41163e-238
0.2875 -1.09588e-236 1.05536e-235 1.41716e-235
0.291667 -1.00356e-233 9.52094e-233 1.27845e-232
0.295833 -8.28121e-231 7.7413e-230 1.03945e-229
0.3 -6.17508e-228 5.68895e-227 7.63849e-227
0.304167 -4.17228e-225 3.78892e-224 5.08718e-224
0.308333 -2.56106e-222 2.29294e-221 3.07852e-221
0.3125 -1.43175e-219 1.264e-218 1.69702e-218
0.316667 -7.30733e-217 6.36247e-216 8.54189e-216
0.320833 -3.4127e-214 2.93105e-213 3.93497e-213
0.325 -1.46166e-211 1.23851e-210 1.66269e-210
0.329167 -5.75349e-209 4.81043e-208 6.45783e-208
0.333333 -2.08565e-206 1.72091e-205 2.31023e-205
0.3375 -6.97643e-204 5.68175e-203 7.62733e-203
0.341667 -2.15741e-201 1.7345e-200 2.32842e-200
0.345833 -6.17918e-199 4.90492e-198 6.58435e-198
0.35 -1.64209e-196 1.28711e-195 1.7278e-195
0.354167 -4.05571e-194 3.13951e-193 4.21442e-193
0.358333 -9.3251e-192 7.12987e-191 9.57099e-191
0.3625 -1.99914e-189 1.50994e-188 2.02691e-188
0.366667 -4.00218e-187 2.98648e-186 4.00899e-186
0.370833 -7.49303e-185 5.52481e-184 7.41642e-184
0.375 -1.31384e-182 9.57306e-182 1.28508e-181
0.379167 -2.16047e-180 1.55581e-179 2.08853e-179
0.383333 -3.33621e-178 2.37472e-177 3.18786e-177
0.3875 -4.84414e-176 3.40858e-175 4.57579e-175
0.391667 -6.62185e-174 4.60659e-173 6.18415e-173
0.395833 -8.53224e-172 5.86887e-171 7.87883e-171
0.4 -1.03747e-169 7.0567e-169 9.47365e-169
0.404167 -1.19181e-167 8.017e-167 1.07631e-166
0.408333 -1.29488e-165 8.61506e-165 1.15663e-164
0.4125 -1.33202e-163 8.76599e-163 1.17692e-162
0.416667 -1.29864e-161 8.45443e-161 1.13512e-160
0.420833 -1.20116e-159 7.73644e-159 1.03875e-158
0.425 -1.05504e-157 6.72342e-157 9.02765e-157
0.429167 -8.80831e-156 5.5544e-155 7.45824e-155
0.433333 -6.99638e-154 4.36593e-153 5.86262e-153
0.4375 -5.29168e-152 3.26807e-151 4.38858e-151
0.441667 -3.81439e-150 2.3316e-149 3.13115e-149
0.445833 -2.62259e-148 1.58681e-147 2.13105e-147
0.45 -1.72132e-146 1.03099e-145 1.38466e-145
0.454167 -1.07934e-144 6.40004e-144 8.59591e-144
0.458333 -6.47071e-143 3.79877e-142 5.10239e-142
0.4625 -3.71166e-141 2.15753e-140 2.89807e-140
0.466667 -2.03854e-139 1.17337e-138 1.57621e-138
0.470833 -1.07278e-137 6.11486e-137 8.21463e-137
0.475 -5.41303e-136 3.05566e-135 4.10517e-135
0.479167 -2.62058e-134 1.46514e-133 1.96848e-133
0.483333 -1.21804e-132 6.74511e-132 9.06296e-132
0.4875 -5.43885e-131 2.98339e-130 4.00884e-130
0.491667 -2.33454e-129 1.26855e-128 1.70469e-128
0.495833 -9.63839e-128 5.18845e-127 6.97279e-127
0.5 -3.82974e-126 2.04248e-125 2.74509e-125
0.504167 -1.46535e-124 7.74302e-124 1.04074e-123
0.508333 -5.4021e-123 2.82837e-122 3.80191e-122
0.5125 -1.91984e-121 9.96024e-121 1.33897e-120
0.516667 -6.58082e-120 3.38328e-119 4.54855e-119
0.520833 -2.17684e-118 1.10908e-117 1.4912e-117
0.525 -6.95224e-117 3.51044e-116 4.72031e-116
0.529167 -2.14479e-115 1.07336e-114 1.44342e-114
0.533333 -6.3946e-114 3.17189e-113 4.26584e-113
0.5375 -1.84337e-112 9.06326e-112 1.21902e-111
0.541667 -5.14016e-111 2.50517e-110 3.36981e-110
0.545833 -1.38708e-109 6.70148e-109 9.0153e-109
0.55 -3.62385e-108 1.73568e-107 2.33519e-107
0.554167 -9.17e-107 4.35429e-106 5.85888e-106
0.558333 -2.24841e-105 1.0585e-104 1.42441e-104
0.5625 -5.34395e-104 2.49441e-103 3.35703e-103
0.566667 -1.23169e-102 5.7005e-102 7.6727e-102
0.570833 -2.75398e-101 1.26385e-100 1.70129e-100
0.575 -5.97585e-100 2.71942e-99 3.66108e-99
0.579167 -1.25886e-98 5.68087e-98 7.64886e-98
0.583333 -2.57544e-97 1.15256e-96 1.55202e-96
0.5875 -5.11883e-96 2.27184e-95 3.05958e-95
0.591667 -9.88745e-95 4.35212e-94 5.86191e-94
0.595833 -1.85668e-93 8.10549e-93 1.09187e-92
0.6 -3.39056e-92 1.4681e-91 1.97789e-91
0.604167 -6.02316e-91 2.58681e-90 3.48551e-90
0.608333 -1.0412e-89 4.4355e-89 5.97727e-89
0.6125 -1.75197e-88 7.40327e-88 9.97793e-88
0.616667 -2.87037e-87 1.20319e-86 1.62185e-86
0.620833 -4.58027e-86 1.90459e-85 2.56766e-85
0.625 -7.12051e-85 2.93731e-84 3.96046e-84
0.629167 -1.07875e-83 4.41466e-83 5.95327e-83
0.633333 -1.59306e-82 6.46792e-82 8.72339e-82
0.6375 -2.29387e-81 9.23988e-81 1.24638e-80
0.641667 -3.22136e-80 1.28741e-79 1.73686e-79
0.645833 -4.41322e-79 1.74994e-78 2.36122e-78
0.65 -5.89966e-78 2.32111e-77 3.13239e-77
0.654167 -7.69767e-77 3.00498e-76 4.05592e-76
0.658333 -9.80519e-76 3.79807e-75 5.12718e-75
0.6625 -1.2196e-74 4.68771e-74 6.32915e-74
0.666667 -1.48166e-73 5.65113e-73 7.63115e-73
0.670833 -1.75849e-72 6.65553e-72 8.98894e-72
0.675 -2.03934e-71 7.65947e-71 1.03466e-70
0.679167 -2.31148e-70 8.6154e-70 1.16398e-69
0.683333 -2.56115e-69 9.47337e-69 1.28011e-68
0.6875 -2.77466e-68 1.01853e-67 1.37655e-67
0.691667 -2.93972e-67 1.07096e-66 1.44766e-66
0.695833 -3.04653e-66 1.1015e-65 1.4892e-65
0.7 -3.08884e-65 1.10839e-64 1.49878e-64
0.704167 -3.06446e-64 1.09139e-63 1.47606e-63
0.708333 -2.97553e-63 1.05178e-62 1.42275e-62
0.7125 -2.82815e-62 9.92216e-62 1.34242e-61
0.716667 -2.63176e-61 9.16433e-61 1.24012e-60
0.720833 -2.39813e-60 8.28863e-60 1.12183e-59
0.725 -2.14019e-59 7.34219e-59 9.93921e-59
0.729167 -1.87093e-58 6.37091e-58 8.62602e-58
0.733333 -1.60236e-57 5.41601e-57 7.33452e-57
0.7375 -1.3447e-56 4.51158e-56 6.1109e-56
0.741667 -1.10593e-55 3.68312e-55 4.98974e-55
0.745833 -8.91506e-55 2.94718e-54 3.9935e-54
0.75 -7.04506e-54 2.31188e-53 3.13328e-53
0.754167 -5.45846e-53 1.77809e-52 2.41032e-52
0.758333 -4.14708e-52 1.34102e-51 1.8182e-51
0.7625 -3.09002e-51 9.91895e-51 1.34512e-50
0.766667 -2.25833e-50 7.19626e-50 9.76094e-50
0.770833 -1.61911e-49 5.12171e-49 6.94847e-49
0.775 -1.13889e-48 3.5764e-48 4.85299e-48
0.779167 -7.86073e-48 2.45049e-47 3.32589e-47
0.783333 -5.32441e-47 1.64775e-46 2.23685e-46
0.7875 -3.53964e-46 1.08746e-45 1.47655e-45
0.791667 -2.30981e-45 7.04473e-45 9.5674e-45
0.795833 -1.4797e-44 4.48023e-44 6.08586e-44
0.8 -9.30681e-44 2.79747e-43 3.80085e-43
0.804167 -5.74781e-43 1.71518e-42 2.33086e-42
0.808333 -3.48599e-42 1.0327e-41 1.40371e-41
0.8125 -2.07642e-41 6.10673e-41 8.30241e-41
0.816667 -1.21483e-40 3.54694e-40 4.82329e-40
0.820833 -6.98183e-40 2.02373e-39 2.75256e-39
0.825 -3.942e-39 1.13435e-38 1.54321e-38
0.829167 -2.18674e-38 6.24702e-38 8.50052e-38
0.833333 -1.19193e-37 3.38044e-37 4.60088e-37
0.8375 -6.38437e-37 1.79756e-36 2.44707e-36
0.841667 -3.36071e-36 9.39383e-36 1.27909e-35
0.845833 -1.73872e-35 4.82485e-35 6.57107e-35
0.85 -8.84187e-35 2.4358e-34 3.31809e-34
0.854167 -4.41989e-34 1.20879e-33 1.64699e-33
0.858333 -2.17202e-33 5.89712e-33 8.03667e-33
0.8625 -1.04937e-32 2.82841e-32 3.85544e-32
0.866667 -4.98473e-32 1.3338e-31 1.8185e-31
0.870833 -2.32824e-31 6.18454e-31 8.43383e-31
0.875 -1.06935e-30 2.81984e-30 3.84623e-30
0.879167 -4.82988e-30 1.26435e-29 1.72492e-29
0.883333 -2.14541e-29 5.57521e-29 7.60775e-29
0.8875 -9.37264e-29 2.41786e-28 3.30002e-28
0.891667 -4.02734e-28 1.03133e-27 1.40791e-27
0.895833 -1.70216e-27 4.32701e-27 5.90817e-27
0.9 -7.07665e-27 1.78574e-26 2.43878e-26
0.904167 -2.89416e-26 7.24952e-26 9.90264e-26
0.908333 -1.16441e-25 2.89521e-25 3.95557e-25
0.9125 -4.60881e-25 1.1375e-24 1.5544e-24
0.916667 -1.79471e-24 4.39675e-24 6.00936e-24
0.920833 -6.87598e-24 1.67203e-23 2.28571e-23
0.925 -2.59195e-23 6.256e-23 8.55374e-23
0.929167 -9.61347e-23 2.30306e-22 3.14952e-22
0.933333 -3.5084e-22 8.34222e-22 1.14103e-21
0.9375 -1.25987e-21 2.97327e-21 4.06746e-21
0.941667 -4.4518e-21 1.04273e-20 1.42671e-20
0.945833 -1.54792e-20 3.59836e-20 4.92421e-20
0.95 -5.29629e-20 1.2219e-19 1.67238e-19
0.954167 -1.78324e-19 4.08293e-19 5.58902e-19
0.958333 -5.90838e-19 1.3425e-18 1.83798e-18
0.9625 -1.92641e-18 4.34379e-18 5.94777e-18
0.966667 -6.1809e-18 1.38304e-17 1.89397e-17
0.970833 -1.95154e-17 4.33319e-17 5.93472e-17
0.975 -6.06351e-17 1.33595e-16 1.82991e-16
0.979167 -1.85391e-16 4.05297e-16 5.55211e-16
0.983333 -5.57782e-16 1.20992e-15 1.6576e-15
0.9875 -1.65138e-15 3.55408e-15 4.86953e-15
0.991667 -4.8109e-15 1.02726e-14 1.40757e-14
0.995833 -1.37909e-14 2.92148e-14 4.0033e-14
1 -3.88986e-14 8.1749e-14 1.12025e-13
1.00417 -1.07953e-13 2.25063e-13 3.08427e-13
1.00833 -2.9477e-13 6.09609e-13 8.35422e-13
1.0125 -7.91875e-13 1.62444e-12 2.22618e-12
1.01667 -2.09284e-12 4.25836e-12 5.83566e-12
1.02083 -5.44125e-12 1.0981e-11 1.50478e-11
1.025 -1.39162e-11 2.78531e-11 3.81667e-11
1.02917 -3.50082e-11 6.94884e-11 9.5212e-11
1.03333 -8.66206e-11 1.705e-10 2.33595e-10
1.0375 -2.10785e-10 4.11413e-10 5.63594e-10
1.04167 -5.04414e-10 9.76186e-10 1.33709e-09
1.04583 -1.18693e-09 2.27745e-09 3.11891e-09
1.05 -2.74608e-09 5.22373e-09 7.15237e-09
1.05417 -6.24599e-09 1.17783e-08 1.61233e-08
1.05833 -1.3965e-08 2.61035e-08 3.57239e-08
1.0625 -3.06886e-08 5.68561e-08 7.77876e-08
1.06667 -6.62751e-08 1.2169e-07 1.66435e-07
1.07083 -1.40637e-07 2.55897e-07 3.49861e-07
1.075 -2.93192e-07 5.28613e-07 7.22422e-07
1.07917 -6.00392e-07 1.0725e-06 1.46504e-06
1.08333 -1.20745e-06 2.13677e-06 2.91737e-06
1.0875 -2.38433e-06 4.17955e-06 5.70323e-06
1.09167 -4.62202e-06 8.02448e-06 1.09431e-05
1.09583 -8.79354e-06 1.51186e-05 2.06035e-05
1.1 -1.64154e-05 2.79449e-05 3.80543e-05
1.10417 -3.00589e-05 5.06595e-05 6.89294e-05
1.10833 -5.39758e-05 9.00435e-05 0.000122406
1.1125 -9.50133e-05 0.000156865 0.000213031
1.11667 -0.000163898 0.000267746 0.000363214
1.12083 -0.000276943 0.000447568 0.000606422
1.125 -0.000458193 0.000732386 0.00099101
1.12917 -0.000741885 0.00117259 0.00158433
1.13333 -0.00117496 0.00183583 0.00247644
1.1375 -0.00181904 0.00280885 0.00378218
1.14167 -0.0027511 0.00419688 0.00563991
1.14583 -0.00406147 0.006119 0.00820459
1.15 -0.00584784 0.00869746 0.0116327
1.15417 -0.00820366 0.0120393 0.016057
1.15833 -0.0111999 0.0162098 0.0215497
1.1625 -0.0148599 0.0211971 0.0280763
1.16667 -0.0191292 0.026874 0.0354437
1.17083 -0.0238439 0.0329611 0.0432532
1.175 -0.0287048 0.0390016 0.0508713
1.17917 -0.0332661 0.0443616 0.0574341
1.18333 -0.0369484 0.0482655 0.0619011
1.1875 -0.0390857 0.0498753 0.0631687
1.19167 -0.039008 0.048414 0.060239
1.19583 -0.0361566 0.0433189 0.0524277
1.2 -0.0302142 0.0343996 0.0395704
1.20417 -0.0212247 0.0219619 0.0221789
1.20833 -0.00966871 0.00685775 0.0014915
1.2125 0.00353745 -0.00957284 -0.0206244
1.21667 0.0171368 -0.0256771 -0.0419242
1.22083 0.0297182 -0.0397601 -0.0601588
1.225 0.0399617 -0.050395 -0.0734873
1.22917 0.0468847 -0.0566914 -0.0808206
1.23333 0.0500217 -0.0584444 -0.0819942
1.2375 0.0494814 -0.0561141 -0.0777117
1.24167 0.0458613 -0.0506413 -0.0692774
1.24583 0.0400482 -0.0431652 -0.0582187
1.25 0.0329825 -0.0347554 -0.0459463
1.25417 0.0254781 -0.0262644 -0.0335936
1.25833 0.0181725 -0.0183605 -0.0220911
1.2625 0.0116186 -0.011705 -0.0124135
1.26667 0.00645127 -0.00715702 -0.00582402
1.27083 0.00350883 -0.00584385 -0.00390482
1.275 0.00378777 -0.00898265 -0.00824399
1.27917 0.00818204 -0.0174581 -0.019824
1.28333 0.0170755 -0.0313082 -0.038352
1.2875 0.0299653 -0.0493692 -0.0618807
1.29167 0.0453279 -0.0693075 -0.0869984
1.29583 0.0608604 -0.0881142 -0.109632
1.3 0.0740626 -0.102909 -0.126183
1.30417 0.0829351 -0.111714 -0.134509
1.30833 0.0864802 -0.11384 -0.134263
1.3125 0.0847567 -0.109676 -0.12642
1.31667 0.0784571 -0.100019 -0.112234
1.32083 0.06824 -0.0853072 -0.0922259
1.325 0.054204 -0.0652345 -0.0658071
1.32917 0.0358348 -0.0390048 -0.0318272
1.33333 0.0124945 -0.00613434 0.0102269
1.3375 -0.0158023 0.0326441 0.0590629
1.34167 -0.0477761 0.0749056 0.111159
1.34583 -0.0808133 0.116795 0.161381
1.35 -0.111514 0.153916 0.204331
1.35417 -0.136571 0.182379 0.235696
1.35833 -0.153517 0.199498 0.252916
1.3625 -0.160997 0.203901 0.255002
1.36667 -0.158575 0.195217 0.241919
1.37083 -0.146369 0.173795 0.214184
1.375 -0.124923 0.140754 0.173089
1.37917 -0.0954152 0.0983226 0.121307
1.38333 -0.0600001 0.0500714 0.0632368
1.3875 -0.0218553 0.000616048 0.00452366
1.39167 0.0152984 -0.0452698 -0.0492118
1.39583 0.0480494 -0.0837124 -0.0937167
1.4 0.0740293 -0.112353 -0.126682
1.40417 0.0920763 -0.130185 -0.147249
1.40833 0.101797 -0.136866 -0.154996
1.4125 0.102978 -0.132193 -0.149418
1.41667 0.0954473 -0.116296 -0.130524
1.42083 0.0795981 -0.0904946 -0.100181
1.425 0.0571961 -0.0580814 -0.0630098
1.42917 0.0316871 -0.0241533 -0.0257365
1.43333 0.00748332 0.00577226 0.00504178
1.4375 -0.0115617 0.0277114 0.025425
1.44167 -0.0236 0.0405431 0.0354457
1.44583 -0.0292078 0.0458556 0.0381284
1.45 -0.0305037 0.0464538 0.0370695
1.45417 -0.0296091 0.0446053 0.0342788
1.45833 -0.0275428 0.0412142 0.0297301
1.4625 -0.0242451 0.0363256 0.0226684
1.46667 -0.0195121 0.0302977 0.013349
1.47083 -0.0139279 0.0245168 0.00367424
1.475 -0.00897143 0.0210164 -0.00373792
1.47917 -0.00624574 0.0213534 -0.00713491
1.48333 -0.006535 0.025716 -0.0064634
1.4875 -0.00948529 0.0329684 -0.00286553
1.49167 -0.0140825 0.0414621 0.00247155
1.49583 -0.0193693 0.0497962 0.0088913
1.5 -0.0246971 0.0568825 0.0157642
1.50417 -0.0293653 0.0614695 0.0216346
1.50833 -0.0322038 0.0618967 0.0242369
1.5125 -0.0317726 0.0566461 0.0217846
1.51667 -0.0272316 0.0453965 0.0145561
1.52083 -0.0191665 0.0296171 0.00523715
1.525 -0.0095138 0.0119766 -0.00259609
1.52917 -0.000449299 -0.00514697 -0.00681568
1.53333 0.00695199 -0.020909 -0.00802139
1.5375 0.0131918 -0.0359678 -0.00870671
1.54167 0.0195661 -0.0512182 -0.0110577
1.54583 0.0268049 -0.0663862 -0.0152721
1.55 0.0342924 -0.0796753 -0.0197286
1.55417 0.0404714 -0.0887158 -0.0226288
1.55833 0.0439796 -0.0919536 -0.0234917
1.5625 0.0444823 -0.0893335 -0.0231992
1.56667 0.0425519 -0.0818651 -0.0227652
1.57083 0.0388738 -0.0706637 -0.0221547
1.575 0.03362 -0.056403 -0.0202732
1.57917 0.026557 -0.0395814 -0.0160388
1.58333 0.0176943 -0.0211787 -0.00948192
1.5875 0.00779654 -0.00296079 -0.00195534
1.59167 -0.00171255 0.0129228 0.00457553
1.59583 -0.00935664 0.0247788 0.00852202
1.6 -0.0142597 0.0320698 0.009365
1.60417 -0.0164734 0.0355634 0.0078868
1.60833 -0.0168955 0.0368648 0.00593333
1.6125 -0.0168438 0.0375325 0.0056013
1.61667 -0.0173792 0.0381415 0.00793374
1.62083 -0.018594 0.0378033 0.0118438
1.625 -0.0193333 0.0346086 0.0143696
1.62917 -0.0177967 0.0270048 0.0126388
1.63333 -0.0128962 0.015336 0.00633719
1.6375 -0.00544563 0.0023361 -0.0014736
1.64167 0.00193238 -0.00811028 -0.0063281
1.64583 0.00641048 -0.013281 -0.00581502
1.65 0.00694555 -0.0132942 -0.00158316
1.65417 0.0049847 -0.0107622 0.00203412
1.65833 0.00319539 -0.00865361 0.00171147
1.6625 0.00326109 -0.00813023 -0.00211795
1.66667 0.00465726 -0.00813277 -0.00589474
1.67083 0.00543387 -0.00689787 -0.00625154
1.675 0.00418427 -0.00388026 -0.00289408
1.67917 0.00134517 -0.000319311 0.00146496
1.68333 -0.00128032 0.00191806 0.00371623
1.6875 -0.00216119 0.00198602 0.00286567
1.69167 -0.00124302 0.000678766 0.000322827
1.69583 0.000252803 -0.000366338 -0.00175618
1.7 0.000986052 2.04674e-05 -0.00214972
1.70417 0.00043712 0.00183364 -0.000939422
1.70833 -0.00101382 0.00409532 0.00107827
1.7125 -0.00255143 0.00549506 0.00288239
1.71667 -0.00333461 0.00497942 0.00338067
1.72083 -0.00273449 0.00222828 0.00184321
1.725 -0.000661527 -0.00196194 -0.00123841
1.72917 0.00207501 -0.00572111 -0.00387832
1.73333 0.00393077 -0.00697677 -0.00389014
1.7375 0.00362355 -0.00486345 -0.0010094
1.74167 0.00129381 -0.00054646 0.00238108
1.74583 -0.00139326 0.0034928 0.00321374
1.75 -0.00260197 0.00530869 0.000807957
1.75417 -0.00197278 0.00484376 -0.00218773
1.75833 -0.000856329 0.00349692 -0.00236444
1.7625 -0.000769594 0.00240843 0.000778773
1.76667 -0.00165814 0.00132989 0.00403069
1.77083 -0.00191045 -0.000684896 0.0036942
1.775 -0.000238895 -0.00358974 -0.000398228
1.77917 0.00259075 -0.00570281 -0.00444994
1.78333 0.0042043 -0.00508712 -0.00452311
1.7875 0.00295953 -0.0016413 -0.00064131
1.79167 -0.000252297 0.0023898 0.00324622
1.79583 -0.00274228 0.00424297 0.00343059
1.8 -0.00262376 0.00308145 0.000245087
1.80417 -0.000576672 0.000593987 -0.00256004
1.80833 0.0010511 -0.00084153 -0.0020435
1.8125 0.000777639 -0.000491032 0.000830451
1.81667 -0.000590392 0.000315322 0.00255288
1.82083 -0.0011003 -2.01098e-05 0.00116396
1.825 3.28435e-05 -0.00143583 -0.00162292
1.82917 0.00156647 -0.00230029 -0.00257187
1.83333 0.00172441 -0.001339 -0.000714769
1.8375 0.000253553 0.000854252 0.00164993
1.84167 -0.00133261 0.00243883 0.00181509
1.84583 -0.00153497 0.00229037 -0.000111146
1.85 -0.000519586 0.00100068 -0.00148423
1.85417 0.000293575 -0.000120039 -0.000512677
1.85833 9.7002e-05 -0.000615785 0.00144881
1.8625 -0.000359731 -0.00103392 0.00160681
1.86667 7.16831e-05 -0.00165104 -0.000619432
1.87083 0.00120668 -0.0017116 -0.00261866
1.875 0.00155723 -0.000401514 -0.00171358
1.87917 0.000236115 0.00167849 0.00136007
1.88333 -0.00165329 0.00267357 0.00306536
1.8875 -0.0020624 0.00141235 0.00126985
1.89167 -0.000391624 -0.00110686 -0.00203377
1.89583 0.00165781 -0.00255822 -0.00295875
1.9 0.00191412 -0.0016323 -0.000347864
1.90417 0.00016578 0.000673325 0.0027875
1.90833 -0.00162929 0.00213362 0.00279337
1.9125 -0.0015622 0.00149982 -0.000333678
1.91667 0.000152686 -0.000406401 -0.00295955
1.92083 0.0015317 -0.00162799 -0.00204506
1.925 0.00107573 -0.00100872 0.00137359
1.92917 -0.00062382 0.000707307 0.00339381
1.93333 -0.00161456 0.00166674 0.0016646
1.9375 -0.000775811 0.000890827 -0.0019637
1.94167 0.000914917 -0.000598491 -0.00345819
1.94583 0.00144899 -0.000945565 -0.00108462
1.95 0.000106687 0.000208853 0.00254155
1.95417 -0.00155892 0.00113234 0.0032291
1.95833 -0.00141129 0.000238501 -2.51943e-05
1.9625 0.000630659 -0.00154309 -0.00363186
1.96667 0.0022067 -0.0016699 -0.00333585
1.97083 0.00122125 0.000581353 0.000727621
1.975 -0.00142794 0.00270269 0.00391852
1.97917 -0.00265311 0.00187578 0.00248503
1.98333 -0.000859942 -0.00133083 -0.00185828
1.9875 0.00199688 -0.00344045 -0.00393805
1.99167 0.00270095 -0.00223762 -0.00140977
1.99583 0.000611525 0.000758166 0.00251168
2 -0.00174826 0.00245143 0.00322801
2.00417 -0.00189928 0.0017294 0.000349123
2.00833 -0.000170165 -3.63494e-05 -0.00231273
2.0125 0.00122535 -0.0012555 -0.00178959
2.01667 0.0010536 -0.00157001 0.00072808
2.02083 9.78224e-05 -0.00123503 0.00201714
2.025 -0.00034597 -0.000414451 0.00086123
2.02917 -2.58918e-05 0.000495121 -0.00106367
2.03333 0.000392702 0.000827519 -0.00162366
2.0375 0.000316367 0.000502313 -0.000440581
2.04167 -0.000254403 0.000181631 0.00115711
2.04583 -0.000783541 7.91151e-05 0.00156711
2.05 -0.000567171 -0.000504758 0.000309352
2.05417 0.000531254 -0.0016789 -0.0014218
2.05833 0.00153366 -0.00193487 -0.00172567
2.0625 0.00112239 -3.46548e-06 -0.000111545
2.06667 -0.000643542 0.00272268 0.00160928
2.07083 -0.00198574 0.00329952 0.00138359
2.075 -0.001433 0.000979476 -0.000363511
2.07917 0.000276046 -0.00166569 -0.00127271
2.08333 0.00115916 -0.00197561 -0.000374336
2.0875 0.000542925 -0.000217545 0.000671191
2.09167 -0.000413103 0.00150369 0.000313471
2.09583 -0.000688657 0.00207724 -0.000510599
2.1 -0.000623422 0.00178359 -0.000152543
2.10417 -0.000736359 0.000814787 0.000834971
2.10833 -0.000561429 -0.000821673 0.000586952
2.1125 0.000379537 -0.00218476 -0.000819533
2.11667 0.00129574 -0.00191177 -0.0012763
2.12083 0.00102426 -0.000140473 -1.39356e-05
2.125 -0.000193316 0.00137629 0.00112945
2.12917 -0.000971429 0.00138786 0.000620184
2.13333 -0.000646062 0.00026865 -0.000525474
2.1375 0.000169131 -0.00107707 -0.000653149
2.14167 0.000766427 -0.00203302 6.94915e-06
2.14583 0.000960326 -0.0017768 0.000279755
2.15 0.000555983 0.000247556 0.000164364
2.15417 -0.000518466 0.00264662 0.000254323
2.15833 -0.00137679 0.00275516 0.000168543
2.1625 -0.000868349 0.000250753 -0.00048039
2.16667 0.000483011 -0.00171964 -0.000577553
2.17083 0.000753015 -0.000737053 0.00071562
2.175 -0.000471837 0.0013564 0.00158627
2.17917 -0.00117169 0.00147388 -7.17182e-05
2.18333 -0.000100038 0.000184948 -0.00241704
2.1875 0.000898151 0.000320519 -0.00150576
2.19167 -0.000202649 0.0016707 0.00216321
2.19583 -0.00189206 0.00119436 0.00322168
2.2 -0.00117934 -0.00127403 -0.000546153
2.20417 0.00136484 -0.00197663 -0.00398855
2.20833 0.0020141 0.000560615 -0.00191589
2.2125 -0.000331819 0.00251704 0.00280213
2.21667 -0.002229 0.000716418 0.00336875
2.22083 -0.00094683 -0.00214558 -0.000746048
2.225 0.00148258 -0.00194289 -0.0034295
2.22917 0.00172937 0.000256491 -0.00141009
2.23333 0.000124962 0.000598978 0.00163317
2.2375 -0.000710529 -0.000741826 0.00169154
2.24167 -0.000294145 -0.000534018 -8.67496e-05
2.24583 -6.72348e-05 0.000913108 -0.000937657
2.25 -3.50178e-05 0.000146783 -0.00100114
2.25417 0.000821413 -0.00230926 -0.00117304
2.25833 0.00145133 -0.00167312 -0.000317155
2.2625 -0.000100678 0.00256814 0.00172554
2.26667 -0.00244761 0.00430401 0.00180704
2.27083 -0.0019105 0.00038182 -0.00154674
2.275 0.00134014 -0.00340867 -0.00390113
2.27917 0.00249473 -0.0010348 -0.000904581
2.28333 -0.000603927 0.00397725 0.00382029
2.2875 -0.00353349 0.00399293 0.00308995
2.29167 -0.00183617 -0.000750892 -0.00251
2.29583 0.00201307 -0.00309445 -0.00477457
2.3 0.00246812 -0.000535829 -0.000310555
2.30417 -0.000615109 0.00186635 0.0042426
2.30833 -0.00232315 0.000746232 0.00245783
2.3125 -0.00056923 -0.000775531 -0.00251945
2.31667 0.00140205 0.00017592 -0.00354759
2.32083 0.000850925 0.00117603 -6.67246e-06
2.325 -0.000647965 -0.000295877 0.00271379
2.32917 -0.000717566 -0.00187316 0.0016841
2.33333 0.000170706 -0.000704188 -0.000848413
2.3375 0.00050775 0.00128906 -0.00204525
2.34167 0.000367808 0.000926474 -0.00136372
2.34583 0.000281541 -0.000743245 0.000546769
2.35 -0.000159649 -0.000868362 0.00223574
2.35417 -0.000810225 2.8815e-05 0.00149526
2.35833 -0.00033617 -0.000214515 -0.00167798
2.3625 0.00118538 -0.000780606 -0.00335794
2.36667 0.00138924 0.000367265 -0.000633586
2.37083 -0.000651701 0.00192105 0.00309067
2.375 -0.00222236 0.0011991 0.00229885
2.37917 -0.000948391 -0.000694581 -0.00208234
2.38333 0.00125138 -0.000509626 -0.00375079
2.3875 0.00112589 0.00144176 -0.000695145
2.39167 -0.000889916 0.00217563 0.00209381
2.39583 -0.00190761 0.00166668 0.0008985
2.4 -0.00133022 0.00218477 -0.00156573
2.40417 -0.000805099 0.00279689 -0.00178232
2.40833 -0.00058885 0.000781553 -0.00084994
2.4125 0.000192642 -0.00166814 -0.000852465
2.41667 0.000466021 0.000545452 -0.000637993
2.42083 -0.00136876 0.00570398 0.000706937
2.425 -0.00332331 0.00577998 0.000571098
2.42917 -0.00187972 -0.000469486 -0.00226534
2.43333 0.00154798 -0.00362377 -0.00354099
2.4375 0.00154157 0.00188242 -2.01742e-05
2.44167 -0.00256029 0.00778957 0.00355909
2.44583 -0.00456813 0.00465123 0.00102443
2.45 -0.00103108 -0.00263559 -0.00436273
2.45417 0.00272774 -0.00270243 -0.00392952
2.45833 0.000923335 0.00345285 0.00229572
2.4625 -0.00314187 0.00429539 0.0047808
2.46667 -0.00235322 -0.00263891 -0.000418458
2.47083 0.0025179 -0.00661807 -0.00505111
2.475 0.00412218 -0.00214535 -0.00176938
2.47917 0.000677044 0.00155515 0.00428068
2.48333 -0.00128513 -0.00370352 0.0040652
2.4875 0.00212256 -0.010973 -0.00105973
2.49167 0.00596016 -0.00981377 -0.00238848
2.49583 0.00495568 -0.00381007 0.00197253
2.5 0.00194586 -0.00429812 0.00520022
2.50417 0.00252152 -0.0113514 0.00360701
2.50833 0.00577129 -0.014265 0.00166207
2.5125 0.00662636 -0.00990891 0.00325487
2.51667 0.00473023 -0.00729491 0.00554328
2.52083 0.00432531 -0.0113824 0.0051273
2.525 0.00625128 -0.0147396 0.00417648
2.52917 0.00664944 -0.0110541 0.00569561
2.53333 0.00430342 -0.00632517 0.00745687
2.5375 0.00308374 -0.00822862 0.00607043
2.54167 0.0049812 -0.012499 0.00366367
2.54583 0.00620288 -0.0101481 0.00459323
2.55 0.00353933 -0.00294655 0.00761342
2.55417 5.61051e-05 -0.000455002 0.00755116
2.55833 0.000104009 -0.00393161 0.00407715
2.5625 0.00206625 -0.00462676 0.00250018
2.56667 0.00113856 0.00127929 0.00501953
2.57083 -0.0027232 0.0068475 0.00717843
2.575 -0.00503531 0.00663484 0.00531685
2.57917 -0.00431186 0.00524261 0.00234854
2.58333 -0.00403705 0.00837504 0.0025906
2.5875 -0.00640533 0.0131226 0.00484956
2.59167 -0.00891608 0.0139041 0.00496147
2.59583 -0.00907151 0.0124241 0.0026161
2.6 -0.0084858 0.0141926 0.00112405
2.60417 -0.00967906 0.0186613 0.00163164
2.60833 -0.0117492 0.0204132 0.00181504
2.6125 -0.0122218 0.0185413 0.000183741
2.61667 -0.0112203 0.0176891 -0.00193279
2.62083 -0.0107997 0.0197997 -0.00322013
2.625 -0.0112747 0.0211801 -0.0043159
2.62917 -0.0109769 0.0189577 -0.00606588
2.63333 -0.00918434 0.0151908 -0.00801851
2.6375 -0.00693546 0.0126166 -0.00952848
2.64167 -0.00498722 0.0104305 -0.0107582
2.64583 -0.00286803 0.00658775 -0.0119089
2.65 -0.000123831 0.00133946 -0.0127201
2.65417 0.00293898 -0.00372462 -0.0131464
2.65833 0.00593216 -0.00814289 -0.0134241
2.6625 0.00874104 -0.012328 -0.0133282
2.66667 0.0111745 -0.0162641 -0.0125177
2.67083 0.0131111 -0.0196647 -0.0115819
2.675 0.0148269 -0.0223039 -0.0114192
2.67917 0.0164057 -0.0236012 -0.0116398
2.68333 0.0172119 -0.0231459 -0.0111165
2.6875 0.0168398 -0.0218591 -0.0101925
2.69167 0.0160982 -0.0210291 -0.0106089
2.69583 0.015948 -0.0200354 -0.0128118
2.7 0.0158755 -0.0170217 -0.0150236
2.70417 0.014606 -0.0122015 -0.0157725
2.70833 0.0122093 -0.0081979 -0.015836
2.7125 0.0100879 -0.0062249 -0.0165549
2.71667 0.00878481 -0.0042567 -0.0173492
2.72083 0.00718291 -0.000448435 -0.0162486
2.725 0.0043002 0.00372141 -0.0123423
2.72917 0.000688722 0.0057795 -0.00653423
2.73333 -0.00261687 0.006201 -5.02793e-05
2.7375 -0.00562248 0.00757938 0.00685253
2.74167 -0.00902379 0.0105699 0.0145742
2.74583 -0.0129054 0.0131358 0.0231495
2.75 -0.0166053 0.0139139 0.0317194
2.75417 -0.019597 0.0140869 0.0388081
2.75833 -0.0217865 0.0151035 0.0431708
2.7625 -0.0230214 0.0162476 0.0445858
2.76667 -0.0229487 0.0157681 0.0437303
2.77083 -0.0214795 0.0134523 0.0410821
2.775 -0.0189396 0.0107232 0.0361457
2.77917 -0.0155911 0.00854211 0.0281961
2.78333 -0.0113801 0.00640202 0.017785
2.7875 -0.00639464 0.00348622 0.00694773
2.79167 -0.00126331 -3.9786e-05 -0.00246757
2.79583 0.00323947 -0.00320827 -0.0103248
2.8 0.00684763 -0.00528859 -0.0175062
2.80417 0.00977221 -0.0064394 -0.0239111
2.80833 0.0121111 -0.00747398 -0.0279762
2.8125 0.0135835 -0.00888906 -0.0284585
2.81667 0.0138466 -0.0100366 -0.026014
2.82083 0.0128732 -0.00971162 -0.02247
2.825 0.0110369 -0.00785581 -0.0189073
2.82917 0.00892714 -0.00595052 -0.0149945
2.83333 0.00692351 -0.00503543 -0.0100587
2.8375 0.00484039 -0.00416293 -0.00438791
2.84167 0.00230148 -0.00200955 0.000588979
2.84583 -0.000346621 0.000653864 0.00344315
2.85 -0.00201741 0.00179242 0.00425723
2.85417 -0.00226375 0.00121259 0.00475884
2.85833 -0.00214238 0.000946708 0.00634855
2.8625 -0.00290539 0.00216511 0.00819984
2.86667 -0.0041912 0.00350104 0.00831248
2.87083 -0.00452979 0.00330924 0.00647779
2.875 -0.00355138 0.00212111 0.00483866
2.87917 -0.00256629 0.00166604 0.0049115
2.88333 -0.00265406 0.00236206 0.0053532
2.8875 -0.00313713 0.0029076 0.00380964
2.89167 -0.00253463 0.00197626 0.000144981
2.89583 -0.00046791 -0.000364416 -0.00342046
2.9 0.00192622 -0.00268842 -0.00503179
2.90417 0.00324556 -0.0034941 -0.00499684
2.90833 0.00319404 -0.00284439 -0.00488738
2.9125 0.00277464 -0.00246709 -0.00551135
2.91667 0.0030504 -0.00341598 -0.00591474
2.92083 0.00363983 -0.00415741 -0.00439876
2.925 0.00297768 -0.00249889 -0.000830181
2.92917 0.000552315 0.000850394 0.00240599
2.93333 -0.00183854 0.00271003 0.00281021
2.9375 -0.00211839 0.00177443 0.00103869
2.94167 -0.000740107 0.000367041 0.000238464
2.94583 -6.50996e-05 0.000894723 0.0017356
2.95 -0.00102807 0.00253781 0.00320865
2.95417 -0.00199395 0.00297479 0.00224488
2.95833 -0.00137033 0.00191021 2.37409e-05
2.9625 8.51454e-05 0.00110961 -0.000350773
2.96667 0.00049491 0.00169364 0.00177012
2.97083 -0.000514681 0.00291229 0.00380669
2.975 -0.0014409 0.00334442 0.00340835
2.97917 -0.000841371 0.00240379 0.0012336
2.98333 0.00102823 0.000862216 1.71877e-06
2.9875 0.00251776 0.000207603 0.00146935
2.99167 0.00238178 0.001007 0.00456663
2.99583 0.0012676 0.00201315 0.00658838
