0 0 0 0
0.00416667 0 0 0
0.00833333 0 0 0
0.0125 0 0 0
0.0166667 0 0 0
0.0208333 0 0 0
0.025 0 0 0
0.0291667 0 0 0
0.0333333 0 0 0
0.0375 0 0 0
0.0416667 0 0 0
0.0458333 0 0 0
0.05 0 0 0
0.0541667 0 0 0
0.0583333 0 0 0
0.0625 0 0 0
0.0666667 0 0 0
0.0708333 0 0 0
0.075 0 0 0
0.0791667 0 0 0
0.0833333 0 0 0
0.0875 0 0 0
0.0916667 0 0 0
0.0958333 0 0 0
0.1 0 0 0
0.104167 0 0 0
0.108333 0 0 0
0.1125 0 0 0
0.116667 0 0 0
0.120833 0 0 0
0.125 -1.82804e-322 3.78948e-321 8.18173e-321
0.129167 -2.0713e-316 2.85593e-315 6.08258e-315
0.133333 -1.00455e-310 1.3401e-309 2.85475e-309
0.1375 -3.2105e-305 4.14804e-304 8.83831e-304
0.141667 -6.93329e-300 8.68414e-299 1.85076e-298
0.145833 -1.03514e-294 1.25803e-293 2.68173e-293
0.15 -1.091e-289 1.28762e-288 2.74546e-288
0.154167 -8.27439e-285 9.49104e-284 2.02417e-283
0.158333 -4.59593e-280 5.12734e-279 1.09379e-278
0.1625 -1.9001e-275 2.0632e-274 4.40247e-274
0.166667 -5.93523e-271 6.27688e-270 1.33972e-269
0.170833 -1.42026e-266 1.46383e-265 3.12521e-265
0.175 -2.63716e-262 2.65056e-261 5.66038e-261
0.179167 -3.84511e-258 3.77086e-257 8.0551e-257
0.183333 -4.4514e-254 4.26181e-253 9.1065e-253
0.1875 -4.13408e-250 3.86607e-249 8.26335e-249
0.191667 -3.10983e-246 2.84208e-245 6.07653e-245
0.195833 -1.91195e-242 1.70841e-241 3.65382e-241
0.2 -9.68857e-239 8.46814e-238 1.81168e-237
0.204167 -4.07862e-235 3.48854e-234 7.46581e-234
0.208333 -1.437e-231 1.20329e-230 2.576e-230
0.2125 -4.26691e-228 3.49931e-227 7.49388e-227
0.216667 -1.07482e-224 8.63624e-224 1.85011e-223
0.220833 -2.311e-221 1.82e-220 3.9003e-220
0.225 -4.2662e-218 3.29417e-217 7.06201e-217
0.229167 -6.79903e-215 5.14913e-214 1.10427e-213
0.233333 -9.40325e-212 6.98694e-211 1.49896e-210
0.2375 -1.13415e-208 8.27064e-208 1.77502e-207
0.241667 -1.19853e-205 8.58043e-205 1.84222e-204
0.245833 -1.11465e-202 7.83633e-202 1.68312e-201
0.25 -9.16126e-200 6.32656e-199 1.35939e-198
0.254167 -6.68087e-197 4.53316e-196 9.74433e-196
0.258333 -4.33927e-194 2.8937e-193 6.22276e-193
0.2625 -2.51926e-191 1.65154e-190 3.55303e-190
0.266667 -1.31187e-188 8.4565e-188 1.82006e-187
0.270833 -6.14743e-186 3.89744e-185 8.39193e-185
0.275 -2.60037e-183 1.62183e-182 3.49364e-182
0.279167 -9.95883e-181 6.11168e-180 1.31712e-179
0.283333 -3.46298e-178 2.09158e-177 4.50958e-177
0.2875 -1.09632e-175 6.51818e-175 1.406e-174
0.291667 -3.16814e-173 1.85456e-172 4.00224e-172
0.295833 -8.37776e-171 4.82946e-170 1.04271e-169
0.3 -2.03209e-168 1.1538e-167 2.49231e-167
0.304167 -4.5315e-166 2.53467e-165 5.47778e-165
0.308333 -9.31052e-164 5.13127e-163 1.10948e-162
0.3125 -1.76625e-161 9.59283e-161 2.07519e-160
0.316667 -3.09991e-159 1.65944e-158 3.59163e-158
0.320833 -5.04322e-157 2.66138e-156 5.76313e-156
0.325 -7.61963e-155 3.96449e-154 8.58942e-154
0.329167 -1.07104e-152 5.49514e-152 1.19119e-151
0.333333 -1.40302e-150 7.09944e-150 1.53977e-149
0.3375 -1.71567e-148 8.56329e-148 1.85826e-147
0.341667 -1.96156e-146 9.65868e-146 2.0971e-145
0.345833 -2.10009e-144 1.02028e-143 2.21646e-143
0.35 -2.10854e-142 1.01085e-141 2.19719e-141
0.354167 -1.98815e-140 9.40668e-140 2.04579e-139
0.358333 -1.76296e-138 8.23309e-138 1.79157e-137
0.3625 -1.47209e-136 6.78642e-136 1.47761e-135
0.366667 -1.15899e-134 5.27502e-134 1.1492e-133
0.370833 -8.6142e-133 3.87122e-132 8.4387e-132
0.375 -6.05145e-131 2.68553e-130 5.85753e-130
0.379167 -4.02266e-129 1.76306e-128 3.84781e-128
0.383333 -2.53315e-127 1.09659e-126 2.39472e-126
0.3875 -1.51276e-125 6.46889e-125 1.41353e-124
0.391667 -8.57615e-124 3.62303e-123 7.92163e-123
0.395833 -4.62027e-122 1.92845e-121 4.21913e-121
0.4 -2.36766e-120 9.76481e-120 2.13772e-119
0.404167 -1.1552e-118 4.7081e-118 1.03136e-117
0.408333 -5.3713e-117 2.16348e-116 4.74237e-116
0.4125 -2.38217e-115 9.48346e-115 2.08014e-114
0.416667 -1.00857e-113 3.96883e-113 8.71108e-113
0.420833 -4.07989e-112 1.58708e-111 3.48575e-111
0.425 -1.57814e-110 6.06918e-110 1.33388e-109
0.429167 -5.84173e-109 2.22122e-108 4.88506e-108
0.433333 -2.07092e-107 7.786e-107 1.71351e-106
0.4375 -7.03612e-106 2.61588e-105 5.76088e-105
0.441667 -2.29278e-104 8.42975e-104 1.85774e-103
0.445833 -7.17057e-103 2.60738e-102 5.75011e-102
0.45 -2.15378e-101 7.74603e-101 1.70945e-100
0.454167 -6.21709e-100 2.21169e-99 4.88438e-99
0.458333 -1.72581e-98 6.0732e-98 1.34218e-97
0.4625 -4.60982e-97 1.60482e-96 3.54922e-96
0.466667 -1.18556e-95 4.08331e-95 9.03718e-95
0.470833 -2.93744e-94 1.00099e-93 2.217e-93
0.475 -7.01561e-93 2.3655e-92 5.243e-92
0.479167 -1.61605e-91 5.39182e-91 1.19595e-90
0.483333 -3.59227e-90 1.18604e-89 2.63271e-89
0.4875 -7.70972e-89 2.51909e-88 5.59594e-88
0.491667 -1.5984e-87 5.16879e-87 1.14907e-86
0.495833 -3.20277e-86 1.02506e-85 2.28055e-85
0.5 -6.20539e-85 1.9658e-84 4.37683e-84
0.504167 -1.16311e-83 3.64719e-83 8.1267e-83
0.508333 -2.11e-82 6.54949e-82 1.4605e-81
0.5125 -3.70634e-81 1.13889e-80 2.54164e-80
0.516667 -6.30668e-80 1.91853e-79 4.2849e-79
0.520833 -1.04e-78 3.13221e-78 7.00113e-78
0.525 -1.66274e-77 4.95806e-77 1.10911e-76
0.529167 -2.57838e-76 7.61245e-76 1.70425e-75
0.533333 -3.87947e-75 1.13412e-74 2.54108e-74
0.5375 -5.6659e-74 1.64015e-73 3.67784e-73
0.541667 -8.03524e-73 2.30334e-72 5.16917e-72
0.545833 -1.10693e-71 3.14226e-71 7.05764e-71
0.55 -1.4818e-70 4.16572e-70 9.36405e-70
0.554167 -1.92822e-69 5.36848e-69 1.20777e-68
0.558333 -2.43987e-68 6.72782e-68 1.51484e-67
0.5625 -3.00308e-67 8.20166e-67 1.84823e-66
0.566667 -3.59664e-66 9.72912e-66 2.19427e-65
0.570833 -4.19268e-65 1.12338e-64 2.53575e-64
0.575 -4.75868e-64 1.26297e-63 2.85325e-63
0.579167 -5.26031e-63 1.38294e-62 3.12692e-62
0.583333 -5.66491e-62 1.47531e-61 3.33862e-61
0.5875 -5.94507e-61 1.53377e-60 3.47387e-60
0.591667 -6.08168e-60 1.55436e-59 3.52352e-59
0.595833 -6.06613e-59 1.53596e-58 3.48478e-58
0.6 -5.90115e-58 1.48032e-57 3.36144e-57
0.604167 -5.60032e-57 1.39185e-56 3.16328e-56
0.608333 -5.18619e-56 1.27704e-55 2.90484e-55
0.6125 -4.68763e-55 1.14365e-54 2.60368e-54
0.616667 -4.13648e-54 9.99921e-54 2.27844e-53
0.620833 -3.56439e-53 8.53741e-53 1.94704e-52
0.625 -2.99996e-52 7.11989e-52 1.62518e-51
0.629167 -2.46673e-51 5.80103e-51 1.32529e-50
0.633333 -1.98197e-50 4.61867e-50 1.05609e-49
0.6375 -1.55646e-49 3.59419e-49 8.22557e-49
0.641667 -1.1949e-48 2.73433e-48 6.26318e-48
0.645833 -8.96955e-48 2.034e-47 4.66311e-47
0.65 -6.58478e-47 1.47977e-46 3.39545e-46
0.654167 -4.72855e-46 1.05307e-45 2.41848e-45
0.658333 -3.32211e-45 7.33217e-45 1.68537e-44
0.6625 -2.28392e-44 4.99566e-44 1.1493e-43
0.666667 -1.53676e-43 3.33136e-43 7.6708e-43
0.670833 -1.01221e-42 2.17467e-42 5.01176e-42
0.675 -6.52748e-42 1.3899e-41 3.20596e-41
0.679167 -4.12199e-41 8.69892e-41 2.00824e-40
0.683333 -2.54933e-40 5.33226e-40 1.23208e-39
0.6875 -1.54444e-39 3.20178e-39 7.40443e-39
0.691667 -9.16672e-39 1.88353e-38 4.35959e-38
0.695833 -5.33112e-38 1.08573e-37 2.51516e-37
0.7 -3.03845e-37 6.13343e-37 1.42206e-36
0.704167 -1.69736e-36 3.39611e-36 7.88068e-36
0.708333 -9.29504e-36 1.84339e-35 4.28119e-35
0.7125 -4.99046e-35 9.81001e-35 2.28024e-34
0.716667 -2.62725e-34 5.11915e-34 1.19089e-33
0.720833 -1.35641e-33 2.61974e-33 6.09944e-33
0.725 -6.86854e-33 1.31494e-32 3.06404e-32
0.729167 -3.41174e-32 6.47437e-32 1.50986e-31
0.733333 -1.66257e-31 3.12739e-31 7.29913e-31
0.7375 -7.94921e-31 1.48221e-30 3.46215e-30
0.741667 -3.72958e-30 6.89342e-30 1.61143e-29
0.745833 -1.71726e-29 3.14631e-29 7.36065e-29
0.75 -7.76067e-29 1.40947e-28 3.29993e-28
0.754167 -3.44266e-28 6.19791e-28 1.45219e-27
0.758333 -1.49922e-27 2.67555e-27 6.27358e-27
0.7625 -6.40997e-27 1.13397e-26 2.66086e-26
0.766667 -2.69095e-26 4.719e-26 1.10812e-25
0.770833 -1.10932e-25 1.92841e-25 4.53152e-25
0.775 -4.491e-25 7.73908e-25 1.81985e-24
0.779167 -1.78569e-24 3.05039e-24 7.17787e-24
0.783333 -6.97399e-24 1.18095e-23 2.78074e-23
0.7875 -2.67547e-23 4.49113e-23 1.05819e-22
0.791667 -1.00832e-22 1.67787e-22 3.95585e-22
0.795833 -3.73342e-22 6.15841e-22 1.45284e-21
0.8 -1.35818e-21 2.22086e-21 5.24234e-21
0.804167 -4.85482e-21 7.86938e-21 1.85863e-20
0.808333 -1.70525e-20 2.74004e-20 6.4751e-20
0.8125 -5.88604e-20 9.37548e-20 2.21673e-19
0.816667 -1.99667e-19 3.15266e-19 7.45784e-19
0.820833 -6.65672e-19 1.04191e-18 2.46588e-18
0.825 -2.18125e-18 3.38432e-18 8.01325e-18
0.829167 -7.02526e-18 1.0805e-17 2.55943e-17
0.833333 -2.22408e-17 3.39082e-17 8.03517e-17
0.8375 -6.92127e-17 1.046e-16 2.47958e-16
0.841667 -2.11731e-16 3.17189e-16 7.52155e-16
0.845833 -6.36738e-16 9.4554e-16 2.24283e-15
0.85 -1.88246e-15 2.77095e-15 6.57441e-15
0.854167 -5.47132e-15 7.98313e-15 1.89451e-14
0.858333 -1.56339e-14 2.26112e-14 5.36694e-14
0.8625 -4.39196e-14 6.29632e-14 1.49469e-13
0.866667 -1.21303e-13 1.72372e-13 4.09234e-13
0.870833 -3.29389e-13 4.63946e-13 1.10153e-12
0.875 -8.79373e-13 1.22769e-12 2.91486e-12
0.879167 -2.30814e-12 3.19398e-12 7.58297e-12
0.883333 -5.95627e-12 8.16943e-12 1.93935e-11
0.8875 -1.51114e-11 2.0543e-11 4.87596e-11
0.891667 -3.76917e-11 5.07854e-11 1.20516e-10
0.895833 -9.24246e-11 1.23427e-10 2.92816e-10
0.9 -2.22802e-10 2.9489e-10 6.99356e-10
0.904167 -5.27986e-10 6.92591e-10 1.64187e-09
0.908333 -1.22994e-09 1.59898e-09 3.78876e-09
0.9125 -2.8163e-09 3.62855e-09 8.5931e-09
0.916667 -6.3385e-09 8.0933e-09 1.91545e-08
0.920833 -1.4021e-08 1.77416e-08 4.19593e-08
0.925 -3.04806e-08 3.8221e-08 9.03214e-08
0.929167 -6.5116e-08 8.09131e-08 1.91039e-07
0.933333 -1.36689e-07 1.68307e-07 3.96988e-07
0.9375 -2.81913e-07 3.43962e-07 8.10424e-07
0.941667 -5.71197e-07 6.90547e-07 1.62508e-06
0.945833 -1.13683e-06 1.36175e-06 3.20044e-06
0.95 -2.2222e-06 2.63732e-06 6.18946e-06
0.954167 -4.26564e-06 5.01562e-06 1.17527e-05
0.958333 -8.03953e-06 9.36506e-06 2.1907e-05
0.9625 -1.48745e-05 1.71649e-05 4.00785e-05
0.966667 -2.70106e-05 3.08765e-05 7.19496e-05
0.970833 -4.81297e-05 5.44974e-05 0.000126716
0.975 -8.41344e-05 9.43579e-05 0.000218884
0.979167 -0.000144245 0.000160221 0.000370721
0.983333 -0.000242477 0.000266727 0.000615456
0.9875 -0.000399523 0.000435192 0.00100118
0.991667 -0.000644997 0.000695668 0.00159525
0.995833 -0.00101988 0.00108906 0.00248861
1 -0.00157877 0.00166893 0.00379915
1.00417 -0.00239142 0.00250227 0.00567264
1.00833 -0.00354254 0.00366855 0.00827914
1.0125 -0.00512887 0.00525575 0.0118028
1.01667 -0.00725206 0.00735248 0.0164226
1.02083 -0.0100063 0.0100351 0.0222818
1.025 -0.0134599 0.0133495 0.0294472
1.02917 -0.0176309 0.0172887 0.0378589
1.03333 -0.0224587 0.0217673 0.0472778
1.0375 -0.027776 0.0265989 0.057239
1.04167 -0.0332856 0.0314798 0.0670264
1.04583 -0.0385513 0.035988 0.0756817
1.05 -0.0430106 0.039603 0.0820625
1.05417 -0.0460153 0.0417515 0.0849566
1.05833 -0.0469035 0.041879 0.0832496
1.0625 -0.0450985 0.0395412 0.0761276
1.06667 -0.0402227 0.0345013 0.0632801
1.07083 -0.0322044 0.0268134 0.0450589
1.075 -0.0213528 0.0168693 0.0225428
1.07917 -0.0083739 0.00538751 -0.00253182
1.08333 0.00569015 -0.00666518 -0.0279847
1.0875 0.0196005 -0.0182159 -0.0515288
1.09167 0.0321205 -0.0282673 -0.0711657
1.09583 0.0422344 -0.0360796 -0.085546
1.1 0.0493311 -0.0413074 -0.0941963
1.10417 0.0533029 -0.0440498 -0.0975421
1.10833 0.0545249 -0.0447972 -0.0967093
1.1125 0.053718 -0.0442872 -0.0931647
1.11667 0.0517371 -0.0433131 -0.0883168
1.12083 0.0493557 -0.0425514 -0.0832219
1.125 0.0471271 -0.0424674 -0.0785135
1.12917 0.0453748 -0.043332 -0.0745836
1.13333 0.0443142 -0.045334 -0.0719289
1.1375 0.0442441 -0.0487237 -0.07148
1.14167 0.0457001 -0.0538992 -0.0746998
1.14583 0.0494611 -0.0613547 -0.083305
1.15 0.0563457 -0.0714674 -0.0986162
1.15417 0.0668279 -0.0841727 -0.120729
1.15833 0.0805976 -0.0986505 -0.147835
1.1625 0.0962524 -0.113172 -0.176022
1.16667 0.11129 -0.12522 -0.199765
1.17083 0.122478 -0.131908 -0.213032
1.175 0.126531 -0.13059 -0.210695
1.17917 0.120888 -0.11949 -0.189766
1.18333 0.104338 -0.0981209 -0.150037
1.1875 0.0772681 -0.0673849 -0.0939269
1.19167 0.0414766 -0.029321 -0.0256829
1.19583 -0.000330438 0.0133579 0.0496733
1.2 -0.0451352 0.0577518 0.127184
1.20417 -0.0900461 0.101108 0.202291
1.20833 -0.13245 0.140944 0.27069
1.2125 -0.169927 0.175011 0.32802
1.21667 -0.200104 0.20126 0.369784
1.22083 -0.220667 0.21792 0.39177
1.225 -0.22962 0.223742 0.390908
1.22917 -0.225743 0.218314 0.366212
1.23333 -0.209034 0.202288 0.319365
1.2375 -0.180913 0.177391 0.254656
1.24167 -0.144082 0.146187 0.178289
1.24583 -0.102084 0.111671 0.0973602
1.25 -0.0587445 0.0768551 0.0188838
1.25417 -0.017689 0.0444411 -0.0509116
1.25833 0.0179849 0.0166255 -0.107025
1.2625 0.0459073 -0.00504233 -0.146019
1.26667 0.0646075 -0.0198084 -0.166366
1.27083 0.0736979 -0.0278705 -0.16872
1.275 0.074001 -0.0304502 -0.155885
1.27917 0.0674783 -0.0296534 -0.132295
1.28333 0.0568696 -0.0280642 -0.103067
1.2875 0.0451013 -0.0281526 -0.0729767
1.29167 0.0346771 -0.0316931 -0.045765
1.29583 0.027288 -0.0393997 -0.0240097
1.3 0.02375 -0.0508725 -0.00936165
1.30417 0.02417 -0.0648019 -0.00272656
1.30833 0.0281175 -0.0792828 -0.00406517
1.3125 0.034646 -0.0921255 -0.0119176
1.31667 0.0422229 -0.101157 -0.0231794
1.32083 0.0488093 -0.104579 -0.0336881
1.325 0.0523051 -0.101406 -0.0396851
1.32917 0.0513084 -0.0918461 -0.0394954
1.33333 0.0458065 -0.0773851 -0.0343587
1.3375 0.0373009 -0.0603672 -0.0276735
1.34167 0.0281177 -0.0431444 -0.0228796
1.34583 0.0201791 -0.0271633 -0.0211971
1.35 0.0139425 -0.012512 -0.0207151
1.35417 0.00822125 0.00174697 -0.0175714
1.35833 0.00109543 0.0165847 -0.0086004
1.3625 -0.0085963 0.0319226 0.00623317
1.36667 -0.0201352 0.0461441 0.0232548
1.37083 -0.0309427 0.0565626 0.0368219
1.375 -0.0377939 0.060624 0.0423142
1.37917 -0.0384955 0.0571643 0.038483
1.38333 -0.0329948 0.0470134 0.0277543
1.3875 -0.0232887 0.0326578 0.0145087
1.39167 -0.0123045 0.0172474 0.002683
1.39583 -0.00256026 0.00355502 -0.00570243
1.4 0.00457649 -0.00661167 -0.0104024
1.40417 0.00877179 -0.0124681 -0.0118222
1.40833 0.0101659 -0.0140642 -0.0101832
1.4125 0.0090227 -0.0121651 -0.00574496
1.41667 0.00588561 -0.00823347 0.000307804
1.42083 0.00193539 -0.00425342 0.00548162
1.425 -0.00105576 -0.002143 0.00691656
1.42917 -0.00147141 -0.00286179 0.00326808
1.43333 0.0010776 -0.00573399 -0.00390382
1.4375 0.00519367 -0.00858096 -0.0105789
1.44167 0.00826825 -0.0088246 -0.0126058
1.44583 0.00801663 -0.00503755 -0.00844614
1.45 0.00400756 0.00201235 -0.000357072
1.45417 -0.00190323 0.00957028 0.00695759
1.45833 -0.00662625 0.0143341 0.00937519
1.4625 -0.00772468 0.0142837 0.0059563
1.46667 -0.00487142 0.00977085 -0.000682509
1.47083 8.77592e-05 0.00321115 -0.00638764
1.475 0.0044393 -0.00237203 -0.00831519
1.47917 0.00630564 -0.00498303 -0.00653679
1.48333 0.00557347 -0.00446657 -0.003394
1.4875 0.00352397 -0.00212795 -0.00133735
1.49167 0.00161915 0.000389326 -0.00105154
1.49583 0.000450152 0.00210038 -0.00127478
1.5 -0.000399608 0.00291965 -0.000263832
1.50417 -0.00162344 0.00316976 0.00245631
1.50833 -0.00332376 0.00292973 0.00555862
1.5125 -0.00478106 0.00183411 0.00701366
1.51667 -0.00504327 -0.000517543 0.00585964
1.52083 -0.00380929 -0.00393298 0.0031275
1.525 -0.00182927 -0.00738077 0.00110796
1.52917 -0.000442419 -0.00942803 0.00151719
1.53333 -0.000585592 -0.00910951 0.00404312
1.5375 -0.00205341 -0.00660086 0.00648816
1.54167 -0.00361406 -0.00317419 0.00646487
1.54583 -0.00391997 -0.00042638 0.00333928
1.55 -0.00252274 0.000695673 -0.0011405
1.55417 -0.000204526 0.000396474 -0.00410472
1.55833 0.00163843 -0.000269111 -0.00379129
1.5625 0.00208139 -0.000243267 -0.000992729
1.56667 0.00136599 0.000781422 0.00149665
1.57083 0.000641994 0.00223986 0.00110015
1.575 0.000953834 0.00323747 -0.00236781
1.57917 0.00229835 0.00328412 -0.00636352
1.58333 0.00355543 0.002627 -0.00751731
1.5875 0.00339981 0.00194742 -0.00436793
1.59167 0.00147676 0.00172018 0.00126779
1.59583 -0.00115014 0.00180516 0.00551118
1.6 -0.00272335 0.00162407 0.00539082
1.60417 -0.00216719 0.000757089 0.00123204
1.60833 -2.80774e-06 -0.000582738 -0.00351719
1.6125 0.00199727 -0.00164257 -0.00498871
1.61667 0.00220099 -0.00173819 -0.00199769
1.62083 0.000446963 -0.000855055 0.00298775
1.625 -0.00179851 0.000302 0.00585025
1.62917 -0.00262895 0.000886438 0.00418983
1.63333 -0.00127522 0.000628854 -0.000714853
1.6375 0.00123856 5.67157e-05 -0.00497496
1.64167 0.00292642 -7.57677e-06 -0.00529421
1.64583 0.00248054 0.000753277 -0.00163469
1.65 0.000348935 0.00177929 0.00285215
1.65417 -0.00165656 0.00207369 0.00451195
1.65833 -0.00189195 0.00111976 0.00219495
1.6625 -0.00025957 -0.000535329 -0.00191552
1.66667 0.00172674 -0.00161317 -0.00425675
1.67083 0.00223687 -0.00115736 -0.00289092
1.675 0.000682961 0.000563959 0.000967354
1.67917 -0.00176676 0.00213338 0.00408528
1.68333 -0.0031413 0.00207825 0.00394028
1.6875 -0.00228922 0.000132816 0.000732
1.69167 0.000166788 -0.00240507 -0.00290659
1.69583 0.00231253 -0.00360683 -0.00412177
1.7 0.00245723 -0.00245261 -0.00208838
1.70417 0.000460744 0.000261346 0.001475
1.70833 -0.00216691 0.00243461 0.0037934
1.7125 -0.00344494 0.00225555 0.00322037
1.71667 -0.00244008 -0.000354645 0.000397366
1.72083 4.48647e-05 -0.00360045 -0.0024004
1.725 0.00211077 -0.00512671 -0.0030862
1.72917 0.00220934 -0.00380552 -0.00129739
1.73333 0.000289116 -0.000628794 0.00146829
1.7375 -0.00220609 0.00199302 0.00310421
1.74167 -0.00345024 0.00202257 0.00250504
1.74583 -0.00259804 -0.000655895 0.000318289
1.75 -0.000375499 -0.00410334 -0.00166744
1.75417 0.00152095 -0.00574055 -0.00195927
1.75833 0.00173455 -0.00428042 -0.000490047
1.7625 0.000263979 -0.000720973 0.00141207
1.76667 -0.00157796 0.00239404 0.00214617
1.77083 -0.00221146 0.00292937 0.00113322
1.775 -0.00102274 0.00082578 -0.000757512
1.77917 0.00117546 -0.00186314 -0.00197876
1.78333 0.00281107 -0.00264177 -0.00161983
1.7875 0.00281268 -0.000613986 -0.000157229
1.79167 0.00144632 0.00280283 0.000999719
1.79583 4.32469e-05 0.00510335 0.000778869
1.8 -0.000155807 0.00480669 -0.000588781
1.80417 0.000941303 0.00262332 -0.00179052
1.80833 0.00223601 0.000692921 -0.00166553
1.8125 0.00245102 0.000642366 -0.000314344
1.81667 0.00128346 0.0022362 0.00098996
1.82083 -0.000356196 0.00376764 0.00104532
1.825 -0.00122836 0.00369897 -7.96326e-05
1.82917 -0.00091443 0.00198037 -0.00110952
1.83333 -0.00012576 -8.2104e-05 -0.000873164
1.8375 9.53565e-05 -0.00111642 0.000458449
1.84167 -0.000556331 -0.000846927 0.00151901
1.84583 -0.00139799 -0.000134216 0.00117759
1.85 -0.00153946 -3.04212e-05 -0.000235668
1.85417 -0.000833335 -0.000823037 -0.00124506
1.85833 1.20054e-05 -0.00189116 -0.000797882
1.8625 0.00023167 -0.00236997 0.000590767
1.86667 -0.000191356 -0.00194072 0.00138791
1.87083 -0.000583384 -0.00106388 0.00071742
1.875 -0.000375579 -0.0005184 -0.000682109
1.87917 0.000288163 -0.000682858 -0.00129178
1.88333 0.000777434 -0.00117758 -0.000504772
1.8875 0.000697137 -0.00119397 0.000737208
1.89167 0.00025293 -0.000273264 0.0010646
1.89583 -8.06381e-05 0.00114795 0.00023323
1.9 -9.69067e-05 0.00201562 -0.000679965
1.90417 2.9569e-05 0.00163145 -0.000595077
1.90833 6.27874e-05 0.00041424 0.000340882
1.9125 -3.10053e-05 -0.000413816 0.00101587
1.91667 -0.000158298 -1.9582e-05 0.000691635
1.92083 -0.000292981 0.00119175 -0.000189398
1.925 -0.000482843 0.00201361 -0.000584887
1.92917 -0.000701194 0.00168556 -5.28425e-05
1.93333 -0.000793806 0.000575722 0.000779103
1.9375 -0.000611646 -0.000345614 0.000913492
1.94167 -0.000186054 -0.000479842 6.6273e-05
1.94583 0.000225327 3.91368e-05 -0.00097723
1.95 0.000292216 0.000684245 -0.0011229
1.95417 -8.99006e-05 0.000937157 -0.000146562
1.95833 -0.000591089 0.000482478 0.00093679
1.9625 -0.00063907 -0.000579326 0.000867682
1.96667 1.15563e-05 -0.00158799 -0.000427118
1.97083 0.000900239 -0.00172298 -0.00160854
1.975 0.00122041 -0.000836047 -0.00134374
1.97917 0.000655239 0.000235475 0.000162746
1.98333 -0.000231686 0.000431521 0.00133268
1.9875 -0.000534 -0.000458316 0.000926272
1.99167 8.89716e-05 -0.00158106 -0.000636811
1.99583 0.00105006 -0.00180109 -0.00173983
2 0.00132462 -0.000657225 -0.00120428
2.00417 0.00037047 0.00120475 0.000550271
2.00833 -0.00123349 0.00238277 0.00182766
2.0125 -0.00208132 0.00184801 0.00122161
2.01667 -0.00124389 0.000135288 -0.000837877
2.02083 0.000526947 -0.000870965 -0.00220538
2.025 0.00130678 6.54834e-05 -0.00123623
2.02917 0.000152707 0.00190522 0.00105833
2.03333 -0.00158101 0.00245763 0.00186641
2.0375 -0.0017647 0.00111705 2.65676e-05
2.04167 -0.000185201 -0.000487479 -0.00225631
2.04583 0.00118832 -0.000825295 -0.00212848
2.05 0.000818715 -0.000285079 0.000132734
2.05417 -0.000515885 3.64681e-05 0.00153575
2.05833 -0.00106649 0.000159646 0.000454908
2.0625 -0.000456091 0.000547476 -0.00141835
2.06667 0.000314108 0.000574638 -0.00175222
2.07083 0.000586816 -0.000504814 -0.000589273
2.075 0.000536066 -0.00155169 0.000426296
2.07917 0.000223438 -0.00069887 0.000536974
2.08333 -0.000460656 0.00138324 0.000127958
2.0875 -0.00089817 0.00178534 -0.000535179
2.09167 -0.000238054 -0.000304225 -0.00116328
2.09583 0.000918823 -0.00202808 -0.000786344
2.1 0.000883806 -0.00112215 0.000859112
2.10417 -0.000455486 0.000629083 0.00185507
2.10833 -0.00102913 0.000498034 0.000323368
2.1125 0.000245107 -0.000700778 -0.00210162
2.11667 0.0014189 -0.000375325 -0.00183594
2.12083 0.000436111 0.00104658 0.00115987
2.125 -0.0013892 0.000953437 0.00263672
2.12917 -0.00131458 -0.000376633 0.000273325
2.13333 0.000333891 9.07397e-05 -0.00255621
2.1375 0.000651402 0.00243439 -0.00184707
2.14167 -0.000977239 0.00284328 0.00092698
2.14583 -0.00183981 0.000119732 0.00142337
2.15 -0.00055092 -0.00151213 -0.00068686
2.15417 0.000588505 0.000845818 -0.00183046
2.15833 -0.000341814 0.00348145 -0.000819007
2.1625 -0.00150811 0.00196092 -0.000284855
2.16667 -0.000672135 -0.00120419 -0.00133468
2.17083 0.000634148 -0.000536049 -0.00153064
2.175 -0.000256375 0.0029889 9.73057e-05
2.17917 -0.00213396 0.00332874 0.000524939
2.18333 -0.00165054 -0.000254647 -0.00194574
2.1875 0.00072887 -0.00158689 -0.00380086
2.19167 0.00102574 0.00199149 -0.00165721
2.19583 -0.00161569 0.00478477 0.0016102
2.2 -0.00314883 0.00212446 0.000896355
2.20417 -0.00112193 -0.00169019 -0.00288797
2.20833 0.00124097 -0.000482906 -0.00400631
2.2125 0.00027607 0.00352765 -0.000880815
2.21667 -0.00224372 0.00358151 0.00164793
2.22083 -0.00224223 -0.000288195 0.000150347
2.225 1.6097e-05 -0.00161046 -0.00241617
2.22917 0.000803681 0.0013675 -0.00208156
2.23333 -0.000639728 0.00281499 -6.66508e-06
2.2375 -0.00114824 -0.000599951 0.00034938
2.24167 0.000658041 -0.00405309 -0.000762698
2.24583 0.00208814 -0.00290472 -0.000459757
2.25 0.0012976 -0.000692266 0.00126049
2.25417 0.000665012 -0.00308917 0.00155148
2.25833 0.00265471 -0.00802409 0.000105067
2.2625 0.00523635 -0.00879694 0.000212212
2.26667 0.00492094 -0.00524264 0.00322671
2.27083 0.00265036 -0.0042825 0.00571523
2.275 0.00264686 -0.00861689 0.00460758
2.27917 0.0056936 -0.0121324 0.00237816
2.28333 0.00766736 -0.0098252 0.0035716
2.2875 0.00595246 -0.00605445 0.00766611
2.29167 0.00358579 -0.00737084 0.00959872
2.29583 0.00440059 -0.0115867 0.00749626
2.3 0.00691301 -0.0113201 0.0055165
2.30417 0.00684321 -0.00636223 0.00719536
2.30833 0.00413088 -0.00412868 0.00993285
2.3125 0.00286554 -0.00709366 0.00948204
2.31667 0.00428998 -0.00839175 0.00688582
2.32083 0.00474007 -0.00352443 0.00631204
2.325 0.00211771 0.0014936 0.00774134
2.32917 -0.000236539 -5.0347e-05 0.00727101
2.33333 0.000772731 -0.00401224 0.00440015
2.3375 0.00242147 -0.00207121 0.00314004
2.34167 0.000656954 0.004278 0.00464654
2.34583 -0.00279706 0.00628049 0.00462549
2.35 -0.00319019 0.00273113 0.000784967
2.35417 -0.000912322 0.00167498 -0.00263467
2.35833 -0.000938185 0.00642291 -0.00182816
2.3625 -0.0043661 0.0103175 -0.000129829
2.36667 -0.00664326 0.00879119 -0.00255479
2.37083 -0.00539397 0.00697713 -0.00737748
2.375 -0.00415115 0.0098967 -0.00915439
2.37917 -0.00589063 0.0134718 -0.00766557
2.38333 -0.00812898 0.0122996 -0.00750472
2.3875 -0.00782228 0.0095351 -0.0100117
2.39167 -0.00665078 0.010982 -0.0118891
2.39583 -0.00740638 0.0145017 -0.0116271
2.4 -0.00876027 0.0139229 -0.011345
2.40417 -0.00802141 0.00998972 -0.0117208
2.40833 -0.00627215 0.00863093 -0.0106885
2.4125 -0.00617952 0.0102607 -0.00824273
2.41667 -0.0067878 0.00939276 -0.00723256
2.42083 -0.00514509 0.00442979 -0.00784103
2.425 -0.00174222 -0.000137212 -0.00637515
2.42917 0.000251 -0.00185049 -0.00166264
2.43333 0.000432376 -0.00336932 0.00218188
2.4375 0.00143029 -0.00622883 0.00217595
2.44167 0.00391782 -0.00814432 0.00130896
2.44583 0.00559414 -0.00829391 0.00349768
2.45 0.00548865 -0.00920267 0.00731815
2.45417 0.00533548 -0.0112223 0.00879008
2.45833 0.00589979 -0.0109254 0.00773484
2.4625 0.00565394 -0.00762848 0.00705084
2.46667 0.00424419 -0.0058111 0.00739853
2.47083 0.00365397 -0.00752762 0.00704126
2.475 0.00425975 -0.00791712 0.0060935
2.47917 0.00327554 -0.0030705 0.00636397
2.48333 -0.000445641 0.00252047 0.00698071
2.4875 -0.0033787 0.00267575 0.00496252
2.49167 -0.00252078 -2.46055e-05 0.00121436
2.49583 -0.000851421 0.00167944 0.000878216
2.5 -0.00302651 0.00708628 0.00511103
2.50417 -0.00736444 0.00810531 0.00760751
2.50833 -0.00782861 0.00311158 0.00388324
2.5125 -0.00387066 0.000373199 -0.000513388
2.51667 -0.00186545 0.00404425 0.0021899
2.52083 -0.0048466 0.00659729 0.0091179
2.525 -0.00737635 0.00194942 0.0103937
2.52917 -0.00466601 -0.00304272 0.00471795
2.53333 -0.00071071 -0.000102462 0.00134053
2.5375 -0.00128342 0.00513774 0.00477993
2.54167 -0.00390118 0.00219854 0.0079088
2.54583 -0.00252207 -0.00523239 0.0045843
2.55 0.00146559 -0.00473209 -0.000678606
2.55417 0.00198181 0.00280186 -0.00203383
2.55833 -0.00022496 0.00373077 -0.00235679
2.5625 0.00120362 -0.00456243 -0.00608318
2.56667 0.00604904 -0.00856559 -0.00993548
2.57083 0.00719198 -0.00213825 -0.00979781
2.575 0.00368344 0.00278688 -0.00986869
2.57917 0.00321093 -0.00258281 -0.0150638
2.58333 0.00844378 -0.00871605 -0.0203514
2.5875 0.0116799 -0.00529412 -0.0184332
2.59167 0.00806388 0.000730879 -0.013205
2.59583 0.00416514 -0.00159099 -0.0141667
2.6 0.00678591 -0.00784885 -0.0206915
2.60417 0.0117794 -0.00724438 -0.0232902
2.60833 0.0116882 -0.00188243 -0.0190433
2.6125 0.00783237 -0.00180505 -0.0151851
2.61667 0.00683737 -0.00690621 -0.0172335
2.62083 0.00979457 -0.00833802 -0.022271
2.625 0.0121734 -0.00438601 -0.0248065
2.62917 0.0115687 -0.00206844 -0.0229888
2.63333 0.00967047 -0.00449624 -0.0187181
2.6375 0.00840464 -0.0071074 -0.0156313
2.64167 0.00809787 -0.00605801 -0.0156336
2.64583 0.00787446 -0.00275434 -0.0150097
2.65 0.00584537 -0.000301894 -0.0077613
2.65417 0.00103988 -9.42053e-05 0.00512057
2.65833 -0.00438352 -0.00082315 0.015717
2.6625 -0.00793033 0.00105438 0.0210278
2.66667 -0.0110702 0.00691239 0.0270304
2.67083 -0.0164645 0.0120062 0.0373887
2.675 -0.0222614 0.0112732 0.0468137
2.67917 -0.0246671 0.00820324 0.0503171
2.68333 -0.0246748 0.0101524 0.0502588
2.6875 -0.0257733 0.0155957 0.0490686
2.69167 -0.0265156 0.0158902 0.0439217
2.69583 -0.0227465 0.00993885 0.034124
2.7 -0.0159908 0.00606 0.0248322
2.70417 -0.0116214 0.00763442 0.0178074
2.70833 -0.00936106 0.00810358 0.00747469
2.7125 -0.00391478 0.00326725 -0.00797063
2.71667 0.00490683 -0.00187462 -0.0205348
2.72083 0.0109452 -0.00255241 -0.0239823
2.725 0.0115363 -0.0016123 -0.0233184
2.72917 0.0111337 -0.00313853 -0.0260122
2.73333 0.0134017 -0.00555232 -0.0304694
2.7375 0.0158556 -0.00510599 -0.0297847
2.74167 0.0145189 -0.00176458 -0.0222503
2.74583 0.0096093 0.00126793 -0.0127795
2.75 0.00469467 0.00168813 -0.00657932
2.75417 0.00244522 0.000786901 -0.00440021
2.75833 0.00206853 0.00224508 -0.00252097
2.7625 0.000433173 0.00683121 0.00285749
2.76667 -0.00362602 0.00967597 0.0100436
2.77083 -0.00695103 0.00708291 0.0131017
2.775 -0.00643347 0.00371633 0.0103466
2.77917 -0.00416876 0.00580438 0.00711905
2.78333 -0.0041261 0.00980885 0.00754643
2.7875 -0.00551734 0.0077826 0.0091663
2.79167 -0.00488127 0.00162639 0.00875205
2.79583 -0.00276739 -0.000190782 0.00711458
2.8 -0.00198027 0.00167582 0.00511933
2.80417 -0.0013378 -0.0010626 0.0018281
2.80833 0.00177348 -0.00821339 -0.00107899
2.8125 0.00507908 -0.01141 -0.00077093
2.81667 0.0052239 -0.0101156 -0.000441207
2.82083 0.00499876 -0.0119412 -0.00582107
2.825 0.00861249 -0.017041 -0.0138181
2.82917 0.0129499 -0.0176693 -0.0153346
2.83333 0.0122159 -0.0133969 -0.0100591
2.8375 0.00805459 -0.0116024 -0.00672093
2.84167 0.00623967 -0.0128974 -0.00795764
2.84583 0.00656152 -0.0106479 -0.00730125
2.85 0.00461739 -0.00440828 -0.00204082
2.85417 0.000351329 -9.99808e-05 0.00310948
2.85833 -0.00311349 0.00166468 0.00561056
2.8625 -0.00548189 0.00467776 0.00692539
2.86667 -0.00727433 0.00755003 0.00580435
2.87083 -0.00652818 0.00704497 0.00100665
2.875 -0.00359273 0.00644977 -0.00200593
2.87917 -0.00325429 0.00919378 0.00135458
2.88333 -0.00643124 0.0103352 0.00482958
2.8875 -0.00697663 0.00560523 0.00102595
2.89167 -0.00231241 0.00121631 -0.00458016
2.89583 0.00109524 0.00334522 -0.00253698
2.9 -0.00121839 0.0064679 0.00377058
2.90417 -0.00399873 0.00349596 0.00413927
2.90833 -0.00182331 -0.001471 -0.0012161
2.9125 0.00217406 -0.00153994 -0.0040197
2.91667 0.00318383 0.00081462 -0.00237486
2.92083 0.00233038 0.00025367 -0.000430214
2.925 0.00204979 -0.00142448 0.00125505
2.92917 0.00133602 -0.000805102 0.00404462
2.93333 -5.4074e-05 -9.16172e-05 0.00531894
2.9375 0.000324155 -0.00147693 0.00349943
2.94167 0.0022511 -0.00230724 0.00285368
2.94583 0.00238962 -0.00129668 0.00553321
2.95 0.00098239 -0.00162086 0.00605763
2.95417 0.00208783 -0.0042163 0.000889246
2.95833 0.00608236 -0.00575977 -0.00408354
2.9625 0.00859065 -0.00504644 -0.00233196
2.96667 0.00740924 -0.00397528 0.00397843
2.97083 0.00469341 -0.0025872 0.0089044
2.975 0.00264636 -0.000302849 0.0107638
2.97917 0.00190446 0.000421391 0.0112907
2.98333 0.00273911 -0.00132527 0.0120139
2.9875 0.00399117 -0.00130085 0.0135452
2.99167 0.00350611 0.00205586 0.0144223
2.99583 0.00237506 0.00298034 0.0115274
