0 0 0 0
0.00416667 0 0 0
0.00833333 0 0 0
0.0125 0 0 0
0.0166667 0 0 0
0.0208333 0 0 0
0.025 0 0 0
0.0291667 0 0 0
0.0333333 0 0 0
0.0375 0 0 0
0.0416667 0 0 0
0.0458333 0 0 0
0.05 0 0 0
0.0541667 0 0 0
0.0583333 0 0 0
0.0625 0 0 0
0.0666667 0 0 0
0.0708333 0 0 0
0.075 0 0 0
0.0791667 0 0 0
0.0833333 0 0 0
0.0875 0 0 0
0.0916667 0 0 0
0.0958333 0 0 0
0.1 0 0 0
0.104167 0 0 0
0.108333 0 0 0
0.1125 0 0 0
0.116667 0 0 0
0.120833 0 0 0
0.125 0 0 0
0.129167 0 0 0
0.133333 0 0 0
0.1375 0 0 0
0.141667 0 0 0
0.145833 0 0 0
0.15 0 0 0
0.154167 0 0 0
0.158333 0 0 0
0.1625 0 0 0
0.166667 0 0 0
0.170833 0 0 0
0.175 0 0 0
0.179167 0 0 0
0.183333 0 0 0
0.1875 0 0 0
0.191667 0 0 0
0.195833 0 0 0
0.2 0 0 0
0.204167 0 0 0
0.208333 0 0 0
0.2125 0 0 0
0.216667 0 0 0
0.220833 0 0 0
0.225 0 0 0
0.229167 0 0 0
0.233333 -3.25589e-321 0 8.32846e-320
0.2375 -5.7574e-318 -2.67902e-319 1.3773e-316
0.241667 -8.46228e-315 -3.85015e-316 1.98868e-313
0.245833 -1.09389e-311 -4.86515e-313 2.52621e-310
0.25 -1.24902e-308 -5.43069e-310 2.83536e-307
0.254167 -1.26489e-305 -5.37719e-307 2.82332e-304
0.258333 -1.14056e-302 -4.74146e-304 2.50386e-301
0.2625 -9.19116e-300 -3.73725e-301 1.98502e-298
0.266667 -6.6427e-297 -2.64255e-298 1.41173e-295
0.270833 -4.32016e-294 -1.68189e-295 9.03709e-293
0.275 -2.53646e-291 -9.66675e-293 5.22374e-290
0.279167 -1.34852e-288 -5.03278e-290 2.73488e-287
0.283333 -6.51114e-286 -2.38044e-287 1.30066e-284
0.2875 -2.86312e-283 -1.02575e-284 5.63464e-282
0.291667 -1.14965e-280 -4.03767e-282 2.22949e-279
0.295833 -4.22612e-278 -1.45557e-279 8.07766e-277
0.3 -1.42572e-275 -4.81736e-277 2.68639e-274
0.304167 -4.42447e-273 -1.46717e-274 8.22002e-272
0.308333 -1.2659e-270 -4.12116e-272 2.31937e-269
0.3125 -3.34646e-268 -1.06995e-269 6.04776e-267
0.316667 -8.19069e-266 -2.5728e-267 1.46031e-264
0.320833 -1.8598e-263 -5.74131e-265 3.27179e-262
0.325 -3.92514e-261 -1.19125e-262 6.8146e-260
0.329167 -7.71409e-259 -2.30237e-260 1.32193e-257
0.333333 -1.41424e-256 -4.15233e-258 2.39253e-255
0.3375 -2.42276e-254 -6.99987e-256 4.04691e-253
0.341667 -3.88472e-252 -1.10478e-253 6.40792e-251
0.345833 -5.83923e-250 -1.63505e-251 9.51311e-249
0.35 -8.24061e-248 -2.27254e-249 1.32617e-246
0.354167 -1.09348e-245 -2.97066e-247 1.73854e-244
0.358333 -1.36622e-243 -3.65734e-245 2.14631e-242
0.3625 -1.60948e-241 -4.24657e-243 2.4987e-240
0.366667 -1.79011e-239 -4.65633e-241 2.74676e-238
0.370833 -1.88216e-237 -4.82758e-239 2.85474e-236
0.375 -1.87306e-235 -4.73836e-237 2.80856e-234
0.379167 -1.76636e-233 -4.40814e-235 2.61872e-232
0.383333 -1.58031e-231 -3.89141e-233 2.31677e-230
0.3875 -1.34284e-229 -3.26336e-231 1.94691e-228
0.391667 -1.0849e-227 -2.60252e-229 1.55577e-226
0.395833 -8.34256e-226 -1.97582e-227 1.18341e-224
0.4 -6.11205e-224 -1.42942e-225 8.57735e-223
0.404167 -4.2705e-222 -9.8641e-224 5.92955e-221
0.408333 -2.84832e-220 -6.49902e-222 3.91339e-219
0.4125 -1.81515e-218 -4.09194e-220 2.46801e-217
0.416667 -1.10622e-216 -2.46427e-218 1.48863e-215
0.420833 -6.45283e-215 -1.42069e-216 8.59511e-214
0.425 -3.60581e-213 -7.84737e-215 4.75447e-212
0.429167 -1.93176e-211 -4.15639e-213 2.52169e-210
0.433333 -9.92989e-210 -2.1126e-211 1.2834e-208
0.4375 -4.9013e-208 -1.03124e-209 6.27264e-207
0.441667 -2.32475e-206 -4.83802e-208 2.94629e-205
0.445833 -1.06037e-204 -2.183e-206 1.33092e-203
0.45 -4.65432e-203 -9.48029e-205 5.78614e-202
0.454167 -1.96732e-201 -3.96524e-203 2.42258e-200
0.458333 -8.01307e-200 -1.5984e-201 9.7749e-199
0.4625 -3.14711e-198 -6.21369e-200 3.80338e-197
0.466667 -1.19258e-196 -2.33096e-198 1.42799e-195
0.470833 -4.36306e-195 -8.44317e-197 5.17657e-194
0.475 -1.542e-193 -2.95476e-195 1.81293e-192
0.479167 -5.26764e-192 -9.99619e-194 6.13754e-191
0.483333 -1.74035e-190 -3.27106e-192 2.00968e-189
0.4875 -5.56393e-189 -1.03591e-190 6.3682e-188
0.491667 -1.72221e-187 -3.17665e-189 1.95388e-186
0.495833 -5.16391e-186 -9.43743e-188 5.8076e-185
0.5 -1.50065e-184 -2.71768e-186 1.67315e-183
0.504167 -4.22869e-183 -7.5896e-185 4.67442e-182
0.508333 -1.15603e-181 -2.05647e-183 1.26703e-180
0.5125 -3.06741e-180 -5.409e-182 3.3336e-179
0.516667 -7.90345e-179 -1.38166e-180 8.51749e-178
0.520833 -1.97834e-177 -3.42899e-179 2.11434e-176
0.525 -4.81296e-176 -8.27193e-178 5.10146e-175
0.529167 -1.13852e-174 -1.94046e-176 1.1969e-173
0.533333 -2.61977e-173 -4.42838e-175 2.73176e-172
0.5375 -5.86628e-172 -9.83556e-174 6.06776e-171
0.541667 -1.27882e-170 -2.12687e-172 1.31217e-169
0.545833 -2.71505e-169 -4.47953e-171 2.76372e-168
0.55 -5.61602e-168 -9.1925e-170 5.67162e-167
0.554167 -1.13221e-166 -1.83859e-168 1.13446e-165
0.558333 -2.2255e-165 -3.58512e-167 2.2126e-164
0.5625 -4.26667e-164 -6.81638e-166 4.2092e-163
0.566667 -7.98113e-163 -1.26355e-164 7.81324e-162
0.570833 -1.45715e-161 -2.28218e-163 1.41563e-160
0.575 -2.59751e-160 -4.00924e-162 2.50438e-159
0.579167 -4.52254e-159 -6.82193e-161 4.32754e-158
0.583333 -7.69393e-158 -1.11346e-159 7.30688e-157
0.5875 -1.27953e-156 -1.70345e-158 1.20603e-155
0.591667 -2.08139e-155 -2.29489e-157 1.94695e-154
0.595833 -3.31475e-154 -2.13325e-156 3.07654e-153
0.6 -5.17609e-153 1.44346e-155 4.76469e-152
0.604167 -7.94681e-152 1.68164e-153 7.24846e-151
0.608333 -1.2056e-150 6.87839e-152 1.08762e-149
0.6125 -1.82381e-149 2.27608e-150 1.62172e-148
0.616667 -2.79424e-148 6.85402e-149 2.43451e-147
0.620833 -4.43858e-147 1.9508e-147 3.75632e-146
0.625 -7.51882e-146 5.32988e-146 6.12096e-145
0.629167 -1.3877e-144 1.4078e-144 1.08009e-143
0.633333 -2.79391e-143 3.60745e-143 2.08225e-142
0.6375 -6.01422e-142 8.98471e-142 4.32617e-141
0.641667 -1.34501e-140 2.17729e-140 9.42697e-140
0.645833 -3.04808e-139 5.13725e-139 2.09745e-138
0.65 -6.88272e-138 1.18076e-137 4.67305e-137
0.654167 -1.53325e-136 2.64471e-136 1.03014e-135
0.658333 -3.35146e-135 5.77467e-135 2.23188e-134
0.6625 -7.16843e-134 1.22954e-133 4.73595e-133
0.666667 -1.49829e-132 2.55361e-132 9.82524e-132
0.670833 -3.05845e-131 5.17463e-131 1.99129e-130
0.675 -6.0962e-130 1.02338e-129 3.94139e-129
0.679167 -1.18653e-128 1.97582e-128 7.61859e-128
0.683333 -2.25539e-127 3.72491e-127 1.43831e-126
0.6875 -4.18759e-126 6.85893e-126 2.65249e-125
0.691667 -7.59626e-125 1.23389e-124 4.77935e-124
0.695833 -1.34657e-123 2.16911e-123 8.41574e-123
0.7 -2.33317e-122 3.72716e-122 1.44851e-121
0.704167 -3.95236e-121 6.26134e-121 2.43757e-120
0.708333 -6.54723e-120 1.0286e-119 4.01142e-119
0.7125 -1.06083e-118 1.6528e-118 6.45713e-118
0.716667 -1.68159e-117 2.59826e-117 1.0169e-116
0.720833 -2.60839e-116 3.99693e-116 1.56716e-115
0.725 -3.96005e-115 6.01793e-115 2.36391e-114
0.729167 -5.88563e-114 8.87028e-114 3.49083e-113
0.733333 -8.56527e-113 1.28022e-112 5.0477e-112
0.7375 -1.22077e-111 1.80959e-111 7.14852e-111
0.741667 -1.70435e-110 2.5056e-110 9.91704e-110
0.745833 -2.33132e-109 3.39908e-109 1.34796e-108
0.75 -3.12497e-108 4.51873e-108 1.79551e-107
0.754167 -4.10558e-107 5.88786e-107 2.34419e-106
0.758333 -5.28773e-106 7.52084e-106 3.00037e-105
0.7625 -6.67745e-105 9.41941e-105 3.76543e-104
0.766667 -8.26945e-104 1.15693e-103 4.63438e-103
0.770833 -1.00449e-102 1.39378e-102 5.59475e-102
0.775 -1.19699e-101 1.64725e-101 6.62612e-101
0.779167 -1.39956e-100 1.91021e-100 7.7002e-100
0.783333 -1.6059e-99 2.17385e-99 8.78176e-99
0.7875 -1.80861e-98 2.42816e-98 9.83039e-98
0.791667 -1.99959e-97 2.66254e-97 1.08029e-96
0.795833 -2.1706e-96 2.86653e-96 1.16563e-95
0.8 -2.3138e-95 3.03058e-95 1.2351e-94
0.804167 -2.42242e-94 3.14682e-94 1.28537e-93
0.808333 -2.49125e-93 3.20967e-93 1.31403e-92
0.8125 -2.51706e-92 3.21632e-92 1.31979e-91
0.816667 -2.49888e-91 3.16687e-91 1.30253e-90
0.820833 -2.438e-90 3.06435e-90 1.26333e-89
0.825 -2.33788e-89 2.91438e-89 1.20435e-88
0.829167 -2.2038e-88 2.72466e-88 1.12866e-87
0.833333 -2.04241e-87 2.50438e-87 1.03992e-86
0.8375 -1.86122e-86 2.26344e-86 9.42171e-86
0.841667 -1.66798e-85 2.01176e-85 8.39474e-85
0.845833 -1.47022e-84 1.75864e-84 7.35685e-84
0.85 -1.27476e-83 1.51228e-83 6.34219e-83
0.854167 -1.08739e-82 1.27937e-82 5.37904e-82
0.858333 -9.12662e-82 1.06493e-81 4.48895e-81
0.8625 -7.53795e-81 8.72301e-81 3.68649e-80
0.866667 -6.12732e-80 7.03204e-80 2.97962e-79
0.870833 -4.90244e-79 5.5798e-79 2.37052e-78
0.875 -3.8613e-78 4.35843e-78 1.85657e-77
0.879167 -2.9942e-77 3.35171e-77 1.43157e-76
0.883333 -2.28617e-76 2.53792e-76 1.08693e-75
0.8875 -1.71895e-75 1.8924e-75 8.12693e-75
0.891667 -1.2729e-74 1.3897e-74 5.98458e-74
0.895833 -9.28433e-74 1.0052e-73 4.34083e-73
0.9 -6.67081e-73 7.16221e-73 3.10163e-72
0.904167 -4.72198e-72 5.02755e-72 2.18339e-71
0.908333 -3.29332e-71 3.47716e-71 1.51441e-70
0.9125 -2.26335e-70 2.36972e-70 1.03507e-69
0.916667 -1.53293e-69 1.59154e-69 6.97201e-69
0.920833 -1.02327e-68 1.05349e-68 4.62857e-68
0.925 -6.73285e-68 6.87346e-68 3.02888e-67
0.929167 -4.36706e-67 4.42077e-67 1.95391e-66
0.933333 -2.79256e-66 2.8031e-66 1.24267e-65
0.9375 -1.76068e-65 1.75241e-65 7.79255e-65
0.941667 -1.09462e-64 1.08027e-64 4.81851e-64
0.945833 -6.71105e-64 6.56705e-64 2.9383e-63
0.95 -4.05791e-63 3.93716e-63 1.76713e-62
0.954167 -2.42012e-62 2.32816e-62 1.04826e-61
0.958333 -1.42374e-61 1.35798e-61 6.13388e-61
0.9625 -8.26274e-61 7.8139e-61 3.54082e-60
0.966667 -4.73099e-60 4.43576e-60 2.01657e-59
0.970833 -2.6727e-59 2.48446e-59 1.13318e-58
0.975 -1.4899e-58 1.37308e-58 6.28337e-58
0.979167 -8.19603e-58 7.48844e-58 3.43823e-57
0.983333 -4.44966e-57 4.03047e-57 1.85677e-56
0.9875 -2.3843e-56 2.14103e-56 9.89679e-56
0.991667 -1.26107e-55 1.1226e-55 5.20691e-55
0.995833 -6.58406e-55 5.81023e-55 2.70424e-54
1 -3.39358e-54 2.96868e-54 1.38652e-53
1.00417 -1.72689e-53 1.49749e-53 7.01859e-53
1.00833 -8.67646e-53 7.45811e-53 3.50793e-52
1.0125 -4.30452e-52 3.66765e-52 1.73125e-51
1.01667 -2.10883e-51 1.78102e-51 8.43732e-51
1.02083 -1.02028e-50 8.54094e-51 4.06086e-50
1.025 -4.87523e-50 4.04505e-50 1.93031e-49
1.02917 -2.30087e-49 1.89214e-49 9.06278e-49
1.03333 -1.0726e-48 8.74226e-49 4.20291e-48
1.0375 -4.93928e-48 3.98989e-48 1.92539e-47
1.04167 -2.24696e-47 1.79884e-47 8.7136e-47
1.04583 -1.00986e-46 8.01207e-47 3.89594e-46
1.05 -4.48421e-46 3.5257e-46 1.72103e-45
1.05417 -1.96742e-45 1.53292e-45 7.51195e-45
1.05833 -8.52943e-45 6.58553e-45 3.23989e-44
1.0625 -3.65409e-44 2.79568e-44 1.38085e-43
1.06667 -1.54704e-43 1.17282e-43 5.81604e-43
1.07083 -6.47303e-43 4.86236e-43 2.421e-42
1.075 -2.67685e-42 1.99232e-42 9.96034e-42
1.07917 -1.09414e-41 8.06843e-42 4.0503e-41
1.08333 -4.4206e-41 3.22969e-41 1.62801e-40
1.0875 -1.76549e-40 1.2779e-40 6.46857e-40
1.09167 -6.9703e-40 4.99823e-40 2.54074e-39
1.09583 -2.72057e-39 1.93261e-39 9.86586e-39
1.1 -1.04981e-38 7.38752e-39 3.78752e-38
1.10417 -4.00523e-38 2.79191e-38 1.4376e-37
1.10833 -1.51088e-37 1.04321e-37 5.3952e-37
1.1125 -5.63553e-37 3.85416e-37 2.00208e-36
1.11667 -2.07857e-36 1.40797e-36 7.34649e-36
1.12083 -7.58121e-36 5.08609e-36 2.66576e-35
1.125 -2.73448e-35 1.81684e-35 9.56587e-35
1.12917 -9.75418e-35 6.41819e-35 3.39475e-34
1.13333 -3.44116e-34 2.24226e-34 1.19148e-33
1.1375 -1.2007e-33 7.74739e-34 4.13602e-33
1.14167 -4.14379e-33 2.64751e-33 1.42007e-32
1.14583 -1.41452e-32 8.94843e-33 4.82262e-32
1.15 -4.77625e-32 2.99158e-32 1.62002e-31
1.15417 -1.59531e-31 9.89267e-32 5.38317e-31
1.15833 -5.27108e-31 3.23594e-31 1.76949e-30
1.1625 -1.72292e-30 1.04707e-30 5.754e-30
1.16667 -5.57129e-30 3.3516e-30 1.85103e-29
1.17083 -1.78232e-29 1.06132e-29 5.89107e-29
1.175 -5.64118e-29 3.3248e-29 1.85492e-28
1.17917 -1.76653e-28 1.03045e-28 5.77856e-28
1.18333 -5.4733e-28 3.15968e-28 1.78111e-27
1.1875 -1.67792e-27 9.5857e-28 5.43185e-27
1.19167 -5.08972e-27 2.87727e-27 1.6391e-26
1.19583 -1.52768e-26 8.54522e-27 4.89411e-26
1.2 -4.53729e-26 2.51109e-26 1.44599e-25
1.20417 -1.33351e-25 7.30146e-26 4.22752e-25
1.20833 -3.8783e-25 2.10074e-25 1.22306e-24
1.2125 -1.1162e-24 5.9808e-25 3.50156e-24
1.21667 -3.17914e-24 1.68492e-24 9.92052e-24
1.22083 -8.96085e-24 4.69722e-24 2.78148e-23
1.225 -2.4996e-23 1.29584e-23 7.71778e-23
1.22917 -6.90051e-23 3.53764e-23 2.1193e-22
1.23333 -1.88533e-22 9.55739e-23 5.75946e-22
1.2375 -5.09798e-22 2.55524e-22 1.54906e-21
1.24167 -1.36432e-21 6.76076e-22 4.12342e-21
1.24583 -3.6137e-21 1.77026e-21 1.08631e-20
1.25 -9.47343e-21 4.58731e-21 2.83246e-20
1.25417 -2.45803e-20 1.17642e-20 7.30955e-20
1.25833 -6.31243e-20 2.98578e-20 1.86697e-19
1.2625 -1.60449e-19 7.49964e-20 4.71964e-19
1.26667 -4.0366e-19 1.8643e-19 1.18088e-18
1.27083 -1.00515e-18 4.58651e-19 2.92438e-18
1.275 -2.47736e-18 1.11671e-18 7.1679e-18
1.27917 -6.04347e-18 2.69088e-18 1.73892e-17
1.28333 -1.45924e-17 6.41711e-18 4.17542e-17
1.2875 -3.48746e-17 1.51452e-17 9.9232e-17
1.29167 -8.24961e-17 3.53751e-17 2.33417e-16
1.29583 -1.93152e-16 8.17724e-17 5.4343e-16
1.3 -4.47613e-16 1.87067e-16 1.25222e-15
1.30417 -1.0267e-15 4.2351e-16 2.85587e-15
1.30833 -2.33086e-15 9.48862e-16 6.44641e-15
1.3125 -5.23744e-15 2.10382e-15 1.44016e-14
1.31667 -1.16479e-14 4.61605e-15 3.18431e-14
1.32083 -2.56385e-14 1.00227e-14 6.96822e-14
1.325 -5.58537e-14 2.15348e-14 1.50913e-13
1.32917 -1.20425e-13 4.57856e-14 3.23458e-13
1.33333 -2.56968e-13 9.63249e-14 6.86106e-13
1.3375 -5.42664e-13 2.0052e-13 1.44024e-12
1.34167 -1.13413e-12 4.13022e-13 2.99184e-12
1.34583 -2.34564e-12 8.41729e-13 6.15024e-12
1.35 -4.80086e-12 1.69722e-12 1.25107e-11
1.35417 -9.72346e-12 3.38576e-12 2.51823e-11
1.35833 -1.94874e-11 6.682e-12 5.01552e-11
1.3625 -3.86458e-11 1.30458e-11 9.88394e-11
1.36667 -7.58319e-11 2.51959e-11 1.92717e-10
1.37083 -1.47226e-10 4.8135e-11 3.71764e-10
1.375 -2.82801e-10 9.09578e-11 7.09502e-10
1.37917 -5.37433e-10 1.69997e-10 1.33954e-09
1.38333 -1.01039e-09 3.14224e-10 2.50182e-09
1.3875 -1.87914e-09 5.74386e-10 4.62195e-09
1.39167 -3.45705e-09 1.03826e-09 8.44579e-09
1.39583 -6.29078e-09 1.8557e-09 1.52642e-08
1.4 -1.13221e-08 3.27929e-09 2.72834e-08
1.40417 -2.01534e-08 5.72902e-09 4.82262e-08
1.40833 -3.54759e-08 9.89398e-09 8.42934e-08
1.4125 -6.17521e-08 1.68892e-08 1.45679e-07
1.41667 -1.06284e-07 2.84935e-08 2.48917e-07
1.42083 -1.8086e-07 4.75045e-08 4.20463e-07
1.425 -3.04258e-07 7.82569e-08 7.02062e-07
1.42917 -5.05963e-07 1.27366e-07 1.15865e-06
1.43333 -8.31631e-07 2.04768e-07 1.88979e-06
1.4375 -1.35092e-06 3.25155e-07 3.04582e-06
1.44167 -2.16854e-06 5.09876e-07 4.85037e-06
1.44583 -3.43946e-06 7.89424e-07 7.63073e-06
1.45 -5.38937e-06 1.20655e-06 1.18582e-05
1.45417 -8.34166e-06 1.82006e-06 1.81998e-05
1.45833 -1.27517e-05 2.70915e-06 2.7583e-05
1.4625 -1.92494e-05 3.97819e-06 4.12732e-05
1.46667 -2.86897e-05 5.76146e-06 6.09633e-05
1.47083 -4.22098e-05 8.22718e-06 8.88706e-05
1.475 -6.12912e-05 1.158e-05 0.000127834
1.47917 -8.7819e-05 1.60605e-05 0.000181398
1.48333 -0.000124133 2.19401e-05 0.000253872
1.4875 -0.000173059 2.95101e-05 0.000350331
1.49167 -0.0002379 3.90621e-05 0.000476544
1.49583 -0.000322381 5.08591e-05 0.000638787
1.5 -0.000430515 6.50967e-05 0.000843518
1.50417 -0.000566385 8.18536e-05 0.00109689
1.50833 -0.000733818 0.000101036 0.00140407
1.5125 -0.00093595 0.000122319 0.00176845
1.51667 -0.0011747 0.000145089 0.00219061
1.52083 -0.00145014 0.000168408 0.00266737
1.525 -0.00175991 0.000190996 0.0031908
1.52917 -0.00209859 0.000211255 0.00374743
1.53333 -0.00245733 0.000227337 0.00431792
1.5375 -0.00282359 0.00023727 0.00487719
1.54167 -0.00318139 0.000239136 0.00539525
1.54583 -0.00351184 0.000231283 0.00583892
1.55 -0.0037943 0.00021257 0.00617413
1.55417 -0.00400786 0.000182589 0.00636904
1.55833 -0.00413327 0.000141841 0.00639731
1.5625 -0.00415492 9.18232e-05 0.00624142
1.56667 -0.00406282 3.49765e-05 0.00589527
1.57083 -0.00385404 -2.55031e-05 0.00536573
1.575 -0.0035335 -8.60078e-05 0.00467259
1.57917 -0.00311372 -0.000142972 0.00384663
1.58333 -0.00261347 -0.00019338 0.00292602
1.5875 -0.00205544 -0.000235244 0.00195122
1.59167 -0.00146311 -0.00026795 0.000959321
1.59583 -0.000857349 -0.000292398 -2.14378e-05
1.6 -0.000253303 -0.000310869 -0.000975694
1.60417 0.000341763 -0.000326619 -0.0019028
1.60833 0.000929215 -0.00034325 -0.0028158
1.6125 0.0015181 -0.000363962 -0.00373762
1.61667 0.00212258 -0.000390829 -0.00469496
1.62083 0.00275805 -0.000424261 -0.00571099
1.625 0.0034369 -0.00046275 -0.00679836
1.62917 0.00416437 -0.000502979 -0.00795376
1.63333 0.00493569 -0.000540258 -0.00915515
1.6375 0.00573476 -0.000569186 -0.0103621
1.64167 0.00653464 -0.000584376 -0.0115187
1.64583 0.00729957 -0.000581091 -0.0125587
1.65 0.0079879 -0.000555658 -0.0134107
1.65417 0.00855529 -0.00050563 -0.014003
1.65833 0.00895747 -0.000429759 -0.0142678
1.6625 0.00915241 -0.000327919 -0.0141437
1.66667 0.00910206 -0.000201126 -0.0135783
1.67083 0.0087742 -5.17676e-05 -0.0125322
1.675 0.00814499 0.000115965 -0.0109845
1.67917 0.00720264 0.000295581 -0.00893935
1.68333 0.00595205 0.000477992 -0.00643485
1.6875 0.00441947 0.000651671 -0.00354859
1.69167 0.00265588 0.000803476 -0.000399965
1.69583 0.000737464 0.000920141 0.00285442
1.7 -0.00123808 0.000990222 0.0060328
1.70417 -0.00315955 0.00100608 0.00894664
1.70833 -0.00491382 0.000965372 0.0114224
1.7125 -0.0063988 0.000871682 0.0133222
1.71667 -0.00753528 0.000733964 0.0145592
1.72083 -0.00827515 0.000565037 0.0151042
1.725 -0.00860433 0.000379446 0.0149829
1.72917 -0.00854041 0.000191303 0.014266
1.73333 -0.00812625 1.26561e-05 0.0130548
1.7375 -0.00742169 -0.000147279 0.0114677
1.74167 -0.00649594 -0.000282016 0.00962932
1.74583 -0.0054221 -0.000387144 0.00766529
1.75 -0.00427426 -0.000459581 0.00569975
1.75417 -0.00312628 -0.000497222 0.00385399
1.75833 -0.0020506 -0.000499169 0.00224279
1.7625 -0.00111542 -0.000466471 0.000967129
1.76667 -0.000379721 -0.00040298 0.000103698
1.77083 0.000113275 -0.000315846 -0.000306146
1.775 0.000342553 -0.000215242 -0.000264255
1.77917 0.000313357 -0.000113218 0.000182923
1.78333 5.7112e-05 -2.18707e-05 0.000951032
1.7875 -0.000373447 4.8702e-05 0.00193184
1.79167 -0.000913223 9.2122e-05 0.00301171
1.79583 -0.00149588 0.000106677 0.00409051
1.8 -0.00206471 9.52797e-05 0.00509691
1.80417 -0.00258101 6.44739e-05 0.00599711
1.80833 -0.00302832 2.27694e-05 0.00679572
1.8125 -0.00341202 -2.13211e-05 0.00752897
1.81667 -0.00375455 -6.11007e-05 0.00825215
1.82083 -0.00408762 -9.29685e-05 0.00902417
1.825 -0.00444317 -0.000116858 0.00989293
1.82917 -0.00484529 -0.000135695 0.0108853
1.83333 -0.00530537 -0.000153985 0.0120041
1.8375 -0.00582155 -0.000175921 0.0132339
1.84167 -0.00638288 -0.000203631 0.0145517
1.84583 -0.00697625 -0.000236253 0.0159397
1.85 -0.00759336 -0.000270286 0.0173926
1.85417 -0.00823409 -0.0003012 0.0189164
1.85833 -0.0089042 -0.000325718 0.0205156
1.8625 -0.00960729 -0.000343757 0.0221749
1.86667 -0.0103339 -0.000359069 0.0238415
1.87083 -0.0110521 -0.000378058 0.0254167
1.875 -0.011705 -0.00040711 0.0267614
1.87917 -0.0122157 -0.000449489 0.0277155
1.88333 -0.0124993 -0.000503209 0.028122
1.8875 -0.0124776 -0.00056092 0.0278471
1.89167 -0.0120888 -0.000611985 0.0267874
1.89583 -0.01129 -0.000645902 0.024862
1.9 -0.0100502 -0.000655593 0.021994
1.90417 -0.0083393 -0.000639124 0.0180929
1.90833 -0.00611786 -0.000599206 0.0130459
1.9125 -0.00333352 -0.000540862 0.00672639
1.91667 7.33236e-05 -0.000468459 -0.000984924
1.92083 0.00415681 -0.000383498 -0.0101721
1.925 0.00895013 -0.000284021 -0.0208584
1.92917 0.0144526 -0.000165635 -0.0329902
1.93333 0.0206224 -2.34303e-05 -0.0464307
1.9375 0.0273747 0.000146168 -0.0609618
1.94167 0.0345841 0.000344257 -0.0762887
1.94583 0.0420885 0.000569126 -0.092047
1.95 0.0496929 0.000816421 -0.10781
1.95417 0.0571748 0.00107947 -0.1231
1.95833 0.0642903 0.0013497 -0.137403
1.9625 0.0707825 0.00161726 -0.150188
1.96667 0.0763896 0.00187208 -0.16092
1.97083 0.0808529 0.00210513 -0.169076
1.975 0.0839234 0.00230934 -0.174162
1.97917 0.0853676 0.00247963 -0.175723
1.98333 0.0849769 0.00261177 -0.173377
1.9875 0.0825808 0.00270068 -0.166839
1.99167 0.0780631 0.00273914 -0.155956
1.99583 0.0713783 0.00271784 -0.140726
2 0.0625605 0.00262704 -0.121306
2.00417 0.0517235 0.00245905 -0.0979942
2.00833 0.0390497 0.00221028 -0.0712004
2.0125 0.0247736 0.0018816 -0.0414184
2.01667 0.0091661 0.00147705 -0.00919992
2.02083 -0.00747726 0.00100168 0.024858
2.025 -0.0248415 0.000460106 0.0601218
2.02917 -0.0425957 -0.000143227 0.0959306
2.03333 -0.0603976 -0.000801984 0.131611
2.0375 -0.077902 -0.00150519 0.166493
2.04167 -0.0947695 -0.00223529 0.199921
2.04583 -0.110671 -0.00296784 0.231244
2.05 -0.125285 -0.00367299 0.259799
2.05417 -0.138282 -0.00431751 0.28487
2.05833 -0.149309 -0.00486672 0.305662
2.0625 -0.157976 -0.00528591 0.321286
2.06667 -0.163848 -0.00554194 0.330767
2.07083 -0.166455 -0.00560607 0.333075
2.075 -0.165312 -0.00545846 0.327177
2.07917 -0.159944 -0.00509354 0.312106
2.08333 -0.149921 -0.00452465 0.287046
2.0875 -0.134902 -0.00378553 0.251439
2.09167 -0.114691 -0.00292765 0.205114
2.09583 -0.089294 -0.00201317 0.148416
2.1 -0.0589909 -0.00110508 0.0823417
2.10417 -0.0243913 -0.000256767 0.00862352
2.10833 0.0135243 0.000496842 -0.0702288
2.1125 0.0533962 0.00114478 -0.15097
2.11667 0.0935152 0.00170104 -0.229734
2.12083 0.131892 0.0022006 -0.302233
2.125 0.166365 0.00269046 -0.364014
2.12917 0.194735 0.00321666 -0.410779
2.13333 0.21493 0.00380936 -0.438737
2.1375 0.225185 0.00446957 -0.444969
2.14167 0.224219 0.0051614 -0.427782
2.14583 0.21141 0.00581355 -0.386995
2.15 0.18692 0.00633131 -0.324128
2.15417 0.151781 0.00661719 -0.242448
2.15833 0.107889 0.00659485 -0.146843
2.1625 0.0579171 0.00622892 -0.0435224
2.16667 0.00514163 0.00553402 0.0604346
2.17083 -0.0468041 0.00456957 0.157642
2.175 -0.0942238 0.00342251 0.241027
2.17917 -0.13367 0.00218453 0.304446
2.18333 -0.162249 0.000933232 0.343247
2.1875 -0.177884 -0.000276035 0.354736
2.19167 -0.179532 -0.00140578 0.338481
2.19583 -0.167313 -0.00242429 0.296434
2.2 -0.142543 -0.0032945 0.232815
2.20417 -0.107643 -0.00397217 0.153756
2.20833 -0.0659319 -0.00441613 0.0667184
2.2125 -0.0213082 -0.00460661 -0.0202412
2.21667 0.0221375 -0.00456218 -0.0992778
2.22083 0.0605337 -0.00434508 -0.163538
2.225 0.0906115 -0.00404933 -0.207824
2.22917 0.110019 -0.00377355 -0.229087
2.23333 0.117541 -0.0035876 -0.226692
2.2375 0.113197 -0.00350564 -0.202438
2.24167 0.0982129 -0.00347666 -0.160313
2.24583 0.0748639 -0.00339725 -0.105989
2.25 0.04619 -0.00314323 -0.0461255
2.25417 0.0156244 -0.00260984 0.0124441
2.25833 -0.0134188 -0.00174679 0.0635082
2.2625 -0.0379379 -0.000576816 0.102159
2.26667 -0.055663 0.000806926 0.12527
2.27083 -0.0652683 0.00226128 0.131737
2.275 -0.0664606 0.00362212 0.122474
2.27917 -0.0599478 0.00473219 0.100184
2.28333 -0.0472947 0.00546224 0.0689248
2.2875 -0.0306812 0.00572569 0.0335099
2.29167 -0.0125867 0.00548982 -0.00116863
2.29583 0.00455615 0.00478435 -0.0308078
2.3 0.0186883 0.0037031 -0.0522332
2.30417 0.0283733 0.00239205 -0.0637284
2.30833 0.0329338 0.00102109 -0.0651196
2.3125 0.0324645 -0.000253411 -0.0576345
2.31667 0.0277374 -0.00132 -0.0435868
2.32083 0.0200263 -0.00212249 -0.0259455
2.325 0.0108799 -0.00264654 -0.00784435
2.32917 0.00187068 -0.00289516 0.00790838
2.33333 -0.00565045 -0.00287414 0.0192502
2.3375 -0.0107544 -0.00260013 0.0251354
2.34167 -0.0130484 -0.00212433 0.0256004
2.34583 -0.0126799 -0.00154766 0.0216155
2.35 -0.010235 -0.00100482 0.0147779
2.35417 -0.00656789 -0.000617165 0.00693743
2.35833 -0.00261219 -0.0004418 -0.000158209
2.3625 0.000786148 -0.000454869 -0.00514531
2.36667 0.00299703 -0.000586601 -0.00724108
2.37083 0.00369596 -0.000786286 -0.00635121
2.375 0.00291352 -0.00106656 -0.00307125
2.37917 0.00102909 -0.00148506 0.00144679
2.38333 -0.00131183 -0.00206773 0.0057694
2.3875 -0.00335828 -0.00272951 0.00854898
2.39167 -0.0044566 -0.00326273 0.0088781
2.39583 -0.00422816 -0.00342215 0.0065128
2.4 -0.00265765 -0.00306247 0.00189672
2.40417 -6.67356e-05 -0.0022355 -0.00399614
2.40833 0.00299816 -0.00117146 -0.0099153
2.4125 0.00590474 -0.000148411 -0.0145911
2.41667 0.00805144 0.000662952 -0.0169481
2.42083 0.00895135 0.00126967 -0.0162801
2.425 0.0083045 0.00179549 -0.0124029
2.42917 0.006075 0.0023431 -0.00576572
2.43333 0.00255427 0.00289399 0.00254534
2.4375 -0.00163917 0.00332658 0.0109763
2.44167 -0.00566505 0.00353173 0.0178444
2.44583 -0.0086616 0.00351827 0.0217517
2.45 -0.00997046 0.00340837 0.021924
2.45417 -0.00929455 0.00331953 0.0183597
2.45833 -0.00673471 0.00323725 0.0117715
2.4625 -0.00271986 0.00300123 0.00339578
2.46667 0.00210602 0.00243531 -0.00523252
2.47083 0.00698431 0.00152139 -0.0124952
2.475 0.0111239 0.000465799 -0.0169159
2.47917 0.0138006 -0.000413398 -0.0174273
2.48333 0.0145013 -0.000899607 -0.0136482
2.4875 0.0130817 -0.00102152 -0.00606577
2.49167 0.00985957 -0.00100914 0.00400067
2.49583 0.00556745 -0.00109871 0.0146874
2.5 0.00116222 -0.0013492 0.024035
2.50417 -0.00243094 -0.00161875 0.0304265
2.50833 -0.00453087 -0.00170846 0.0328721
2.5125 -0.00480301 -0.00153837 0.0311055
2.51667 -0.0032629 -0.0012029 0.025549
2.52083 -0.000236613 -0.000870575 0.0172186
2.525 0.00368369 -0.000633778 0.00758204
2.52917 0.00770238 -0.000448944 -0.00166648
2.53333 0.0109395 -0.000211832 -0.00892825
2.5375 0.0126135 0.000116332 -0.0130541
2.54167 0.0122341 0.000454824 -0.0136059
2.54583 0.00972453 0.000664818 -0.0109248
2.55 0.00542326 0.000658476 -0.00600099
2.55417 -1.71995e-05 0.000454693 -0.000223365
2.55833 -0.00577591 0.00014685 0.00489687
2.5625 -0.0110055 -0.000165734 0.00798541
2.56667 -0.0149616 -0.00041414 0.00804526
2.57083 -0.0171283 -0.00055253 0.00466382
2.575 -0.0173262 -0.000549544 -0.00187175
2.57917 -0.0157609 -0.000407581 -0.0106173
2.58333 -0.0129751 -0.000182874 -0.0201807
2.5875 -0.00971765 3.97372e-05 -0.0290248
2.59167 -0.00678138 0.000211147 -0.035765
2.59583 -0.00485964 0.000353006 -0.039403
2.6 -0.00443294 0.000510124 -0.0395006
2.60417 -0.00567171 0.00066047 -0.0362907
2.60833 -0.00836422 0.000690836 -0.0306786
2.6125 -0.0119193 0.000493493 -0.024062
2.61667 -0.0154893 0.00010269 -0.0179686
2.62083 -0.018193 -0.000281192 -0.0136351
2.625 -0.019342 -0.000437861 -0.0117037
2.62917 -0.0185715 -0.000321555 -0.0121371
2.63333 -0.0158502 -0.000108536 -0.0143126
2.6375 -0.0114327 -3.47863e-05 -0.0171793
2.64167 -0.00581846 -0.000175464 -0.0194224
2.64583 0.000287022 -0.000385786 -0.0196797
2.65 0.00607122 -0.000460295 -0.0168585
2.65417 0.0108034 -0.000340416 -0.0104859
2.65833 0.0140423 -0.000154469 -0.000917609
2.6625 0.0157395 -6.14455e-05 0.0107326
2.66667 0.0161768 -8.2393e-05 0.0229073
2.67083 0.0158001 -0.000104109 0.0339841
2.675 0.0150654 -3.34259e-05 0.0425598
2.67917 0.0143565 9.03782e-05 0.0476248
2.68333 0.0139393 0.000154481 0.0486964
2.6875 0.0138979 0.000117397 0.0459218
2.69167 0.0140765 5.26916e-05 0.0400602
2.69583 0.0141084 4.08339e-05 0.0322661
2.7 0.013563 5.98817e-05 0.0237513
2.70417 0.0121268 3.0557e-05 0.0155158
2.70833 0.00969738 -3.74377e-05 0.00826626
2.7125 0.00635878 -7.29395e-06 0.00245007
2.71667 0.00232827 0.00022311 -0.00175016
2.72083 -0.00203537 0.000537246 -0.00448934
2.725 -0.00619816 0.000648767 -0.00625057
2.72917 -0.00951698 0.000385403 -0.00762472
2.73333 -0.0114501 -9.44404e-05 -0.00898067
2.7375 -0.0117816 -0.000424892 -0.0102996
2.74167 -0.01067 -0.000394206 -0.0113206
2.74583 -0.00848713 -0.000150049 -0.0118298
2.75 -0.00561657 -1.05857e-05 -0.0117801
2.75417 -0.00240467 -9.5439e-05 -0.0111433
2.75833 0.000748196 -0.000207167 -0.00973156
2.7625 0.00334861 -0.000100358 -0.0072765
2.76667 0.00495774 0.000190835 -0.00374467
2.77083 0.00541983 0.000370471 0.000444645
2.775 0.00493638 0.000229037 0.00455959
2.77917 0.00389899 -9.94048e-05 0.00792855
2.78333 0.00264983 -0.000284984 0.0101779
2.7875 0.00139761 -0.000174198 0.0111577
2.79167 0.000310799 6.36698e-05 0.0107606
2.79583 -0.000401994 0.000176782 0.00894022
2.8 -0.000571084 0.000137673 0.005933
2.80417 -0.000216715 0.000132611 0.00237919
2.80833 0.00043208 0.000274178 -0.000877579
2.8125 0.00110058 0.000435325 -0.00315536
2.81667 0.00163848 0.000427804 -0.00412222
2.82083 0.00202099 0.000276726 -0.00370421
2.825 0.00222802 0.000207644 -0.00195243
2.82917 0.00219831 0.000351024 0.000897886
2.83333 0.00193193 0.000562908 0.00428276
2.8375 0.00158727 0.000618026 0.00738374
2.84167 0.00140288 0.000526334 0.00948717
2.84583 0.00150573 0.000536286 0.010316
2.85 0.00183478 0.000794862 0.0100142
2.85417 0.00227371 0.00110852 0.00886463
2.85833 0.00281443 0.00114331 0.00711441
2.8625 0.00352859 0.000829726 0.00508508
2.86667 0.00437987 0.000453464 0.00331721
2.87083 0.00513097 0.000310321 0.00242458
2.875 0.00548558 0.000367471 0.00272106
2.87917 0.00530362 0.00035331 0.00401473
2.88333 0.00464198 0.000124117 0.00578541
2.8875 0.0036152 -0.000193886 0.00750747
2.89167 0.00230322 -0.000446861 0.00875899
2.89583 0.000831819 -0.00069665 0.00911826
2.9 -0.000534464 -0.00110254 0.00816697
2.90417 -0.00149899 -0.00162627 0.00573833
2.90833 -0.00197416 -0.00202079 0.00212926
2.9125 -0.00217481 -0.00214883 -0.00203984
2.91667 -0.00245063 -0.00216592 -0.00620135
2.92083 -0.00308055 -0.00226816 -0.01004
2.925 -0.00427355 -0.00235497 -0.0133833
2.92917 -0.00628076 -0.00213805 -0.0161126
2.93333 -0.00931878 -0.00160252 -0.0183705
2.9375 -0.0132757 -0.00115324 -0.0208
2.94167 -0.017568 -0.00114974 -0.0243248
2.94583 -0.0214377 -0.00141987 -0.0294966
2.95 -0.0244405 -0.00147296 -0.0360644
2.95417 -0.0266001 -0.00119687 -0.0432445
2.95833 -0.0281025 -0.00106903 -0.0503212
2.9625 -0.0290015 -0.00149278 -0.0568239
2.96667 -0.0293518 -0.00211622 -0.0621689
2.97083 -0.0295255 -0.00215323 -0.0654889
2.975 -0.0301091 -0.00141376 -0.0661713
2.97917 -0.031304 -0.000673272 -0.0645706
2.98333 -0.0325085 -0.000758511 -0.0619007
2.9875 -0.03268 -0.00145427 -0.0592084
2.99167 -0.0311473 -0.00170423 -0.0565072
2.99583 -0.0279683 -0.000932874 -0.0530094
