0 0 0 0
0.00416667 0 0 0
0.00833333 0 0 0
0.0125 0 0 0
0.0166667 0 0 0
0.0208333 0 0 0
0.025 0 0 0
0.0291667 0 0 0
0.0333333 0 0 0
0.0375 0 0 0
0.0416667 0 0 0
0.0458333 0 0 0
0.05 0 0 0
0.0541667 0 0 0
0.0583333 0 0 0
0.0625 0 0 0
0.0666667 0 0 0
0.0708333 0 0 0
0.075 0 0 0
0.0791667 0 0 0
0.0833333 0 0 0
0.0875 0 0 0
0.0916667 0 0 0
0.0958333 0 0 0
0.1 0 0 0
0.104167 0 0 0
0.108333 0 0 0
0.1125 0 0 0
0.116667 0 0 0
0.120833 0 0 0
0.125 -1.82804e-322 3.78948e-321 8.18173e-321
0.129167 -2.0713e-316 2.85593e-315 6.08258e-315
0.133333 -1.00455e-310 1.3401e-309 2.85475e-309
0.1375 -3.2105e-305 4.14804e-304 8.83831e-304
0.141667 -6.93329e-300 8.68414e-299 1.85076e-298
0.145833 -1.03514e-294 1.25803e-293 2.68173e-293
0.15 -1.091e-289 1.28762e-288 2.74546e-288
0.154167 -8.27439e-285 9.49104e-284 2.02417e-283
0.158333 -4.59593e-280 5.12734e-279 1.09379e-278
0.1625 -1.9001e-275 2.0632e-274 4.40247e-274
0.166667 -5.93523e-271 6.27688e-270 1.33972e-269
0.170833 -1.42026e-266 1.46383e-265 3.12521e-265
0.175 -2.63716e-262 2.65056e-261 5.66038e-261
0.179167 -3.84511e-258 3.77086e-257 8.0551e-257
0.183333 -4.4514e-254 4.26181e-253 9.1065e-253
0.1875 -4.13408e-250 3.86607e-249 8.26335e-249
0.191667 -3.10983e-246 2.84208e-245 6.07653e-245
0.195833 -1.91195e-242 1.70841e-241 3.65382e-241
0.2 -9.68857e-239 8.46814e-238 1.81168e-237
0.204167 -4.07862e-235 3.48854e-234 7.46581e-234
0.208333 -1.437e-231 1.20329e-230 2.576e-230
0.2125 -4.26691e-228 3.49931e-227 7.49388e-227
0.216667 -1.07482e-224 8.63624e-224 1.85011e-223
0.220833 -2.311e-221 1.82e-220 3.9003e-220
0.225 -4.2662e-218 3.29417e-217 7.06201e-217
0.229167 -6.79903e-215 5.14913e-214 1.10427e-213
0.233333 -9.40325e-212 6.98694e-211 1.49896e-210
0.2375 -1.13415e-208 8.27064e-208 1.77502e-207
0.241667 -1.19853e-205 8.58043e-205 1.84222e-204
0.245833 -1.11465e-202 7.83633e-202 1.68312e-201
0.25 -9.16126e-200 6.32656e-199 1.35939e-198
0.254167 -6.68087e-197 4.53316e-196 9.74433e-196
0.258333 -4.33927e-194 2.8937e-193 6.22276e-193
0.2625 -2.51926e-191 1.65154e-190 3.55303e-190
0.266667 -1.31187e-188 8.4565e-188 1.82006e-187
0.270833 -6.14743e-186 3.89744e-185 8.39193e-185
0.275 -2.60037e-183 1.62183e-182 3.49364e-182
0.279167 -9.95883e-181 6.11168e-180 1.31712e-179
0.283333 -3.46298e-178 2.09158e-177 4.50958e-177
0.2875 -1.09632e-175 6.51818e-175 1.406e-174
0.291667 -3.16814e-173 1.85456e-172 4.00224e-172
0.295833 -8.37776e-171 4.82946e-170 1.04271e-169
0.3 -2.03209e-168 1.1538e-167 2.49231e-167
0.304167 -4.5315e-166 2.53467e-165 5.47778e-165
0.308333 -9.31052e-164 5.13127e-163 1.10948e-162
0.3125 -1.76625e-161 9.59283e-161 2.07519e-160
0.316667 -3.09991e-159 1.65944e-158 3.59163e-158
0.320833 -5.04322e-157 2.66138e-156 5.76313e-156
0.325 -7.61963e-155 3.96449e-154 8.58942e-154
0.329167 -1.07104e-152 5.49514e-152 1.19119e-151
0.333333 -1.40302e-150 7.09944e-150 1.53977e-149
0.3375 -1.71567e-148 8.56329e-148 1.85826e-147
0.341667 -1.96156e-146 9.65868e-146 2.0971e-145
0.345833 -2.10009e-144 1.02028e-143 2.21646e-143
0.35 -2.10853e-142 1.01085e-141 2.19719e-141
0.354167 -1.98815e-140 9.40668e-140 2.04579e-139
0.358333 -1.76296e-138 8.23309e-138 1.79157e-137
0.3625 -1.47209e-136 6.78642e-136 1.47761e-135
0.366667 -1.15899e-134 5.27502e-134 1.1492e-133
0.370833 -8.6142e-133 3.87122e-132 8.4387e-132
0.375 -6.05145e-131 2.68553e-130 5.85753e-130
0.379167 -4.02266e-129 1.76306e-128 3.84781e-128
0.383333 -2.53315e-127 1.09659e-126 2.39472e-126
0.3875 -1.51276e-125 6.46889e-125 1.41353e-124
0.391667 -8.57615e-124 3.62303e-123 7.92163e-123
0.395833 -4.62027e-122 1.92845e-121 4.21913e-121
0.4 -2.36766e-120 9.76481e-120 2.13772e-119
0.404167 -1.1552e-118 4.7081e-118 1.03136e-117
0.408333 -5.3713e-117 2.16348e-116 4.74237e-116
0.4125 -2.38217e-115 9.48346e-115 2.08014e-114
0.416667 -1.00857e-113 3.96883e-113 8.71108e-113
0.420833 -4.07989e-112 1.58708e-111 3.48575e-111
0.425 -1.57814e-110 6.06918e-110 1.33388e-109
0.429167 -5.84173e-109 2.22122e-108 4.88506e-108
0.433333 -2.07092e-107 7.786e-107 1.71351e-106
0.4375 -7.03612e-106 2.61588e-105 5.76088e-105
0.441667 -2.29278e-104 8.42975e-104 1.85774e-103
0.445833 -7.17057e-103 2.60738e-102 5.75011e-102
0.45 -2.15378e-101 7.74603e-101 1.70945e-100
0.454167 -6.21709e-100 2.21169e-99 4.88438e-99
0.458333 -1.72581e-98 6.0732e-98 1.34218e-97
0.4625 -4.60982e-97 1.60482e-96 3.54922e-96
0.466667 -1.18556e-95 4.08331e-95 9.03718e-95
0.470833 -2.93744e-94 1.00099e-93 2.217e-93
0.475 -7.01561e-93 2.3655e-92 5.243e-92
0.479167 -1.61605e-91 5.39182e-91 1.19595e-90
0.483333 -3.59227e-90 1.18604e-89 2.63271e-89
0.4875 -7.70972e-89 2.51909e-88 5.59594e-88
0.491667 -1.5984e-87 5.16879e-87 1.14907e-86
0.495833 -3.20277e-86 1.02506e-85 2.28055e-85
0.5 -6.20539e-85 1.9658e-84 4.37683e-84
0.504167 -1.16311e-83 3.64719e-83 8.1267e-83
0.508333 -2.11e-82 6.54949e-82 1.4605e-81
0.5125 -3.70634e-81 1.13889e-80 2.54164e-80
0.516667 -6.30668e-80 1.91853e-79 4.2849e-79
0.520833 -1.04e-78 3.13221e-78 7.00113e-78
0.525 -1.66274e-77 4.95806e-77 1.10911e-76
0.529167 -2.57838e-76 7.61245e-76 1.70425e-75
0.533333 -3.87947e-75 1.13412e-74 2.54108e-74
0.5375 -5.6659e-74 1.64015e-73 3.67784e-73
0.541667 -8.03524e-73 2.30334e-72 5.16917e-72
0.545833 -1.10693e-71 3.14226e-71 7.05764e-71
0.55 -1.4818e-70 4.16572e-70 9.36405e-70
0.554167 -1.92822e-69 5.36848e-69 1.20777e-68
0.558333 -2.43987e-68 6.72782e-68 1.51484e-67
0.5625 -3.00308e-67 8.20166e-67 1.84823e-66
0.566667 -3.59664e-66 9.72912e-66 2.19427e-65
0.570833 -4.19268e-65 1.12338e-64 2.53575e-64
0.575 -4.75868e-64 1.26297e-63 2.85325e-63
0.579167 -5.26031e-63 1.38294e-62 3.12692e-62
0.583333 -5.66491e-62 1.47531e-61 3.33862e-61
0.5875 -5.94507e-61 1.53377e-60 3.47387e-60
0.591667 -6.08168e-60 1.55436e-59 3.52352e-59
0.595833 -6.06613e-59 1.53596e-58 3.48478e-58
0.6 -5.90115e-58 1.48032e-57 3.36144e-57
0.604167 -5.60032e-57 1.39185e-56 3.16328e-56
0.608333 -5.18619e-56 1.27704e-55 2.90484e-55
0.6125 -4.68763e-55 1.14365e-54 2.60368e-54
0.616667 -4.13648e-54 9.99921e-54 2.27844e-53
0.620833 -3.56439e-53 8.53741e-53 1.94705e-52
0.625 -2.99996e-52 7.11989e-52 1.62518e-51
0.629167 -2.46673e-51 5.80103e-51 1.32529e-50
0.633333 -1.98197e-50 4.61867e-50 1.05609e-49
0.6375 -1.55646e-49 3.59419e-49 8.22558e-49
0.641667 -1.1949e-48 2.73433e-48 6.26318e-48
0.645833 -8.96955e-48 2.034e-47 4.66311e-47
0.65 -6.58478e-47 1.47977e-46 3.39545e-46
0.654167 -4.72855e-46 1.05307e-45 2.41848e-45
0.658333 -3.32211e-45 7.33217e-45 1.68537e-44
0.6625 -2.28392e-44 4.99566e-44 1.1493e-43
0.666667 -1.53676e-43 3.33136e-43 7.6708e-43
0.670833 -1.01221e-42 2.17467e-42 5.01176e-42
0.675 -6.52748e-42 1.3899e-41 3.20596e-41
0.679167 -4.12199e-41 8.69892e-41 2.00824e-40
0.683333 -2.54933e-40 5.33226e-40 1.23208e-39
0.6875 -1.54444e-39 3.20178e-39 7.40443e-39
0.691667 -9.16672e-39 1.88353e-38 4.35959e-38
0.695833 -5.33112e-38 1.08573e-37 2.51516e-37
0.7 -3.03844e-37 6.13343e-37 1.42206e-36
0.704167 -1.69736e-36 3.39611e-36 7.88068e-36
0.708333 -9.29504e-36 1.84339e-35 4.28119e-35
0.7125 -4.99046e-35 9.81001e-35 2.28024e-34
0.716667 -2.62725e-34 5.11915e-34 1.19089e-33
0.720833 -1.35641e-33 2.61974e-33 6.09944e-33
0.725 -6.86854e-33 1.31494e-32 3.06404e-32
0.729167 -3.41174e-32 6.47437e-32 1.50986e-31
0.733333 -1.66257e-31 3.12739e-31 7.29913e-31
0.7375 -7.94921e-31 1.48221e-30 3.46215e-30
0.741667 -3.72958e-30 6.89342e-30 1.61143e-29
0.745833 -1.71726e-29 3.14631e-29 7.36065e-29
0.75 -7.76067e-29 1.40947e-28 3.29994e-28
0.754167 -3.44266e-28 6.19792e-28 1.45219e-27
0.758333 -1.49922e-27 2.67555e-27 6.27358e-27
0.7625 -6.40997e-27 1.13397e-26 2.66086e-26
0.766667 -2.69095e-26 4.719e-26 1.10812e-25
0.770833 -1.10932e-25 1.92841e-25 4.53152e-25
0.775 -4.491e-25 7.73908e-25 1.81985e-24
0.779167 -1.78569e-24 3.05039e-24 7.17787e-24
0.783333 -6.97399e-24 1.18095e-23 2.78074e-23
0.7875 -2.67548e-23 4.49113e-23 1.05819e-22
0.791667 -1.00832e-22 1.67787e-22 3.95585e-22
0.795833 -3.73343e-22 6.15841e-22 1.45284e-21
0.8 -1.35818e-21 2.22086e-21 5.24234e-21
0.804167 -4.85482e-21 7.86938e-21 1.85863e-20
0.808333 -1.70525e-20 2.74004e-20 6.4751e-20
0.8125 -5.88605e-20 9.37549e-20 2.21673e-19
0.816667 -1.99667e-19 3.15266e-19 7.45784e-19
0.820833 -6.65672e-19 1.04191e-18 2.46588e-18
0.825 -2.18125e-18 3.38432e-18 8.01326e-18
0.829167 -7.02527e-18 1.0805e-17 2.55944e-17
0.833333 -2.22408e-17 3.39082e-17 8.03517e-17
0.8375 -6.92128e-17 1.046e-16 2.47958e-16
0.841667 -2.11731e-16 3.17189e-16 7.52156e-16
0.845833 -6.36739e-16 9.45541e-16 2.24283e-15
0.85 -1.88247e-15 2.77095e-15 6.57442e-15
0.854167 -5.47133e-15 7.98314e-15 1.89452e-14
0.858333 -1.56339e-14 2.26112e-14 5.36695e-14
0.8625 -4.39197e-14 6.29633e-14 1.49469e-13
0.866667 -1.21303e-13 1.72372e-13 4.09235e-13
0.870833 -3.29389e-13 4.63946e-13 1.10153e-12
0.875 -8.79373e-13 1.22769e-12 2.91486e-12
0.879167 -2.30814e-12 3.19398e-12 7.58298e-12
0.883333 -5.95628e-12 8.16943e-12 1.93935e-11
0.8875 -1.51114e-11 2.0543e-11 4.87596e-11
0.891667 -3.76917e-11 5.07854e-11 1.20516e-10
0.895833 -9.24247e-11 1.23427e-10 2.92816e-10
0.9 -2.22802e-10 2.9489e-10 6.99357e-10
0.904167 -5.27987e-10 6.92592e-10 1.64187e-09
0.908333 -1.22994e-09 1.59898e-09 3.78877e-09
0.9125 -2.8163e-09 3.62855e-09 8.5931e-09
0.916667 -6.3385e-09 8.09331e-09 1.91545e-08
0.920833 -1.4021e-08 1.77416e-08 4.19593e-08
0.925 -3.04806e-08 3.8221e-08 9.03215e-08
0.929167 -6.5116e-08 8.09131e-08 1.91039e-07
0.933333 -1.36689e-07 1.68307e-07 3.96988e-07
0.9375 -2.81913e-07 3.43962e-07 8.10424e-07
0.941667 -5.71198e-07 6.90548e-07 1.62508e-06
0.945833 -1.13683e-06 1.36175e-06 3.20044e-06
0.95 -2.2222e-06 2.63732e-06 6.18947e-06
0.954167 -4.26565e-06 5.01563e-06 1.17527e-05
0.958333 -8.03954e-06 9.36506e-06 2.19071e-05
0.9625 -1.48745e-05 1.71649e-05 4.00785e-05
0.966667 -2.70107e-05 3.08765e-05 7.19496e-05
0.970833 -4.81297e-05 5.44974e-05 0.000126716
0.975 -8.41344e-05 9.4358e-05 0.000218884
0.979167 -0.000144245 0.000160221 0.000370721
0.983333 -0.000242477 0.000266727 0.000615457
0.9875 -0.000399523 0.000435193 0.00100119
0.991667 -0.000644998 0.000695669 0.00159525
0.995833 -0.00101988 0.00108907 0.00248861
1 -0.00157878 0.00166893 0.00379916
1.00417 -0.00239143 0.00250228 0.00567264
1.00833 -0.00354255 0.00366856 0.00827916
1.0125 -0.00512888 0.00525577 0.0118029
1.01667 -0.00725208 0.00735252 0.0164226
1.02083 -0.0100063 0.0100352 0.0222818
1.025 -0.01346 0.0133497 0.0294473
1.02917 -0.017631 0.0172889 0.0378591
1.03333 -0.0224589 0.0217678 0.047278
1.0375 -0.0277763 0.0265998 0.0572394
1.04167 -0.0332862 0.0314813 0.067027
1.04583 -0.0385524 0.0359907 0.0756828
1.05 -0.0430124 0.0396078 0.0820644
1.05417 -0.0460185 0.04176 0.0849599
1.05833 -0.0469089 0.0418935 0.0832553
1.0625 -0.0451078 0.0395657 0.0761372
1.06667 -0.0402383 0.0345419 0.063296
1.07083 -0.0322301 0.0268797 0.0450851
1.075 -0.0213946 0.0169759 0.0225849
1.07917 -0.00844066 0.00555638 -0.00246491
1.08333 0.00558509 -0.00640214 -0.0278802
1.0875 0.0194378 -0.0178128 -0.0513684
1.09167 0.0318729 -0.02766 -0.0709235
1.09583 0.0418636 -0.0351801 -0.0851863
1.1 0.0487854 -0.039998 -0.0936716
1.10417 0.0525138 -0.0421776 -0.0967899
1.10833 0.0534042 -0.0421691 -0.0956504
1.1125 0.0521556 -0.0406669 -0.0917021
1.11667 0.0496001 -0.0384222 -0.0863352
1.12083 0.04649 -0.0360759 -0.0805904
1.125 0.0433618 -0.0340715 -0.0750913
1.12917 0.0405318 -0.0326814 -0.0702287
1.13333 0.0382223 -0.0321287 -0.0665122
1.1375 0.0367583 -0.0327412 -0.064903
1.14167 0.0367265 -0.0350444 -0.0669165
1.14583 0.0389847 -0.0397136 -0.0743444
1.15 0.0444584 -0.0473556 -0.0886049
1.15417 0.0537531 -0.0581718 -0.109909
1.15833 0.0667059 -0.0716203 -0.136569
1.1625 0.0820624 -0.0862301 -0.164793
1.16667 0.0974508 -0.099683 -0.189149
1.17083 0.109729 -0.109189 -0.203661
1.175 0.115639 -0.112066 -0.203196
1.17917 0.112573 -0.106341 -0.184696
1.18333 0.0991836 -0.0911828 -0.147812
1.1875 0.0756424 -0.0670248 -0.0947611
1.19167 0.0434771 -0.0353751 -0.0295536
1.19583 0.00510048 0.00156435 0.0430292
1.2 -0.0367363 0.041293 0.118232
1.20417 -0.0793322 0.0812638 0.191621
1.20833 -0.120148 0.118949 0.258912
1.2125 -0.156695 0.151799 0.315644
1.21667 -0.186397 0.177246 0.357113
1.22083 -0.206629 0.192884 0.378831
1.225 -0.21504 0.196837 0.377434
1.22917 -0.210082 0.188207 0.351685
1.23333 -0.191519 0.167413 0.303116
1.2375 -0.160693 0.136256 0.235998
1.24167 -0.120395 0.0976715 0.156656
1.24583 -0.0744152 0.0552561 0.0724306
1.25 -0.0269373 0.0127453 -0.00934063
1.25417 0.0180034 -0.0264127 -0.0820772
1.25833 0.0569024 -0.0593304 -0.140437
1.2625 0.0870205 -0.0838425 -0.180676
1.26667 0.106561 -0.098634 -0.200994
1.27083 0.114842 -0.103362 -0.201798
1.275 0.112404 -0.098723 -0.185664
1.27917 0.100945 -0.086377 -0.156838
1.28333 0.0830106 -0.0686821 -0.120334
1.2875 0.0614778 -0.0482942 -0.0809792
1.29167 0.0390549 -0.0277618 -0.0428127
1.29583 0.0179742 -0.00924307 -0.00899551
1.3 -4.91133e-05 0.00562581 0.01796
1.30417 -0.0137219 0.0157871 0.0360977
1.30833 -0.0221675 0.0208425 0.044375
1.3125 -0.0251308 0.0211724 0.0433304
1.31667 -0.0232765 0.0179726 0.0354795
1.32083 -0.0182682 0.0130341 0.024831
1.325 -0.012365 0.00820495 0.0154223
1.32917 -0.00757273 0.00470611 0.00953868
1.33333 -0.00476653 0.00266159 0.00671645
1.3375 -0.00335195 0.00117696 0.00432689
1.34167 -0.0017834 -0.000986803 -0.00042782
1.34583 0.00128088 -0.00448665 -0.00829334
1.35 0.00588804 -0.00878529 -0.0170137
1.35417 0.0105138 -0.0122888 -0.0224305
1.35833 0.0128706 -0.0132199 -0.0210562
1.3625 0.0113487 -0.0107242 -0.0124836
1.36667 0.0061686 -0.00551686 -2.34703e-06
1.37083 -0.000541977 0.00036236 0.0110587
1.375 -0.00583938 0.00455863 0.0162281
1.37917 -0.00754588 0.00556606 0.0141755
1.38333 -0.0053245 0.00336001 0.0069997
1.3875 -0.0006198 -0.00081431 -0.00145358
1.39167 0.00437928 -0.00525558 -0.00791465
1.39583 0.00797251 -0.00864295 -0.011065
1.4 0.00957241 -0.0104109 -0.0112926
1.40417 0.00946981 -0.0105926 -0.0094657
1.40833 0.00816319 -0.00945252 -0.00601321
1.4125 0.00592636 -0.0072915 -0.00110305
1.41667 0.00295127 -0.00453674 0.00444818
1.42083 -0.000204823 -0.00188252 0.00868315
1.425 -0.00246879 -0.000160526 0.00926937
1.42917 -0.00274859 0.000126097 0.00519188
1.43333 -0.000799584 -0.000708481 -0.0019788
1.4375 0.00227045 -0.00148288 -0.00851635
1.44167 0.00442985 -0.000737604 -0.0107054
1.44583 0.00395466 0.00233649 -0.00733859
1.45 0.000636805 0.00726749 -0.000685263
1.45417 -0.00395468 0.0124741 0.00492177
1.45833 -0.00744275 0.0161969 0.00597866
1.4625 -0.00820974 0.0175835 0.00213064
1.46667 -0.00645292 0.017181 -0.00374687
1.47083 -0.00397177 0.0164985 -0.0077173
1.475 -0.00286356 0.0169701 -0.00755425
1.47917 -0.00410165 0.0190612 -0.00408036
1.48333 -0.00702262 0.0221269 -0.000198688
1.4875 -0.0100248 0.0250433 0.00148534
1.49167 -0.0118589 0.0270659 0.000551061
1.49583 -0.0124868 0.0282435 -0.00123243
1.5 -0.0128865 0.0291134 -0.0016201
1.50417 -0.014048 0.0299893 0.000174828
1.50833 -0.0160238 0.0304647 0.00290414
1.5125 -0.0178095 0.029551 0.0044614
1.51667 -0.0181192 0.0263407 0.00375911
1.52083 -0.0163881 0.0206551 0.00170522
1.525 -0.0131664 0.0131525 0.000447465
1.52917 -0.0095849 0.00481855 0.0014985
1.53333 -0.00634512 -0.00373645 0.00430153
1.5375 -0.0030907 -0.0125865 0.00647959
1.54167 0.00128177 -0.0221366 0.00566824
1.54583 0.00757894 -0.0323897 0.00151927
1.55 0.0153656 -0.0424506 -0.00376303
1.55417 0.0229244 -0.0507339 -0.00690409
1.55833 0.0282449 -0.0557972 -0.00601629
1.5625 0.0303428 -0.057208 -0.00213228
1.56667 0.0298985 -0.0557824 0.00147293
1.57083 0.0286795 -0.0529837 0.00177318
1.575 0.0281475 -0.0499119 -0.00158142
1.57917 0.0283176 -0.0466485 -0.00584896
1.58333 0.0277916 -0.0424627 -0.00724444
1.5875 0.0249904 -0.0367141 -0.00394463
1.59167 0.0196321 -0.0297148 0.00232287
1.59583 0.0132481 -0.0228135 0.00746366
1.6 0.00823966 -0.0175604 0.00814731
1.60417 0.00614038 -0.0145567 0.00443209
1.60833 0.00643948 -0.0128928 -0.000260508
1.6125 0.00693294 -0.0106614 -0.00187586
1.61667 0.00537665 -0.00621124 0.00100252
1.62083 0.00115815 0.000783737 0.00600271
1.625 -0.00433439 0.0092292 0.00889928
1.62917 -0.00892377 0.0175216 0.00706106
1.63333 -0.0114276 0.0247104 0.00157759
1.6375 -0.0125458 0.0309832 -0.00367546
1.64167 -0.014139 0.0371267 -0.00522119
1.64583 -0.0175336 0.0434702 -0.00274816
1.65 -0.0222886 0.0492403 0.00080925
1.65417 -0.0264501 0.0528932 0.00185171
1.65833 -0.0280528 0.0531566 -0.000881208
1.6625 -0.0265968 0.0499146 -0.00538725
1.66667 -0.0232894 0.0442061 -0.00821753
1.67083 -0.0199159 0.0373654 -0.00737974
1.675 -0.0173506 0.0300512 -0.00386428
1.67917 -0.0149633 0.0219805 -0.000623336
1.68333 -0.0113659 0.0125642 -2.00986e-05
1.6875 -0.00579857 0.00185947 -0.00195737
1.69167 0.0010341 -0.00899597 -0.00416777
1.69583 0.00735082 -0.0182488 -0.00425551
1.7 0.0115325 -0.0245101 -0.00168275
1.70417 0.013178 -0.0274662 0.00190424
1.70833 0.0131662 -0.0278088 0.00412944
1.7125 0.0127728 -0.0265369 0.00380306
1.71667 0.0126325 -0.0242575 0.00173833
1.72083 0.0123774 -0.0210081 -7.238e-05
1.725 0.0111561 -0.0166183 -0.000122908
1.72917 0.00851225 -0.0111851 0.00147869
1.73333 0.00486436 -0.00522906 0.00325031
1.7375 0.00122473 0.000555716 0.00363867
1.74167 -0.00155715 0.00568485 0.00228054
1.74583 -0.003375 0.010063 0.000234138
1.75 -0.0048072 0.0138337 -0.000939861
1.75417 -0.00650175 0.0170425 -0.000460101
1.75833 -0.00853048 0.0193798 0.00106909
1.7625 -0.0102364 0.0201991 0.00219356
1.76667 -0.0106843 0.0188308 0.00182879
1.77083 -0.00934834 0.0150219 0.000158496
1.775 -0.00650353 0.0092134 -0.00152646
1.77917 -0.00303553 0.00242848 -0.00191933
1.78333 0.000165295 -0.00420253 -0.000813751
1.7875 0.00274773 -0.00995271 0.000703658
1.79167 0.0049639 -0.0146423 0.00117884
1.79583 0.00721901 -0.0183134 7.12857e-05
1.8 0.0094965 -0.02078 -0.00172722
1.80417 0.011177 -0.0215445 -0.00264637
1.80833 0.011461 -0.0202063 -0.00185524
1.8125 0.0100678 -0.0169471 -7.11935e-05
1.81667 0.0075753 -0.0125509 0.00104887
1.82083 0.00502412 -0.00788486 0.000454568
1.825 0.00308305 -0.00335537 -0.00125222
1.82917 0.00154716 0.00110066 -0.00234003
1.83333 -0.000309237 0.00550936 -0.0016238
1.8375 -0.00282699 0.0094267 0.000324586
1.84167 -0.00541116 0.0120858 0.0016923
1.84583 -0.006951 0.0129863 0.00122954
1.85 -0.00684732 0.0122984 -0.000466338
1.85417 -0.0056049 0.0106622 -0.00154701
1.85833 -0.00433952 0.00861469 -0.000827724
1.8625 -0.00367584 0.00624723 0.000968941
1.86667 -0.00319019 0.00340353 0.00198135
1.87083 -0.0020008 0.000138774 0.00119747
1.875 0.000131034 -0.00307379 -0.00047396
1.87917 0.00239983 -0.00557895 -0.00121986
1.88333 0.00370439 -0.00695163 -0.000306566
1.8875 0.00372568 -0.00722098 0.00116572
1.89167 0.00316654 -0.00680256 0.00154877
1.89583 0.00294726 -0.00626125 0.000483617
1.9 0.00329385 -0.00601982 -0.000778726
1.90417 0.00367783 -0.00609358 -0.00085463
1.90833 0.00353141 -0.00603192 0.00024812
1.9125 0.00284449 -0.00523997 0.00124575
1.91667 0.0020358 -0.00349715 0.00106583
1.92083 0.00138448 -0.00114492 -3.42522e-05
1.925 0.000719959 0.00130478 -0.000864887
1.92917 -0.00033486 0.00365996 -0.00062791
1.93333 -0.00187984 0.00597475 0.000290517
1.9375 -0.00351102 0.00802933 0.000792946
1.94167 -0.00457685 0.00919675 0.000237728
1.94583 -0.00471505 0.009038 -0.000880952
1.95 -0.00417888 0.00784881 -0.00142341
1.95417 -0.00357521 0.00631618 -0.000815871
1.95833 -0.00320747 0.00467598 0.000270298
1.9625 -0.00273275 0.00253463 0.000605032
1.96667 -0.00158997 -0.000378022 -0.000197112
1.97083 0.00024395 -0.00355856 -0.00117254
1.975 0.00206782 -0.00604475 -0.00109462
1.97917 0.00308458 -0.00724537 8.23145e-05
1.98333 0.00312787 -0.0072991 0.001152
1.9875 0.00271583 -0.00674576 0.00102565
1.99167 0.00246616 -0.00601994 -8.86488e-05
1.99583 0.00249908 -0.00515681 -0.000962223
2 0.00233776 -0.00383106 -0.000634973
2.00417 0.00139878 -0.00181791 0.000622435
2.00833 -0.000267848 0.000435785 0.00150545
2.0125 -0.00174085 0.00196598 0.000907835
2.01667 -0.00204679 0.00233103 -0.000781513
2.02083 -0.00135806 0.00221272 -0.00174998
2.025 -0.000963998 0.00248473 -0.000680705
2.02917 -0.00166258 0.00296093 0.00137147
2.03333 -0.00258019 0.00285727 0.0018564
2.0375 -0.00229793 0.00237356 -6.49533e-05
2.04167 -0.00095324 0.00266594 -0.00209102
2.04583 -0.000219607 0.00387832 -0.0015735
2.05 -0.000945392 0.00441713 0.000894793
2.05417 -0.00184135 0.00308224 0.0021775
2.05833 -0.00123348 0.000903208 0.000793225
2.0625 0.000675266 -0.000387885 -0.0012763
2.06667 0.00227595 -0.000856869 -0.00153085
2.07083 0.00273295 -0.00169315 -0.00011586
2.075 0.00253521 -0.00264875 0.00105036
2.07917 0.00220483 -0.00234211 0.00101832
2.08333 0.00180971 -0.00112634 0.000238606
2.0875 0.00172669 -0.00114551 -0.000759428
2.09167 0.00239585 -0.00271996 -0.00145968
2.09583 0.00301777 -0.00318813 -0.000897832
2.1 0.00208359 -0.00093311 0.000969765
2.10417 -0.000140784 0.00176888 0.00200042
2.10833 -0.00134086 0.00223225 0.000290683
2.1125 -0.000489759 0.00165681 -0.0023377
2.11667 0.000250131 0.00283129 -0.00208367
2.12083 -0.00126155 0.00501392 0.00113506
2.125 -0.0035239 0.00498556 0.00290259
2.12917 -0.00348472 0.00267058 0.00068163
2.13333 -0.00132975 0.00134982 -0.00221866
2.1375 -0.000145168 0.00176369 -0.00165626
2.14167 -0.000915291 0.000649565 0.0010935
2.14583 -0.00119592 -0.00311762 0.00175457
2.15 0.000402332 -0.00559162 -0.000127954
2.15417 0.00176088 -0.00406229 -0.00117369
2.15833 0.00107922 -0.00206141 -0.000267422
2.1625 0.000113465 -0.00364723 7.32815e-05
2.16667 0.000929894 -0.00617492 -0.00106583
2.17083 0.00195276 -0.00451121 -0.00115446
2.175 0.000699769 -0.000223162 0.000695126
2.17917 -0.0013426 0.000303755 0.00129373
2.18333 -0.000703272 -0.00348035 -0.0011432
2.1875 0.0020075 -0.00486894 -0.00303654
2.19167 0.00252436 -0.00079347 -0.000862885
2.19583 -0.000195357 0.00303203 0.00257581
2.2 -0.00206432 0.0016002 0.00211395
2.20417 -0.00045137 -0.00109873 -0.00146657
2.20833 0.00154733 0.00104972 -0.00250384
2.2125 0.000253397 0.00590828 0.000616641
2.21667 -0.00263191 0.00668841 0.00314538
2.22083 -0.00301511 0.00320013 0.00169426
2.225 -0.00102205 0.0016932 -0.000833983
2.22917 -0.000246153 0.00397182 -0.000570049
2.23333 -0.00147264 0.00457852 0.00126731
2.2375 -0.00173882 0.000631909 0.00124551
2.24167 9.94405e-05 -0.00283336 -0.000309265
2.24583 0.00126134 -0.00131555 -0.000457078
2.25 1.15572e-05 0.00133474 0.000807757
2.25417 -0.00107091 -0.000768268 0.00060768
2.25833 0.000606444 -0.0055151 -0.00138859
2.2625 0.00298288 -0.00597028 -0.00188132
2.26667 0.00241739 -0.0017008 0.000516543
2.27083 -0.000313588 0.000520483 0.00240579
2.275 -0.00106572 -0.00206134 0.000731575
2.27917 0.00100203 -0.00359549 -0.00204221
2.28333 0.00194556 0.000538941 -0.00140081
2.2875 -0.000624029 0.00565238 0.0021059
2.29167 -0.00350402 0.00508053 0.00341978
2.29583 -0.00283818 0.00112108 0.000726375
2.3 -0.000214049 0.00129518 -0.00172074
2.30417 -2.07661e-05 0.00575177 -0.000309591
2.30833 -0.00230788 0.00681792 0.00236228
2.3125 -0.00286072 0.00186776 0.00198256
2.31667 -0.000360449 -0.00194417 -0.000468551
2.32083 0.00138399 0.000580704 -0.000816043
2.325 -6.81848e-05 0.00404751 0.000986439
2.32917 -0.00166383 0.00172864 0.00107773
2.33333 -0.000270829 -0.00293786 -0.00108906
2.3375 0.00175544 -0.00244389 -0.00160463
2.34167 0.000762125 0.00152314 0.000628933
2.34583 -0.00144318 0.000813966 0.00136996
2.35 -0.000407408 -0.00493036 -0.00155055
2.35417 0.00308215 -0.00733837 -0.00381478
2.35833 0.00390942 -0.00352159 -0.00166945
2.3625 0.00117951 -0.000802824 0.00140546
2.36667 -0.000262549 -0.00393728 0.00028794
2.37083 0.00200253 -0.00728277 -0.00326882
2.375 0.004161 -0.0050935 -0.00371414
2.37917 0.00289389 -0.00118673 -0.000798548
2.38333 0.000603812 -0.00136013 0.00076
2.3875 0.00056252 -0.00305796 -0.000552216
2.39167 0.00136011 -0.000707846 -0.001502
2.39583 0.000248452 0.00377331 -0.000520106
2.4 -0.00160709 0.00447484 0.000312033
2.40417 -0.00164208 0.00208711 0.000214115
2.40833 -0.000874544 0.00229647 0.00105334
2.4125 -0.00181675 0.00546092 0.00268524
2.41667 -0.00346089 0.00631689 0.00226524
2.42083 -0.00294468 0.0034488 -0.000228423
2.425 -0.000845554 0.00117043 -0.000878637
2.42917 -0.000268509 0.00149111 0.00163439
2.43333 -0.00140928 0.00143681 0.00320693
2.4375 -0.00145336 -0.000430273 0.000855583
2.44167 0.000280211 -0.00147189 -0.00225792
2.44583 0.00134712 -0.000712542 -0.00190885
2.45 0.000706807 -0.00100184 0.000642026
2.45417 0.000266818 -0.00320729 0.00128329
2.45833 0.00104902 -0.00395941 -0.000361344
2.4625 0.00150114 -0.00192245 -0.00136338
2.46667 0.000884052 -0.000827324 -0.000875471
2.47083 0.000845596 -0.0027687 -0.000600343
2.475 0.00189958 -0.00374868 -0.000616551
2.47917 0.00172426 -0.000551168 0.000675479
2.48333 -0.000606033 0.00266823 0.0022823
2.4875 -0.00187612 0.000776879 0.00109051
2.49167 0.000376607 -0.00294724 -0.0021221
2.49583 0.00286839 -0.00143629 -0.0021837
2.5 0.00102852 0.00395922 0.00216386
2.50417 -0.00315073 0.00478103 0.00450909
2.50833 -0.00337457 -0.000370981 0.000147905
2.5125 0.000850196 -0.00267524 -0.00522963
2.51667 0.00276893 0.00226985 -0.00331355
2.52083 -0.000912435 0.00634889 0.00329887
2.525 -0.00439991 0.00234728 0.00440908
2.52917 -0.00216674 -0.00337836 -0.0015724
2.53333 0.00201681 -0.00165281 -0.00503913
2.5375 0.00172102 0.0033018 -0.000943536
2.54167 -0.00131777 0.00128114 0.00349796
2.54583 -0.00100336 -0.00508773 0.00168807
2.55 0.00187237 -0.00422914 -0.00186115
2.55417 0.0014652 0.00338471 -0.00097357
2.55833 -0.00174725 0.00495153 0.00132954
2.5625 -0.00154887 -0.00218532 7.82464e-05
2.56667 0.00205657 -0.0052577 -0.00149131
2.57083 0.00210972 0.00144724 0.00112085
2.575 -0.00234498 0.00612055 0.00348833
2.57917 -0.00346305 0.00023148 -0.000118521
2.58333 0.00160535 -0.00629799 -0.00471691
2.5875 0.00481459 -0.00260959 -0.00204069
2.59167 0.000705689 0.00432039 0.00439825
2.59583 -0.00402833 0.00259922 0.00418603
2.6 -0.00177251 -0.00399253 -0.00260184
2.60417 0.00348454 -0.00378273 -0.0054487
2.60833 0.00334932 0.00232415 -0.000390657
2.6125 -0.00142172 0.00373421 0.00466475
2.61667 -0.0033619 -0.0011795 0.00303233
2.62083 -0.000416584 -0.00377867 -0.00198708
2.625 0.00242243 -0.000550746 -0.00385785
2.62917 0.00169707 0.00257538 -0.00128207
2.63333 -0.000736022 0.00127972 0.00227171
2.6375 -0.00183182 -0.00140288 0.00303286
2.64167 -0.000897357 -0.00139215 0.000127248
2.64583 0.000702889 0.000873504 -0.00309438
2.65 0.00111006 0.00221357 -0.00225278
2.65417 -0.000100861 0.000737652 0.00178907
2.65833 -0.0010808 -0.0019211 0.00333387
2.6625 -0.000328297 -0.00191971 0.000363108
2.66667 0.000700119 0.00141071 -0.0024436
2.67083 0.000200531 0.00315336 -0.00155572
2.675 -0.000501895 6.88837e-06 0.000514723
2.67917 0.000277657 -0.00306755 0.000935394
2.68333 0.000702701 -0.000255979 0.000790716
2.6875 -0.00106952 0.00435068 0.00077598
2.69167 -0.00226121 0.00271616 -0.000681342
2.69583 3.94491e-05 -0.00308822 -0.0024276
2.7 0.00265864 -0.00386635 -0.000798039
2.70417 0.0010769 0.00106506 0.00288983
2.70833 -0.00231181 0.00310786 0.00269427
2.7125 -0.00181285 -0.000676186 -0.00184474
2.71667 0.00187121 -0.00353934 -0.00396048
2.72083 0.00293354 -0.00132857 -0.000508943
2.725 5.19583e-05 0.00172015 0.00325828
2.72917 -0.00229486 0.00151911 0.00242805
2.73333 -0.00139542 -0.000218105 -0.00104057
2.7375 0.000731044 -0.000752214 -0.00281614
2.74167 0.00150697 -0.000140907 -0.0015312
2.74583 0.000506247 0.000632932 0.00147324
2.75 -0.00122284 0.000752033 0.00324166
2.75417 -0.00172235 -0.000452667 0.000986189
2.75833 0.000184309 -0.00164645 -0.00330266
2.7625 0.00227066 -0.000519461 -0.003408
2.76667 0.00124607 0.00148272 0.0017112
2.77083 -0.00157963 0.000607452 0.00463459
2.775 -0.00175648 -0.00185726 0.00084679
2.77917 0.000770421 -0.00100765 -0.0036079
2.78333 0.00161991 0.00208001 -0.0022481
2.7875 -0.000142474 0.00151899 0.00164918
2.79167 -0.000966658 -0.00186261 0.00214272
2.79583 -4.15254e-05 -0.00128294 0.000315758
2.8 -0.000153305 0.00275982 -0.000332223
2.80417 -0.00110231 0.00255501 -0.000657762
2.80833 -1.0394e-05 -0.00218449 -0.00148131
2.8125 0.00187624 -0.00321125 -0.000191256
2.81667 0.000731189 0.000982409 0.00267953
2.82083 -0.001948 0.00259854 0.00194068
2.825 -0.00127732 -0.000746943 -0.00246487
2.82917 0.00188962 -0.0024094 -0.00350929
2.83333 0.00220012 0.000169423 0.00084131
2.8375 -0.000677603 0.00176131 0.00359769
2.84167 -0.001991 0.000333709 0.000785674
2.84583 -0.00041153 -0.000306657 -0.00256488
2.85 0.000954829 0.000604601 -0.00203807
2.85417 0.000777812 0.000241825 0.000157925
2.85833 0.00017413 -0.000488998 0.00138013
2.8625 -0.000764165 0.000826011 0.00183657
2.86667 -0.00166722 0.00148221 0.00077376
2.87083 -0.000441439 -0.00118381 -0.00211771
2.875 0.00228806 -0.00287994 -0.00267896
2.87917 0.00214609 2.76973e-05 0.00166011
2.88333 -0.00141061 0.00257715 0.00502794
2.8875 -0.00277782 0.000197938 0.00170781
2.89167 0.00038278 -0.00236023 -0.00311964
2.89583 0.00277711 -0.000336637 -0.00150209
2.9 0.000833059 0.00187454 0.0038248
2.90417 -0.00147769 -4.04507e-05 0.00489466
2.90833 -0.000536926 -0.00170992 0.00194668
2.9125 0.00113938 0.000578174 0.000865493
2.91667 0.00107085 0.0021505 0.00255166
2.92083 0.00106209 -0.000392924 0.0042858
2.925 0.00200741 -0.00226273 0.00614215
2.92917 0.00192707 -0.000305422 0.00825131
2.93333 0.0013506 0.000878934 0.0080506
2.9375 0.00318461 -0.0014101 0.00639716
2.94167 0.00623215 -0.00287176 0.008707
2.94583 0.00652021 -0.00142953 0.0150795
2.95 0.00505831 -0.000999063 0.0183928
2.95417 0.00638797 -0.00281495 0.0164868
2.95833 0.0101955 -0.00334633 0.0161558
2.9625 0.012261 -0.00245711 0.0211215
2.96667 0.0123388 -0.00348254 0.0264355
2.97083 0.0134839 -0.0053275 0.0282636
2.975 0.0156099 -0.00457389 0.0290969
2.97917 0.0168015 -0.00359002 0.0307074
2.98333 0.0181507 -0.00636685 0.0315432
2.9875 0.0207659 -0.00958219 0.0322809
2.99167 0.0217747 -0.00807772 0.0347314
2.99583 0.0193664 -0.00486225 0.0357007
