0 0 0 0
0.00416667 0 0 0
0.00833333 0 0 0
0.0125 0 0 0
0.0166667 0 0 0
0.0208333 0 0 0
0.025 0 0 0
0.0291667 0 0 0
0.0333333 0 0 0
0.0375 0 0 0
0.0416667 0 0 0
0.0458333 0 0 0
0.05 0 0 0
0.0541667 0 0 0
0.0583333 0 0 0
0.0625 0 0 0
0.0666667 0 0 0
0.0708333 0 0 0
0.075 0 0 0
0.0791667 0 0 0
0.0833333 0 0 0
0.0875 0 0 0
0.0916667 0 0 0
0.0958333 0 0 0
0.1 0 0 0
0.104167 0 0 0
0.108333 0 0 0
0.1125 0 0 0
0.116667 0 0 0
0.120833 0 0 0
0.125 0 0 0
0.129167 0 0 0
0.133333 0 0 0
0.1375 0 0 0
0.141667 0 0 0
0.145833 0 0 0
0.15 0 0 0
0.154167 0 0 0
0.158333 0 0 0
0.1625 0 0 0
0.166667 0 0 0
0.170833 0 0 0
0.175 0 0 0
0.179167 0 0 0
0.183333 0 0 0
0.1875 0 0 2.13436e-321
0.191667 -8.30465e-319 3.75391e-320 2.45915e-317
0.195833 -7.33584e-315 4.69601e-316 2.12291e-313
0.2 -5.35891e-311 4.5328e-312 1.51656e-309
0.204167 -3.26693e-307 3.48893e-308 9.04455e-306
0.208333 -1.67569e-303 2.18309e-304 4.54004e-302
0.2125 -7.28664e-300 1.12621e-300 1.9327e-298
0.216667 -2.70495e-296 4.84366e-297 7.0263e-295
0.220833 -8.62701e-293 1.75298e-293 2.1954e-291
0.225 -2.37761e-289 5.38178e-290 5.92983e-288
0.229167 -5.69206e-286 1.4116e-286 1.39182e-284
0.233333 -1.18934e-282 3.18367e-283 2.85232e-281
0.2375 -2.17835e-279 6.21049e-280 5.12582e-278
0.241667 -3.51111e-276 1.05355e-276 8.10949e-275
0.245833 -4.99857e-273 1.56209e-273 1.13363e-271
0.25 -6.30681e-270 2.03384e-270 1.40499e-268
0.254167 -7.07516e-267 2.33562e-267 1.5488e-265
0.258333 -7.07878e-264 2.37554e-264 1.52323e-262
0.2625 -6.33517e-261 2.14835e-261 1.34046e-259
0.266667 -5.08599e-258 1.73395e-258 1.05852e-256
0.270833 -3.67294e-255 1.25341e-255 7.52139e-254
0.275 -2.39244e-252 8.14184e-253 4.82184e-251
0.279167 -1.40929e-249 4.76774e-250 2.79626e-248
0.283333 -7.52668e-247 2.52454e-247 1.47061e-245
0.2875 -3.65367e-244 1.21225e-244 7.03154e-243
0.291667 -1.61596e-241 5.29351e-242 3.06397e-240
0.295833 -6.52732e-239 2.10762e-239 1.2196e-237
0.3 -2.41342e-236 7.67072e-237 4.44469e-235
0.304167 -8.18641e-234 2.55821e-234 1.48634e-232
0.308333 -2.553e-231 7.83614e-232 4.57065e-230
0.3125 -7.33522e-229 2.20958e-229 1.29518e-227
0.316667 -1.94563e-226 5.74766e-227 3.3888e-225
0.320833 -4.77358e-224 1.38211e-224 8.2031e-223
0.325 -1.08539e-221 3.07845e-222 1.84054e-220
0.329167 -2.29133e-219 6.36334e-220 3.83482e-218
0.333333 -4.49901e-217 1.22293e-217 7.43264e-216
0.3375 -8.23039e-215 2.18905e-215 1.34241e-213
0.341667 -1.40514e-212 3.65582e-213 2.26304e-211
0.345833 -2.2424e-210 5.70566e-211 3.56661e-209
0.35 -3.35024e-208 8.33505e-209 5.26324e-207
0.354167 -4.6931e-206 1.14145e-206 7.2834e-205
0.358333 -6.17301e-204 1.46756e-204 9.46515e-203
0.3625 -7.63481e-202 1.77397e-202 1.15676e-200
0.366667 -8.89109e-200 2.01886e-200 1.33129e-198
0.370833 -9.762e-198 2.16598e-198 1.44472e-196
0.375 -1.01182e-195 2.19358e-196 1.48024e-194
0.379167 -9.9126e-194 2.09963e-194 1.43368e-192
0.383333 -9.18984e-192 1.90173e-192 1.31419e-190
0.3875 -8.07176e-190 1.63184e-190 1.14144e-188
0.391667 -6.72444e-188 1.32807e-188 9.40435e-187
0.395833 -5.31916e-186 1.02625e-186 7.35784e-185
0.4 -3.99934e-184 7.53768e-185 5.47238e-183
0.404167 -2.86111e-182 5.26767e-183 3.87302e-181
0.408333 -1.94945e-180 3.50615e-181 2.61095e-179
0.4125 -1.26631e-178 2.22481e-179 1.67819e-177
0.416667 -7.8491e-177 1.34714e-177 1.02939e-175
0.420833 -4.64674e-175 7.79086e-176 6.03129e-174
0.425 -2.62969e-173 4.30719e-174 3.37838e-172
0.429167 -1.42384e-171 2.2783e-172 1.8107e-170
0.433333 -7.38205e-170 1.15398e-170 9.29357e-169
0.4375 -3.66776e-168 5.60148e-169 4.57157e-167
0.441667 -1.74772e-166 2.60778e-167 2.15692e-165
0.445833 -7.99322e-165 1.16528e-165 9.76824e-164
0.45 -3.51131e-163 5.00155e-164 4.24946e-162
0.454167 -1.48261e-161 2.06351e-162 1.77704e-160
0.458333 -6.02143e-160 8.18918e-161 7.14837e-159
0.4625 -2.35386e-158 3.12825e-159 2.76796e-157
0.466667 -8.86248e-157 1.15101e-157 1.03238e-155
0.470833 -3.21592e-155 4.08179e-156 3.71133e-154
0.475 -1.12538e-153 1.39602e-154 1.28676e-152
0.479167 -3.8002e-152 4.60749e-153 4.3053e-151
0.483333 -1.23903e-150 1.46835e-151 1.39095e-149
0.4875 -3.90278e-149 4.52106e-150 4.34175e-148
0.491667 -1.18831e-147 1.34567e-148 1.31013e-146
0.495833 -3.49936e-146 3.87403e-147 3.82376e-145
0.5 -9.97191e-145 1.07931e-145 1.08001e-143
0.504167 -2.75123e-143 2.91151e-144 2.95362e-142
0.508333 -7.35286e-142 7.60846e-143 7.82503e-141
0.5125 -1.90449e-140 1.92707e-141 2.00927e-139
0.516667 -4.78304e-139 4.73294e-140 5.00288e-138
0.520833 -1.1653e-137 1.12772e-138 1.20847e-136
0.525 -2.75536e-136 2.60801e-137 2.83323e-135
0.529167 -6.32587e-135 5.85663e-136 6.44993e-134
0.533333 -1.41076e-133 1.27764e-134 1.42641e-132
0.5375 -3.05747e-132 2.70881e-133 3.06572e-131
0.541667 -6.44211e-131 5.58386e-132 6.40621e-130
0.545833 -1.32016e-129 1.11959e-130 1.30204e-128
0.55 -2.63228e-128 2.18432e-129 2.57501e-127
0.554167 -5.10871e-127 4.14843e-128 4.9571e-126
0.558333 -9.65447e-126 7.67221e-127 9.29259e-125
0.5625 -1.77723e-124 1.38226e-125 1.69694e-123
0.566667 -3.18798e-123 2.42687e-124 3.01975e-122
0.570833 -5.57438e-122 4.1538e-123 5.2385e-121
0.575 -9.50463e-121 6.93324e-122 8.86178e-120
0.579167 -1.58081e-119 1.12893e-120 1.46238e-118
0.583333 -2.5655e-118 1.79381e-119 2.35487e-117
0.5875 -4.064e-117 2.78233e-118 3.70153e-116
0.591667 -6.28579e-116 4.21405e-117 5.6812e-115
0.595833 -9.49567e-115 6.23423e-116 8.5168e-114
0.6 -1.40146e-113 9.01134e-115 1.24744e-112
0.604167 -2.02141e-112 1.27306e-113 1.78567e-111
0.608333 -2.85018e-111 1.75825e-112 2.49887e-110
0.6125 -3.92967e-110 2.37473e-111 3.41955e-109
0.616667 -5.2994e-109 3.13738e-110 4.57718e-108
0.620833 -6.99199e-108 4.05561e-109 5.99442e-107
0.625 -9.02804e-107 5.13093e-108 7.68301e-106
0.629167 -1.14108e-105 6.35476e-107 9.63969e-105
0.633333 -1.41216e-104 7.70684e-106 1.18428e-103
0.6375 -1.71159e-103 9.1545e-105 1.42498e-102
0.641667 -2.03222e-102 1.06532e-103 1.67971e-101
0.645833 -2.36429e-101 1.21483e-102 1.94014e-100
0.65 -2.69583e-100 1.35782e-101 2.19638e-99
0.654167 -3.0133e-99 1.48785e-100 2.43757e-98
0.658333 -3.30256e-98 1.59868e-99 2.65264e-97
0.6625 -3.54986e-97 1.6848e-98 2.83118e-96
0.666667 -3.74299e-96 1.74185e-97 2.96425e-95
0.670833 -3.87226e-95 1.76702e-96 3.04519e-94
0.675 -3.93131e-94 1.75925e-95 3.07012e-93
0.679167 -3.91765e-93 1.71932e-94 3.03826e-92
0.683333 -3.83281e-92 1.64975e-93 2.95196e-91
0.6875 -3.6821e-91 1.5545e-92 2.8164e-90
0.691667 -3.47411e-90 1.43868e-91 2.63914e-89
0.695833 -3.2199e-89 1.30802e-90 2.42936e-88
0.7 -2.93206e-88 1.16848e-89 2.19718e-87
0.704167 -2.6237e-87 1.0258e-88 1.95282e-86
0.708333 -2.30749e-86 8.85148e-88 1.7059e-85
0.7125 -1.99493e-85 7.50855e-87 1.46494e-84
0.716667 -1.69571e-84 6.26263e-86 1.2369e-83
0.720833 -1.41737e-83 5.13675e-85 1.02699e-82
0.725 -1.16518e-82 4.14403e-84 8.38663e-82
0.729167 -9.42224e-82 3.28874e-83 6.73704e-81
0.733333 -7.49604e-81 2.56789e-82 5.3245e-80
0.7375 -5.86805e-80 1.97301e-81 4.1408e-79
0.741667 -4.52072e-79 1.49195e-80 3.1692e-78
0.745833 -3.42796e-78 1.11049e-79 2.38749e-77
0.75 -2.55884e-77 8.13724e-79 1.7706e-76
0.754167 -1.88059e-76 5.87083e-78 1.29286e-75
0.758333 -1.36096e-75 4.17104e-77 9.29599e-75
0.7625 -9.69976e-75 2.91857e-76 6.58281e-74
0.766667 -6.80924e-74 2.01158e-75 4.59154e-73
0.770833 -4.70886e-73 1.36584e-74 3.15496e-72
0.775 -3.20827e-72 9.1373e-74 2.13587e-71
0.779167 -2.15386e-71 6.02344e-73 1.42481e-70
0.783333 -1.42499e-70 3.91323e-72 9.3669e-70
0.7875 -9.292e-70 2.50578e-71 6.06938e-69
0.791667 -5.97255e-69 1.58168e-70 3.87664e-68
0.795833 -3.78458e-68 9.84276e-70 2.44107e-67
0.8 -2.36447e-67 6.03928e-69 1.51555e-66
0.804167 -1.45665e-66 3.65405e-68 9.27848e-66
0.808333 -8.84985e-66 2.18038e-67 5.60205e-65
0.8125 -5.30299e-65 1.28324e-66 3.33603e-64
0.816667 -3.13443e-64 7.44983e-66 1.95962e-63
0.820833 -1.82767e-63 4.26673e-65 1.13559e-62
0.825 -1.05143e-62 2.41101e-64 6.49267e-62
0.829167 -5.96833e-62 1.34432e-63 3.66287e-61
0.833333 -3.34319e-61 7.39689e-63 2.0392e-60
0.8375 -1.84819e-60 4.01681e-62 1.12043e-59
0.841667 -1.00845e-59 2.15299e-61 6.07623e-59
0.845833 -5.43152e-59 1.13912e-60 3.25276e-58
0.85 -2.88798e-58 5.94989e-60 1.71902e-57
0.854167 -1.51604e-57 3.06829e-59 8.9693e-57
0.858333 -7.85798e-57 1.56233e-58 4.62089e-56
0.8625 -4.02192e-56 7.85551e-58 2.35083e-55
0.866667 -2.03291e-55 3.90068e-57 1.18109e-54
0.870833 -1.01485e-54 1.91297e-56 5.8607e-54
0.875 -5.00402e-54 9.26642e-56 2.87247e-53
0.879167 -2.4373e-53 4.43393e-55 1.39072e-52
0.883333 -1.17276e-52 2.09591e-54 6.65171e-52
0.8875 -5.57504e-52 9.78813e-54 3.14323e-51
0.891667 -2.61858e-51 4.51649e-53 1.46757e-50
0.895833 -1.21533e-50 2.05926e-52 6.77076e-50
0.9 -5.57397e-50 9.27813e-52 3.08691e-49
0.904167 -2.52646e-49 4.13126e-51 1.39088e-48
0.908333 -1.1318e-48 1.81806e-50 6.19396e-48
0.9125 -5.01145e-48 7.908e-50 2.7264e-47
0.916667 -2.19345e-47 3.40008e-49 1.18627e-46
0.920833 -9.49061e-47 1.44512e-48 5.1025e-46
0.925 -4.05966e-46 6.07213e-48 2.16978e-45
0.929167 -1.7169e-45 2.52248e-47 9.12239e-45
0.933333 -7.17937e-45 1.03607e-46 3.79222e-44
0.9375 -2.96855e-44 4.20783e-46 1.55882e-43
0.941667 -1.21379e-43 1.68988e-45 6.33642e-43
0.945833 -4.90811e-43 6.71137e-45 2.54721e-42
0.95 -1.96282e-42 2.63601e-44 1.01271e-41
0.954167 -7.7637e-42 1.02398e-43 3.98223e-41
0.958333 -3.03742e-41 3.93427e-43 1.54889e-40
0.9625 -1.17547e-40 1.49517e-42 5.95917e-40
0.966667 -4.50004e-40 5.62079e-42 2.26804e-39
0.970833 -1.70428e-39 2.09027e-41 8.5396e-39
0.975 -6.3857e-39 7.69008e-41 3.18104e-38
0.979167 -2.36724e-38 2.799e-40 1.17238e-37
0.983333 -8.68293e-38 1.00795e-39 4.27522e-37
0.9875 -3.15138e-37 3.59139e-39 1.54263e-36
0.991667 -1.13179e-36 1.26617e-38 5.50801e-36
0.995833 -4.02241e-36 4.41717e-38 1.94618e-35
1 -1.41475e-35 1.5249e-37 6.80527e-35
1.00417 -4.92454e-35 5.20957e-37 2.35506e-34
1.00833 -1.69655e-34 1.76134e-36 8.06625e-34
1.0125 -5.78493e-34 5.89361e-36 2.73447e-33
1.01667 -1.95245e-33 1.9518e-35 9.17543e-33
1.02083 -6.52278e-33 6.39766e-35 3.04753e-32
1.025 -2.15711e-32 2.07565e-34 1.00197e-31
1.02917 -7.06178e-32 6.66576e-34 3.26112e-31
1.03333 -2.28864e-31 2.11896e-33 1.05075e-30
1.0375 -7.34309e-31 6.6679e-33 3.35171e-30
1.04167 -2.33256e-30 2.07712e-32 1.05849e-29
1.04583 -7.33595e-30 6.40548e-32 3.30958e-29
1.05 -2.28435e-29 1.95558e-31 1.02457e-28
1.05417 -7.04317e-29 5.91075e-31 3.14057e-28
1.05833 -2.15023e-28 1.76875e-30 9.53202e-28
1.0625 -6.50024e-28 5.24032e-30 2.86474e-27
1.06667 -1.94587e-27 1.53719e-29 8.52557e-27
1.07083 -5.76832e-27 4.46461e-29 2.51253e-26
1.075 -1.69336e-26 1.28392e-28 7.33265e-26
1.07917 -4.92297e-26 3.65593e-28 2.11926e-25
1.08333 -1.4174e-25 1.0308e-27 6.06587e-25
1.0875 -4.04164e-25 2.87787e-27 1.71948e-24
1.09167 -1.14138e-24 7.95606e-27 4.82735e-24
1.09583 -3.19247e-24 2.17801e-26 1.34226e-23
1.1 -8.84405e-24 5.90425e-26 3.69648e-23
1.10417 -2.42669e-23 1.58495e-25 1.00827e-22
1.10833 -6.59516e-23 4.21326e-25 2.72399e-22
1.1125 -1.77539e-22 1.10911e-24 7.28933e-22
1.11667 -4.73395e-22 2.89129e-24 1.93209e-21
1.12083 -1.25033e-21 7.46392e-24 5.07264e-21
1.125 -3.27119e-21 1.90812e-23 1.31921e-20
1.12917 -8.47755e-21 4.83064e-23 3.39837e-20
1.13333 -2.17633e-20 1.21106e-22 8.67187e-20
1.1375 -5.53448e-20 3.0067e-22 2.19202e-19
1.14167 -1.39421e-19 7.3922e-22 5.4887e-19
1.14583 -3.47925e-19 1.79975e-21 1.36142e-18
1.15 -8.60104e-19 4.33915e-21 3.34517e-18
1.15417 -2.10634e-18 1.03596e-20 8.14231e-18
1.15833 -5.11002e-18 2.44921e-20 1.96329e-17
1.1625 -1.2281e-17 5.73378e-20 4.68954e-17
1.16667 -2.92391e-17 1.32918e-19 1.10965e-16
1.17083 -6.89626e-17 3.05098e-19 2.60109e-16
1.175 -1.61133e-16 6.93427e-19 6.03996e-16
1.17917 -3.72973e-16 1.56047e-18 1.38939e-15
1.18333 -8.55244e-16 3.47684e-18 3.16611e-15
1.1875 -1.94277e-15 7.66967e-18 7.14718e-15
1.19167 -4.3719e-15 1.67499e-17 1.59827e-14
1.19583 -9.74617e-15 3.62134e-17 3.54053e-14
1.2 -2.15233e-14 7.75044e-17 7.76937e-14
1.20417 -4.7086e-14 1.64195e-16 1.68888e-13
1.20833 -1.02042e-13 3.44301e-16 3.63665e-13
1.2125 -2.19059e-13 7.14553e-16 7.75692e-13
1.21667 -4.65839e-13 1.46762e-15 1.63891e-12
1.22083 -9.81287e-13 2.98287e-15 3.42996e-12
1.225 -2.04754e-12 5.99871e-15 7.11029e-12
1.22917 -4.23194e-12 1.19354e-14 1.45995e-11
1.23333 -8.66373e-12 2.34918e-14 2.96914e-11
1.2375 -1.75679e-11 4.57342e-14 5.98076e-11
1.24167 -3.52836e-11 8.80525e-14 1.19317e-10
1.24583 -7.01863e-11 1.67628e-13 2.35752e-10
1.25 -1.38275e-10 3.15478e-13 4.61321e-10
1.25417 -2.69796e-10 5.86833e-13 8.93983e-10
1.25833 -5.21327e-10 1.07864e-12 1.71561e-09
1.2625 -9.97591e-10 1.9585e-12 3.26026e-09
1.26667 -1.89036e-09 3.51169e-12 6.13499e-09
1.27083 -3.54705e-09 6.21558e-12 1.14309e-08
1.275 -6.59023e-09 1.08548e-11 2.1088e-08
1.27917 -1.21234e-08 1.86936e-11 3.85172e-08
1.28333 -2.20807e-08 3.17257e-11 6.96485e-08
1.2875 -3.98148e-08 5.3018e-11 1.24676e-07
1.29167 -7.1071e-08 8.7155e-11 2.20923e-07
1.29583 -1.25582e-07 1.40754e-10 3.87485e-07
1.3 -2.19645e-07 2.22953e-10 6.72659e-07
1.30417 -3.80227e-07 3.4561e-10 1.15566e-06
1.30833 -6.51416e-07 5.22711e-10 1.96481e-06
1.3125 -1.10441e-06 7.67973e-10 3.30546e-06
1.31667 -1.85278e-06 1.08886e-09 5.50205e-06
1.32083 -3.07536e-06 1.47399e-09 9.06055e-06
1.325 -5.05014e-06 1.86878e-09 1.47597e-05
1.32917 -8.20353e-06 2.13155e-09 2.37817e-05
1.33333 -1.31807e-05 1.9576e-09 3.78967e-05
1.3375 -2.09443e-05 7.53086e-10 5.97169e-05
1.34167 -3.29098e-05 -2.5676e-09 9.30401e-05
1.34583 -5.11278e-05 -9.8976e-09 0.000143304
1.35 -7.85229e-05 -2.44158e-08 0.000218168
1.35417 -0.0001192 -5.12912e-08 0.000328245
1.35833 -0.000178821 -9.86916e-08 0.000487979
1.3625 -0.000265061 -1.79188e-07 0.000716662
1.36667 -0.000388126 -3.11655e-07 0.00103955
1.37083 -0.000561315 -5.23753e-07 0.00148902
1.375 -0.000801579 -8.5508e-07 0.00210556
1.37917 -0.00113001 -1.36099e-06 0.00293853
1.38333 -0.00157215 -2.11701e-06 0.00404635
1.3875 -0.00215802 -3.22369e-06 0.00549575
1.39167 -0.00292161 -4.81141e-06 0.00735981
1.39583 -0.00389975 -7.04454e-06 0.00971437
1.4 -0.0051301 -1.01241e-05 0.0126323
1.40417 -0.0066481 -1.42878e-05 0.0161756
1.40833 -0.00848273 -1.98051e-05 0.020385
1.4125 -0.0106512 -2.69678e-05 0.025268
1.41667 -0.0131524 -3.60717e-05 0.0307845
1.42083 -0.0159605 -4.73909e-05 0.0368336
1.425 -0.0190176 -6.11415e-05 0.0432412
1.42917 -0.0222281 -7.74383e-05 0.0497514
1.43333 -0.0254553 -9.62435e-05 0.0560253
1.4375 -0.0285213 -0.000117314 0.0616477
1.44167 -0.0312115 -0.000140151 0.0661457
1.44583 -0.0332852 -0.000163964 0.0690194
1.45 -0.0344919 -0.000187653 0.0697842
1.45417 -0.0345941 -0.000209825 0.0680222
1.45833 -0.0333928 -0.000228844 0.0634376
1.4625 -0.0307559 -0.000242928 0.0559092
1.46667 -0.0266435 -0.000250287 0.0455303
1.47083 -0.0211258 -0.000249301 0.0326274
1.475 -0.0143901 -0.000238701 0.017749
1.47917 -0.00673198 -0.000217764 0.00161975
1.48333 0.00147138 -0.000186455 -0.0149405
1.4875 0.00980432 -0.000145516 -0.0311246
1.49167 0.0178691 -9.64551e-05 -0.0462613
1.49583 0.0253474 -4.14258e-05 -0.0599317
1.5 0.0320573 1.70003e-05 -0.0720571
1.50417 0.0379929 7.61533e-05 -0.0829358
1.50833 0.0433368 0.000133635 -0.0932098
1.5125 0.0484368 0.000187682 -0.103757
1.51667 0.0537446 0.000237448 -0.115516
1.52083 0.0597231 0.000283158 -0.129261
1.525 0.0667326 0.000326066 -0.145379
1.52917 0.0749178 0.00036821 -0.163667
1.53333 0.0841157 0.000411986 -0.183222
1.5375 0.0938066 0.000459588 -0.202433
1.54167 0.103124 0.000512408 -0.219107
1.54583 0.110928 0.000570498 -0.230708
1.55 0.115932 0.0006322 -0.23468
1.55417 0.116877 0.000694005 -0.228804
1.55833 0.112702 0.00075069 -0.211525
1.5625 0.102706 0.000795712 -0.182198
1.56667 0.086667 0.00082181 -0.141216
1.57083 0.0648853 0.000821724 -0.0900074
1.575 0.0381769 0.000788969 -0.0309111
1.57917 0.00780067 0.000718552 0.0330249
1.58333 -0.0246511 0.000607619 0.0982979
1.5875 -0.0573828 0.00045597 0.161214
1.59167 -0.088529 0.000266438 0.218144
1.59583 -0.116283 4.50937e-05 0.265768
1.6 -0.139021 -0.000198766 0.301312
1.60417 -0.155417 -0.000452919 0.322774
1.60833 -0.164557 -0.000702872 0.329133
1.6125 -0.166039 -0.000932896 0.320491
1.61667 -0.160034 -0.00112741 0.298119
1.62083 -0.147294 -0.00127256 0.264335
1.625 -0.129079 -0.00135781 0.222218
1.62917 -0.106995 -0.00137715 0.175174
1.63333 -0.0827702 -0.00132984 0.126439
1.6375 -0.0580012 -0.00122032 0.0786341
1.64167 -0.0339491 -0.00105747 0.0335153
1.64583 -0.0114276 -0.000853279 -0.00802478
1.65 0.00917013 -0.000621341 -0.0456806
1.65417 0.0277164 -0.000375468 -0.0792862
1.65833 0.0441189 -0.000128765 -0.108361
1.6625 0.0581026 0.000106774 -0.131837
1.66667 0.0690963 0.000320256 -0.148105
1.67083 0.0762844 0.000501784 -0.155412
1.675 0.0788281 0.000642582 -0.15249
1.67917 0.0761881 0.000735587 -0.139207
1.68333 0.0684361 0.000776494 -0.116972
1.6875 0.0564272 0.000764965 -0.0887136
1.69167 0.041746 0.000705507 -0.0583734
1.69583 0.0264173 0.000607545 -0.0300421
1.7 0.0124581 0.000484389 -0.00701556
1.70417 0.00141305 0.000351183 0.00891952
1.70833 -0.00597025 0.000222291 0.0177288
1.7125 -0.00981835 0.000108853 0.0208324
1.71667 -0.010942 1.72083e-05 0.0203991
1.72083 -0.0104606 -5.13409e-05 0.0185133
1.725 -0.00938877 -9.94275e-05 0.0165323
1.72917 -0.0083406 -0.00013164 0.0148562
1.73333 -0.00745064 -0.000152409 0.0131484
1.7375 -0.00651516 -0.000164504 0.0108547
1.74167 -0.00526413 -0.000168609 0.00774589
1.74583 -0.00362357 -0.000163989 0.00422193
1.75 -0.00184155 -0.000149815 0.00123614
1.75417 -0.000421404 -0.000126512 -0.000113238
1.75833 0.000100821 -9.65021e-05 0.000879634
1.7625 -0.000576019 -6.40686e-05 0.00412541
1.76667 -0.00233678 -3.43952e-05 0.00867089
1.77083 -0.00464541 -1.22234e-05 0.0130096
1.775 -0.00672627 -6.50171e-07 0.0156458
1.77917 -0.00785682 -4.92511e-07 0.0156741
1.78333 -0.00764853 -1.03687e-05 0.0131347
1.7875 -0.00619952 -2.73524e-05 0.00900174
1.79167 -0.0040582 -4.7866e-05 0.00481439
1.79583 -0.0020151 -6.84632e-05 0.00209899
1.8 -0.000805913 -8.6274e-05 0.00180214
1.80417 -0.00083797 -9.90817e-05 0.00393661
1.80833 -0.00203699 -0.000105162 0.00755592
1.8125 -0.0038631 -0.000103085 0.0110556
1.81667 -0.00548514 -9.16512e-05 0.0126934
1.82083 -0.00605147 -7.004e-05 0.011155
1.825 -0.00496744 -3.81328e-05 0.00598313
1.82917 -0.00209027 3.11323e-06 -0.0022683
1.83333 0.0022214 5.14043e-05 -0.0122064
1.8375 0.00721912 0.00010311 -0.0220375
1.84167 0.0119985 0.000153597 -0.0301131
1.84583 0.0157702 0.000197867 -0.035376
1.85 0.0180658 0.000231323 -0.0375333
1.85417 0.0187986 0.000250441 -0.0369
1.85833 0.0181641 0.000253129 -0.0340127
1.8625 0.0164392 0.000238702 -0.0292368
1.86667 0.0137971 0.000207599 -0.0226038
1.87083 0.0102478 0.000161131 -0.0139923
1.875 0.00574962 0.000101549 -0.00356117
1.87917 0.000429361 3.24739e-05 0.0078377
1.88333 -0.00522903 -4.05621e-05 0.0185755
1.8875 -0.0103761 -0.000110007 0.0266493
1.89167 -0.0140288 -0.000167115 0.0304489
1.89583 -0.0154612 -0.000203831 0.0295148
1.9 -0.0145598 -0.000215216 0.0248521
1.90417 -0.0119335 -0.000201427 0.0185608
1.90833 -0.00868047 -0.000168175 0.0129066
1.9125 -0.00590259 -0.000125121 0.00928932
1.91667 -0.00420781 -8.26396e-05 0.00766335
1.92083 -0.00347025 -4.8236e-05 0.00673822
1.925 -0.00298587 -2.42266e-05 0.00485681
1.92917 -0.00194136 -7.79485e-06 0.00105398
1.93333 6.89081e-05 6.61213e-06 -0.00431394
1.9375 0.00277536 2.37567e-05 -0.00972942
1.94167 0.00536768 4.47479e-05 -0.0133554
1.94583 0.00694549 6.6277e-05 -0.0140452
1.95 0.0070122 8.2259e-05 -0.0119192
1.95417 0.00572 8.69218e-05 -0.0081934
1.95833 0.00373569 7.76775e-05 -0.0044156
1.9625 0.00183492 5.6342e-05 -0.00162616
1.96667 0.000494263 2.82523e-05 3.40146e-05
1.97083 -0.000268683 -4.34259e-08 0.00107815
1.975 -0.000738773 -2.32346e-05 0.00204549
1.97917 -0.00117991 -3.8733e-05 0.00298944
1.98333 -0.00159744 -4.68498e-05 0.0034599
1.9875 -0.00175788 -5.00906e-05 0.00296348
1.99167 -0.00143399 -5.22843e-05 0.00151062
1.99583 -0.000666668 -5.79866e-05 -0.000217968
2 0.000181038 -7.20806e-05 -0.00126584
2.00417 0.000644673 -9.92322e-05 -0.00109427
2.00833 0.000501994 -0.000143058 -4.84528e-05
2.0125 -2.46184e-05 -0.000205353 0.000801033
2.01667 -0.000384808 -0.000286002 0.000389851
2.02083 -8.19721e-05 -0.000383945 -0.00153292
2.025 0.000943202 -0.000498782 -0.00412148
2.02917 0.00221549 -0.000631931 -0.00592759
2.03333 0.00301015 -0.000786167 -0.00586329
2.0375 0.00283754 -0.000963162 -0.00395379
2.04167 0.00178361 -0.00115987 -0.00131784
2.04583 0.000449749 -0.00136548 0.000642067
2.05 -0.000480513 -0.00156059 0.00126708
2.05417 -0.000739467 -0.0017191 0.00112096
2.05833 -0.000664951 -0.00181207 0.00152801
2.0625 -0.000921792 -0.00181195 0.00346975
2.06667 -0.00194179 -0.00169598 0.00664896
2.07083 -0.00349613 -0.00144872 0.00945992
2.075 -0.00474317 -0.00106461 0.00997417
2.07917 -0.00476078 -0.00055129 0.00729887
2.08333 -0.00321036 6.65841e-05 0.00234431
2.0875 -0.000656921 0.000744815 -0.00259353
2.09167 0.00171018 0.00142105 -0.00521021
2.09583 0.00279495 0.00202162 -0.0046169
2.1 0.00227325 0.00247342 -0.0018444
2.10417 0.000770541 0.00271797 0.000907817
2.10833 -0.000578799 0.00272379 0.00174256
2.1125 -0.000880367 0.00249376 0.000237272
2.11667 -2.12451e-05 0.00206577 -0.0024559
2.12083 0.00134884 0.00150717 -0.00457186
2.125 0.00234302 0.000904456 -0.0050029
2.12917 0.00246459 0.000350092 -0.00395852
2.13333 0.0018872 -7.18156e-05 -0.00260337
2.1375 0.00122194 -0.000299015 -0.00203815
2.14167 0.000991634 -0.000301219 -0.00244515
2.14583 0.00123143 -8.40063e-05 -0.00303229
2.15 0.00150786 0.000315357 -0.00275555
2.15417 0.00130865 0.000839588 -0.00120141
2.15833 0.000473617 0.00142691 0.00107354
2.1625 -0.000674025 0.00202469 0.0029821
2.16667 -0.00158235 0.00259593 0.00373611
2.17083 -0.0018899 0.00311642 0.00339129
2.175 -0.00167069 0.0035647 0.00269631
2.17917 -0.00132303 0.00391096 0.00241179
2.18333 -0.00121357 0.00411136 0.00268048
2.1875 -0.00137784 0.00411226 0.00295693
2.19167 -0.00151662 0.00386366 0.0025243
2.19583 -0.00127545 0.00333679 0.00114413
2.2 -0.000563992 0.00253803 -0.000705038
2.20417 0.000350591 0.00151249 -0.0021841
2.20833 0.00104514 0.000334443 -0.00272964
2.2125 0.00126025 -0.000912129 -0.00243494
2.21667 0.00107071 -0.00215492 -0.00187289
2.22083 0.000773926 -0.00334706 -0.00153744
2.225 0.000604947 -0.00446619 -0.00139923
2.22917 0.000531045 -0.0054985 -0.000965528
2.23333 0.000305342 -0.00641497 0.000202941
2.2375 -0.000266345 -0.00715226 0.00196493
2.24167 -0.00107872 -0.0076102 0.0035328
2.24583 -0.00172459 -0.00767117 0.00396777
2.25 -0.00176226 -0.00723627 0.00287177
2.25417 -0.00105272 -0.00626413 0.000734622
2.25833 0.000100333 -0.00479599 -0.00134944
2.2625 0.0011273 -0.00295627 -0.00239812
2.26667 0.00156228 -0.000928879 -0.00216327
2.27083 0.00133395 0.00107949 -0.00121113
2.275 0.000769085 0.00287451 -0.000429075
2.27917 0.000319944 0.00429708 -0.000353659
2.28333 0.000231106 0.00523328 -0.000826245
2.2875 0.00039481 0.00561831 -0.00121043
2.29167 0.000489385 0.00544224 -0.000970957
2.29583 0.000276842 0.00475822 -0.000148932
2.3 -0.000179703 0.00368568 0.000638036
2.30417 -0.000549248 0.00239743 0.000673797
2.30833 -0.000492302 0.00108712 -0.000261264
2.3125 5.10182e-05 -7.44235e-05 -0.00163386
2.31667 0.000767071 -0.000974934 -0.00245746
2.32083 0.00115334 -0.0015716 -0.00196435
2.325 0.000863679 -0.00187397 -0.000185088
2.32917 -2.70061e-05 -0.00191344 0.00199064
2.33333 -0.00103525 -0.00172219 0.00335403
2.3375 -0.00156882 -0.00133556 0.00317609
2.34167 -0.0013197 -0.000811739 0.00171473
2.34583 -0.00047695 -0.000245127 4.9988e-05
2.35 0.000402218 0.000248392 -0.000670552
2.35417 0.000787722 0.000574794 -5.40459e-05
2.35833 0.000561953 0.000707323 0.00125819
2.3625 0.000107523 0.000697814 0.00209611
2.36667 1.55798e-05 0.000637347 0.001704
2.37083 0.000620022 0.000587831 0.000403033
2.375 0.00171504 0.000534262 -0.000577958
2.37917 0.00269522 0.000399664 -2.80601e-05
2.38333 0.00303564 0.000120285 0.00226252
2.3875 0.00274518 -0.000272108 0.00526516
2.39167 0.00241793 -0.000630035 0.00747327
2.39583 0.00280881 -0.000763127 0.00810395
2.4 0.00424879 -0.000564526 0.00777587
2.40417 0.00637172 -0.000101764 0.00807161
2.40833 0.00839648 0.000402599 0.0102913
2.4125 0.00975689 0.000699519 0.0144025
2.41667 0.0105662 0.000666817 0.0190761
2.42083 0.0115154 0.00037813 0.022811
2.425 0.0132685 3.71489e-05 0.025217
2.42917 0.0158523 -0.000171824 0.0273461
2.43333 0.0185678 -0.000201745 0.0307405
2.4375 0.02052 -0.000141095 0.0359762
2.44167 0.0213311 -0.000104049 0.0419559
2.44583 0.0214196 -0.000114416 0.0466087
2.45 0.0215847 -8.84821e-05 0.0484477
2.45417 0.0222336 6.7813e-05 0.0476659
2.45833 0.0229168 0.000338546 0.0458086
2.4625 0.0225946 0.000573352 0.0442761
2.46667 0.0204303 0.000596522 0.0429435
2.47083 0.0164426 0.000363959 0.0401121
2.475 0.0114539 2.75664e-05 0.0338678
2.47917 0.00637995 -0.000163578 0.0236907
2.48333 0.00147569 -5.56041e-05 0.0109291
2.4875 -0.00380087 0.000282288 -0.00226703
2.49167 -0.0101918 0.000606059 -0.014612
2.49583 -0.0178397 0.000685831 -0.0264938
2.5 -0.0259983 0.000479823 -0.0392416
2.50417 -0.0335165 0.000150676 -0.0535461
2.50833 -0.0396745 -8.1864e-05 -0.068478
2.5125 -0.0446438 -0.000119203 -0.0820048
2.51667 -0.0491801 -4.23693e-05 -0.0925604
2.52083 -0.0538442 -1.43103e-05 -0.100273
2.525 -0.0584553 -0.000127975 -0.106768
2.52917 -0.0622605 -0.000338616 -0.113722
2.53333 -0.0646509 -0.000527665 -0.12145
2.5375 -0.0657641 -0.000621176 -0.128734
2.54167 -0.0664139 -0.000646733 -0.133981
2.54583 -0.0673891 -0.00068685 -0.136617
2.55 -0.068715 -0.000790604 -0.137446
2.55417 -0.0694961 -0.000934428 -0.137661
2.55833 -0.0684455 -0.00105851 -0.1374
2.5625 -0.0646308 -0.0011255 -0.135109
2.56667 -0.057821 -0.00113827 -0.128261
2.57083 -0.048218 -0.00111339 -0.114786
2.575 -0.0359082 -0.00105865 -0.0940538
2.57917 -0.0205979 -0.000985767 -0.0667061
2.58333 -0.00190985 -0.000929759 -0.0337072
2.5875 0.0199986 -0.000927781 0.00439347
2.59167 0.0440217 -0.000964087 0.0472698
2.59583 0.0682542 -0.000950028 0.093886
2.6 0.0905959 -0.000790042 0.141697
2.60417 0.109362 -0.00048717 0.186761
2.60833 0.123493 -0.000172457 0.224779
2.6125 0.132335 8.18243e-07 0.252355
2.61667 0.135306 1.32455e-05 0.267643
2.62083 0.131847 2.37111e-05 0.270123
2.625 0.121725 0.000233964 0.259953
2.62917 0.105455 0.000691395 0.237588
2.63333 0.0844394 0.00122941 0.204001
2.6375 0.060658 0.00161723 0.161229
2.64167 0.0360939 0.00177483 0.112601
2.64583 0.0122905 0.00183428 0.0622499
2.65 -0.00969933 0.00198583 0.0141071
2.65417 -0.0290498 0.00227355 -0.0289683
2.65833 -0.0449223 0.00255444 -0.0653884
2.6625 -0.0565242 0.00265323 -0.0943685
2.66667 -0.0634296 0.00253347 -0.115332
2.67083 -0.0658493 0.00230192 -0.12776
2.675 -0.0645642 0.00206379 -0.131589
2.67917 -0.0605401 0.00181388 -0.127683
2.68333 -0.0545301 0.00148753 -0.117829
2.6875 -0.0469707 0.00108675 -0.104143
2.69167 -0.0381942 0.000703077 -0.0883017
2.69583 -0.0286921 0.000398793 -0.0712224
2.7 -0.0191504 0.0001061 -0.0533543
2.70417 -0.0102285 -0.000301475 -0.0352338
2.70833 -0.00230928 -0.000831478 -0.0177495
2.7125 0.00453917 -0.00131639 -0.00191041
2.71667 0.0103659 -0.00158317 0.0115961
2.72083 0.0150946 -0.00166816 0.0225939
2.725 0.0184405 -0.00180511 0.0311686
2.72917 0.0200284 -0.0021623 0.0372214
2.73333 0.0196018 -0.00261966 0.0402374
2.7375 0.0171819 -0.0028645 0.0394889
2.74167 0.0131095 -0.00272344 0.0345457
2.74583 0.00797815 -0.00235292 0.0257553
2.75 0.00250104 -0.00205427 0.0143879
2.75417 -0.00261989 -0.00191839 0.00235322
2.75833 -0.00675481 -0.00171901 -0.00835815
2.7625 -0.00933214 -0.00118857 -0.016192
2.76667 -0.00985183 -0.000353331 -0.0202387
2.77083 -0.0080499 0.000471753 -0.0201237
2.775 -0.00418275 0.00101902 -0.0158673
2.77917 0.000816189 0.00132746 -0.00801451
2.78333 0.00556661 0.00162025 0.00202691
2.7875 0.00882106 0.00197265 0.0119186
2.79167 0.0100032 0.00219738 0.0190271
2.79583 0.00929849 0.00208765 0.0215786
2.8 0.00728833 0.00169611 0.0195214
2.80417 0.00453723 0.00128567 0.0143719
2.80833 0.00151437 0.0010185 0.00816191
2.8125 -0.00121845 0.000792226 0.00239519
2.81667 -0.00297213 0.000435585 -0.002192
2.82083 -0.00328384 -5.71177e-06 -0.00518822
2.825 -0.00236662 -0.000287697 -0.00620493
2.82917 -0.00112434 -0.000279187 -0.00522594
2.83333 -0.000583727 -0.000148423 -0.00316117
2.8375 -0.00120333 -0.000157894 -0.00171636
2.84167 -0.00266848 -0.000322469 -0.00235871
2.84583 -0.00429472 -0.000385963 -0.00521917
2.85 -0.0055812 -0.000161889 -0.00899393
2.85417 -0.00640547 0.000204436 -0.0119793
2.85833 -0.00682365 0.000404342 -0.013289
2.8625 -0.00684802 0.000349564 -0.0132155
2.86667 -0.00648015 0.00026547 -0.0126273
2.87083 -0.00587775 0.000372416 -0.0121671
2.875 -0.00535165 0.000584579 -0.0119675
2.87917 -0.00511334 0.000628495 -0.0118662
2.88333 -0.00500798 0.000412136 -0.0116169
2.8875 -0.00450093 0.000139082 -0.0108157
2.89167 -0.00295415 2.21716e-05 -0.00876707
2.89583 -1.62438e-05 5.96538e-06 -0.00465702
2.9 0.00408481 -0.000118383 0.00192243
2.90417 0.00849778 -0.000389742 0.0104205
2.90833 0.012026 -0.00062603 0.0191576
2.9125 0.0136454 -0.000718103 0.0257639
2.91667 0.0129704 -0.00081462 0.0281354
2.92083 0.0103359 -0.00108801 0.025461
2.925 0.00647367 -0.00141123 0.0186694
2.92917 0.00214258 -0.00146576 0.00991103
2.93333 -0.00194153 -0.00119424 0.00141418
2.9375 -0.0049916 -0.000947191 -0.00538554
2.94167 -0.00628973 -0.00103503 -0.00985714
2.94583 -0.00569232 -0.00126682 -0.0116998
2.95 -0.00397311 -0.00117924 -0.010853
2.95417 -0.0024186 -0.000729228 -0.0079966
2.95833 -0.00186755 -0.000482244 -0.0047997
2.9625 -0.00212315 -0.000917314 -0.00309618
2.96667 -0.00236389 -0.00171617 -0.00346403
2.97083 -0.00207624 -0.00206468 -0.00470169
2.975 -0.00145183 -0.00168333 -0.00496191
2.97917 -0.0008898 -0.00122561 -0.00347602
2.98333 -0.000366625 -0.0014177 -0.00107025
2.9875 0.000456738 -0.00201986 0.000956353
2.99167 0.00156568 -0.00204712 0.00215647
2.99583 0.00234354 -0.00105693 0.0029487
