0 0 0 0
0.00416667 0 0 0
0.00833333 0 0 0
0.0125 0 0 0
0.0166667 0 0 0
0.0208333 0 0 0
0.025 0 0 0
0.0291667 0 0 0
0.0333333 0 0 0
0.0375 0 0 0
0.0416667 0 0 0
0.0458333 0 0 0
0.05 0 0 0
0.0541667 0 0 0
0.0583333 0 0 0
0.0625 0 0 0
0.0666667 0 0 0
0.0708333 0 0 0
0.075 0 0 0
0.0791667 0 0 0
0.0833333 0 0 0
0.0875 0 0 0
0.0916667 0 0 0
0.0958333 0 0 0
0.1 0 0 0
0.104167 0 0 0
0.108333 0 0 0
0.1125 0 0 0
0.116667 0 0 0
0.120833 0 0 0
0.125 0 0 0
0.129167 -4.81171e-320 -4.41695e-321 2.08384e-318
0.133333 -2.33662e-314 -2.28006e-315 9.77919e-313
0.1375 -7.46536e-309 -7.51809e-310 3.02693e-307
0.141667 -1.61223e-303 -1.67411e-304 6.33912e-302
0.145833 -2.40688e-298 -2.57485e-299 9.18524e-297
0.15 -2.53642e-293 -2.79319e-294 9.40291e-292
0.154167 -1.9234e-288 -2.1787e-289 6.93212e-287
0.158333 -1.06818e-283 -1.24368e-284 3.74563e-282
0.1625 -4.41553e-279 -5.28061e-280 1.50751e-277
0.166667 -1.37906e-274 -1.69293e-275 4.58723e-273
0.170833 -3.29953e-270 -4.15527e-271 1.07002e-268
0.175 -6.12581e-266 -7.90942e-267 1.93794e-264
0.179167 -8.93064e-262 -1.18156e-262 2.75772e-260
0.183333 -1.03375e-257 -1.40073e-258 3.11758e-256
0.1875 -9.5995e-254 -1.33147e-254 2.82885e-252
0.191667 -7.22033e-250 -1.02465e-250 2.08018e-248
0.195833 -4.43865e-246 -6.44176e-247 1.25079e-244
0.2 -2.249e-242 -3.33648e-243 6.20178e-241
0.204167 -9.4668e-239 -1.43504e-239 2.55572e-237
0.208333 -3.3351e-235 -5.16365e-236 8.81835e-234
0.2125 -9.90226e-232 -1.56531e-232 2.56541e-230
0.216667 -2.49417e-228 -4.02395e-229 6.33377e-227
0.220833 -5.3625e-225 -8.8267e-226 1.3353e-223
0.225 -9.89894e-222 -1.66179e-222 2.41787e-220
0.229167 -1.57754e-218 -2.70013e-219 3.78102e-217
0.233333 -2.18174e-215 -3.80614e-216 5.13284e-214
0.2375 -2.63144e-212 -4.67758e-213 6.07876e-211
0.241667 -2.78085e-209 -5.0353e-210 6.30957e-208
0.245833 -2.58628e-206 -4.76894e-207 5.76538e-205
0.25 -2.12574e-203 -3.99059e-204 4.65713e-202
0.254167 -1.55029e-200 -2.96215e-201 3.33884e-199
0.258333 -1.007e-197 -1.95787e-198 2.13258e-196
0.2625 -5.84694e-195 -1.15647e-195 1.21788e-193
0.266667 -3.04507e-192 -6.12566e-193 6.24003e-191
0.270833 -1.42712e-189 -2.91922e-190 2.87783e-188
0.275 -6.03768e-187 -1.25555e-187 1.19838e-185
0.279167 -2.31272e-184 -4.88825e-185 4.51922e-183
0.283333 -8.04366e-182 -1.72767e-182 1.54777e-180
0.2875 -2.54709e-179 -5.5583e-180 4.82724e-178
0.291667 -7.36245e-177 -1.63203e-177 1.37458e-175
0.295833 -1.94747e-174 -4.38433e-175 3.58259e-173
0.3 -4.72523e-172 -1.0802e-172 8.56669e-171
0.304167 -1.05408e-169 -2.44641e-170 1.88368e-168
0.308333 -2.16655e-167 -5.10418e-168 3.81703e-166
0.3125 -4.11173e-165 -9.83133e-166 7.14301e-164
0.316667 -7.21965e-163 -1.75172e-163 1.23693e-161
0.320833 -1.17512e-160 -2.89286e-161 1.98591e-159
0.325 -1.77638e-158 -4.43618e-159 2.96159e-157
0.329167 -2.49831e-156 -6.32832e-157 4.1098e-155
0.333333 -3.27466e-154 -8.41232e-155 5.31606e-153
0.3375 -4.00694e-152 -1.04378e-152 6.42021e-151
0.341667 -4.58436e-150 -1.21078e-150 7.25088e-149
0.345833 -4.91168e-148 -1.31508e-148 7.66968e-147
0.35 -4.93525e-146 -1.33941e-146 7.60941e-145
0.354167 -4.65731e-144 -1.28106e-144 7.09136e-143
0.358333 -4.13339e-142 -1.15218e-142 6.21596e-141
0.3625 -3.45461e-140 -9.75753e-141 5.1317e-139
0.366667 -2.7225e-138 -7.79095e-139 3.99526e-137
0.370833 -2.02559e-136 -5.87231e-137 2.93693e-135
0.375 -1.42452e-134 -4.18327e-135 2.04092e-133
0.379167 -9.4803e-133 -2.81978e-133 1.34228e-131
0.383333 -5.97716e-131 -1.80049e-131 8.36421e-130
0.3875 -3.57401e-129 -1.09022e-129 4.94358e-128
0.391667 -2.0289e-127 -6.26668e-128 2.77425e-126
0.395833 -1.09457e-125 -3.42298e-126 1.4797e-124
0.4 -5.61741e-124 -1.77844e-124 7.50846e-123
0.404167 -2.74502e-122 -8.79743e-123 3.62816e-121
0.408333 -1.27841e-120 -4.14718e-121 1.67101e-119
0.4125 -5.67935e-119 -1.86474e-119 7.34195e-118
0.416667 -2.40882e-117 -8.00433e-118 3.08006e-116
0.420833 -9.76224e-116 -3.28277e-116 1.23476e-114
0.425 -3.78344e-114 -1.28741e-114 4.73409e-113
0.429167 -1.40333e-112 -4.83164e-113 1.73723e-111
0.433333 -4.98536e-111 -1.73664e-111 6.1063e-110
0.4375 -1.69754e-109 -5.98247e-110 2.0574e-108
0.441667 -5.54428e-108 -1.97662e-108 6.64951e-107
0.445833 -1.73809e-106 -6.2682e-107 2.06298e-105
0.45 -5.23356e-105 -1.90912e-105 6.14792e-104
0.454167 -1.51463e-103 -5.58831e-104 1.76106e-102
0.458333 -4.21578e-102 -1.57314e-102 4.8519e-101
0.4625 -1.12923e-100 -4.26148e-101 1.2865e-99
0.466667 -2.91262e-99 -1.11155e-99 3.28496e-98
0.470833 -7.23831e-98 -2.79335e-98 8.0822e-97
0.475 -1.73417e-96 -6.76706e-97 1.91714e-95
0.479167 -4.00765e-95 -1.58124e-95 4.3868e-94
0.483333 -8.93856e-94 -3.56578e-94 9.6882e-93
0.4875 -1.9251e-92 -7.76424e-93 2.06619e-91
0.491667 -4.00564e-91 -1.63327e-91 4.25747e-90
0.495833 -8.05637e-90 -3.32082e-90 8.48016e-89
0.5 -1.567e-88 -6.52946e-89 1.63357e-87
0.504167 -2.94894e-87 -1.24211e-87 3.04482e-86
0.508333 -5.37196e-86 -2.28715e-86 5.49379e-85
0.5125 -9.47685e-85 -4.07829e-85 9.59989e-84
0.516667 -1.61976e-83 -7.04535e-84 1.62531e-82
0.520833 -2.68338e-82 -1.17965e-82 2.66725e-81
0.525 -4.31058e-81 -1.91521e-81 4.24456e-80
0.529167 -6.71724e-80 -3.01622e-80 6.55268e-79
0.533333 -1.01583e-78 -4.6097e-79 9.81735e-78
0.5375 -1.49139e-77 -6.83928e-78 1.42799e-76
0.541667 -2.12651e-76 -9.85468e-77 2.01734e-75
0.545833 -2.94585e-75 -1.37953e-75 2.76893e-74
0.55 -3.96622e-74 -1.87685e-74 3.69387e-73
0.554167 -5.19181e-73 -2.48253e-73 4.79115e-72
0.558333 -6.60977e-72 -3.19355e-72 6.04414e-71
0.5625 -8.18697e-71 -3.99681e-71 7.41841e-70
0.566667 -9.86899e-70 -4.86807e-70 8.86156e-69
0.570833 -1.15817e-68 -5.77222e-69 1.03055e-67
0.575 -1.32361e-67 -6.66511e-68 1.16715e-66
0.579167 -1.47355e-66 -7.49692e-67 1.28769e-65
0.583333 -1.59851e-65 -8.21673e-66 1.38437e-64
0.5875 -1.69021e-64 -8.77773e-65 1.4507e-63
0.591667 -1.74246e-63 -9.14233e-64 1.48219e-62
0.595833 -1.75187e-62 -9.28631e-63 1.47692e-61
0.6 -1.71821e-61 -9.20152e-62 1.43566e-60
0.604167 -1.64438e-60 -8.89654e-61 1.36176e-59
0.608333 -1.53598e-59 -8.39539e-60 1.26072e-58
0.6125 -1.40069e-58 -7.73443e-59 1.1395e-57
0.616667 -1.24732e-57 -6.95812e-58 1.00576e-56
0.620833 -1.08492e-56 -6.11416e-57 8.6708e-56
0.625 -9.21935e-56 -5.24886e-56 7.30324e-55
0.629167 -7.65578e-55 -4.4033e-55 6.0112e-54
0.633333 -6.21386e-54 -3.61055e-54 4.83608e-53
0.6375 -4.93074e-53 -2.89432e-53 3.80371e-52
0.641667 -3.82591e-52 -2.26878e-52 2.92547e-51
0.645833 -2.90349e-51 -1.73941e-51 2.20065e-50
0.65 -2.15555e-50 -1.30456e-50 1.61942e-49
0.654167 -1.5658e-49 -9.57347e-50 1.16602e-48
0.658333 -1.1131e-48 -6.87544e-49 8.21638e-48
0.6625 -7.74541e-48 -4.83327e-48 5.66712e-47
0.666667 -5.27644e-47 -3.3264e-47 3.82678e-46
0.670833 -3.5197e-46 -2.24171e-46 2.5303e-45
0.675 -2.2994e-45 -1.47957e-45 1.63853e-44
0.679167 -1.47145e-44 -9.56566e-45 1.03934e-43
0.683333 -9.22508e-44 -6.05893e-44 6.45886e-43
0.6875 -5.66712e-43 -3.76055e-43 3.93295e-42
0.691667 -3.41187e-42 -2.28744e-42 2.34702e-41
0.695833 -2.01339e-41 -1.36384e-41 1.37284e-40
0.7 -1.16476e-40 -7.9718e-41 7.87215e-40
0.704167 -6.60671e-40 -4.56876e-40 4.42592e-39
0.708333 -3.67482e-39 -2.56774e-39 2.44013e-38
0.7125 -2.00471e-38 -1.4154e-38 1.31942e-37
0.716667 -1.07274e-37 -7.65325e-38 6.99807e-37
0.720833 -5.63149e-37 -4.05983e-37 3.64127e-36
0.725 -2.90064e-36 -2.11312e-36 1.85895e-35
0.729167 -1.46611e-35 -1.07933e-35 9.3127e-35
0.733333 -7.27262e-35 -5.41066e-35 4.57861e-34
0.7375 -3.54098e-34 -2.66237e-34 2.2095e-33
0.741667 -1.69246e-33 -1.28606e-33 1.04667e-32
0.745833 -7.94185e-33 -6.09929e-33 4.86775e-32
0.75 -3.6592e-32 -2.84036e-32 2.2228e-31
0.754167 -1.65561e-31 -1.29895e-31 9.96724e-31
0.758333 -7.35672e-31 -5.8342e-31 4.3893e-30
0.7625 -3.21077e-30 -2.57388e-30 1.89849e-29
0.766667 -1.37651e-29 -1.11547e-29 8.06596e-29
0.770833 -5.7974e-29 -4.74934e-29 3.36652e-28
0.775 -2.39891e-28 -1.98681e-28 1.38046e-27
0.779167 -9.75355e-28 -8.16705e-28 5.56193e-27
0.783333 -3.89687e-27 -3.29916e-27 2.20202e-26
0.7875 -1.53007e-26 -1.3098e-26 8.56744e-26
0.791667 -5.90454e-26 -5.11106e-26 3.27604e-25
0.795833 -2.23961e-25 -1.96044e-25 1.23126e-24
0.8 -8.35037e-25 -7.39212e-25 4.54865e-24
0.804167 -3.06067e-24 -2.74024e-24 1.6519e-23
0.808333 -1.1029e-23 -9.98725e-24 5.8977e-23
0.8125 -3.90747e-23 -3.57907e-23 2.07018e-22
0.816667 -1.3612e-22 -1.26122e-22 7.14472e-22
0.820833 -4.66271e-22 -4.37054e-22 2.42461e-21
0.825 -1.57064e-21 -1.48947e-21 8.09105e-21
0.829167 -5.20301e-21 -4.99232e-21 2.65519e-20
0.833333 -1.69511e-20 -1.64579e-20 8.56913e-20
0.8375 -5.43163e-20 -5.33666e-20 2.71988e-19
0.841667 -1.71186e-19 -1.70219e-19 8.49089e-19
0.845833 -5.30679e-19 -5.34087e-19 2.60715e-18
0.85 -1.61822e-18 -1.64853e-18 7.87415e-18
0.854167 -4.85404e-18 -5.00593e-18 2.33928e-17
0.858333 -1.43232e-17 -1.4955e-17 6.83622e-17
0.8625 -4.1578e-17 -4.39561e-17 1.96524e-16
0.866667 -1.18736e-16 -1.27115e-16 5.55767e-16
0.870833 -3.33587e-16 -3.61682e-16 1.54617e-15
0.875 -9.22042e-16 -1.01256e-15 4.23169e-15
0.879167 -2.50734e-15 -2.78928e-15 1.13939e-14
0.883333 -6.70815e-15 -7.56036e-15 3.01808e-14
0.8875 -1.76572e-14 -2.01641e-14 7.86499e-14
0.891667 -4.57269e-14 -5.2918e-14 2.01638e-13
0.895833 -1.16507e-13 -1.36653e-13 5.08571e-13
0.9 -2.92053e-13 -3.47239e-13 1.26192e-12
0.904167 -7.2027e-13 -8.68213e-13 3.08044e-12
0.908333 -1.74762e-12 -2.13604e-12 7.39745e-12
0.9125 -4.17166e-12 -5.17101e-12 1.74756e-11
0.916667 -9.7965e-12 -1.23173e-11 4.06119e-11
0.920833 -2.26318e-11 -2.8868e-11 9.28387e-11
0.925 -5.14329e-11 -6.65688e-11 2.08759e-10
0.929167 -1.14979e-10 -1.5103e-10 4.61724e-10
0.933333 -2.5283e-10 -3.37115e-10 1.00443e-09
0.9375 -5.46829e-10 -7.40278e-10 2.14898e-09
0.941667 -1.16322e-09 -1.59917e-09 4.52164e-09
0.945833 -2.4335e-09 -3.3982e-09 9.35576e-09
0.95 -5.00642e-09 -7.1029e-09 1.90348e-08
0.954167 -1.01278e-08 -1.46023e-08 3.80775e-08
0.958333 -2.01446e-08 -2.9524e-08 7.48858e-08
0.9625 -3.93926e-08 -5.87029e-08 1.44776e-07
0.966667 -7.57247e-08 -1.14771e-07 2.75116e-07
0.970833 -1.43079e-07 -2.20625e-07 5.13811e-07
0.975 -2.65692e-07 -4.1694e-07 9.42981e-07
0.979167 -4.84826e-07 -7.74532e-07 1.70042e-06
0.983333 -8.69225e-07 -1.41415e-06 3.01227e-06
0.9875 -1.53091e-06 -2.53734e-06 5.2414e-06
0.991667 -2.64828e-06 -4.47324e-06 8.95654e-06
0.995833 -4.49875e-06 -7.7474e-06 1.50276e-05
1 -7.50324e-06 -1.31795e-05 2.47518e-05
1.00417 -1.2284e-05 -2.20176e-05 4.00125e-05
1.00833 -1.9736e-05 -3.61137e-05 6.34677e-05
1.0125 -3.11101e-05 -5.81446e-05 9.87569e-05
1.01667 -4.80998e-05 -9.18699e-05 0.000150702
1.02083 -7.29219e-05 -0.000142412 0.000225465
1.025 -0.000108369 -0.000216522 0.000330605
1.02917 -0.000157809 -0.000322778 0.000474965
1.03333 -0.000225101 -0.000471629 0.000668305
1.0375 -0.000314384 -0.000675198 0.000920612
1.04167 -0.000429726 -0.00094671 0.00124103
1.04583 -0.000574591 -0.00129947 0.00163642
1.05 -0.00075116 -0.00174526 0.0021096
1.05417 -0.000959539 -0.0022923 0.00265747
1.05833 -0.00119694 -0.00294264 0.0032693
1.0625 -0.00145701 -0.00368951 0.00392549
1.06667 -0.00172937 -0.00451483 0.00459727
1.07083 -0.00199974 -0.00538751 0.00524767
1.075 -0.00225054 -0.00626307 0.00583387
1.07917 -0.00246222 -0.00708509 0.00631103
1.08333 -0.00261516 -0.00778888 0.00663713
1.0875 -0.00269199 -0.0083072 0.00677821
1.09167 -0.00267993 -0.00857765 0.00671308
1.09583 -0.00257275 -0.00855073 0.00643664
1.1 -0.00237199 -0.00819718 0.00596099
1.10417 -0.00208708 -0.00751336 0.00531405
1.10833 -0.0017343 -0.00652325 0.00453601
1.1125 -0.00133477 -0.00527657 0.00367412
1.11667 -0.000911891 -0.00384324 0.00277722
1.12083 -0.000488719 -0.00230499 0.00189088
1.125 -8.5841e-05 -0.000746109 0.00105395
1.12917 0.000280047 0.000755289 0.000296636
1.13333 0.000596841 0.00213371 -0.00036051
1.1375 0.000857319 0.00334016 -0.000907478
1.14167 0.00105945 0.00434373 -0.00134633
1.14583 0.00120703 0.00513221 -0.00169336
1.15 0.00131047 0.00571291 -0.00198099
1.15417 0.00138751 0.00611412 -0.00225773
1.15833 0.00146267 0.00638681 -0.00258443
1.1625 0.00156512 0.00660433 -0.00302606
1.16667 0.00172434 0.00685787 -0.00363956
1.17083 0.00196436 0.00724586 -0.00446054
1.175 0.00229772 0.00785757 -0.00549231
1.17917 0.0027211 0.00875359 -0.00670108
1.18333 0.00321395 0.00994821 -0.00801893
1.1875 0.00374094 0.011399 -0.00935412
1.19167 0.00425748 0.013008 -0.0106051
1.19583 0.00471667 0.0146342 -0.0116742
1.2 0.00507537 0.0161154 -0.0124764
1.20417 0.00529797 0.0172919 -0.0129426
1.20833 0.00535721 0.0180253 -0.0130185
1.2125 0.0052334 0.0182095 -0.0126634
1.21667 0.00491351 0.0177721 -0.0118515
1.22083 0.00439209 0.016671 -0.0105784
1.225 0.00367428 0.014892 -0.0088704
1.22917 0.00277981 0.0124514 -0.00679204
1.23333 0.00174602 0.00940447 -0.00444796
1.2375 0.000627578 0.00585641 -0.00197565
1.24167 -0.000507888 0.00196786 0.000469697
1.24583 -0.00158762 -0.00204966 0.00273433
1.25 -0.00254291 -0.00595159 0.00468417
1.25417 -0.0033173 -0.00948848 0.00621811
1.25833 -0.00387202 -0.0124377 0.00727506
1.2625 -0.00418827 -0.0146311 0.00783535
1.26667 -0.00426695 -0.015972 0.00791826
1.27083 -0.00412663 -0.0164409 0.00757681
1.275 -0.00380044 -0.0160891 0.00689014
1.27917 -0.00333202 -0.0150248 0.00595404
1.28333 -0.00277085 -0.0133966 0.00487069
1.2875 -0.00216745 -0.0113747 0.00373979
1.29167 -0.00156937 -0.00913563 0.00265262
1.29583 -0.00101879 -0.00684943 0.00168914
1.3 -0.000551265 -0.00467148 0.000915449
1.30417 -0.000194682 -0.00273714 0.000379017
1.30833 3.29732e-05 -0.00115698 0.000100909
1.3125 0.000127077 -9.64449e-06 6.81392e-05
1.31667 9.94e-05 0.000667859 0.000232111
1.32083 -2.2003e-05 0.000889668 0.000517791
1.325 -0.000197919 0.00072395 0.000842807
1.32917 -0.000387273 0.000283593 0.00113907
1.33333 -0.000556856 -0.000296193 0.00136643
1.3375 -0.000686737 -0.000886927 0.00151163
1.34167 -0.000768752 -0.00139113 0.00157428
1.34583 -0.000799685 -0.00175145 0.0015505
1.35 -0.000774346 -0.0019422 0.00142611
1.35417 -0.000683998 -0.00195082 0.00118516
1.35833 -0.000521919 -0.00176316 0.000827954
1.3625 -0.000292575 -0.00136366 0.000385389
1.36667 -1.77117e-05 -0.000751035 -8.23481e-05
1.37083 0.000265901 4.08815e-05 -0.000504127
1.375 0.000517047 0.000932821 -0.000823075
1.37917 0.000703403 0.00181012 -0.00101376
1.38333 0.000810381 0.00255099 -0.00108257
1.3875 0.00084144 0.00306013 -0.00105456
1.39167 0.000811614 0.00329223 -0.000958432
1.39583 0.000739833 0.00325713 -0.000820341
1.4 0.000644715 0.00300872 -0.000666881
1.40417 0.000544104 0.00262641 -0.000528613
1.40833 0.000454712 0.00219664 -0.000434746
1.4125 0.000388573 0.00179688 -0.000399123
1.41667 0.000347375 0.00148052 -0.000408813
1.42083 0.000320079 0.00126428 -0.000428759
1.425 0.000288856 0.00112458 -0.00042514
1.42917 0.000242427 0.00101093 -0.000393854
1.43333 0.000188608 0.000876849 -0.000372359
1.4375 0.000155711 0.00071485 -0.000421807
1.44167 0.000178581 0.00057405 -0.000587428
1.44583 0.000276113 0.000543712 -0.000863078
1.45 0.000434842 0.000705833 -0.00118596
1.45417 0.000611064 0.00108161 -0.0014678
1.45833 0.00075207 0.00160481 -0.00164294
1.4625 0.000823632 0.00214154 -0.00170084
1.46667 0.000825686 0.00254768 -0.00168133
1.47083 0.000785643 0.0027307 -0.00163692
1.475 0.000734085 0.0026792 -0.00158983
1.47917 0.000679803 0.00244412 -0.00151365
1.48333 0.000601395 0.00208687 -0.00135098
1.4875 0.000460816 0.00162987 -0.00105233
1.49167 0.000228821 0.00104122 -0.000607774
1.49583 -9.56939e-05 0.000260622 -5.06062e-05
1.5 -0.000485401 -0.000754442 0.000566409
1.50417 -0.000902172 -0.00199465 0.00120168
1.50833 -0.00131842 -0.00339776 0.00183847
1.5125 -0.00172534 -0.00487575 0.00247132
1.51667 -0.00212086 -0.00634434 0.00307556
1.52083 -0.00248583 -0.00772884 0.0035835
1.525 -0.00276722 -0.00894026 0.00388859
1.52917 -0.00288519 -0.00984331 0.00388183
1.53333 -0.00276558 -0.0102511 0.00350311
1.5375 -0.00238067 -0.00996882 0.00277718
1.54167 -0.00177177 -0.00887593 0.00180928
1.54583 -0.00103543 -0.00700141 0.000738661
1.55 -0.000278376 -0.00454284 -0.000323031
1.55417 0.000430179 -0.00180758 -0.00132704
1.55833 0.00107545 0.000894338 -0.00226989
1.5625 0.00166985 0.00334048 -0.00313508
1.56667 0.00220292 0.00541366 -0.00384279
1.57083 0.0026116 0.00704466 -0.00425838
1.575 0.00280259 0.00813854 -0.00426803
1.57917 0.0027174 0.00856044 -0.00387048
1.58333 0.00238972 0.00820954 -0.00320709
1.5875 0.00194208 0.00712948 -0.00248991
1.59167 0.00151251 0.0055559 -0.0018693
1.59583 0.00116266 0.00383721 -0.00134293
1.6 0.000843385 0.0022647 -0.000787915
1.60417 0.000454148 0.000934176 -0.000101057
1.60833 -4.58335e-05 -0.000247318 0.000665058
1.6125 -0.000568301 -0.00140568 0.00129257
1.61667 -0.000936068 -0.00251864 0.00153884
1.62083 -0.00100981 -0.00336621 0.00131962
1.625 -0.000799377 -0.00366826 0.000780619
1.62917 -0.000462487 -0.00330643 0.00019132
1.63333 -0.000186491 -0.00244718 -0.000252314
1.6375 -5.13447e-05 -0.00145903 -0.000547655
1.64167 9.39798e-06 -0.000688241 -0.000827996
1.64583 0.000119473 -0.000275142 -0.00118933
1.65 0.000328136 -0.00015077 -0.00156772
1.65417 0.000558268 -0.000189394 -0.00178195
1.65833 0.000679241 -0.000358104 -0.00169563
1.6625 0.000630252 -0.000723982 -0.00133874
1.66667 0.000473915 -0.00132871 -0.000872
1.67083 0.000331241 -0.00207186 -0.000434599
1.675 0.000265944 -0.00273032 -2.78774e-05
1.67917 0.000231796 -0.00310161 0.00045568
1.68333 0.000128573 -0.00313637 0.00109858
1.6875 -9.65248e-05 -0.00294138 0.00185849
1.69167 -0.000402213 -0.00266311 0.00259157
1.69583 -0.000695115 -0.00236798 0.0031541
1.7 -0.000903089 -0.00201673 0.00347024
1.70417 -0.00100524 -0.00152508 0.00351811
1.70833 -0.00100895 -0.000833022 0.003292
1.7125 -0.000925691 6.54665e-05 0.00281275
1.71667 -0.000780749 0.00111312 0.00216758
1.72083 -0.0006272 0.00217359 0.00149355
1.725 -0.000515325 0.00303787 0.000879353
1.72917 -0.000432083 0.00350408 0.000285676
1.73333 -0.000290541 0.00350709 -0.000396171
1.7375 -1.51463e-05 0.00317896 -0.00117455
1.74167 0.00034814 0.00274471 -0.00186084
1.74583 0.00062881 0.00231939 -0.00218905
1.75 0.00067349 0.00180633 -0.00206156
1.75417 0.00050256 0.00102499 -0.00166018
1.75833 0.00030684 -4.09626e-05 -0.00127808
1.7625 0.000265978 -0.00113681 -0.0010343
1.76667 0.000370857 -0.00190553 -0.000781903
1.77083 0.000442955 -0.00217501 -0.000316668
1.775 0.00033211 -0.00207055 0.000350926
1.77917 7.37417e-05 -0.00184503 0.000976581
1.78333 -0.000165262 -0.00162469 0.00133535
1.7875 -0.000275306 -0.00134323 0.00143917
1.79167 -0.000297994 -0.00089888 0.00145641
1.79583 -0.000324577 -0.000309578 0.0014451
1.8 -0.000348511 0.000323884 0.00125054
1.80417 -0.00027419 0.000963721 0.000706307
1.80833 -6.6876e-05 0.00165988 -0.000126498
1.8125 0.00017393 0.00240237 -0.00101583
1.81667 0.000342263 0.00301675 -0.00185799
1.82083 0.000494324 0.00329233 -0.0028146
1.825 0.000805797 0.00321311 -0.00405733
1.82917 0.00132709 0.00297029 -0.00541448
1.83333 0.00184351 0.00267831 -0.00640507
1.8375 0.0020647 0.00212833 -0.00669353
1.84167 0.00195581 0.000941791 -0.00643303
1.84583 0.00179692 -0.000980053 -0.00604112
1.85 0.00185396 -0.00322756 -0.00564337
1.85417 0.00203577 -0.005191 -0.00487514
1.85833 0.00196906 -0.00659053 -0.00332382
1.8625 0.00142642 -0.00762258 -0.00108817
1.86667 0.000594459 -0.00856458 0.00124399
1.87083 -0.000145314 -0.00933614 0.00318045
1.875 -0.000641431 -0.00955389 0.00474115
1.87917 -0.00106882 -0.00898204 0.00620463
1.88333 -0.00160302 -0.0077895 0.00756771
1.8875 -0.00213728 -0.00631264 0.00847335
1.89167 -0.00243449 -0.00469494 0.00870893
1.89583 -0.00249109 -0.00291439 0.00857373
1.9 -0.00257813 -0.00112381 0.00856993
1.90417 -0.00286842 0.000259074 0.00880659
1.90833 -0.00316603 0.000947355 0.00893702
1.9125 -0.00315699 0.00117524 0.00873809
1.91667 -0.00287947 0.00150163 0.00852795
1.92083 -0.00275284 0.00219981 0.00879203
1.925 -0.00306101 0.00300964 0.00947184
1.92917 -0.00354827 0.00360197 0.00988908
1.93333 -0.00369202 0.00415234 0.00946257
1.9375 -0.00332891 0.00522951 0.0082972
1.94167 -0.00281533 0.00709329 0.00687651
1.94583 -0.00250807 0.00930093 0.00530596
1.95 -0.00226711 0.011137 0.00316694
1.95417 -0.00165458 0.012301 0.000186278
1.95833 -0.000550293 0.0129714 -0.00321961
1.9625 0.000664778 0.0132453 -0.00629474
1.96667 0.00159495 0.0128006 -0.00870057
1.97083 0.00228734 0.0112727 -0.0106326
1.975 0.00302197 0.00879252 -0.0121874
1.97917 0.00376853 0.00589922 -0.0129605
1.98333 0.00413149 0.00295192 -0.0125122
1.9875 0.0038914 -0.000100423 -0.0110427
1.99167 0.00335516 -0.00325959 -0.00925905
1.99583 0.00296899 -0.00604092 -0.00756436
2 0.00271557 -0.0077922 -0.00570864
2.00417 0.00217052 -0.00841217 -0.00341354
2.00833 0.00117469 -0.0084659 -0.00106956
2.0125 0.000173888 -0.00847736 0.000544322
2.01667 -0.000291975 -0.00833415 0.00118568
2.02083 -0.000269206 -0.00761404 0.00142473
2.025 -0.000291555 -0.00636655 0.00185065
2.02917 -0.000628571 -0.00523654 0.00229107
2.03333 -0.000923999 -0.00473084 0.00212795
2.0375 -0.000724971 -0.00463351 0.00126576
2.04167 -0.000155515 -0.00437819 0.000392136
2.04583 0.000213168 -0.00385709 0.000151174
2.05 0.000120301 -0.00354364 0.0003503
2.05417 -4.66176e-05 -0.00376507 0.000271297
2.05833 0.000201501 -0.00414233 -0.000343252
2.0625 0.000770211 -0.00398997 -0.000940383
2.06667 0.00108073 -0.00316499 -0.000878213
2.07083 0.000815251 -0.00224793 -0.000256781
2.075 0.000329677 -0.00181836 0.000190447
2.07917 0.000217923 -0.00174878 -3.20047e-05
2.08333 0.000599574 -0.00138874 -0.000630459
2.0875 0.00100486 -0.000382572 -0.000909895
2.09167 0.000953517 0.000882916 -0.000585523
2.09583 0.000507088 0.00171161 -6.5058e-05
2.1 0.000165121 0.00187655 9.25455e-05
2.10417 0.000262519 0.00184784 -0.0001031
2.10833 0.000572244 0.00224047 -2.35737e-05
2.1125 0.000564143 0.00314099 0.000856353
2.11667 2.79108e-05 0.00409676 0.00228025
2.12083 -0.000664781 0.00477423 0.00342634
2.125 -0.000999093 0.00547385 0.00383208
2.12917 -0.000950649 0.00681275 0.00387992
2.13333 -0.000995625 0.00891118 0.00414195
2.1375 -0.00142003 0.0111235 0.00439044
2.14167 -0.00182419 0.0127265 0.00368538
2.14583 -0.0015715 0.013689 0.0015877
2.15 -0.000661824 0.0144415 -0.00110783
2.15417 0.000195287 0.0149188 -0.0032456
2.15833 0.000514073 0.0142683 -0.00469484
2.1625 0.000705198 0.0118019 -0.00629691
2.16667 0.00146322 0.00796844 -0.00837738
2.17083 0.00266171 0.00393753 -0.0099482
2.175 0.00336229 0.000273423 -0.00984231
2.17917 0.00301792 -0.00347774 -0.00823337
2.18333 0.00218879 -0.00770803 -0.00635614
2.1875 0.00172454 -0.0117434 -0.00480949
2.19167 0.00157289 -0.0144016 -0.00287615
2.19583 0.000921882 -0.0153477 0.000214414
2.2 -0.000565469 -0.0153361 0.00398245
2.20417 -0.00222936 -0.0150513 0.0072172
2.20833 -0.003301 -0.0142351 0.0094409
2.2125 -0.00384058 -0.0122517 0.0111588
2.21667 -0.00441235 -0.00913441 0.0126903
2.22083 -0.00510871 -0.00560326 0.0134332
2.225 -0.00537992 -0.00218452 0.0125621
2.22917 -0.0047937 0.00120961 0.0099963
2.23333 -0.00353583 0.00474224 0.00630897
2.2375 -0.00204111 0.00806511 0.00198925
2.24167 -0.000455407 0.0104873 -0.00276633
2.24583 0.00132386 0.0115393 -0.007655
2.25 0.00326613 0.0111856 -0.012072
2.25417 0.00508576 0.00961376 -0.0153562
2.25833 0.00642277 0.00702422 -0.0170039
2.2625 0.00701045 0.00360824 -0.0167012
2.26667 0.00675808 -0.000380224 -0.0144642
2.27083 0.00581045 -0.00451336 -0.0107861
2.275 0.00445636 -0.00812054 -0.00636929
2.27917 0.00285615 -0.0104832 -0.0016378
2.28333 0.000947409 -0.0112725 0.00324502
2.2875 -0.00124294 -0.0107432 0.0078615
2.29167 -0.00331431 -0.00935823 0.0114348
2.29583 -0.00475697 -0.00730196 0.0134693
2.3 -0.0054715 -0.00455301 0.014213
2.30417 -0.00578349 -0.00136555 0.0141849
2.30833 -0.00591282 0.00163245 0.0134447
2.3125 -0.00567765 0.00394232 0.0116724
2.31667 -0.00483522 0.00559768 0.00884005
2.32083 -0.00349523 0.00691884 0.0054004
2.325 -0.0020041 0.00801268 0.00178893
2.32917 -0.0005522 0.00868461 -0.00189387
2.33333 0.000898361 0.00873926 -0.00557871
2.3375 0.00235694 0.00815898 -0.00889812
2.34167 0.00366789 0.00699796 -0.0113505
2.34583 0.00462884 0.00527546 -0.0126226
2.35 0.0051068 0.00302835 -0.0126193
2.35417 0.0050439 0.000392474 -0.0113671
2.35833 0.00448038 -0.0023684 -0.0090748
2.3625 0.00357448 -0.00484565 -0.00615426
2.36667 0.00247921 -0.00655933 -0.00299866
2.37083 0.00120757 -0.00721563 0.000170491
2.375 -0.000243606 -0.00692332 0.00311891
2.37917 -0.00165546 -0.00604194 0.00545558
2.38333 -0.00267885 -0.0048194 0.00692671
2.3875 -0.00322467 -0.00334216 0.00773655
2.39167 -0.00355624 -0.00184994 0.00827517
2.39583 -0.0038653 -0.000818908 0.00856148
2.4 -0.00394833 -0.000515541 0.00825426
2.40417 -0.0035079 -0.000609316 0.00720971
2.40833 -0.00263073 -0.000471464 0.00567109
2.4125 -0.00169287 0.000187669 0.00380806
2.41667 -0.00084125 0.00117882 0.00144021
2.42083 0.000136659 0.00225685 -0.00153824
2.425 0.0013835 0.00337463 -0.00473099
2.42917 0.002679 0.0044376 -0.00751092
2.43333 0.003683 0.0050758 -0.00949867
2.4375 0.00424844 0.00485998 -0.0104938
2.44167 0.00436519 0.00364753 -0.0102006
2.44583 0.00401131 0.0016433 -0.00848104
2.45 0.00323858 -0.000701011 -0.00577468
2.45417 0.00222329 -0.00274566 -0.0028093
2.45833 0.00105037 -0.00387963 5.85334e-05
2.4625 -0.000347113 -0.00394311 0.0027444
2.46667 -0.00180671 -0.00331012 0.00475315
2.47083 -0.00275603 -0.00236229 0.00531148
2.475 -0.00280578 -0.00111322 0.00442403
2.47917 -0.00235059 0.000322594 0.00313733
2.48333 -0.00208404 0.00116907 0.0023141
2.4875 -0.00198903 0.000543002 0.00171342
2.49167 -0.00141871 -0.00136675 0.000847058
2.49583 -0.000279409 -0.00326843 0.000173165
2.5 0.000560637 -0.00414952 0.000547651
2.50417 0.000430693 -0.00415803 0.00175552
2.50833 -0.000156695 -0.00378127 0.00258016
2.5125 -0.000267827 -0.0027626 0.00239461
2.51667 0.000112451 -0.000550282 0.00178578
2.52083 0.000223332 0.00245647 0.00138412
2.525 -0.000187426 0.00491314 0.000971938
2.52917 -0.000512604 0.00586409 0.000214851
2.53333 -0.000291118 0.00549381 -0.000490901
2.5375 0.000139272 0.00445797 -0.000557667
2.54167 0.000247123 0.00307606 -7.19737e-05
2.54583 1.50914e-05 0.00146391 0.000498096
2.55 -0.000262846 -2.98333e-05 0.00100036
2.55417 -0.000443468 -0.000940213 0.00135746
2.55833 -0.00047375 -0.00102484 0.00109427
2.5625 -0.000259656 -0.000287588 -7.42232e-05
2.56667 8.06693e-05 0.00101888 -0.00149308
2.57083 0.000206744 0.00221763 -0.00228344
2.575 0.000125171 0.0024799 -0.00258835
2.57917 0.00033473 0.00165819 -0.00312073
2.58333 0.000975771 0.000492929 -0.00360897
2.5875 0.00132272 -0.00040358 -0.00294797
2.59167 0.000773733 -0.00132111 -0.00113108
2.59583 -6.30978e-05 -0.00261848 0.000290279
2.6 -0.000142988 -0.00358574 0.000329699
2.60417 0.000382477 -0.00313167 -4.37616e-05
2.60833 0.000365586 -0.00152512 0.000391274
2.6125 -0.000439657 -0.000373133 0.0010733
2.61667 -0.000854723 -0.000586236 0.000701768
2.62083 -0.000122725 -0.00137024 -0.000384984
2.625 0.000816229 -0.00175798 -0.000532524
2.62917 0.000742809 -0.0021318 0.000710141
2.63333 -4.23623e-06 -0.00326819 0.00203756
2.6375 -0.000220136 -0.00457599 0.00254861
2.64167 0.000183576 -0.004528 0.00286326
2.64583 0.000169179 -0.00265456 0.00352299
2.65 -0.000616662 2.24429e-06 0.00375488
2.65417 -0.00129334 0.00242991 0.00276109
2.65833 -0.00118467 0.00456398 0.00108507
2.6625 -0.0006928 0.00644675 -0.000333184
2.66667 -0.000380202 0.007501 -0.00148443
2.67083 -0.000157588 0.00717234 -0.00259314
2.675 0.000149467 0.00561219 -0.00304626
2.67917 0.000299671 0.0033052 -0.00234191
2.68333 0.000236756 0.000667204 -0.00136973
2.6875 0.000397933 -0.0016316 -0.0013099
2.69167 0.000869824 -0.00274598 -0.00183078
2.69583 0.001049 -0.00263894 -0.00190779
2.7 0.000775341 -0.00229923 -0.00190996
2.70417 0.000912021 -0.00238298 -0.00301232
2.70833 0.00193338 -0.00238447 -0.00471472
2.7125 0.00279537 -0.00187796 -0.00499769
2.71667 0.00234342 -0.00169579 -0.00324174
2.72083 0.0011332 -0.00269667 -0.00101692
2.725 0.000490941 -0.00397926 0.000604044
2.72917 0.000278399 -0.0037519 0.00249732
2.73333 -0.000791576 -0.00175935 0.00525339
2.7375 -0.00276288 0.00057356 0.00741157
2.74167 -0.00408457 0.00239077 0.00744562
2.74583 -0.00394262 0.00425179 0.00605705
2.75 -0.00333788 0.00638088 0.00485133
2.75417 -0.00323498 0.0075972 0.00391133
2.75833 -0.00309804 0.00683808 0.00243721
2.7625 -0.00215699 0.00464633 0.000820915
2.76667 -0.000892249 0.00224316 0.00011763
2.77083 -0.000159148 1.46713e-05 2.29912e-05
2.775 0.000233843 -0.00215465 -0.000702971
2.77917 0.000947492 -0.00384572 -0.00211238
2.78333 0.00184474 -0.00449867 -0.00319813
2.7875 0.00240755 -0.00435667 -0.00389959
2.79167 0.00280163 -0.00405739 -0.00504667
2.79583 0.00340457 -0.00369536 -0.0063388
2.8 0.00380403 -0.0031594 -0.00639583
2.80417 0.00342447 -0.00288634 -0.00507276
2.80833 0.00268837 -0.00322837 -0.00374402
2.8125 0.00232927 -0.00347437 -0.00285157
2.81667 0.0019606 -0.00264569 -0.00121456
2.82083 0.000696093 -0.000990323 0.00149641
2.825 -0.00108391 0.000493163 0.00364936
2.82917 -0.00209394 0.00176385 0.00409913
2.83333 -0.00219195 0.00357984 0.00385595
2.8375 -0.00246938 0.00566857 0.00399028
2.84167 -0.0031492 0.00658924 0.00366802
2.84583 -0.0030787 0.005758 0.00192726
2.85 -0.00179791 0.00420077 -0.000138794
2.85417 -0.000496247 0.00278781 -0.000884513
2.85833 -0.000143875 0.00110604 -0.000600889
2.8625 -0.000122445 -0.00117371 -0.000570668
2.86667 0.000352689 -0.00311015 -0.000670981
2.87083 0.000784457 -0.00369797 5.57077e-06
2.875 0.000493964 -0.00328257 0.000930663
2.87917 2.98784e-05 -0.00276939 0.00074001
2.88333 0.000233614 -0.00228524 -0.000387871
2.8875 0.000795087 -0.00165575 -0.00104263
2.89167 0.000965969 -0.00140618 -0.000971811
2.89583 0.000927616 -0.00209366 -0.00108831
2.9 0.00120116 -0.0031756 -0.00128504
2.90417 0.00138361 -0.00363485 -0.000427887
2.90833 0.000778045 -0.00329432 0.00135853
2.9125 -0.000244648 -0.0025258 0.00249974
2.91667 -0.000787254 -0.00118297 0.0023917
2.92083 -0.000889001 0.00101085 0.00206374
2.925 -0.00119532 0.0033661 0.00204258
2.92917 -0.00156444 0.00470984 0.00153483
2.93333 -0.00132445 0.00482373 0.000347566
2.9375 -0.000667006 0.00439346 -0.000285697
2.94167 -0.000462793 0.00374854 0.000327232
2.94583 -0.000792956 0.00275375 0.00118675
2.95 -0.000923247 0.00180627 0.00133062
2.95417 -0.000706961 0.00171004 0.00119735
2.95833 -0.000747339 0.00240394 0.00127976
2.9625 -0.00106209 0.0028601 0.000861483
2.96667 -0.00083507 0.0024651 -0.000697737
2.97083 0.000202553 0.00156713 -0.00255568
2.975 0.00124528 0.000443868 -0.00348959
2.97917 0.00166156 -0.00126276 -0.00352413
2.98333 0.00180154 -0.0036247 -0.00333467
2.9875 0.00209526 -0.00576258 -0.00282323
2.99167 0.00220261 -0.00668749 -0.00148769
2.99583 0.00164227 -0.00628673 0.000346988
