0 0 0 0
0.00416667 -4.04595e-236 -3.83877e-238 2.04689e-233
0.00833333 -4.87479e-195 -9.58276e-197 1.06911e-192
0.0125 -2.75616e-172 -8.17662e-174 3.85828e-170
0.0166667 -1.78885e-156 -7.05202e-158 1.83878e-154
0.0208333 -2.38784e-144 -1.16599e-145 1.93897e-142
0.025 -1.62238e-134 -9.37682e-136 1.0886e-132
0.0291667 -2.99199e-126 -1.98149e-127 1.71028e-124
0.0333333 -4.00932e-119 -2.96789e-120 1.99592e-117
0.0375 -7.32031e-113 -5.93678e-114 3.22706e-111
0.0416667 -2.78864e-107 -2.43628e-108 1.10292e-105
0.0458333 -2.99866e-102 -2.7809e-103 1.07524e-100
0.05 -1.13676e-97 -1.10439e-98 3.7275e-96
0.0541667 -1.79763e-93 -1.80765e-94 5.42938e-92
0.0583333 -1.35121e-89 -1.39064e-90 3.78201e-88
0.0625 -5.3532e-86 -5.57963e-87 1.39586e-84
0.0666667 -1.21484e-82 -1.26966e-83 2.96449e-81
0.0708333 -1.6904e-79 -1.75492e-80 3.87572e-78
0.075 -1.52574e-76 -1.55966e-77 3.2984e-75
0.0791667 -9.36416e-74 -9.34898e-75 1.91474e-72
0.0833333 -4.06679e-71 -3.93624e-72 7.88723e-70
0.0875 -1.29292e-68 -1.20527e-69 2.38434e-67
0.0916667 -3.09796e-66 -2.7658e-67 5.44488e-65
0.0958333 -5.73714e-64 -4.88261e-65 9.62983e-63
0.1 -8.39312e-62 -6.78456e-63 1.34796e-60
0.104167 -9.88679e-60 -7.57133e-61 1.52191e-58
0.108333 -9.53622e-58 -6.90744e-59 1.40922e-56
0.1125 -7.64394e-56 -5.2333e-57 1.08599e-54
0.116667 -5.15917e-54 -3.33876e-55 7.05633e-53
0.120833 -2.96652e-52 -1.81593e-53 3.91094e-51
0.125 -1.46848e-50 -8.51276e-52 1.86828e-49
0.129167 -6.3173e-49 -3.47316e-50 7.76453e-48
0.133333 -2.38194e-47 -1.24404e-48 2.83115e-46
0.1375 -7.93249e-46 -3.94254e-47 9.12642e-45
0.141667 -2.34968e-44 -1.11325e-45 2.61905e-43
0.145833 -6.23023e-43 -2.81857e-44 6.73351e-42
0.15 -1.48741e-41 -6.43561e-43 1.55995e-40
0.154167 -3.2145e-40 -1.33218e-41 3.27381e-39
0.158333 -6.31963e-39 -2.51215e-40 6.2545e-38
0.1625 -1.13536e-37 -4.33489e-39 1.09264e-36
0.166667 -1.87178e-36 -6.87308e-38 1.75271e-35
0.170833 -2.84272e-35 -1.00514e-36 2.59151e-34
0.175 -3.99142e-34 -1.36065e-35 3.54445e-33
0.179167 -5.19847e-33 -1.71059e-34 4.4991e-32
0.183333 -6.29966e-32 -2.00335e-33 5.31633e-31
0.1875 -7.12359e-31 -2.19192e-32 5.86463e-30
0.191667 -7.53669e-30 -2.2465e-31 6.05569e-29
0.195833 -7.47902e-29 -2.16213e-30 5.86748e-28
0.2 -6.97751e-28 -1.95865e-29 5.34696e-27
0.204167 -6.13328e-27 -1.67368e-28 4.59267e-26
0.208333 -5.08985e-26 -1.35178e-27 3.72564e-25
0.2125 -3.99545e-25 -1.03389e-26 2.8598e-24
0.216667 -2.972e-24 -7.50146e-26 2.08083e-23
0.220833 -2.09838e-23 -5.17176e-25 1.43757e-22
0.225 -1.40849e-22 -3.39329e-24 9.44463e-22
0.229167 -9.00125e-22 -2.12189e-23 5.90943e-21
0.233333 -5.48445e-21 -1.2663e-22 3.5262e-20
0.2375 -3.19017e-20 -7.22118e-22 2.00925e-19
0.241667 -1.7737e-19 -3.93968e-21 1.0946e-18
0.245833 -9.43698e-19 -2.05864e-20 5.70782e-18
0.25 -4.81004e-18 -1.03139e-19 2.852e-17
0.254167 -2.35111e-17 -4.95925e-19 1.36689e-16
0.258333 -1.10313e-16 -2.29069e-18 6.28983e-16
0.2625 -4.9728e-16 -1.0173e-17 2.78137e-15
0.266667 -2.15562e-15 -4.34732e-17 1.18294e-14
0.270833 -8.99267e-15 -1.78902e-16 4.84277e-14
0.275 -3.61309e-14 -7.09487e-16 1.90978e-13
0.279167 -1.3991e-13 -2.71332e-15 7.25992e-13
0.283333 -5.22506e-13 -1.00129e-14 2.66213e-12
0.2875 -1.8831e-12 -3.56761e-14 9.42205e-12
0.291667 -6.55313e-12 -1.22798e-13 3.22054e-11
0.295833 -2.20319e-11 -4.0853e-13 1.06369e-10
0.3 -7.15977e-11 -1.31426e-12 3.3964e-10
0.304167 -2.25006e-10 -4.0903e-12 1.04893e-09
0.308333 -6.84101e-10 -1.23202e-11 3.13457e-09
0.3125 -2.01302e-09 -3.59278e-11 9.06748e-09
0.316667 -5.73495e-09 -1.0147e-10 2.53996e-08
0.320833 -1.58236e-08 -2.77629e-10 6.89192e-08
0.325 -4.22954e-08 -7.36089e-10 1.81196e-07
0.329167 -1.09548e-07 -1.89161e-09 4.61705e-07
0.333333 -2.74994e-07 -4.71249e-09 1.14046e-06
0.3375 -6.69153e-07 -1.1383e-08 2.73135e-06
0.341667 -1.57859e-06 -2.66625e-08 6.34334e-06
0.345833 -3.61069e-06 -6.05642e-08 1.42873e-05
0.35 -8.00777e-06 -1.3342e-07 3.12106e-05
0.354167 -1.72199e-05 -2.85043e-07 6.61288e-05
0.358333 -3.5903e-05 -5.90558e-07 0.000135896
0.3625 -7.25716e-05 -1.18641e-06 0.00027085
0.366667 -0.000142191 -2.31077e-06 0.000523491
0.370833 -0.000269994 -4.36253e-06 0.000981027
0.375 -0.000496692 -7.98097e-06 0.00178218
0.379167 -0.000884946 -1.41435e-05 0.00313762
0.383333 -0.00152633 -2.42689e-05 0.00535156
0.3875 -0.00254709 -4.03003e-05 0.00883912
0.391667 -0.00410977 -6.4722e-05 0.0141308
0.395833 -0.00640651 -0.00010045 0.0218519
0.4 -0.00963915 -0.000150522 0.0326636
0.404167 -0.0139819 -0.000217534 0.0471542
0.408333 -0.0195253 -0.000302802 0.0656771
0.4125 -0.0262053 -0.000405319 0.0881488
0.416667 -0.0337303 -0.000520706 0.113839
0.420833 -0.0415282 -0.000640462 0.141209
0.425 -0.0487402 -0.000751929 0.167871
0.429167 -0.0542896 -0.000839335 0.190734
0.433333 -0.0570414 -0.000886138 0.206374
0.4375 -0.0560414 -0.000878475 0.211622
0.441667 -0.050793 -0.000809086 0.204255
0.445833 -0.0414922 -0.000680591 0.18364
0.45 -0.0291298 -0.000506845 0.151129
0.454167 -0.0153831 -0.000311335 0.110017
0.458333 -0.00227624 -0.000122401 0.0650168
0.4625 0.00832685 3.37535e-05 0.0213225
0.466667 0.015247 0.000140162 -0.0164868
0.470833 0.0183389 0.000193689 -0.0453823
0.475 0.0185026 0.00020503 -0.0643722
0.479167 0.0173176 0.000193753 -0.074423
0.483333 0.0164241 0.000180284 -0.0779329
0.4875 0.0169253 0.000178602 -0.078058
0.491667 0.0191136 0.000193649 -0.0782305
0.495833 0.0227018 0.000225538 -0.0820524
0.5 0.0274786 0.000279051 -0.0934675
0.504167 0.0340388 0.000373249 -0.116868
0.508333 0.0441046 0.000544498 -0.156733
0.5125 0.0600846 0.000838176 -0.216615
0.516667 0.0838859 0.00128963 -0.297647
0.520833 0.115447 0.00190119 -0.397128
0.525 0.151741 0.00262591 -0.507807
0.529167 0.186889 0.00336735 -0.618263
0.533333 0.213551 0.00399836 -0.714334
0.5375 0.225104 0.00439309 -0.781165
0.541667 0.21766 0.00445993 -0.80536
0.545833 0.191057 0.00416309 -0.77692
0.55 0.148456 0.00352626 -0.690917
0.554167 0.0949352 0.00262052 -0.548903
0.558333 0.0359435 0.00154472 -0.359761
0.5625 -0.0236541 0.000406577 -0.139372
0.566667 -0.0797415 -0.000692071 0.0915496
0.570833 -0.128784 -0.00166778 0.311418
0.575 -0.167948 -0.00246799 0.502442
0.579167 -0.195699 -0.00308129 0.654088
0.583333 -0.212414 -0.00353744 0.763636
0.5875 -0.220183 -0.0038898 0.833534
0.591667 -0.22144 -0.00418206 0.867095
0.595833 -0.21702 -0.00441436 0.865228
0.6 -0.205062 -0.00453151 0.826266
0.604167 -0.181933 -0.00444777 0.748935
0.608333 -0.145115 -0.0041016 0.636243
0.6125 -0.0963685 -0.00351048 0.497365
0.616667 -0.042854 -0.00278889 0.345927
0.620833 0.00513777 -0.00210957 0.195732
0.625 0.0389546 -0.00162241 0.0567962
0.629167 0.0560369 -0.00137491 -0.0657076
0.633333 0.0610745 -0.00128273 -0.169368
0.6375 0.0628575 -0.00117195 -0.251552
0.641667 0.0686781 -0.000871947 -0.308401
0.645833 0.079879 -0.000307258 -0.336829
0.65 0.0914343 0.000462514 -0.337773
0.654167 0.095701 0.00127369 -0.317528
0.658333 0.0876631 0.00193788 -0.285391
0.6625 0.0681126 0.00232317 -0.248856
0.666667 0.0428694 0.00239657 -0.209927
0.670833 0.0190063 0.00221615 -0.165499
0.675 0.00097948 0.00189053 -0.111748
0.679167 -0.0107733 0.00153527 -0.0493209
0.683333 -0.0183269 0.0012465 0.0145546
0.6875 -0.0235554 0.00109359 0.0685638
0.691667 -0.02647 0.00111952 0.102606
0.695833 -0.0256645 0.00133795 0.112321
0.7 -0.0201335 0.0017248 0.10028
0.704167 -0.0108071 0.00221187 0.0739132
0.708333 -0.000609671 0.00269301 0.0421172
0.7125 0.00691386 0.00304868 0.0125443
0.716667 0.0094157 0.00318398 -0.00977225
0.720833 0.00690366 0.0030637 -0.0228042
0.725 0.00166257 0.00272332 -0.0272598
0.729167 -0.00298592 0.00224368 -0.0255743
0.733333 -0.00450754 0.00169759 -0.0202838
0.7375 -0.00265844 0.00109807 -0.012735
0.741667 0.000292593 0.000385257 -0.00333253
0.745833 0.00107398 -0.00052751 0.00667826
0.75 -0.00202363 -0.00166779 0.0137398
0.754167 -0.0073049 -0.00293609 0.0130725
0.758333 -0.0103074 -0.00411512 0.00245132
0.7625 -0.00703778 -0.00496298 -0.0143098
0.766667 0.00236731 -0.00532867 -0.028035
0.770833 0.0126836 -0.00520822 -0.0299055
0.775 0.0168034 -0.0047078 -0.0183407
0.779167 0.0111677 -0.003948 -0.0010922
0.783333 -0.000846843 -0.00297908 0.0101257
0.7875 -0.0107825 -0.00177165 0.00874626
0.791667 -0.0112989 -0.000303802 -0.00137033
0.795833 -0.00197204 0.0013176 -0.00935093
0.8 0.010142 0.00282736 -0.00681689
0.804167 0.0159012 0.00392723 0.00474881
0.808333 0.011169 0.00446099 0.0153866
0.8125 -0.000155334 0.0044708 0.0156379
0.816667 -0.00955512 0.00411388 0.00505975
0.820833 -0.0107891 0.00356468 -0.00737055
0.825 -0.00452164 0.00295845 -0.0112492
0.829167 0.00294099 0.00232212 -0.00390046
0.833333 0.00536682 0.00154066 0.0074462
0.8375 0.00165694 0.000501649 0.0122366
0.841667 -0.00397337 -0.000683543 0.00590487
0.845833 -0.0063512 -0.00172283 -0.00638869
0.85 -0.00392722 -0.00245737 -0.0146818
0.854167 0.000451721 -0.00296237 -0.0129936
0.858333 0.00270046 -0.00325345 -0.00399421
0.8625 0.00127178 -0.00315262 0.00408228
0.866667 -0.00171411 -0.00264606 0.0047517
0.870833 -0.00259553 -0.00207621 -0.00173325
0.875 0.000388659 -0.0016491 -0.00926476
0.879167 0.00519934 -0.00107328 -0.0111591
0.883333 0.0074959 -0.000161689 -0.00556594
0.8875 0.00461737 0.000576298 0.00301271
0.891667 -0.0015933 0.000650077 0.00746407
0.895833 -0.00615665 0.000541219 0.00426703
0.9 -0.00531439 0.000963861 -0.00332958
0.904167 0.000406696 0.0014703 -0.00821675
0.908333 0.00683387 0.00111428 -0.00559927
0.9125 0.00912084 0.000336421 0.00314347
0.916667 0.00490725 0.000450795 0.0114958
0.920833 -0.0034681 0.00116689 0.0123957
0.925 -0.00955401 0.000818253 0.00379622
0.929167 -0.00777769 -0.000463621 -0.0082527
0.933333 0.000616677 -0.000486803 -0.0131506
0.9375 0.00793021 0.00105585 -0.00537999
0.941667 0.00773597 0.0015351 0.00883703
0.945833 0.00115417 6.03875e-05 0.0166827
0.95 -0.00554078 -0.000396293 0.0113679
0.954167 -0.00755516 0.00168386 -0.00172942
0.958333 -0.00425217 0.00287029 -0.0113078
0.9625 0.00198372 0.000599534 -0.0103616
0.966667 0.00647376 -0.00158156 -0.000701238
0.970833 0.00438725 1.4489e-05 0.00914051
0.975 -0.00353036 0.00198365 0.00998188
0.979167 -0.00913444 -0.00044693 -2.59051e-05
0.983333 -0.00566726 -0.00404429 -0.0118772
0.9875 0.00292593 -0.00263204 -0.0137602
0.991667 0.00687115 0.00122615 -0.00436592
0.995833 0.00357804 3.0214e-05 0.00548042
1 -0.000747205 -0.00467959 0.00608085
1.00417 -0.00184412 -0.00417541 -0.000758879
1.00833 -0.00174534 0.00145964 -0.00686525
1.0125 -0.00153055 0.00256593 -0.00790135
1.01667 0.0013759 -0.00259408 -0.00464815
1.02083 0.00579464 -0.00390097 0.000972224
1.025 0.00540034 0.00235183 0.00612115
1.02917 -0.000813568 0.00596323 0.00685732
1.03333 -0.00475694 0.000948176 0.0026126
1.0375 -0.0013152 -0.00322813 -0.00167077
1.04167 0.00344044 0.00147918 -0.00156287
1.04583 0.00239097 0.00688521 0.00151376
1.05 -0.00155861 0.0030409 0.00381792
1.05417 -0.00202021 -0.00386676 0.00433188
1.05833 -0.000311928 -0.00239287 0.0032784
1.0625 -0.00141219 0.00408807 2.32427e-05
1.06667 -0.00354026 0.00362129 -0.00401458
1.07083 -0.00122186 -0.00344373 -0.00456321
1.075 0.00376882 -0.00538989 -0.000266318
1.07917 0.00379015 0.000764114 0.00419254
1.08333 -0.00235745 0.00457075 0.00362636
1.0875 -0.00647489 -0.000335417 -0.0017599
1.09167 -0.0025799 -0.00603201 -0.00726859
1.09583 0.00431067 -0.00324622 -0.0077775
1.1 0.00506552 0.00370542 -0.00169883
1.10417 -0.00081274 0.0034663 0.0056591
1.10833 -0.00459099 -0.00404699 0.0054618
1.1125 -0.00102194 -0.00637724 -0.00310401
1.11667 0.00402326 0.00156622 -0.00906244
1.12083 0.00303522 0.00745093 -0.00395695
1.125 -0.00116539 0.000868116 0.00551526
1.12917 -0.00107039 -0.00750131 0.00736337
1.13333 0.00177007 -0.00231703 0.00103149
1.1375 0.000186881 0.0086523 -0.0048161
1.14167 -0.00354016 0.00582532 -0.00533673
1.14583 -0.000707968 -0.00709823 -0.00143725
1.15 0.00570618 -0.00744408 0.00463376
1.15417 0.00344352 0.0060104 0.00755375
1.15833 -0.00597206 0.0091253 0.00145299
1.1625 -0.00648193 -0.00437927 -0.00834892
1.16667 0.00453333 -0.0104368 -0.00766536
1.17083 0.00912324 0.00206995 0.00459483
1.175 -0.00112548 0.0107299 0.0110946
1.17917 -0.0097834 0.000263308 0.00206278
1.18333 -0.00318392 -0.0101324 -0.00920296
1.1875 0.00726108 -0.00232027 -0.00766963
1.19167 0.00572219 0.00884603 0.00228392
1.19583 -0.0029569 0.0040307 0.00796852
1.2 -0.00507494 -0.00689209 0.00588358
1.20417 -0.000413849 -0.00522738 -0.000782227
1.20833 0.0024596 0.00423713 -0.00771821
1.2125 0.00176015 0.00534926 -0.00720928
1.21667 0.000713611 -0.00163155 0.00403407
1.22083 -0.000590416 -0.00470583 0.0131086
1.225 -0.00237373 -0.000676902 0.00533054
1.22917 -0.00195543 0.00370726 -0.0103967
1.23333 0.00105728 0.00312677 -0.011782
1.2375 0.00309371 -0.00148919 0.00287396
1.24167 0.00210589 -0.00418136 0.0132417
1.24583 -0.000907401 -0.000155049 0.00788367
1.25 -0.00401161 0.00534139 -0.00429219
1.25417 -0.00358631 0.00248522 -0.0108306
1.25833 0.00238499 -0.00516879 -0.00666405
1.2625 0.00702311 -0.00387187 0.00568722
1.26667 0.00146855 0.00506764 0.0137061
1.27083 -0.00822315 0.00536215 0.00451445
1.275 -0.00677557 -0.00400024 -0.0130067
1.27917 0.00477679 -0.00580018 -0.0144263
1.28333 0.0088196 0.00268241 0.00305019
1.2875 8.8701e-05 0.00475151 0.0142083
1.29167 -0.0069925 -0.00282342 0.00534484
1.29583 -0.00386114 -0.00484861 -0.0080148
1.3 0.00172509 0.00103184 -0.0106864
1.30417 0.0035839 0.00179117 -0.00557186
1.30833 0.00362695 -0.00237759 0.00258673
1.3125 0.000821453 -0.000623994 0.0110353
1.31667 -0.00528393 0.00277518 0.00820211
1.32083 -0.00532155 -0.00141179 -0.00919206
1.325 0.0045386 -0.0037326 -0.0173689
1.32917 0.00930899 0.00423646 0.00101885
1.33333 -0.000609847 0.00708487 0.0207723
1.3375 -0.00914441 -0.00409393 0.0111682
1.34167 -0.00230682 -0.00799661 -0.0118232
1.34583 0.00602489 0.0059757 -0.0135406
1.35 0.0014731 0.0113916 0.00255623
1.35417 -0.00410222 -0.00494487 0.00990212
1.35833 0.000624878 -0.0127928 0.00561939
1.3625 0.00290206 0.00410522 0.00150423
1.36667 -0.00495595 0.0134614 -0.00406937
1.37083 -0.00618577 -0.00382936 -0.0102464
1.375 0.00562687 -0.0152075 -0.0023367
1.37917 0.00881665 0.000645739 0.0152365
1.38333 -0.00532486 0.0127819 0.0141339
1.3875 -0.0126632 -0.00100237 -0.00684857
1.39167 -0.000249897 -0.0128498 -0.0124426
1.39583 0.00966143 -0.00135143 0.00825405
1.4 0.00101249 0.00975055 0.0231335
1.40417 -0.009705 0.00173925 0.0153817
1.40833 -0.00726289 -0.00618366 0.00704411
1.4125 -0.00134353 7.41897e-05 0.012045
1.41667 -0.00196367 0.00541909 0.0178921
1.42083 -0.0042249 0.00164239 0.0205915
1.425 -0.00575899 0.000321114 0.0283621
1.42917 -0.00999125 0.00272185 0.0324797
1.43333 -0.0115056 -0.000447573 0.0211469
1.4375 -0.00480704 -0.00328351 0.0111952
1.44167 -0.000218988 0.00266046 0.0212265
1.44583 -0.00624304 0.00508108 0.0328949
1.45 -0.0107364 -0.00461325 0.0220026
1.45417 -0.00318226 -0.00884513 0.00215176
1.45833 0.00460897 0.00208633 -0.00283263
1.4625 0.00204926 0.00729363 3.03589e-05
1.46667 -0.000289921 -0.00421795 -0.00548902
1.47083 0.00594585 -0.0103689 -0.0146472
1.475 0.0102808 0.000691535 -0.020643
1.47917 0.00674037 0.00770948 -0.0293071
1.48333 0.00595092 -0.00111622 -0.0372191
1.4875 0.0115085 -0.00722644 -0.0321566
1.49167 0.012383 -0.000424408 -0.0229393
1.49583 0.00663522 0.00455758 -0.0288542
1.5 0.00520546 0.000790431 -0.0410818
1.50417 0.00937467 -0.00129267 -0.0373926
1.50833 0.010438 0.000327952 -0.0260047
1.5125 0.00917139 -0.000837533 -0.0306252
1.51667 0.0118904 -0.00072686 -0.0464382
1.52083 0.0151942 0.00413582 -0.0538257
1.525 0.0152982 0.00304092 -0.0567107
1.52917 0.0187405 -0.00576603 -0.0679477
1.53333 0.0263888 -0.00497575 -0.0796265
1.5375 0.0264149 0.0070899 -0.0815242
1.54167 0.0176967 0.00754584 -0.0821556
1.54583 0.0153064 -0.00656814 -0.0848902
1.55 0.0206638 -0.00840974 -0.0745238
1.55417 0.0157383 0.00721943 -0.0478476
1.55833 -0.0024495 0.0114866 -0.0229478
1.5625 -0.0140597 -0.00363629 -0.00413743
1.56667 -0.0128054 -0.0097348 0.0252729
1.57083 -0.0165114 0.00371174 0.0665294
1.575 -0.0322038 0.0107246 0.0995925
1.57917 -0.0433781 -0.000929775 0.118197
1.58333 -0.0408285 -0.00929629 0.134789
1.5875 -0.0363698 -0.00146602 0.150515
1.59167 -0.0382247 0.00592019 0.153449
1.59583 -0.0384374 0.000951427 0.142969
1.6 -0.0306788 -0.0052046 0.127178
1.60417 -0.019783 -0.00304184 0.104121
1.60833 -0.0102212 0.00116364 0.070042
1.6125 -0.00110568 0.00126114 0.034689
1.61667 0.00696865 -0.000347391 0.00763889
1.62083 0.0121272 -0.00143876 -0.0169261
1.625 0.0160095 -0.00202137 -0.0449183
1.62917 0.0198624 -0.000465575 -0.0669384
1.63333 0.0205479 0.00243224 -0.0727097
1.6375 0.0167233 0.00189465 -0.0675239
1.64167 0.0129156 -0.00183582 -0.062935
1.64583 0.0125569 -0.00195405 -0.0614656
1.65 0.0131621 0.00279571 -0.0580496
1.65417 0.011964 0.00482641 -0.0492974
1.65833 0.0102898 0.000780133 -0.0371364
1.6625 0.00936598 -0.00238672 -0.0267479
1.66667 0.00706323 0.000690032 -0.0209994
1.67083 0.00185563 0.00467647 -0.0159437
1.675 -0.00377253 0.00261629 -0.00506402
1.67917 -0.00691076 -0.00231496 0.011648
1.68333 -0.00862212 -0.00203733 0.0267053
1.6875 -0.0111024 0.00277478 0.0330637
1.69167 -0.0120468 0.00370016 0.0305663
1.69583 -0.00722629 -0.000910815 0.0253695
1.7 0.00108739 -0.0031293 0.0230144
1.70417 0.00499576 0.000250976 0.0208881
1.70833 0.00225779 0.00224178 0.0117294
1.7125 -0.000746361 -0.00100218 -0.00292393
1.71667 -6.06212e-05 -0.00355118 -0.0113106
1.72083 0.000373579 -0.00166418 -0.00823254
1.725 -0.00226213 1.65686e-05 -0.00262005
1.72917 -0.00411519 -0.00110838 -0.00293075
1.73333 -0.00181802 -0.00145252 -0.00690212
1.7375 0.00282961 -0.000338836 -0.0101332
1.74167 0.00718004 -0.000798422 -0.0119783
1.74583 0.00925601 -0.00135987 -0.0108088
1.75 0.00609596 0.000671483 -0.00629523
1.75417 -0.00158317 0.00150912 -0.00436701
1.75833 -0.00681864 -0.00148519 -0.00689558
1.7625 -0.0061263 -0.00232123 -0.0039204
1.76667 -0.00505959 0.00184055 0.00947624
1.77083 -0.00679603 0.00330313 0.020264
1.775 -0.00526771 -0.000942182 0.0167013
1.77917 0.00254071 -0.0021386 0.00624512
1.78333 0.00922173 0.00252771 0.000196796
1.7875 0.00920085 0.00365942 -0.00300741
1.79167 0.00610092 -0.00118835 -0.00735278
1.79583 0.00284287 -0.00261873 -0.00984517
1.8 -0.00233088 0.0011497 -0.00958165
1.80417 -0.00728287 0.00146159 -0.00858897
1.80833 -0.0071508 -0.00218514 -0.0022906
1.8125 -0.00420537 -0.00217425 0.0117238
1.81667 -0.00349619 0.000430317 0.020565
1.82083 -0.00223188 -0.000589104 0.0128829
1.825 0.00363053 -0.00230499 -0.00072279
1.82917 0.00886813 -4.68898e-05 -0.00508638
1.83333 0.00739478 0.00129732 -0.00425514
1.8375 0.00259903 -0.00135052 -0.00800431
1.84167 -0.000734076 -0.00121913 -0.0119834
1.84583 -0.00395012 0.00322898 -0.00924381
1.85 -0.00668739 0.0035242 -0.00335945
1.85417 -0.00452511 -0.000692913 0.00230009
1.85833 0.000874772 5.31787e-07 0.0089121
1.8625 0.00306129 0.00477969 0.0109165
1.86667 0.00304569 0.00382702 0.00238201
1.87083 0.00567453 -0.00110601 -0.00682459
1.875 0.00694399 -0.000697568 -0.00451018
1.87917 0.00064069 0.00241458 0.00169555
1.88333 -0.0078517 0.000304954 -0.00103561
1.8875 -0.00932057 -0.00321517 -0.00695023
1.89167 -0.00488347 -0.00192408 -0.00499933
1.89583 -0.000199332 -0.000539767 0.00072155
1.9 0.00426053 -0.00290489 0.00299915
1.90417 0.00766798 -0.00324181 0.00468324
1.90833 0.00585656 -0.000266326 0.00623783
1.9125 0.000377839 -0.000847171 0.00197626
1.91667 -0.0023397 -0.00390032 -0.00411326
1.92083 -0.00269513 -0.00171489 -0.00243065
1.925 -0.00493633 0.00259909 0.0022803
1.92917 -0.00548194 0.000896468 -0.000230521
1.93333 0.000491058 -0.00225134 -0.0037831
1.9375 0.006762 0.000913972 0.00214134
1.94167 0.00534357 0.0045256 0.0103557
1.94583 -9.22184e-05 0.00154408 0.00930772
1.95 -0.00259929 -0.00161226 0.00265554
1.95417 -0.00298745 0.000583727 -0.00280903
1.95833 -0.00291536 0.00168268 -0.00878487
1.9625 -1.06588e-05 -0.00140559 -0.0127013
1.96667 0.00368544 -0.00210222 -0.00702798
1.97083 0.00240424 0.000145647 0.00243645
1.975 -0.00180861 -0.000987585 0.00284789
1.97917 -0.00237019 -0.00325599 -0.00212572
1.98333 -0.00067746 -0.000631376 -0.000805779
1.9875 -0.00126273 0.00202447 0.00285798
1.99167 -0.0010555 -0.00101664 -0.000135935
1.99583 0.00290815 -0.00297661 -0.00356664
2 0.00477039 0.00121414 0.000355138
2.00417 0.000685566 0.0035672 0.00489146
2.00833 -0.00344622 5.0293e-05 0.0042607
2.0125 -0.00351573 -0.000956038 0.00382988
2.01667 -0.00278732 0.00301292 0.00414467
2.02083 -0.00165238 0.00376048 -0.000504051
2.025 0.00283877 0.000577784 -0.00435869
2.02917 0.00661769 0.00059706 0.00204343
2.03333 0.00346087 0.00223576 0.0101413
2.0375 -0.00266553 -0.00016003 0.00629135
2.04167 -0.00430423 -0.00228325 -0.00377329
2.04583 -0.00265769 0.000346498 -0.00787121
2.05 -0.00116647 0.00128828 -0.00825991
2.05417 0.00211139 -0.00257642 -0.00910009
2.05833 0.00611656 -0.00323892 -0.00477648
2.0625 0.00442855 0.000968769 0.00369697
2.06667 -0.00206005 0.00118917 0.0051268
2.07083 -0.0048139 -0.00277856 -0.000485673
2.075 -0.00238097 -0.00209316 -0.00267003
2.07917 -0.000304485 0.00193664 -0.00222699
2.08333 0.0012928 0.0013016 -0.00565423
2.0875 0.00465793 -0.0012721 -0.00629675
2.09167 0.00513096 0.000431227 0.00261585
2.09583 -0.000712297 0.00203172 0.0104511
2.1 -0.00641054 -0.000470484 0.00752437
2.10417 -0.00625799 -0.00101453 0.00168921
2.10833 -0.00325109 0.00214987 1.48534e-05
2.1125 0.000250052 0.00160011 -0.00206132
2.11667 0.00548301 -0.00232036 -0.00362587
2.12083 0.00817515 -0.00140118 0.00225122
2.125 0.00257089 0.00222588 0.00912006
2.12917 -0.00595387 0.000396647 0.00513721
2.13333 -0.00772129 -0.00318778 -0.0039925
2.1375 -0.00365414 -0.00112953 -0.00596301
2.14167 0.000149038 0.0017241 -0.00361339
2.14583 0.00366443 -0.000421161 -0.00326971
2.15 0.00704537 -0.00188796 -0.000308672
2.15417 0.00555045 0.000828834 0.00568321
2.15833 -0.000541835 0.00141348 0.00480286
2.1625 -0.00408483 -0.00110531 -0.0025274
2.16667 -0.00350301 -0.000233365 -0.00464243
2.17083 -0.00308292 0.00217723 -0.00171523
2.175 -0.00184458 -0.000429011 -0.00264677
2.17917 0.00286666 -0.0036152 -0.0038104
2.18333 0.00575137 -0.000790797 0.00204322
2.1875 0.00200638 0.00208473 0.00719397
2.19167 -0.00272646 -0.000784834 0.00339394
2.19583 -0.00269434 -0.00263601 -0.00196461
2.2 -0.00115261 0.000689893 -0.00227325
2.20417 -0.000855823 0.00201545 -0.00259394
2.20833 0.000885663 -0.000839608 -0.00334731
2.2125 0.00300307 -0.000931911 0.00147083
2.21667 0.00120287 0.0016241 0.00654786
2.22083 -0.00179784 0.000699348 0.00252176
2.225 -0.000830701 -0.00104538 -0.00354331
2.22917 0.00104675 0.00143973 -0.00085558
2.23333 -0.000471184 0.00303875 0.00393498
2.2375 -0.00160872 -0.000199547 0.00156398
2.24167 0.000604423 -0.00131759 -0.00180168
2.24583 0.00148267 0.00240976 -8.26252e-05
2.25 -0.000935594 0.00296178 0.000909216
2.25417 -0.00183937 -0.00109002 -0.000875515
2.25833 -0.000401902 -0.00160585 -3.63002e-05
2.2625 -0.000578888 0.001517 0.000832172
2.26667 -0.0011573 0.00119007 -0.0035281
2.27083 0.00105753 -0.000934141 -0.00560148
2.275 0.00239532 0.000533445 0.00108397
2.27917 -0.000495031 0.00188697 0.00577903
2.28333 -0.00257518 -0.000469343 -0.000122331
2.2875 -0.00015764 -0.00105815 -0.00638164
2.29167 0.00209155 0.00185129 -0.004021
2.29583 0.0013077 0.00151617 0.000336405
2.3 0.000856078 -0.00193172 0.00143413
2.30417 0.00105096 -0.00105893 0.00261798
2.30833 -0.000927979 0.00233874 0.00245141
2.3125 -0.00236179 0.000784372 -0.00216449
2.31667 0.000389713 -0.00270141 -0.00394675
2.32083 0.00305779 -0.00144127 0.00202312
2.325 0.0012081 0.000786606 0.00586168
2.32917 -0.00120774 -0.000883003 0.00150345
2.33333 -0.000650137 -0.00200483 -0.00130251
2.3375 -0.000448332 -0.000109563 0.00227547
2.34167 -0.00177176 -0.000252674 0.00295312
2.34583 -0.000766722 -0.0023536 -0.00190147
2.35 0.00190099 -0.000886459 -0.0032288
2.35417 0.00153396 0.0017268 0.000585752
2.35833 -0.000933166 -0.000303435 0.00280015
2.3625 -0.00162672 -0.00283754 0.00288086
2.36667 -0.0016368 -0.000291277 0.00235037
2.37083 -0.00210997 0.00226589 -0.00255694
2.375 0.000233415 0.000192744 -0.008687
2.37917 0.00453845 -0.00110865 -0.00456172
2.38333 0.00385585 0.00137085 0.00767425
2.3875 -0.00239901 0.00219381 0.011255
2.39167 -0.00617738 0.0001369 0.0021498
2.39583 -0.00381939 4.30023e-05 -0.00611606
2.4 0.000503416 0.00106581 -0.00578525
2.40417 0.00348152 -0.000605331 -0.000677205
2.40833 0.0039685 -0.00171349 0.00615312
2.4125 8.90292e-05 0.000771536 0.0112137
2.41667 -0.00574529 0.00160701 0.00756256
2.42083 -0.00628319 -0.001656 -0.00235456
2.425 -0.000605529 -0.00266108 -0.00577912
2.42917 0.00364842 0.000429258 -7.73283e-05
2.43333 0.00277884 0.00114318 0.0044898
2.4375 0.000608264 -0.00148937 0.00467009
2.44167 -0.00098847 -0.0016904 0.00567253
2.44583 -0.003211 0.000397137 0.00546144
2.45 -0.00367466 0.000299949 -0.000874247
2.45417 0.000256777 -0.000536567 -0.0072119
2.45833 0.00489625 0.000677403 -0.0053316
2.4625 0.00550082 0.00102692 0.00134037
2.46667 0.00274617 -0.000658494 0.00556808
2.47083 -0.00101242 -0.000165881 0.00535255
2.475 -0.00423564 0.00227492 -0.000885406
2.47917 -0.00323842 0.00152175 -0.0121089
2.48333 0.00361226 -0.00114154 -0.0171555
2.4875 0.00935325 -0.00015109 -0.00754253
2.49167 0.00629604 0.00260809 0.00578643
2.49583 -0.00199347 0.00178103 0.00609885
2.5 -0.00587155 -0.000687131 -0.00565707
2.50417 -0.00260231 -0.000581853 -0.0158417
2.50833 0.00329105 0.000250702 -0.0167429
2.5125 0.00701736 -0.000398501 -0.00934508
2.51667 0.00566147 -0.000334322 0.000665536
2.52083 -0.000216879 0.000641852 0.00348278
2.525 -0.00461165 -0.000210824 -0.00559942
2.52917 -0.00230567 -0.00151474 -0.0166266
2.53333 0.00345141 -0.000213473 -0.017184
2.5375 0.00604076 0.00107868 -0.00972332
2.54167 0.00480633 -0.000817994 -0.00440136
2.54583 0.00273326 -0.00244373 -0.00319969
2.55 0.000186408 -0.000510466 -0.00303408
2.55417 -0.00267073 0.00148104 -0.00430886
2.55833 -0.00307342 0.000525111 -0.00622684
2.5625 -0.000467648 -0.000572097 -0.00363225
2.56667 0.00126881 0.000119977 0.0049562
2.57083 -0.000686674 0.000510235 0.0149202
2.575 -0.0051676 6.64637e-05 0.0223166
2.57917 -0.00961226 0.000236046 0.0250211
2.58333 -0.0111104 7.87046e-05 0.0212341
2.5875 -0.00737361 -0.00129524 0.0151391
2.59167 -0.00110044 -0.00139961 0.0164775
2.59583 0.000751306 0.000593308 0.0261498
2.6 -0.00382214 0.00112631 0.0312294
2.60417 -0.0082257 -0.000934474 0.0218255
2.60833 -0.00614004 -0.00179922 0.00420089
2.6125 0.000956963 -9.65404e-05 -0.00834452
2.61667 0.00730179 0.000892621 -0.00995826
2.62083 0.00907913 -6.37324e-05 -0.00503677
2.625 0.00616978 -0.000569683 -0.00307053
2.62917 0.00186926 0.000107012 -0.0104389
2.63333 0.000708777 0.000567474 -0.022451
2.6375 0.00346615 0.000818144 -0.0269547
2.64167 0.00598096 0.00123698 -0.0196233
2.64583 0.00504585 0.000750397 -0.00937199
2.65 0.00220843 -0.000368902 -0.00502562
2.65417 -8.92207e-05 5.54158e-05 -0.00474448
2.65833 -0.00184576 0.0016042 -0.00291506
2.6625 -0.00308637 0.00131697 0.000596284
2.66667 -0.00251264 -0.000574069 0.00293286
2.67083 -0.000427199 -0.000739655 0.00388892
2.675 0.000641657 0.00100977 0.00512639
2.67917 -0.00058233 0.00150398 0.00724275
2.68333 -0.00276695 5.01503e-05 0.00894065
2.6875 -0.00401388 -0.00102864 0.00728797
2.69167 -0.00302207 -0.000906328 0.00089597
2.69583 0.000390956 -0.000593088 -0.00535586
2.7 0.00377265 -0.000273799 -0.00381554
2.70417 0.0033912 3.19358e-05 0.00459418
2.70833 -0.000706154 -0.000475934 0.00897753
2.7125 -0.00382432 -0.00120276 0.00289767
2.71667 -0.00273227 -0.000458663 -0.00634569
2.72083 0.000540162 0.000775213 -0.00798618
2.725 0.00247323 -6.29462e-05 -0.00147502
2.72917 0.0021421 -0.00192296 0.00486543
2.73333 0.000542882 -0.0015295 0.00419421
2.7375 -0.000751576 0.000488751 -0.00292606
2.74167 -4.79583e-05 0.000824855 -0.00936009
2.74583 0.00227352 -0.000385722 -0.00792542
2.75 0.00304907 -0.000586881 -0.000203393
2.75417 0.000678725 0.00014368 0.00444881
2.75833 -0.00216357 0.000341249 0.00209399
2.7625 -0.00284054 0.000404714 -0.000345292
2.76667 -0.00225261 0.000565469 0.00260393
2.77083 -0.001639 -0.000205976 0.00624906
2.775 -0.000278449 -0.000916017 0.00506958
2.77917 0.0015945 0.000408853 0.00148629
2.78333 0.00215807 0.00193075 -0.000136958
2.7875 0.00136392 0.000731995 -6.31216e-06
2.79167 0.000681016 -0.00110094 -0.000174101
2.79583 0.000111095 -0.000199533 -0.00196468
2.8 -0.000601272 0.00152455 -0.00553287
2.80417 -0.000281453 0.00100857 -0.00693982
2.80833 0.000628696 -0.000119695 -0.0012768
2.8125 -0.000439442 0.000155998 0.00694441
2.81667 -0.0028029 0.000271729 0.00665054
2.82083 -0.00230174 -0.000394522 -0.00237019
2.825 0.00148464 -0.000169289 -0.00770034
2.82917 0.00409007 0.000163604 -0.00333431
2.83333 0.00309435 -0.00104438 0.00312785
2.8375 0.000173868 -0.00148906 0.0040381
2.84167 -0.00272571 0.000482886 -3.78089e-05
2.84583 -0.0039013 0.00114563 -0.00458587
2.85 -0.00175784 -0.00134698 -0.00420608
2.85417 0.001567 -0.00242743 0.00328807
2.85833 0.00160539 -1.69314e-05 0.0100582
2.8625 -0.0008171 0.00151362 0.00588193
2.86667 -0.000467031 0.000395679 -0.00486627
2.87083 0.0028352 -9.87545e-05 -0.0083168
2.875 0.00401774 0.000456135 -0.00274363
2.87917 0.00157316 -3.82515e-05 0.00159226
2.88333 -0.00159983 -8.26436e-05 0.00100363
2.8875 -0.00391149 0.00157656 0.000127366
2.89167 -0.0047516 0.00163157 0.000710488
2.89583 -0.00279544 -0.000595623 0.00215867
2.9 0.000428061 -0.000663551 0.00491453
2.90417 0.0013971 0.00134599 0.00533726
2.90833 0.00110637 0.000386661 -0.0007123
2.9125 0.00285548 -0.00257311 -0.00718261
2.91667 0.00445133 -0.00223815 -0.00595634
2.92083 0.00190432 6.83845e-06 -0.00191072
2.925 -0.00222185 -0.000286947 -0.00303047
2.92917 -0.00330833 -0.0012531 -0.00449399
2.93333 -0.00240565 -0.000169518 0.000522809
2.9375 -0.00192462 0.000298626 0.00672804
2.94167 -0.000691434 -0.000572497 0.00747255
2.94583 0.00148042 0.00064856 0.00499173
2.95 0.00244027 0.00253543 0.00167418
2.95417 0.00275636 0.000828199 -0.00267174
2.95833 0.0035938 -0.00138537 -0.0037638
2.9625 0.00193574 0.000569402 0.000212223
2.96667 -0.00323712 0.0026127 0.00106254
2.97083 -0.00600148 0.000445293 -0.00435481
2.975 -0.00304582 -0.00137726 -0.00535707
2.97917 0.000395033 0.000322909 0.0025083
2.98333 0.000545225 0.00101545 0.00775088
2.9875 0.000549024 -0.000673615 0.0037543
2.99167 0.00212409 -0.000583954 -0.00197869
2.99583 0.00282553 0.000481322 -0.00424767
