0 0 0 0
0.00416667 0 0 0
0.00833333 0 0 0
0.0125 0 0 0
0.0166667 0 0 0
0.0208333 0 0 0
0.025 0 0 0
0.0291667 0 0 0
0.0333333 0 0 0
0.0375 0 0 0
0.0416667 0 0 0
0.0458333 0 0 0
0.05 0 0 0
0.0541667 0 0 0
0.0583333 0 0 0
0.0625 0 0 0
0.0666667 0 0 0
0.0708333 0 0 0
0.075 0 0 0
0.0791667 0 0 0
0.0833333 0 0 0
0.0875 0 0 0
0.0916667 0 0 0
0.0958333 0 0 0
0.1 0 0 0
0.104167 0 0 0
0.108333 0 0 0
0.1125 0 0 0
0.116667 0 0 0
0.120833 0 0 0
0.125 0 0 0
0.129167 0 0 0
0.133333 0 0 0
0.1375 0 0 0
0.141667 0 0 0
0.145833 0 0 0
0.15 0 0 0
0.154167 0 0 0
0.158333 0 0 0
0.1625 0 0 0
0.166667 0 0 0
0.170833 0 0 0
0.175 0 0 0
0.179167 0 0 0
0.183333 0 0 0
0.1875 0 0 0
0.191667 0 0 0
0.195833 0 0 0
0.2 0 0 0
0.204167 0 0 0
0.208333 0 0 0
0.2125 0 0 0
0.216667 0 0 0
0.220833 0 0 0
0.225 0 0 0
0.229167 0 0 0
0.233333 0 0 0
0.2375 0 0 0
0.241667 0 0 0
0.245833 0 0 0
0.25 0 0 0
0.254167 0 0 0
0.258333 0 0 0
0.2625 0 0 0
0.266667 0 0 0
0.270833 0 0 0
0.275 0 0 0
0.279167 0 0 0
0.283333 0 0 0
0.2875 0 0 0
0.291667 0 0 0
0.295833 0 0 0
0.3 -5.18769e-322 0 1.38734e-320
0.304167 -2.40254e-319 -1.33991e-320 4.50476e-318
0.308333 -7.13165e-317 -3.94858e-318 1.31819e-315
0.3125 -1.95579e-314 -1.06297e-315 3.56632e-313
0.316667 -4.96868e-312 -2.65099e-313 8.93986e-311
0.320833 -1.1717e-309 -6.13734e-311 2.08052e-308
0.325 -2.56965e-307 -1.32154e-308 4.50373e-306
0.329167 -5.25071e-305 -2.65166e-306 9.08515e-304
0.333333 -1.00142e-302 -4.96672e-304 1.71087e-301
0.3375 -1.78571e-300 -8.69929e-302 3.01278e-299
0.341667 -2.98203e-298 -1.42718e-299 4.96927e-297
0.345833 -4.67097e-296 -2.19658e-297 7.68914e-295
0.35 -6.87317e-294 -3.17655e-295 1.11785e-292
0.354167 -9.51482e-292 -4.3226e-293 1.52913e-290
0.358333 -1.24095e-289 -5.54286e-291 1.97095e-288
0.3625 -1.52689e-287 -6.70685e-289 2.39701e-286
0.366667 -1.77475e-285 -7.66786e-287 2.75421e-284
0.370833 -1.95117e-283 -8.29382e-285 2.99373e-282
0.375 -2.0315e-281 -8.49761e-283 3.0821e-280
0.379167 -2.00549e-279 -8.2569e-281 3.00897e-278
0.383333 -1.87934e-277 -7.61755e-279 2.78884e-276
0.3875 -1.67361e-275 -6.67998e-277 2.45667e-274
0.391667 -1.41787e-273 -5.57396e-275 2.05899e-272
0.395833 -1.14395e-271 -4.4303e-273 1.64361e-270
0.4 -8.79833e-270 -3.35754e-271 1.25089e-268
0.404167 -6.4572e-268 -2.42857e-269 9.08522e-267
0.408333 -4.52637e-266 -1.67815e-267 6.30321e-265
0.4125 -3.03332e-264 -1.10882e-265 4.18116e-263
0.416667 -1.94507e-262 -7.01179e-264 2.65415e-261
0.420833 -1.19447e-260 -4.24722e-262 1.61371e-259
0.425 -7.03084e-259 -2.46634e-260 9.40494e-258
0.429167 -3.96992e-257 -1.37412e-258 5.25864e-256
0.433333 -2.152e-255 -7.35124e-257 2.82305e-254
0.4375 -1.12079e-253 -3.77915e-255 1.45622e-252
0.441667 -5.6124e-252 -1.86831e-253 7.22303e-251
0.445833 -2.70417e-250 -8.88862e-252 3.44755e-249
0.45 -1.25454e-248 -4.07247e-250 1.58455e-247
0.454167 -5.60788e-247 -1.7981e-248 7.01785e-246
0.458333 -2.41694e-245 -7.65584e-247 2.99703e-244
0.4625 -1.005e-243 -3.14538e-245 1.23495e-242
0.466667 -4.03438e-242 -1.24774e-243 4.91307e-241
0.470833 -1.56445e-240 -4.78209e-242 1.88828e-239
0.475 -5.86381e-239 -1.77177e-240 7.01536e-238
0.479167 -2.12562e-237 -6.3496e-239 2.52089e-236
0.483333 -7.45635e-236 -2.20231e-237 8.76649e-235
0.4875 -2.53244e-234 -7.39681e-236 2.95191e-233
0.491667 -8.33219e-233 -2.40699e-234 9.62987e-232
0.495833 -2.65714e-231 -7.59272e-233 3.04512e-230
0.5 -8.21722e-230 -2.32291e-231 9.33847e-229
0.504167 -2.46552e-228 -6.89599e-230 2.77876e-227
0.508333 -7.18088e-227 -1.98747e-228 8.02677e-226
0.5125 -2.03112e-225 -5.56348e-227 2.25191e-224
0.516667 -5.58193e-224 -1.51334e-225 6.13876e-223
0.520833 -1.49115e-222 -4.00191e-224 1.62677e-221
0.525 -3.87377e-221 -1.02926e-222 4.19255e-220
0.529167 -9.79066e-220 -2.57574e-221 1.05129e-218
0.533333 -2.40845e-218 -6.27446e-220 2.56591e-217
0.5375 -5.76884e-217 -1.48842e-218 6.09836e-216
0.541667 -1.34598e-215 -3.4397e-217 1.41192e-214
0.545833 -3.06025e-214 -7.74703e-216 3.18569e-213
0.55 -6.78282e-213 -1.70111e-214 7.0074e-212
0.554167 -1.46609e-211 -3.64313e-213 1.50326e-210
0.558333 -3.09149e-210 -7.61237e-212 3.14622e-209
0.5625 -6.36187e-209 -1.55247e-210 6.42661e-208
0.566667 -1.2781e-207 -3.09124e-209 1.28162e-206
0.570833 -2.50758e-206 -6.01173e-208 2.49617e-205
0.575 -4.80618e-205 -1.14226e-206 4.74971e-204
0.579167 -9.00208e-204 -2.12117e-205 8.83244e-203
0.583333 -1.64824e-202 -3.85092e-204 1.60566e-201
0.5875 -2.95102e-201 -6.83706e-203 2.85444e-200
0.591667 -5.16807e-200 -1.18747e-201 4.96381e-199
0.595833 -8.85562e-199 -2.01814e-200 8.4463e-198
0.6 -1.48516e-197 -3.35727e-199 1.4067e-196
0.604167 -2.43844e-196 -5.46826e-198 2.29375e-195
0.608333 -3.92068e-195 -8.72294e-197 3.66285e-194
0.6125 -6.17503e-194 -1.36316e-195 5.72985e-193
0.616667 -9.52934e-193 -2.08744e-194 8.78281e-192
0.620833 -1.44128e-191 -3.13317e-193 1.31949e-190
0.625 -2.137e-190 -4.61069e-192 1.94343e-189
0.629167 -3.10704e-189 -6.65381e-191 2.80697e-188
0.633333 -4.43077e-188 -9.41899e-190 3.97664e-187
0.6375 -6.19883e-187 -1.3082e-188 5.52728e-186
0.641667 -8.51023e-186 -1.78313e-187 7.53924e-185
0.645833 -1.14677e-184 -2.38578e-186 1.0094e-183
0.65 -1.5171e-183 -3.13414e-185 1.32686e-182
0.654167 -1.97085e-182 -4.04337e-184 1.71279e-181
0.658333 -2.51472e-181 -5.1239e-183 2.17168e-180
0.6625 -3.15222e-180 -6.37947e-182 2.7052e-179
0.666667 -3.88264e-179 -7.80525e-181 3.31134e-178
0.670833 -4.70016e-178 -9.38637e-180 3.98382e-177
0.675 -5.59322e-177 -1.1097e-178 4.71168e-176
0.679167 -6.54428e-176 -1.29003e-177 5.47924e-175
0.683333 -7.53006e-175 -1.47489e-176 6.26641e-174
0.6875 -8.52228e-174 -1.65873e-175 7.04943e-173
0.691667 -9.48893e-173 -1.83538e-174 7.80207e-172
0.695833 -1.03959e-171 -1.99845e-173 8.49701e-171
0.7 -1.12092e-170 -2.14169e-172 9.10758e-170
0.704167 -1.18967e-169 -2.2594e-171 9.60945e-169
0.708333 -1.24308e-168 -2.34682e-170 9.98227e-168
0.7125 -1.279e-167 -2.40044e-169 1.02111e-166
0.716667 -1.29601e-166 -2.41826e-168 1.02872e-165
0.720833 -1.29357e-165 -2.39985e-167 1.0209e-164
0.725 -1.27199e-164 -2.34644e-166 9.9815e-164
0.729167 -1.23244e-163 -2.26073e-165 9.61631e-163
0.733333 -1.17679e-162 -2.14668e-164 9.1304e-162
0.7375 -1.10753e-161 -2.00926e-163 8.54492e-161
0.741667 -1.02754e-160 -1.85405e-162 7.88368e-160
0.745833 -9.3994e-160 -1.6869e-161 7.17165e-159
0.75 -8.47851e-159 -1.51356e-160 6.43342e-158
0.754167 -7.54262e-158 -1.33943e-159 5.69196e-157
0.758333 -6.61867e-157 -1.16926e-158 4.96754e-156
0.7625 -5.72962e-156 -1.00702e-157 4.27702e-155
0.766667 -4.89383e-155 -8.5576e-157 3.63348e-154
0.770833 -4.12477e-154 -7.17661e-156 3.0461e-153
0.775 -3.43112e-153 -5.94014e-155 2.52037e-152
0.779167 -2.81718e-152 -4.85334e-154 2.05845e-151
0.783333 -2.28347e-151 -3.91478e-153 1.6597e-150
0.7875 -1.82739e-150 -3.11784e-152 1.32126e-149
0.791667 -1.44403e-149 -2.45207e-151 1.03865e-148
0.795833 -1.12691e-148 -1.90458e-150 8.06356e-148
0.8 -8.68597e-148 -1.46118e-149 6.18323e-147
0.804167 -6.61331e-147 -1.1074e-148 4.68368e-146
0.808333 -4.9744e-146 -8.2917e-148 3.50504e-145
0.8125 -3.69689e-145 -6.13448e-147 2.59169e-144
0.816667 -2.7149e-144 -4.48493e-146 1.89368e-143
0.820833 -1.97035e-143 -3.2406e-145 1.36746e-142
0.825 -1.41336e-142 -2.31438e-144 9.76012e-142
0.829167 -1.00215e-141 -1.63392e-143 6.88613e-141
0.833333 -7.02469e-141 -1.14042e-142 4.80309e-140
0.8375 -4.86836e-140 -7.87002e-142 3.31238e-139
0.841667 -3.33615e-139 -5.37049e-141 2.2588e-138
0.845833 -2.26079e-138 -3.62428e-140 1.52327e-137
0.85 -1.5152e-137 -2.41905e-139 1.01598e-136
0.854167 -1.00444e-136 -1.59707e-138 6.7026e-136
0.858333 -6.58654e-136 -1.04305e-137 4.37416e-135
0.8625 -4.27284e-135 -6.7395e-137 2.82412e-134
0.866667 -2.74248e-134 -4.30858e-136 1.80405e-133
0.870833 -1.74173e-133 -2.72562e-135 1.14033e-132
0.875 -1.09462e-132 -1.70633e-134 7.13305e-132
0.879167 -6.80828e-132 -1.05722e-133 4.41588e-131
0.883333 -4.1912e-131 -6.48351e-133 2.70581e-130
0.8875 -2.55392e-130 -3.93585e-132 1.64118e-129
0.891667 -1.54057e-129 -2.3653e-131 9.85435e-129
0.895833 -9.20024e-129 -1.40732e-130 5.85806e-128
0.9 -5.43998e-128 -8.29079e-130 3.44802e-127
0.904167 -3.18502e-127 -4.83648e-129 2.00961e-126
0.908333 -1.84663e-126 -2.79403e-128 1.15989e-125
0.9125 -1.06032e-125 -1.59858e-127 6.63013e-125
0.916667 -6.03006e-125 -9.05894e-127 3.7537e-124
0.920833 -3.39674e-124 -5.08502e-126 2.10507e-123
0.925 -1.89539e-123 -2.82758e-125 1.16943e-122
0.929167 -1.04776e-122 -1.55767e-124 6.43606e-122
0.933333 -5.7383e-122 -8.50182e-124 3.50941e-121
0.9375 -3.11386e-121 -4.59783e-123 1.89606e-120
0.941667 -1.67433e-120 -2.46396e-122 1.01509e-119
0.945833 -8.9216e-120 -1.30853e-121 5.38546e-119
0.95 -4.71122e-119 -6.88707e-121 2.83165e-118
0.954167 -2.46572e-118 -3.59268e-120 1.47566e-117
0.958333 -1.27911e-117 -1.85766e-119 7.62243e-117
0.9625 -6.57738e-117 -9.52152e-119 3.90293e-116
0.966667 -3.35282e-116 -4.83805e-118 1.98111e-115
0.970833 -1.69437e-115 -2.43717e-117 9.96958e-115
0.975 -8.48944e-115 -1.21726e-116 4.97421e-114
0.979167 -4.21744e-114 -6.02826e-116 2.46081e-113
0.983333 -2.07753e-113 -2.96032e-115 1.20717e-112
0.9875 -1.01485e-112 -1.44162e-114 5.87254e-112
0.991667 -4.91632e-112 -6.96237e-114 2.83318e-111
0.995833 -2.36206e-111 -3.33492e-113 1.35563e-110
1 -1.12559e-110 -1.58438e-112 6.43361e-110
1.00417 -5.32028e-110 -7.46639e-112 3.0286e-109
1.00833 -2.49448e-109 -3.49029e-111 1.41426e-108
1.0125 -1.16023e-108 -1.6186e-110 6.55149e-108
1.01667 -5.35368e-108 -7.44679e-110 3.01094e-107
1.02083 -2.45092e-107 -3.3992e-109 1.37291e-106
1.025 -1.11327e-106 -1.53952e-108 6.21131e-106
1.02917 -5.01754e-106 -6.91865e-108 2.78837e-105
1.03333 -2.24401e-105 -3.08537e-107 1.24213e-104
1.0375 -9.95921e-105 -1.36543e-106 5.49112e-104
1.04167 -4.38649e-104 -5.99687e-106 2.40909e-103
1.04583 -1.91746e-103 -2.61395e-105 1.04898e-102
1.05 -8.31902e-103 -1.13084e-104 4.53342e-102
1.05417 -3.58245e-102 -4.85562e-104 1.94471e-101
1.05833 -1.53134e-101 -2.06926e-103 8.28083e-101
1.0625 -6.4979e-101 -8.75113e-103 3.50031e-100
1.06667 -2.73718e-100 -3.67163e-102 1.46884e-99
1.07083 -1.14469e-99 -1.52722e-101 6.11931e-99
1.075 -4.75278e-99 -6.28827e-101 2.53109e-98
1.07917 -1.95935e-98 -2.55469e-100 1.03947e-97
1.08333 -8.02069e-98 -1.01688e-99 4.23876e-97
1.0875 -3.26052e-97 -3.90376e-99 1.71634e-96
1.09167 -1.31644e-96 -1.39058e-98 6.90116e-96
1.09583 -5.28031e-96 -4.08016e-98 2.75554e-95
1.1 -2.105e-95 -4.26074e-98 1.09259e-94
1.10417 -8.34718e-95 7.83447e-97 4.30184e-94
1.10833 -3.2977e-94 1.05551e-95 1.68166e-93
1.1125 -1.30192e-93 9.92304e-95 6.52479e-93
1.11667 -5.16567e-93 8.2973e-94 2.51097e-92
1.12083 -2.08101e-92 6.56623e-93 9.57064e-92
1.125 -8.65679e-92 5.03389e-92 3.60253e-91
1.12917 -3.80927e-91 3.77669e-91 1.33126e-90
1.13333 -1.82031e-90 2.78617e-90 4.7693e-90
1.1375 -9.60203e-90 2.02584e-89 1.60988e-89
1.14167 -5.56685e-89 1.45352e-88 4.73956e-89
1.14583 -3.46896e-88 1.02973e-87 8.68986e-89
1.15 -2.26071e-87 7.20547e-87 -2.99435e-88
1.15417 -1.50662e-86 4.98111e-86 -5.38294e-87
1.15833 -1.01164e-85 3.40232e-85 -4.89488e-86
1.1625 -6.78415e-85 2.29642e-84 -3.75964e-85
1.16667 -4.52176e-84 1.53175e-83 -2.68419e-84
1.17083 -2.98768e-83 1.00975e-82 -1.84169e-83
1.175 -1.95427e-82 6.57905e-82 -1.2319e-82
1.17917 -1.26461e-81 4.23697e-81 -8.08818e-82
1.18333 -8.09294e-81 2.69724e-80 -5.23027e-81
1.1875 -5.12108e-80 1.69738e-79 -3.33709e-80
1.19167 -3.20406e-79 1.05598e-78 -2.10279e-79
1.19583 -1.98207e-78 6.49499e-78 -1.30929e-78
1.2 -1.21234e-77 3.94973e-77 -8.05792e-78
1.20417 -7.33224e-77 2.37491e-76 -4.90272e-77
1.20833 -4.38503e-76 1.41201e-75 -2.9494e-76
1.2125 -2.59329e-75 8.30167e-75 -1.75449e-75
1.21667 -1.51668e-74 4.8267e-74 -1.0321e-74
1.22083 -8.77254e-74 2.77533e-73 -6.00448e-74
1.225 -5.01837e-73 1.57826e-72 -3.45489e-73
1.22917 -2.83942e-72 8.87703e-72 -1.96617e-72
1.23333 -1.58908e-71 4.93854e-71 -1.10677e-71
1.2375 -8.79696e-71 2.71766e-70 -6.16267e-71
1.24167 -4.81738e-70 1.47936e-69 -3.39447e-70
1.24583 -2.60976e-69 7.96636e-69 -1.84965e-69
1.25 -1.39869e-68 4.24394e-68 -9.97104e-69
1.25417 -7.41642e-68 2.23678e-67 -5.31797e-68
1.25833 -3.89079e-67 1.16639e-66 -2.80624e-67
1.2625 -2.01963e-66 6.01788e-66 -1.4652e-66
1.26667 -1.03732e-65 3.07217e-65 -7.56974e-66
1.27083 -5.27209e-65 1.55192e-64 -3.86986e-65
1.275 -2.65155e-64 7.75765e-64 -1.95776e-64
1.27917 -1.31971e-63 3.8375e-63 -9.80149e-64
1.28333 -6.50044e-63 1.87863e-62 -4.85635e-63
1.2875 -3.16888e-62 9.10176e-62 -2.38139e-62
1.29167 -1.52892e-61 4.36434e-61 -1.15578e-61
1.29583 -7.30129e-61 2.07128e-60 -5.55207e-61
1.3 -3.45117e-60 9.72973e-60 -2.63992e-60
1.30417 -1.61473e-59 4.524e-59 -1.24251e-59
1.30833 -7.47857e-59 2.08219e-58 -5.78891e-59
1.3125 -3.42876e-58 9.48658e-58 -2.66993e-58
1.31667 -1.55623e-57 4.27865e-57 -1.21905e-57
1.32083 -6.99265e-57 1.91041e-56 -5.5104e-57
1.325 -3.1107e-56 8.4447e-56 -2.46601e-56
1.32917 -1.37005e-55 3.69569e-55 -1.09264e-55
1.33333 -5.97439e-55 1.60131e-54 -4.79336e-55
1.3375 -2.57954e-54 6.86968e-54 -2.0821e-54
1.34167 -1.10281e-53 2.91807e-53 -8.95519e-54
1.34583 -4.66851e-53 1.22734e-52 -3.81395e-53
1.35 -1.957e-52 5.11163e-52 -1.60848e-52
1.35417 -8.12372e-52 2.10811e-51 -6.71759e-52
1.35833 -3.3395e-51 8.60949e-51 -2.7783e-51
1.3625 -1.35951e-50 3.48199e-50 -1.13796e-50
1.36667 -5.48119e-50 1.39462e-49 -4.61603e-50
1.37083 -2.18861e-49 5.53189e-49 -1.85447e-49
1.375 -8.65522e-49 2.17317e-48 -7.37891e-49
1.37917 -3.39011e-48 8.45534e-48 -2.90803e-48
1.38333 -1.3152e-47 3.25833e-47 -1.13514e-47
1.3875 -5.0538e-47 1.24365e-46 -4.38896e-47
1.39167 -1.92357e-46 4.70165e-46 -1.6809e-46
1.39583 -7.25227e-46 1.76062e-45 -6.37684e-46
1.4 -2.70848e-45 6.5306e-45 -2.39641e-45
1.40417 -1.00202e-44 2.39952e-44 -8.92119e-45
1.40833 -3.67225e-44 8.73353e-44 -3.29003e-44
1.4125 -1.33324e-43 3.14891e-43 -1.202e-43
1.41667 -4.79528e-43 1.12472e-42 -4.35054e-43
1.42083 -1.70867e-42 3.97973e-42 -1.56002e-42
1.425 -6.03189e-42 1.39508e-41 -5.54213e-42
1.42917 -2.10963e-41 4.84491e-41 -1.95069e-41
1.43333 -7.31019e-41 1.66696e-40 -6.80267e-41
1.4375 -2.50974e-40 5.68236e-40 -2.35048e-40
1.44167 -8.5372e-40 1.91912e-39 -8.04691e-40
1.44583 -2.87739e-39 6.42177e-39 -2.72965e-39
1.45 -9.60916e-39 2.1291e-38 -9.17484e-39
1.45417 -3.1797e-38 6.99409e-38 -3.05571e-38
1.45833 -1.04258e-37 2.27651e-37 -1.00846e-37
1.4625 -3.38733e-37 7.34211e-37 -3.29793e-37
1.46667 -1.09055e-36 2.34633e-36 -1.06874e-36
1.47083 -3.47918e-36 7.42991e-36 -3.43207e-36
1.475 -1.09992e-35 2.33136e-35 -1.0922e-35
1.47917 -3.44589e-35 7.24895e-35 -3.44445e-35
1.48333 -1.06981e-34 2.2335e-34 -1.0765e-34
1.4875 -3.29144e-34 6.81943e-34 -3.33418e-34
1.49167 -1.00356e-33 2.06332e-33 -1.02342e-33
1.49583 -3.03239e-33 6.18657e-33 -3.11326e-33
1.5 -9.08062e-33 1.83823e-32 -9.38596e-33
1.50417 -2.6949e-32 5.41283e-32 -2.80446e-32
1.50833 -7.92631e-32 1.57953e-31 -8.3049e-32
1.5125 -2.3105e-31 4.56786e-31 -2.43746e-31
1.51667 -6.675e-31 1.30914e-30 -7.09031e-31
1.52083 -1.91123e-30 3.71834e-30 -2.04419e-30
1.525 -5.42368e-30 1.04667e-29 -5.84133e-30
1.52917 -1.52546e-29 2.91989e-29 -1.6544e-29
1.53333 -4.25239e-29 8.07284e-29 -4.64418e-29
1.5375 -1.17489e-28 2.21203e-28 -1.29219e-28
1.54167 -3.21736e-28 6.00709e-28 -3.56362e-28
1.54583 -8.73249e-28 1.61676e-27 -9.74113e-28
1.55 -2.34919e-27 4.31263e-27 -2.63927e-27
1.55417 -6.26385e-27 1.14012e-26 -7.08791e-27
1.55833 -1.65543e-26 2.98728e-26 -1.88675e-26
1.5625 -4.33639e-26 7.75743e-26 -4.97821e-26
1.56667 -1.12589e-25 1.99654e-25 -1.30196e-25
1.57083 -2.89743e-25 5.0928e-25 -3.37514e-25
1.575 -7.39064e-25 1.28752e-24 -8.67269e-25
1.57917 -1.86855e-24 3.22604e-24 -2.20895e-24
1.58333 -4.68254e-24 8.01134e-24 -5.57688e-24
1.5875 -1.16309e-23 1.97178e-23 -1.39562e-23
1.59167 -2.8635e-23 4.80981e-23 -3.46192e-23
1.59583 -6.9877e-23 1.16282e-22 -8.51213e-23
1.6 -1.69015e-22 2.7862e-22 -2.07459e-22
1.60417 -4.05198e-22 6.61643e-22 -5.01184e-22
1.60833 -9.62853e-22 1.5572e-21 -1.20014e-21
1.6125 -2.26779e-21 3.63221e-21 -2.84865e-21
1.61667 -5.29408e-21 8.39658e-21 -6.70213e-21
1.62083 -1.22497e-20 1.92368e-20 -1.56298e-20
1.625 -2.80931e-20 4.36777e-20 -3.61291e-20
1.62917 -6.38577e-20 9.8283e-20 -8.27793e-20
1.63333 -1.43868e-19 2.19171e-19 -1.87995e-19
1.6375 -3.21251e-19 4.84363e-19 -4.23179e-19
1.64167 -7.10974e-19 1.0608e-18 -9.44181e-19
1.64583 -1.5595e-18 2.30233e-18 -2.08801e-18
1.65 -3.39029e-18 4.9518e-18 -4.57673e-18
1.65417 -7.30466e-18 1.0554e-17 -9.94295e-18
1.65833 -1.55981e-17 2.22904e-17 -2.14096e-17
1.6625 -3.30098e-17 4.6651e-17 -4.56909e-17
1.66667 -6.92323e-17 9.67467e-17 -9.66436e-17
1.67083 -1.43901e-16 1.98808e-16 -2.02596e-16
1.675 -2.96413e-16 4.04807e-16 -4.2092e-16
1.67917 -6.05066e-16 8.16703e-16 -8.66698e-16
1.68333 -1.22398e-15 1.63258e-15 -1.7686e-15
1.6875 -2.45357e-15 3.23344e-15 -3.57667e-15
1.69167 -4.87382e-15 6.34492e-15 -7.16809e-15
1.69583 -9.59348e-15 1.23352e-14 -1.42363e-14
1.7 -1.87115e-14 2.3758e-14 -2.80187e-14
1.70417 -3.61624e-14 4.53319e-14 -5.46445e-14
1.70833 -6.92481e-14 8.5687e-14 -1.05605e-13
1.7125 -1.31387e-13 1.60445e-13 -2.02231e-13
1.71667 -2.46987e-13 2.97595e-13 -3.8373e-13
1.72083 -4.60005e-13 5.46755e-13 -7.21451e-13
1.725 -8.48799e-13 9.94973e-13 -1.34393e-12
1.72917 -1.55162e-12 1.79335e-12 -2.48043e-12
1.73333 -2.8099e-12 3.20134e-12 -4.53562e-12
1.7375 -5.04086e-12 5.65972e-12 -8.21668e-12
1.74167 -8.95802e-12 9.90906e-12 -1.47465e-11
1.74583 -1.57687e-11 1.718e-11 -2.6218e-11
1.75 -2.74941e-11 2.94948e-11 -4.61755e-11
1.75417 -4.74815e-11 5.01391e-11 -8.05578e-11
1.75833 -8.12145e-11 8.439e-11 -1.3921e-10
1.7625 -1.37577e-10 1.40626e-10 -2.38278e-10
1.76667 -2.30805e-10 2.31991e-10 -4.03949e-10
1.77083 -3.8345e-10 3.78864e-10 -6.78235e-10
1.775 -6.30835e-10 6.12453e-10 -1.12778e-09
1.77917 -1.02765e-09 9.79967e-10 -1.85711e-09
1.78333 -1.65758e-09 1.55192e-09 -3.02831e-09
1.7875 -2.64717e-09 2.43227e-09 -4.88978e-09
1.79167 -4.18547e-09 3.77234e-09 -7.81774e-09
1.79583 -6.55145e-09 5.78936e-09 -1.23753e-08
1.8 -1.01516e-08 8.79097e-09 -1.93947e-08
1.80417 -1.5571e-08 1.32067e-08 -3.00916e-08
1.80833 -2.36404e-08 1.96275e-08 -4.62182e-08
1.8125 -3.5524e-08 2.88544e-08 -7.02688e-08
1.81667 -5.28318e-08 4.19562e-08 -1.05747e-07
1.82083 -7.77584e-08 6.03362e-08 -1.57507e-07
1.825 -1.13254e-07 8.58056e-08 -2.32186e-07
1.82917 -1.63224e-07 1.20661e-07 -3.38725e-07
1.83333 -2.32764e-07 1.67761e-07 -4.88997e-07
1.8375 -3.28415e-07 2.30592e-07 -6.98531e-07
1.84167 -4.58439e-07 3.13316e-07 -9.87321e-07
1.84583 -6.3309e-07 4.20787e-07 -1.38069e-06
1.85 -8.64872e-07 5.5852e-07 -1.91019e-06
1.85417 -1.16875e-06 7.32606e-07 -2.6144e-06
1.85833 -1.56225e-06 9.4954e-07 -3.53961e-06
1.8625 -2.06548e-06 1.21598e-06 -4.74029e-06
1.86667 -2.70098e-06 1.5384e-06 -6.27912e-06
1.87083 -3.49332e-06 1.92268e-06 -8.22653e-06
1.875 -4.46849e-06 2.37358e-06 -1.06596e-05
1.87917 -5.65311e-06 2.89421e-06 -1.36603e-05
1.88333 -7.07323e-06 3.48548e-06 -1.73124e-05
1.8875 -8.75304e-06 4.14556e-06 -2.16984e-05
1.89167 -1.07133e-05 4.86948e-06 -2.6895e-05
1.89583 -1.29699e-05 5.64886e-06 -3.29679e-05
1.9 -1.5532e-05 6.4719e-06 -3.99664e-05
1.90417 -1.84006e-05 7.32352e-06 -4.79183e-05
1.90833 -2.15677e-05 8.18595e-06 -5.68245e-05
1.9125 -2.50153e-05 9.03939e-06 -6.6655e-05
1.91667 -2.87153e-05 9.86309e-06 -7.7346e-05
1.92083 -3.26299e-05 1.06364e-05 -8.87989e-05
1.925 -3.67125e-05 1.13401e-05 -0.000100881
1.92917 -4.09099e-05 1.19572e-05 -0.000113429
1.93333 -4.51636e-05 1.24743e-05 -0.000126255
1.9375 -4.94129e-05 1.28818e-05 -0.000139151
1.94167 -5.35972e-05 1.31745e-05 -0.000151901
1.94583 -5.7658e-05 1.3351e-05 -0.000164287
1.95 -6.15416e-05 1.34136e-05 -0.000176098
1.95417 -6.51998e-05 1.33667e-05 -0.000187139
1.95833 -6.85912e-05 1.32165e-05 -0.000197236
1.9625 -7.1681e-05 1.29689e-05 -0.000206239
1.96667 -7.44401e-05 1.2629e-05 -0.000214026
1.97083 -7.68445e-05 1.21997e-05 -0.000220498
1.975 -7.88727e-05 1.16811e-05 -0.000225577
1.97917 -8.05048e-05 1.10702e-05 -0.000229199
1.98333 -8.17199e-05 1.03612e-05 -0.000231311
1.9875 -8.24951e-05 9.54637e-06 -0.000231863
1.99167 -8.28047e-05 8.61662e-06 -0.000230799
1.99583 -8.26197e-05 7.56351e-06 -0.000228058
2 -8.19088e-05 6.38079e-06 -0.000223571
2.00417 -8.06405e-05 5.06629e-06 -0.000217261
2.00833 -7.87849e-05 3.6237e-06 -0.000209048
2.0125 -7.63181e-05 2.06399e-06 -0.000198857
2.01667 -7.32253e-05 4.06323e-07 -0.00018663
2.02083 -6.95053e-05 -1.32173e-06 -0.000172336
2.025 -6.51741e-05 -3.08489e-06 -0.000155985
2.02917 -6.02676e-05 -4.84179e-06 -0.000137642
2.03333 -5.48439e-05 -6.54734e-06 -0.000117435
2.0375 -4.89831e-05 -8.15593e-06 -9.55679e-05
2.04167 -4.27865e-05 -9.62495e-06 -7.2315e-05
2.04583 -3.63732e-05 -1.09185e-05 -4.8025e-05
2.05 -2.98759e-05 -1.20109e-05 -2.3109e-05
2.05417 -2.34352e-05 -1.28898e-05 1.97294e-06
2.05833 -1.71931e-05 -1.35584e-05 2.673e-05
2.0625 -1.12866e-05 -1.40373e-05 5.06629e-05
2.06667 -5.84044e-06 -1.43645e-05 7.3287e-05
2.07083 -9.61775e-07 -1.45952e-05 9.41559e-05
2.075 3.26539e-06 -1.47996e-05 0.000112883
2.07917 6.78385e-06 -1.50595e-05 0.000129161
2.08333 9.56547e-06 -1.54633e-05 0.000142776
2.0875 1.16117e-05 -1.60994e-05 0.000153616
2.09167 1.29521e-05 -1.70482e-05 0.000161676
2.09583 1.36416e-05 -1.83729e-05 0.000167056
2.1 1.37551e-05 -2.01096e-05 0.000169949
2.10417 1.33821e-05 -2.22575e-05 0.000170628
2.10833 1.26199e-05 -2.47714e-05 0.000169425
2.1125 1.15665e-05 -2.7555e-05 0.000166709
2.11667 1.03142e-05 -3.04591e-05 0.000162862
2.12083 8.94414e-06 -3.32845e-05 0.000158252
2.125 7.52189e-06 -3.57903e-05 0.000153216
2.12917 6.0945e-06 -3.77084e-05 0.000148039
2.13333 4.68923e-06 -3.87649e-05 0.000142939
2.1375 3.31383e-06 -3.87059e-05 0.000138069
2.14167 1.95841e-06 -3.73264e-05 0.000133506
2.14583 5.98716e-07 -3.44991e-05 0.000129261
2.15 -7.99282e-07 -3.01999e-05 0.000125287
2.15417 -2.27386e-06 -2.45235e-05 0.000121493
2.15833 -3.8616e-06 -1.76887e-05 0.000117762
2.1625 -5.59157e-06 -1.00268e-05 0.000113974
2.16667 -7.48056e-06 -1.95474e-06 0.000110022
2.17083 -9.52991e-06 6.06523e-06 0.000105834
2.175 -1.17247e-05 1.35769e-05 0.000101387
2.17917 -1.40355e-05 2.01839e-05 9.67131e-05
2.18333 -1.64224e-05 2.55985e-05 9.1898e-05
2.1875 -1.8841e-05 2.96782e-05 8.70738e-05
2.19167 -2.1249e-05 3.24435e-05 8.24005e-05
2.19583 -2.36135e-05 3.40737e-05 7.80461e-05
2.2 -2.59155e-05 3.48816e-05 7.41641e-05
2.20417 -2.81541e-05 3.52714e-05 7.08757e-05
2.20833 -3.03471e-05 3.56858e-05 6.82574e-05
2.2125 -3.25304e-05 3.65516e-05 6.63377e-05
2.21667 -3.47554e-05 3.82304e-05 6.51021e-05
2.22083 -3.70865e-05 4.09782e-05 6.45061e-05
2.225 -3.95983e-05 4.49193e-05 6.44923e-05
2.22917 -4.23745e-05 5.00303e-05 6.50097e-05
2.23333 -4.55078e-05 5.61354e-05 6.60328e-05
2.2375 -4.91008e-05 6.291e-05 6.75777e-05
2.24167 -5.32677e-05 6.98922e-05 6.97185e-05
2.24583 -5.81363e-05 7.65052e-05 7.26033e-05
2.25 -6.38509e-05 8.20909e-05 7.64726e-05
2.25417 -7.05754e-05 8.59595e-05 8.16813e-05
2.25833 -7.84992e-05 8.74511e-05 8.87256e-05
2.2625 -8.78465e-05 8.60077e-05 9.8271e-05
2.26667 -9.88897e-05 8.12438e-05 0.00011118
2.27083 -0.000111967 7.30059e-05 0.000128537
2.275 -0.000127506 6.1409e-05 0.000151667
2.27917 -0.000146048 4.68434e-05 0.000182155
2.28333 -0.000168272 2.99522e-05 0.00022186
2.2875 -0.000195029 1.15813e-05 0.000272936
2.29167 -0.000227359 -7.28398e-06 0.000337868
2.29583 -0.000266525 -2.55896e-05 0.00041952
2.3 -0.000314039 -4.22807e-05 0.000521193
2.30417 -0.000371688 -5.63661e-05 0.000646703
2.30833 -0.000441573 -6.69786e-05 0.000800457
2.3125 -0.000526137 -7.34365e-05 0.000987536
2.31667 -0.0006282 -7.53042e-05 0.00121376
2.32083 -0.000750995 -7.24487e-05 0.00148578
2.325 -0.000898182 -6.50784e-05 0.00181109
2.32917 -0.00107388 -5.37525e-05 0.00219811
2.33333 -0.00128265 -3.9348e-05 0.00265622
2.3375 -0.00152952 -2.298e-05 0.00319576
2.34167 -0.00181995 -5.88254e-06 0.003828
2.34583 -0.00215982 1.07339e-05 0.00456509
2.35 -0.00255537 2.58246e-05 0.0054199
2.35417 -0.00301315 3.86283e-05 0.00640581
2.35833 -0.00353989 4.87439e-05 0.00753631
2.3625 -0.00414241 5.61559e-05 0.00882466
2.36667 -0.0048274 6.12108e-05 0.0102833
2.37083 -0.00560121 6.45543e-05 0.0119232
2.375 -0.00646952 6.70417e-05 0.0137532
2.37917 -0.00743702 6.9639e-05 0.015779
2.38333 -0.00850697 7.33253e-05 0.0180025
2.3875 -0.00968075 7.90097e-05 0.0204207
2.39167 -0.0109573 8.74682e-05 0.0230244
2.39583 -0.0123326 9.93048e-05 0.0257974
2.4 -0.0137989 0.000114936 0.0287149
2.40417 -0.0153445 0.000134598 0.0317426
2.40833 -0.0169526 0.000158369 0.0348354
2.4125 -0.0186009 0.000186211 0.0379364
2.41667 -0.0202615 0.000218011 0.040976
2.42083 -0.0218996 0.00025363 0.043871
2.425 -0.0234739 0.000292946 0.0465247
2.42917 -0.0249361 0.000335869 0.0488268
2.43333 -0.0262311 0.000382337 0.0506541
2.4375 -0.0272972 0.000432268 0.0518715
2.44167 -0.0280669 0.000485481 0.0523344
2.44583 -0.0284676 0.000541592 0.0518909
2.45 -0.0284229 0.000599908 0.0503856
2.45417 -0.0278548 0.000659328 0.0476637
2.45833 -0.0266849 0.000718271 0.0435768
2.4625 -0.0248376 0.000774619 0.037988
2.46667 -0.0222425 0.00082568 0.0307791
2.47083 -0.0188376 0.000868155 0.0218578
2.475 -0.0145728 0.00089811 0.0111647
2.47917 -0.00941309 0.000910962 -0.00131895
2.48333 -0.00334227 0.000901509 -0.0155638
2.4875 0.00363375 0.000864007 -0.0314861
2.49167 0.0114838 0.000792316 -0.0489414
2.49583 0.0201487 0.000680114 -0.0677205
2.5 0.0295394 0.000521165 -0.0875464
2.50417 0.0395349 0.000309646 -0.108074
2.50833 0.0499826 4.05084e-05 -0.128891
2.5125 0.0606985 -0.000290112 -0.149523
2.51667 0.0714685 -0.000684449 -0.169442
2.52083 0.082052 -0.00114262 -0.188074
2.525 0.0921856 -0.0016621 -0.204813
2.52917 0.101589 -0.0022372 -0.21904
2.53333 0.109969 -0.00285861 -0.230135
2.5375 0.117032 -0.00351294 -0.237505
2.54167 0.122488 -0.00418256 -0.240598
2.54583 0.12606 -0.00484558 -0.23893
2.55 0.127495 -0.00547619 -0.232105
2.55417 0.126574 -0.00604534 -0.219835
2.55833 0.123117 -0.00652175 -0.201964
2.5625 0.116997 -0.00687327 -0.178477
2.56667 0.108146 -0.00706848 -0.149518
2.57083 0.0965609 -0.00707852 -0.115394
2.575 0.0823117 -0.00687912 -0.0765828
2.57917 0.0655439 -0.00645273 -0.0337268
2.58333 0.0464822 -0.00579061 0.0123712
2.5875 0.0254307 -0.00489474 0.0607618
2.59167 0.00277228 -0.00377922 0.110366
2.59583 -0.0210358 -0.00247107 0.16
2.6 -0.0454673 -0.0010101 0.208397
2.60417 -0.0699362 0.000552203 0.254244
2.60833 -0.093808 0.00215477 0.296211
2.6125 -0.116414 0.0037301 0.33299
2.61667 -0.13707 0.00520821 0.363332
2.62083 -0.155095 0.00652143 0.386089
2.625 -0.169835 0.00760961 0.40025
2.62917 -0.18069 0.00842532 0.404985
2.63333 -0.187139 0.00893871 0.399686
2.6375 -0.188771 0.00914122 0.383998
2.64167 -0.18531 0.00904775 0.357859
2.64583 -0.176641 0.00869692 0.32153
2.65 -0.162835 0.00814908 0.275613
2.65417 -0.144163 0.00748208 0.221067
2.65833 -0.121106 0.00678493 0.159213
2.6625 -0.0943532 0.0061495 0.0917195
2.66667 -0.0647929 0.00566092 0.0205743
2.67083 -0.0334883 0.00538743 -0.0519599
2.675 -0.00164159 0.00537077 -0.123412
2.67917 0.0294537 0.0056182 -0.191187
2.68333 0.0584718 0.0060974 -0.252668
2.6875 0.0841212 0.00673506 -0.305336
2.69167 0.105217 0.00741972 -0.346895
2.69583 0.120755 0.00800908 -0.375407
2.7 0.129977 0.00834152 -0.389416
2.70417 0.132435 0.00825133 -0.388065
2.70833 0.128034 0.00758642 -0.371189
2.7125 0.117057 0.00622728 -0.339374
2.71667 0.100173 0.00410513 -0.293977
2.72083 0.0784091 0.00121728 -0.237099
2.725 0.0531053 -0.00236243 -0.171512
2.72917 0.0258422 -0.00647965 -0.100535
2.73333 -0.00165366 -0.0109034 -0.0278576
2.7375 -0.0276196 -0.0153379 0.0426593
2.74167 -0.0503751 -0.0194425 0.107222
2.74583 -0.06844 -0.0228581 0.162345
2.75 -0.0806446 -0.0252387 0.205086
2.75417 -0.0862203 -0.0262847 0.233259
2.75833 -0.0848657 -0.0257761 0.245596
2.7625 -0.0767776 -0.0236013 0.241859
2.76667 -0.0626465 -0.0197777 0.222874
2.77083 -0.0436125 -0.0144631 0.19049
2.775 -0.0211849 -0.00795342 0.147459
2.77917 0.00287 -0.000668179 0.0972428
2.78333 0.0266645 0.00687756 0.04376
2.7875 0.0483377 0.0141123 -0.00891015
2.79167 0.0662051 0.0204558 -0.0568419
2.79583 0.0788956 0.0253707 -0.0965706
2.8 0.0854651 0.0284146 -0.125368
2.80417 0.0854744 0.0292852 -0.141458
2.80833 0.079026 0.0278559 -0.144157
2.8125 0.0667541 0.0241961 -0.133922
2.81667 0.0497688 0.0185735 -0.112294
2.82083 0.029558 0.0114374 -0.0817563
2.825 0.00785611 0.0033842 -0.0454983
2.82917 -0.0135092 -0.00489392 -0.00712363
2.83333 -0.0327785 -0.0126711 0.0296849
2.8375 -0.0484153 -0.0192562 0.061504
2.84167 -0.0592394 -0.0240597 0.0854845
2.84583 -0.0645265 -0.0266527 0.0996095
2.85 -0.0640649 -0.026812 0.102872
2.85417 -0.0581637 -0.0245448 0.0953562
2.85833 -0.0476113 -0.020091 0.0782053
2.8625 -0.0335903 -0.0139021 0.0534941
2.86667 -0.0175552 -0.00659818 0.0240036
2.87083 -0.00108619 0.00109372 -0.0070711
2.875 0.0142658 0.00841247 -0.0364528
2.87917 0.0271286 0.0146407 -0.0611189
2.88333 0.0364361 0.0191789 -0.07861
2.8875 0.0415233 0.0216075 -0.0872758
2.89167 0.0421769 0.0217306 -0.0864354
2.89583 0.0386396 0.0195955 -0.0764329
2.9 0.0315672 0.0154869 -0.0585825
2.90417 0.0219435 0.00989486 -0.0350106
2.90833 0.0109635 0.00346109 -0.00841062
2.9125 -0.000102895 -0.0030913 0.0182622
2.91667 -0.0100513 -0.00903732 0.0421209
2.92083 -0.0178721 -0.0137297 0.0606657
2.925 -0.0228542 -0.0166698 0.0720553
2.92917 -0.0246524 -0.017562 0.0753001
2.93333 -0.0233111 -0.016345 0.070355
2.9375 -0.0192425 -0.0131962 0.0581025
2.94167 -0.0131618 -0.00851002 0.0402272
2.94583 -0.00598807 -0.0028509 0.0189998
2.95 0.00127618 0.00311222 -0.00300533
2.95417 0.00767395 0.00868287 -0.0232232
2.95833 0.012413 0.0132169 -0.0394035
2.9625 0.014962 0.0161958 -0.0498721
2.96667 0.0151109 0.0172852 -0.0537161
2.97083 0.0129881 0.016372 -0.0508712
2.975 0.0090333 0.0135755 -0.0421014
2.97917 0.0039283 0.00923157 -0.0288743
2.98333 -0.00150341 0.00385221 -0.0131495
2.9875 -0.00641562 -0.00193512 0.00289262
2.99167 -0.0100608 -0.00746087 0.0171448
2.99583 -0.0118974 -0.012091 0.0278511
