0 0 0 0
0.00416667 0 0 0
0.00833333 0 0 0
0.0125 0 0 0
0.0166667 0 0 0
0.0208333 0 0 0
0.025 0 0 0
0.0291667 0 0 0
0.0333333 0 0 0
0.0375 0 0 0
0.0416667 0 0 0
0.0458333 0 0 0
0.05 0 0 0
0.0541667 0 0 0
0.0583333 0 0 0
0.0625 0 0 0
0.0666667 0 0 0
0.0708333 0 0 0
0.075 0 0 0
0.0791667 0 0 0
0.0833333 0 0 0
0.0875 0 0 0
0.0916667 0 0 0
0.0958333 0 0 0
0.1 0 0 0
0.104167 0 0 0
0.108333 0 0 0
0.1125 0 0 0
0.116667 0 0 0
0.120833 0 0 0
0.125 0 0 0
0.129167 0 0 0
0.133333 0 0 0
0.1375 0 0 0
0.141667 0 0 0
0.145833 0 0 0
0.15 0 0 0
0.154167 0 0 0
0.158333 0 0 0
0.1625 0 0 0
0.166667 0 0 0
0.170833 0 0 0
0.175 0 0 0
0.179167 0 0 0
0.183333 0 0 0
0.1875 -4.69362e-322 0 1.90363e-320
0.191667 -7.2209e-318 1.9397e-318 2.13249e-316
0.195833 -6.69542e-314 1.9646e-314 1.93313e-312
0.2 -5.12569e-310 1.62639e-310 1.44757e-308
0.204167 -3.26527e-306 1.10967e-306 9.02413e-305
0.208333 -1.74346e-302 6.28844e-303 4.71727e-301
0.2125 -7.85499e-299 2.98147e-299 2.08161e-297
0.216667 -3.00485e-295 1.19077e-295 7.8025e-294
0.220833 -9.81684e-292 4.03212e-292 2.49871e-290
0.225 -2.75398e-288 1.16465e-288 6.87397e-287
0.229167 -6.66833e-285 2.88613e-285 1.6328e-283
0.233333 -1.40038e-281 6.16962e-282 3.36502e-280
0.2375 -2.56235e-278 1.14358e-278 6.04453e-277
0.241667 -4.1029e-275 1.84699e-275 9.50486e-274
0.245833 -5.77313e-272 2.61142e-272 1.31383e-270
0.25 -7.16674e-269 3.24652e-269 1.60273e-267
0.254167 -7.87905e-266 3.56381e-266 1.73204e-264
0.258333 -7.69925e-263 3.46819e-263 1.66419e-261
0.2625 -6.71059e-260 3.00357e-260 1.42663e-258
0.266667 -5.23439e-257 2.32325e-257 1.09479e-255
0.270833 -3.66573e-254 1.61059e-254 7.54487e-253
0.275 -2.312e-251 1.00401e-251 4.68399e-250
0.279167 -1.31715e-248 5.64587e-249 2.62729e-247
0.283333 -6.7974e-246 2.87258e-246 1.33525e-244
0.2875 -3.18642e-243 1.32623e-243 6.16554e-242
0.291667 -1.36039e-240 5.57153e-241 2.59342e-239
0.295833 -5.30303e-238 2.13544e-238 9.96253e-237
0.3 -1.89211e-235 7.48616e-236 3.50363e-234
0.304167 -6.19375e-233 2.4063e-233 1.13067e-231
0.308333 -1.86434e-230 7.10839e-231 3.35587e-229
0.3125 -5.1714e-228 1.93419e-228 9.1805e-227
0.316667 -1.32469e-225 4.85812e-226 2.31969e-224
0.320833 -3.13991e-223 1.1287e-223 5.42461e-222
0.325 -6.90029e-221 2.43048e-221 1.17633e-219
0.329167 -1.40856e-218 4.86004e-219 2.36984e-217
0.333333 -2.67565e-216 9.04114e-217 4.4435e-215
0.3375 -4.73788e-214 1.56752e-214 7.76787e-213
0.341667 -7.83378e-212 2.53716e-212 1.26817e-210
0.345833 -1.21142e-209 3.84011e-210 1.93667e-208
0.35 -1.75483e-207 5.44365e-208 2.77084e-206
0.354167 -2.38477e-205 7.23855e-206 3.71965e-204
0.358333 -3.04485e-203 9.04209e-204 4.69203e-202
0.3625 -3.65767e-201 1.06258e-201 5.56924e-200
0.366667 -4.13955e-199 1.17632e-199 6.22873e-198
0.370833 -4.41962e-197 1.22839e-197 6.57265e-196
0.375 -4.45709e-195 1.21159e-195 6.55197e-194
0.379167 -4.25097e-193 1.13011e-193 6.17768e-192
0.383333 -3.83894e-191 9.98049e-192 5.51592e-190
0.3875 -3.28642e-189 8.35516e-190 4.66927e-188
0.391667 -2.66997e-187 6.63767e-188 3.75147e-186
0.395833 -2.06078e-185 5.00966e-186 2.86381e-184
0.4 -1.5127e-183 3.59574e-184 2.07935e-182
0.404167 -1.05709e-181 2.45697e-182 1.43746e-180
0.408333 -7.03931e-180 1.59982e-180 9.47043e-179
0.4125 -4.47122e-178 9.93617e-179 5.95202e-177
0.416667 -2.71144e-176 5.89176e-177 3.57173e-175
0.420833 -1.57123e-174 3.33842e-175 2.04834e-173
0.425 -8.70807e-173 1.8092e-173 1.12359e-171
0.429167 -4.61971e-171 9.38531e-172 5.90019e-170
0.433333 -2.34786e-169 4.66428e-170 2.96844e-168
0.4375 -1.14404e-167 2.2225e-168 1.43198e-166
0.441667 -5.34878e-166 1.01614e-166 6.62875e-165
0.445833 -2.40126e-164 4.46121e-165 2.94668e-163
0.45 -1.03589e-162 1.88214e-163 1.2588e-161
0.454167 -4.29713e-161 7.63593e-162 5.17145e-160
0.458333 -1.7153e-159 2.98114e-160 2.04454e-158
0.4625 -6.59304e-158 1.12074e-158 7.78391e-157
0.466667 -2.44174e-156 4.05987e-157 2.85562e-155
0.470833 -8.71874e-155 1.41802e-155 1.01013e-153
0.475 -3.00344e-153 4.7784e-154 3.44743e-152
0.479167 -9.98744e-152 1.55444e-152 1.13584e-150
0.483333 -3.20785e-150 4.8844e-151 3.61486e-149
0.4875 -9.95735e-149 1.48334e-149 1.1119e-147
0.491667 -2.98872e-147 4.35619e-148 3.30738e-146
0.495833 -8.67905e-146 1.23777e-146 9.51863e-145
0.5 -2.43968e-144 3.40466e-145 2.65196e-143
0.504167 -6.64185e-143 9.07041e-144 7.15622e-142
0.508333 -1.7521e-141 2.34163e-142 1.87129e-140
0.5125 -4.48077e-140 5.86085e-141 4.74404e-139
0.516667 -1.11141e-138 1.42285e-139 1.16657e-137
0.520833 -2.67504e-137 3.35208e-138 2.78376e-136
0.525 -6.25047e-136 7.66697e-137 6.4492e-135
0.529167 -1.41845e-134 1.70325e-135 1.45118e-133
0.533333 -3.12765e-133 3.67677e-134 3.17298e-132
0.5375 -6.70364e-132 7.71559e-133 6.74411e-131
0.541667 -1.39723e-130 1.57458e-131 1.39402e-129
0.545833 -2.83311e-129 3.12627e-130 2.80334e-128
0.55 -5.59072e-128 6.04121e-129 5.48673e-127
0.554167 -1.0741e-126 1.13664e-127 1.04555e-125
0.558333 -2.00982e-125 2.08299e-126 1.9406e-124
0.5625 -3.66406e-124 3.71938e-125 3.50946e-123
0.566667 -6.51051e-123 6.47338e-124 6.18605e-122
0.570833 -1.12789e-121 1.09855e-122 1.06318e-120
0.575 -1.90574e-120 1.81836e-121 1.78223e-119
0.579167 -3.14159e-119 2.9367e-120 2.91495e-118
0.583333 -5.05438e-118 4.62911e-119 4.65318e-117
0.5875 -7.93878e-117 7.12414e-118 7.25198e-116
0.591667 -1.21771e-115 1.07078e-116 1.10379e-114
0.595833 -1.8246e-114 1.57227e-115 1.64122e-113
0.6 -2.67151e-113 2.25605e-114 2.38469e-112
0.604167 -3.82327e-112 3.16438e-113 3.38692e-111
0.608333 -5.34968e-111 4.33978e-112 4.70338e-110
0.6125 -7.32074e-110 5.82116e-111 6.38802e-109
0.616667 -9.80019e-109 7.6389e-110 8.48775e-108
0.620833 -1.28376e-107 9.80951e-109 1.10358e-106
0.625 -1.64594e-106 1.23303e-107 1.40447e-105
0.629167 -2.06603e-105 1.51746e-106 1.74998e-104
0.633333 -2.53957e-104 1.82889e-105 2.13535e-103
0.6375 -3.05768e-103 2.15919e-104 2.55228e-102
0.641667 -3.60692e-102 2.49766e-103 2.98893e-101
0.645833 -4.1696e-101 2.83149e-102 3.43031e-100
0.65 -4.72462e-100 3.14655e-101 3.85904e-99
0.654167 -5.2487e-99 3.4284e-100 4.25649e-98
0.658333 -5.718e-98 3.66336e-99 4.60412e-97
0.6625 -6.10998e-97 3.83968e-98 4.88494e-96
0.666667 -6.40516e-96 3.94846e-97 5.08487e-95
0.670833 -6.58878e-95 3.98445e-96 5.19397e-94
0.675 -6.65202e-94 3.94644e-95 5.20722e-93
0.679167 -6.5927e-93 3.83729e-94 5.12491e-92
0.683333 -6.41532e-92 3.66364e-93 4.95251e-91
0.6875 -6.1306e-91 3.43519e-92 4.7001e-90
0.691667 -5.75438e-90 3.16389e-91 4.3814e-89
0.695833 -5.30623e-89 2.86289e-90 4.01257e-88
0.7 -4.80778e-88 2.54553e-89 3.61089e-87
0.704167 -4.28105e-87 2.22443e-88 3.1935e-86
0.708333 -3.74697e-86 1.91074e-87 2.77622e-85
0.7125 -3.2241e-85 1.61363e-86 2.37275e-84
0.716667 -2.72777e-84 1.33997e-85 1.99403e-83
0.720833 -2.2696e-83 1.09432e-84 1.64803e-82
0.725 -1.85739e-82 8.79076e-84 1.33975e-81
0.729167 -1.49534e-81 6.94716e-83 1.07145e-80
0.733333 -1.18448e-80 5.402e-82 8.43109e-80
0.7375 -9.23273e-80 4.13365e-81 6.52862e-79
0.741667 -7.08296e-79 3.11322e-80 4.97566e-78
0.745833 -5.34865e-78 2.30806e-79 3.7328e-77
0.75 -3.97633e-77 1.68464e-78 2.75701e-76
0.754167 -2.91066e-76 1.21074e-77 2.00503e-75
0.758333 -2.09812e-75 8.5692e-77 1.43596e-74
0.7625 -1.48956e-74 5.97354e-76 1.0129e-73
0.766667 -1.04169e-73 4.1019e-75 7.03792e-73
0.770833 -7.17663e-73 2.77496e-74 4.81769e-72
0.775 -4.87154e-72 1.8497e-73 3.24941e-71
0.779167 -3.25859e-71 1.21499e-72 2.15971e-70
0.783333 -2.14815e-70 7.86557e-72 1.41471e-69
0.7875 -1.39581e-69 5.01905e-71 9.13426e-69
0.791667 -8.94052e-69 3.15718e-70 5.81386e-68
0.795833 -5.64585e-68 1.95801e-69 3.64832e-67
0.8 -3.51541e-67 1.19734e-68 2.2574e-66
0.804167 -2.1585e-66 7.22038e-68 1.3774e-65
0.808333 -1.30709e-65 4.29424e-67 8.28891e-65
0.8125 -7.807e-65 2.5191e-66 4.92003e-64
0.816667 -4.59977e-64 1.45775e-65 2.88084e-63
0.820833 -2.67367e-63 8.32232e-65 1.66416e-62
0.825 -1.53335e-62 4.68787e-64 9.48512e-62
0.829167 -8.67735e-62 2.60568e-63 5.33465e-61
0.833333 -4.84601e-61 1.4293e-62 2.96094e-60
0.8375 -2.67102e-60 7.73789e-62 1.62201e-59
0.841667 -1.45314e-59 4.13489e-61 8.77048e-59
0.845833 -7.80404e-59 2.18115e-60 4.68143e-58
0.85 -4.13762e-58 1.13587e-59 2.46694e-57
0.854167 -2.16592e-57 5.8403e-59 1.28353e-56
0.858333 -1.11952e-56 2.9651e-58 6.59416e-56
0.8625 -5.7143e-56 1.48656e-57 3.34546e-55
0.866667 -2.88051e-55 7.36037e-57 1.67623e-54
0.870833 -1.43413e-54 3.59939e-56 8.29529e-54
0.875 -7.05274e-54 1.73862e-55 4.05493e-53
0.879167 -3.42621e-53 8.2959e-55 1.95806e-52
0.883333 -1.64434e-52 3.91057e-54 9.34107e-52
0.8875 -7.79695e-52 1.82124e-53 4.40278e-51
0.891667 -3.65299e-51 8.38068e-53 2.05046e-50
0.895833 -1.6912e-50 3.81073e-52 9.43637e-50
0.9 -7.73749e-50 1.71233e-51 4.29159e-49
0.904167 -3.49859e-49 7.60407e-51 1.92897e-48
0.908333 -1.56353e-48 3.33747e-50 8.5695e-48
0.9125 -6.90668e-48 1.44787e-49 3.76306e-47
0.916667 -3.01589e-47 6.20888e-49 1.63347e-46
0.920833 -1.30189e-46 2.63207e-48 7.00968e-46
0.925 -5.55614e-46 1.10309e-47 2.97392e-45
0.929167 -2.34446e-45 4.57068e-47 1.24748e-44
0.933333 -9.78159e-45 1.87256e-46 5.17414e-44
0.9375 -4.03555e-44 7.58579e-46 2.12213e-43
0.941667 -1.64645e-43 3.03881e-45 8.60721e-43
0.945833 -6.64317e-43 1.20384e-44 3.45251e-42
0.95 -2.65099e-42 4.71653e-44 1.36967e-41
0.954167 -1.04634e-41 1.82763e-43 5.37439e-41
0.958333 -4.085e-41 7.00473e-43 2.08595e-40
0.9625 -1.57759e-40 2.65555e-42 8.00866e-40
0.966667 -6.027e-40 9.95866e-42 3.04175e-39
0.970833 -2.27792e-39 3.69448e-41 1.14293e-38
0.975 -8.51779e-39 1.35592e-40 4.24881e-38
0.979167 -3.15131e-38 4.92336e-40 1.56276e-37
0.983333 -1.15359e-37 1.76873e-39 5.68742e-37
0.9875 -4.17861e-37 6.28709e-39 2.04813e-36
0.991667 -1.49779e-36 2.21131e-38 7.29865e-36
0.995833 -5.31291e-36 7.69625e-38 2.57388e-35
1 -1.86507e-35 2.65068e-37 8.98288e-35
1.00417 -6.47974e-35 9.03445e-37 3.10273e-34
1.00833 -2.22813e-34 3.04742e-36 1.0607e-33
1.0125 -7.58339e-34 1.01733e-35 3.58907e-33
1.01667 -2.55472e-33 3.36136e-35 1.20207e-32
1.02083 -8.51922e-33 1.09926e-34 3.98521e-32
1.025 -2.81222e-32 3.55827e-34 1.30787e-31
1.02917 -9.18988e-32 1.1401e-33 4.24904e-31
1.03333 -2.97302e-31 3.61599e-33 1.3666e-30
1.0375 -9.522e-31 1.13529e-32 4.35147e-30
1.04167 -3.01938e-30 3.52856e-32 1.37179e-29
1.04583 -9.47944e-30 1.0857e-31 4.28166e-29
1.05 -2.94671e-29 3.30718e-31 1.3232e-28
1.05417 -9.06974e-29 9.97361e-31 4.04894e-28
1.05833 -2.76421e-28 2.97787e-30 1.2268e-27
1.0625 -8.34216e-28 8.80299e-30 3.68072e-27
1.06667 -2.49305e-27 2.57652e-29 1.09354e-26
1.07083 -7.37804e-27 7.46671e-29 3.21732e-26
1.075 -2.16232e-26 2.14251e-28 9.37389e-26
1.07917 -6.27598e-26 6.08733e-28 2.70473e-25
1.08333 -1.804e-25 1.71257e-27 7.72889e-25
1.0875 -5.13562e-25 4.77081e-27 2.18731e-24
1.09167 -1.44799e-24 1.31604e-26 6.13078e-24
1.09583 -4.04354e-24 3.59486e-26 1.70193e-23
1.1 -1.11839e-23 9.7239e-26 4.67946e-23
1.10417 -3.06383e-23 2.60463e-25 1.27435e-22
1.10833 -8.3136e-23 6.90886e-25 3.4374e-22
1.1125 -2.23447e-22 1.81477e-24 9.18386e-22
1.11667 -5.94875e-22 4.72062e-24 2.43043e-21
1.12083 -1.56875e-21 1.21601e-23 6.37105e-21
1.125 -4.09789e-21 3.10197e-23 1.6543e-20
1.12917 -1.06037e-20 7.83617e-23 4.255e-20
1.13333 -2.71798e-20 1.96035e-22 1.08411e-19
1.1375 -6.90136e-20 4.85652e-22 2.73614e-19
1.14167 -1.73591e-19 1.19146e-21 6.84069e-19
1.14583 -4.32541e-19 2.89461e-21 1.69419e-18
1.15 -1.06767e-18 6.96394e-21 4.15653e-18
1.15417 -2.61075e-18 1.65909e-20 1.0102e-17
1.15833 -6.32426e-18 3.91405e-20 2.43215e-17
1.1625 -1.51766e-17 9.14366e-20 5.80077e-17
1.16667 -3.60794e-17 2.11515e-19 1.37055e-16
1.17083 -8.49703e-17 4.84484e-19 3.20787e-16
1.175 -1.98243e-16 1.09881e-18 7.43792e-16
1.17917 -4.58196e-16 2.46753e-18 1.70844e-15
1.18333 -1.04912e-15 5.48631e-18 3.8874e-15
1.1875 -2.3797e-15 1.20771e-17 8.76252e-15
1.19167 -5.34733e-15 2.63201e-17 1.95662e-14
1.19583 -1.19033e-14 5.67858e-17 4.328e-14
1.2 -2.62488e-14 1.21281e-16 9.48353e-14
1.20417 -5.73405e-14 2.56406e-16 2.05849e-13
1.20833 -1.24084e-13 5.36552e-16 4.42606e-13
1.2125 -2.65993e-13 1.11126e-15 9.42695e-13
1.21667 -5.64829e-13 2.27776e-15 1.98886e-12
1.22083 -1.18809e-12 4.62008e-15 4.15629e-12
1.225 -2.47547e-12 9.27256e-15 8.60341e-12
1.22917 -5.10898e-12 1.84124e-14 1.76396e-11
1.23333 -1.04441e-11 3.61687e-14 3.58219e-11
1.2375 -2.11474e-11 7.02762e-14 7.20512e-11
1.24167 -4.24111e-11 1.35043e-13 1.43533e-10
1.24583 -8.42419e-11 2.56598e-13 2.83186e-10
1.25 -1.65725e-10 4.82024e-13 5.53328e-10
1.25417 -3.22884e-10 8.95009e-13 1.07071e-09
1.25833 -6.22998e-10 1.64219e-12 2.05173e-09
1.2625 -1.1904e-09 2.97669e-12 3.89327e-09
1.26667 -2.2524e-09 5.32868e-12 7.3153e-09
1.27083 -4.22015e-09 9.41715e-12 1.36099e-08
1.275 -7.82922e-09 1.64226e-11 2.50704e-08
1.27917 -1.43812e-08 2.82461e-11 4.57223e-08
1.28333 -2.61539e-08 4.78847e-11 8.25527e-08
1.2875 -4.70885e-08 7.99512e-11 1.47552e-07
1.29167 -8.39277e-08 1.31351e-10 2.61059e-07
1.29583 -1.48074e-07 2.12083e-10 4.57179e-07
1.3 -2.58588e-07 3.36028e-10 7.9242e-07
1.30417 -4.46949e-07 5.21393e-10 1.35929e-06
1.30833 -7.64533e-07 7.901e-10 2.30738e-06
1.3125 -1.29415e-06 1.16475e-09 3.87562e-06
1.31667 -2.16764e-06 1.66077e-09 6.44073e-06
1.32083 -3.59221e-06 2.2695e-09 1.05891e-05
1.325 -5.88929e-06 2.92544e-09 1.72214e-05
1.32917 -9.55092e-06 3.4469e-09 2.77019e-05
1.33333 -1.532e-05 3.4334e-09 4.4069e-05
1.3375 -2.43024e-05 2.09545e-09 6.93236e-05
1.34167 -3.81205e-05 -2.0181e-09 0.000107819
1.34583 -5.91191e-05 -1.14437e-08 0.000165771
1.35 -9.06339e-05 -3.04417e-08 0.000251914
1.35417 -0.000137333 -6.59316e-08 0.000378314
1.35833 -0.00020564 -1.28824e-07 0.000561344
1.3625 -0.000304231 -2.35859e-07 0.000822799
1.36667 -0.000444607 -4.12074e-07 0.00119112
1.37083 -0.000641698 -6.93999e-07 0.00170258
1.375 -0.000914456 -1.13364e-06 0.00240239
1.37917 -0.00128635 -1.80325e-06 0.00334536
1.38333 -0.00178565 -2.80074e-06 0.00459591
1.3875 -0.00244536 -4.25533e-06 0.0062271
1.39167 -0.00330252 -6.33302e-06 0.00831813
1.39583 -0.00439687 -9.24069e-06 0.01095
1.4 -0.00576839 -1.32279e-05 0.0141988
1.40417 -0.00745375 -1.85844e-05 0.0181266
1.40833 -0.00948149 -2.56319e-05 0.0227699
1.4125 -0.0118659 -3.47076e-05 0.0281254
1.41667 -0.0146 -4.61379e-05 0.0341349
1.42083 -0.0176477 -6.02016e-05 0.0406705
1.425 -0.020937 -7.70808e-05 0.0475217
1.42917 -0.0243533 -9.68032e-05 0.0543871
1.43333 -0.0277364 -0.000119178 0.0608742
1.4375 -0.0308815 -0.000143731 0.0665094
1.44167 -0.033545 -0.000169653 0.0707612
1.44583 -0.0354577 -0.000195761 0.073076
1.45 -0.0363441 -0.000220503 0.0729283
1.45417 -0.0359484 -0.000241998 0.0698791
1.45833 -0.0340645 -0.000258133 0.0636389
1.4625 -0.0305671 -0.000266722 0.0541253
1.46667 -0.0254397 -0.000265711 0.0415063
1.47083 -0.0187936 -0.000253422 0.0262171
1.475 -0.0108737 -0.000228813 0.00894338
1.47917 -0.0020461 -0.000191703 -0.00943551
1.48333 0.00723421 -0.000142939 -0.0279425
1.4875 0.0164746 -8.44464e-05 -0.0456292
1.49167 0.0252103 -1.91394e-05 -0.061717
1.49583 0.0330749 4.93347e-05 -0.0757305
1.5 0.039865 0.000117001 -0.0875963
1.50417 0.0455846 0.000180082 -0.0976825
1.50833 0.0504583 0.000235564 -0.10676
1.5125 0.0549033 0.00028173 -0.115876
1.51667 0.0594599 0.000318537 -0.126158
1.52083 0.064685 0.000347755 -0.138558
1.525 0.0710239 0.000372802 -0.153596
1.52917 0.0786821 0.000398247 -0.171134
1.53333 0.0875201 0.000429024 -0.190244
1.5375 0.0969972 0.000469453 -0.209199
1.54167 0.106179 0.000522223 -0.225597
1.54583 0.113813 0.000587495 -0.236628
1.55 0.118473 0.000662312 -0.239418
1.55417 0.11874 0.000740439 -0.231434
1.55833 0.1134 0.000812696 -0.210848
1.5625 0.101627 0.000867792 -0.176831
1.56667 0.0831183 0.000893555 -0.12972
1.57083 0.0581668 0.000878412 -0.071054
1.575 0.0276647 0.000812945 -0.00348042
1.57917 -0.00695431 0.000691323 0.0694419
1.58333 -0.0438221 0.000512434 0.143503
1.5875 -0.0807742 0.000280608 0.214147
1.59167 -0.115506 5.80224e-06 0.276796
1.59583 -0.145741 -0.000296778 0.327199
1.6 -0.169404 -0.000607665 0.361789
1.60417 -0.184804 -0.000904676 0.378047
1.60833 -0.190812 -0.00116496 0.37482
1.6125 -0.187009 -0.00136733 0.352543
1.61667 -0.173786 -0.00149474 0.313294
1.62083 -0.152347 -0.0015364 0.260612
1.625 -0.124597 -0.00148931 0.199085
1.62917 -0.0929125 -0.00135878 0.133725
1.63333 -0.0598201 -0.00115788 0.0692819
1.6375 -0.0276496 -0.000905577 0.00961719
1.64167 0.00176084 -0.000624202 -0.0426769
1.64583 0.0272302 -0.000336389 -0.086328
1.65 0.0482296 -6.23375e-05 -0.121096
1.65417 0.0647137 0.00018216 -0.147257
1.65833 0.0768532 0.000386558 -0.165063
1.6625 0.0847706 0.000545255 -0.174376
1.66667 0.0883823 0.000656467 -0.174654
1.67083 0.087419 0.000720826 -0.16529
1.675 0.0816219 0.000740264 -0.146207
1.67917 0.0710424 0.000717575 -0.118432
1.68333 0.0563192 0.000656694 -0.0844154
1.6875 0.0388001 0.00056338 -0.0478765
1.69167 0.0204254 0.00044579 -0.0131656
1.69583 0.00337507 0.000314399 0.0156918
1.7 -0.0104189 0.000181019 0.0359548
1.70417 -0.0197353 5.70478e-05 0.0467919
1.70833 -0.0243338 -4.85298e-05 0.0493342
1.7125 -0.024931 -0.000130674 0.046131
1.71667 -0.0228854 -0.000188749 0.0402028
1.72083 -0.0197071 -0.00022568 0.0340457
1.725 -0.0165727 -0.000246109 0.0289514
1.72917 -0.0140242 -0.00025423 0.0248778
1.73333 -0.0119511 -0.000252196 0.0208752
1.7375 -0.00983984 -0.000239713 0.0158457
1.74167 -0.00716584 -0.000214988 0.00928707
1.74583 -0.00374778 -0.000176586 0.00168961
1.75 9.05798e-05 -0.000125358 -0.00557827
1.75417 0.00361833 -6.552e-05 -0.0108341
1.75833 0.00600524 -4.30775e-06 -0.0128357
1.7625 0.00669915 4.97843e-05 -0.0113877
1.76667 0.00570409 8.95737e-05 -0.00753323
1.77083 0.00363588 0.000111581 -0.00324074
1.775 0.00152744 0.000117282 -0.000708169
1.77917 0.000460249 0.000112675 -0.00155726
1.78333 0.00116579 0.000106228 -0.00622407
1.7875 0.00374827 0.0001059 -0.013766
1.79167 0.00762786 0.000116259 -0.0221438
1.79583 0.0117191 0.000136707 -0.0288673
1.8 0.0147763 0.000161432 -0.031779
1.80417 0.0157856 0.000181151 -0.0297188
1.80833 0.0142768 0.000186065 -0.0228665
1.8125 0.0104598 0.000169096 -0.0126662
1.81667 0.00515037 0.000128344 -0.00137061
1.82083 -0.000485542 6.79825e-05 0.00864713
1.825 -0.00528518 -2.72732e-06 0.0155876
1.82917 -0.00842469 -7.19516e-05 0.0186999
1.83333 -0.00962812 -0.000128515 0.0183778
1.8375 -0.00918088 -0.00016476 0.0158554
1.84167 -0.00774906 -0.000178112 0.0126318
1.84583 -0.00608093 -0.000170915 0.00986926
1.85 -0.00471619 -0.000148767 0.0080203
1.85417 -0.0038256 -0.000118173 0.00683348
1.85833 -0.0032425 -8.45195e-05 0.00570018
1.8625 -0.00265352 -5.11438e-05 0.00413111
1.86667 -0.00183455 -1.96682e-05 0.0020855
1.87083 -0.000795991 8.89119e-06 -3.36291e-05
1.875 0.00024337 3.30876e-05 -0.0016995
1.87917 0.00102956 5.08068e-05 -0.00267562
1.88333 0.00147408 6.00061e-05 -0.00322969
1.8875 0.00173867 5.99538e-05 -0.0039704
1.89167 0.00213025 5.21201e-05 -0.00537858
1.89583 0.00285898 4.00326e-05 -0.00733334
1.9 0.00381745 2.80186e-05 -0.00898452
1.90417 0.00454924 1.94563e-05 -0.00913743
1.90833 0.00446992 1.55021e-05 -0.00698804
1.9125 0.0032387 1.50143e-05 -0.00277774
1.91667 0.00105811 1.56727e-05 0.00208308
1.92083 -0.00131099 1.55561e-05 0.00559675
1.925 -0.00287913 1.41585e-05 0.00621061
1.92917 -0.0029496 1.22086e-05 0.00372643
1.93333 -0.00153727 1.04892e-05 -0.000475927
1.9375 0.000579396 8.57645e-06 -0.0040958
1.94167 0.00223693 4.53945e-06 -0.00512443
1.94583 0.0025034 -3.97791e-06 -0.00293224
1.95 0.00118464 -1.78508e-05 0.00140315
1.95417 -0.00107617 -3.49959e-05 0.00572298
1.95833 -0.00316588 -5.04725e-05 0.00799189
1.9625 -0.00411676 -5.84161e-05 0.00736375
1.96667 -0.0036054 -5.48995e-05 0.00449635
1.97083 -0.00205164 -4.01539e-05 0.000988798
1.975 -0.000290632 -1.88724e-05 -0.00163596
1.97917 0.000944188 1.58614e-06 -0.00272944
1.98333 0.00139001 1.40666e-05 -0.0026267
1.9875 0.00126508 1.39774e-05 -0.00210286
1.99167 0.000970081 8.63263e-09 -0.00166165
1.99583 0.00073868 -2.68201e-05 -0.00121494
2 0.000506559 -6.48118e-05 -0.000368228
2.00417 7.98465e-05 -0.000112766 0.000971296
2.00833 -0.000561548 -0.000170154 0.0022212
2.0125 -0.00110443 -0.000236733 0.00237099
2.01667 -0.00105714 -0.00031253 0.000738375
2.02083 -0.000134348 -0.000398695 -0.00232655
2.025 0.00141996 -0.000498718 -0.00539071
2.02917 0.00285524 -0.000618679 -0.00670465
2.03333 0.00332976 -0.000765424 -0.00533343
2.0375 0.0024652 -0.000942681 -0.00186421
2.04167 0.000648521 -0.00114666 0.00186739
2.04583 -0.00116454 -0.00136332 0.00392038
2.05 -0.00204684 -0.00156896 0.00350792
2.05417 -0.00170105 -0.0017338 0.00148898
2.05833 -0.000640043 -0.00182719 -0.000283548
2.0625 0.000196206 -0.00182197 -0.000321381
2.06667 0.000127733 -0.00169717 0.00140026
2.07083 -0.000764413 -0.00143938 0.00341282
2.075 -0.00169422 -0.0010447 0.00384377
2.07917 -0.00175754 -0.00052204 0.00185136
2.08333 -0.000630882 0.000102579 -0.00165003
2.0875 0.00113371 0.000783405 -0.00453895
2.09167 0.00245221 0.0014568 -0.00495258
2.09583 0.00246159 0.002049 -0.00262516
2.1 0.0011444 0.00248852 0.000879134
2.10417 -0.000633376 0.00271993 0.00323148
2.10833 -0.00171177 0.00271482 0.0029536
2.1125 -0.00143884 0.00247765 0.00042922
2.11667 -0.000112803 0.00204562 -0.00240801
2.12083 0.00124989 0.0014838 -0.0034731
2.125 0.00164772 0.000876581 -0.00199927
2.12917 0.000797625 0.000316214 0.000967634
2.13333 -0.000690187 -0.000110975 0.00336732
2.1375 -0.0017724 -0.0003392 0.00359567
2.14167 -0.00171483 -0.00033543 0.00157304
2.14583 -0.000577312 -0.000105108 -0.00131861
2.15 0.000885332 0.000311626 -0.00330034
2.15417 0.00179318 0.000852833 -0.00342159
2.15833 0.00173786 0.00145238 -0.00205897
2.1625 0.000979251 0.00205532 -0.000414477
2.16667 0.000146574 0.0026249 0.000493588
2.17083 -0.000275778 0.00313897 0.000525493
2.175 -0.000265528 0.00357875 0.000310269
2.17917 -0.000166172 0.00391669 0.000524865
2.18333 -0.000307474 0.00411055 0.00122884
2.1875 -0.000688113 0.00410767 0.00181906
2.19167 -0.000985672 0.00385857 0.00160935
2.19583 -0.000866628 0.0033343 0.000505365
2.2 -0.000314513 0.00254014 -0.000823755
2.20417 0.000313747 0.00151903 -0.00143753
2.20833 0.000556998 0.000342795 -0.000873868
2.2125 0.000220859 -0.000906313 0.000468722
2.21667 -0.000459302 -0.00215603 0.00163687
2.22083 -0.000999929 -0.00335759 0.001867
2.225 -0.00104657 -0.00448545 0.00116121
2.22917 -0.000638428 -0.00552261 0.000231043
2.23333 -0.000147896 -0.00643799 -0.000131144
2.2375 4.80051e-05 -0.00716792 0.000273187
2.24167 -0.000111595 -0.00761358 0.000885322
2.24583 -0.000324237 -0.00765979 0.000869492
2.25 -0.000188846 -0.00721055 -0.000158488
2.25417 0.000436015 -0.00622732 -0.00175163
2.25833 0.00127577 -0.0047537 -0.00291753
2.2625 0.00181839 -0.00291551 -0.00285371
2.26667 0.00169268 -0.000896741 -0.0015609
2.27083 0.000952326 0.0010975 0.000140809
2.275 4.52931e-05 0.00287581 0.00120392
2.27917 -0.000507545 0.00428265 0.00110162
2.28333 -0.000479575 0.00520713 0.000171669
2.2875 -7.70817e-05 0.00558605 -0.000687264
2.29167 0.000246368 0.0054092 -0.000720887
2.29583 0.000150601 0.00472806 0.000110477
2.3 -0.00033056 0.00365986 0.00111902
2.30417 -0.000821864 0.00237582 0.00143432
2.30833 -0.00090317 0.00106903 0.000693275
2.3125 -0.000444741 -8.92448e-05 -0.000643711
2.31667 0.000272083 -0.000985961 -0.00159747
2.32083 0.000745142 -0.00157775 -0.00138897
2.325 0.000620646 -0.00187416 -5.24338e-05
2.32917 -2.7328e-05 -0.00190704 0.00152354
2.33333 -0.00072117 -0.00170918 0.00219664
2.3375 -0.000908956 -0.00131657 0.00141094
2.34167 -0.000373501 -0.000788109 -0.000335709
2.34583 0.000579639 -0.000219054 -0.00178027
2.35 0.00131445 0.000273858 -0.00178506
2.35417 0.00132286 0.00059623 -0.000202899
2.35833 0.000622629 0.000721895 0.00194916
2.3625 -0.000214929 0.000704303 0.00319968
2.36667 -0.000459007 0.000636552 0.0027354
2.37083 0.000237763 0.000581915 0.0010756
2.375 0.00156123 0.000525321 -0.000256026
2.37917 0.00276075 0.000388376 0.000131482
2.38333 0.0032319 0.000105569 0.0024128
2.3875 0.00301082 -0.00029216 0.00539805
2.39167 0.00277373 -0.000656565 0.00749336
2.39583 0.00331319 -0.000795306 0.00803494
2.4 0.00489536 -0.000599479 0.00790071
2.40417 0.00702859 -0.00013547 0.00884325
2.40833 0.00886073 0.000374246 0.0120391
2.4125 0.00990163 0.000680219 0.0170489
2.41667 0.0104692 0.000659961 0.0221037
2.42083 0.0114562 0.000386773 0.0255426
2.425 0.013575 6.31791e-05 0.027224
2.42917 0.0166987 -0.000129172 0.0286849
2.43333 0.0198704 -0.000147003 0.0318415
2.4375 0.0220079 -8.21202e-05 0.0372776
2.44167 0.0227323 -4.98004e-05 0.0435735
2.44583 0.0226155 -7.20439e-05 0.0482925
2.45 0.0226162 -6.14863e-05 0.0498319
2.45417 0.0231684 7.9258e-05 0.0485747
2.45833 0.0237041 0.000335523 0.0463449
2.4625 0.0230373 0.000556025 0.0446225
2.46667 0.0202993 0.000563407 0.0430663
2.47083 0.0156287 0.000312958 0.0396511
2.475 0.0100207 -4.23483e-05 0.032331
2.47917 0.0044667 -0.000251502 0.0208007
2.48333 -0.000862105 -0.000159234 0.00682122
2.4875 -0.00666729 0.000165501 -0.00717563
2.49167 -0.0137635 0.000478465 -0.0199821
2.49583 -0.0221792 0.00055047 -0.0323512
2.5 -0.0309221 0.000341926 -0.0459459
2.50417 -0.0386315 1.82868e-05 -0.0614599
2.50833 -0.0445618 -0.000199036 -0.0776032
2.5125 -0.0490475 -0.000212218 -0.0918732
2.51667 -0.0530652 -0.000105206 -0.102447
2.52083 -0.0572968 -4.43727e-05 -0.109538
2.525 -0.06153 -0.000124932 -0.11506
2.52917 -0.0649059 -0.000302838 -0.120915
2.53333 -0.0667618 -0.000459711 -0.127447
2.5375 -0.0672889 -0.000522762 -0.133352
2.54167 -0.0674035 -0.000522229 -0.137035
2.54583 -0.0679363 -0.00054386 -0.138103
2.55 -0.068843 -0.000638858 -0.137616
2.55417 -0.0691015 -0.00078343 -0.136881
2.55833 -0.0673491 -0.000915122 -0.135875
2.5625 -0.0626862 -0.000992395 -0.132707
2.56667 -0.0549772 -0.00101334 -0.124566
2.57083 -0.0444754 -0.00098964 -0.109329
2.575 -0.0312113 -0.000924465 -0.0865057
2.57917 -0.0147706 -0.000825776 -0.0568848
2.58333 0.00529415 -0.000727012 -0.0214262
2.5875 0.0287561 -0.000667331 0.019445
2.59167 0.0543156 -0.000637064 0.0654479
2.59583 0.0798514 -0.000556782 0.115322
2.6 0.103125 -0.000341314 0.166026
2.60417 0.1224 -3.2941e-06 0.21305
2.60833 0.136577 0.000318515 0.251702
2.6125 0.144885 0.000465137 0.278471
2.61667 0.146544 0.000413423 0.291577
2.62083 0.140808 0.000320996 0.290554
2.625 0.127397 0.000391993 0.2755
2.62917 0.106987 0.00068098 0.24677
2.63333 0.0813077 0.00103352 0.205394
2.6375 0.0527295 0.00123484 0.153766
2.64167 0.0235964 0.00122262 0.0958569
2.64583 -0.00424072 0.00114598 0.0365715
2.65 -0.0294463 0.00120967 -0.0194205
2.65417 -0.0509137 0.00146798 -0.068644
2.65833 -0.0675527 0.00178246 -0.109003
2.6625 -0.0784201 0.00197524 -0.139285
2.66667 -0.0831038 0.00199927 -0.158607
2.67083 -0.0820019 0.00194308 -0.166388
2.675 -0.0762041 0.00188807 -0.162853
2.67917 -0.0670361 0.00180327 -0.149517
2.68333 -0.0556175 0.00160043 -0.129057
2.6875 -0.0427568 0.00126378 -0.104518
2.69167 -0.0291767 0.000875363 -0.0783903
2.69583 -0.0157621 0.000497354 -0.0522341
2.7 -0.00353157 7.13106e-05 -0.0270128
2.70417 0.00667105 -0.000511077 -0.00369532
2.70833 0.0144854 -0.00123184 0.0164972
2.7125 0.0200633 -0.00189311 0.0324144
2.71667 0.0237951 -0.00229021 0.0435171
2.72083 0.0259659 -0.00243113 0.0500894
2.725 0.0265951 -0.00252903 0.0529041
2.72917 0.0255294 -0.0027431 0.0526236
2.73333 0.0226628 -0.00295791 0.0494276
2.7375 0.018115 -0.00287956 0.0431374
2.74167 0.0122815 -0.00236599 0.033701
2.74583 0.00576571 -0.00161416 0.0216602
2.75 -0.000742259 -0.000970254 0.00827414
2.75417 -0.0065726 -0.000568118 -0.00476567
2.75833 -0.0111176 -0.000216302 -0.0158289
2.7625 -0.0138282 0.000331315 -0.0237338
2.76667 -0.0142668 0.00104359 -0.0278252
2.77083 -0.0123029 0.0016175 -0.0278252
2.775 -0.00838133 0.00181201 -0.0237696
2.77917 -0.00360324 0.00170334 -0.0162592
2.78333 0.000593485 0.00155731 -0.00684665
2.7875 0.00305492 0.00149176 0.00197925
2.79167 0.00340837 0.00135678 0.00758544
2.79583 0.00205784 0.000973584 0.00844228
2.8 -0.000263849 0.000411433 0.00492511
2.80417 -0.00292927 -6.13101e-05 -0.00102194
2.80833 -0.00546276 -0.000286123 -0.0071103
2.8125 -0.00731719 -0.000375385 -0.0117996
2.81667 -0.00783922 -0.00051486 -0.0144636
2.82083 -0.00664681 -0.000677155 -0.0148469
2.825 -0.00408075 -0.000640517 -0.0127257
2.82917 -0.00117146 -0.000299393 -0.00827742
2.83333 0.00100067 0.000150836 -0.00263558
2.8375 0.00202856 0.00042232 0.00231439
2.84167 0.00233636 0.000480241 0.00507198
2.84583 0.00267377 0.000569045 0.00563918
2.85 0.00347597 0.000872809 0.00549375
2.85417 0.00465469 0.00125238 0.00634722
2.85833 0.00585444 0.00141132 0.00878692
2.8625 0.00675266 0.00127586 0.0119458
2.86667 0.00708355 0.00108365 0.0142845
2.87083 0.00650855 0.00106151 0.014595
2.875 0.00466591 0.00112302 0.012408
2.87917 0.00148449 0.000989235 0.00782128
2.88333 -0.00251442 0.000563159 0.00132054
2.8875 -0.00625221 5.03458e-05 -0.00609576
2.89167 -0.00851117 -0.000322743 -0.0127765
2.89583 -0.00849658 -0.000585703 -0.0167293
2.9 -0.00623661 -0.000913591 -0.0164433
2.90417 -0.00261593 -0.0013115 -0.0117725
2.90833 0.0010006 -0.00157284 -0.00428591
2.9125 0.00339285 -0.00158087 0.00324176
2.91667 0.00400454 -0.0014973 0.0080421
2.92083 0.00302714 -0.00152659 0.0086551
2.925 0.00106457 -0.00158579 0.00553589
2.92917 -0.00123218 -0.00140199 0.000561979
2.93333 -0.00322673 -0.00095409 -0.0041541
2.9375 -0.00419947 -0.000611598 -0.00719603
2.94167 -0.0035298 -0.000684267 -0.00793046
2.94583 -0.00123268 -0.000964231 -0.00613427
2.95 0.00171657 -0.000962509 -0.00199651
2.95417 0.00385427 -0.000610251 0.00337823
2.95833 0.00426156 -0.000453767 0.00785183
2.9625 0.00318417 -0.000962743 0.00928655
2.96667 0.0016044 -0.00181842 0.00712637
2.97083 0.000269914 -0.00221102 0.00293651
2.975 -0.000736939 -0.00186509 -0.000848154
2.97917 -0.00153603 -0.00143383 -0.00280522
2.98333 -0.00187676 -0.00163781 -0.00316333
2.9875 -0.00132269 -0.00222881 -0.00277045
2.99167 2.68867e-05 -0.00221514 -0.00187135
2.99583 0.00131424 -0.00115369 -0.000198888
