0 0 0 0
0.00416667 0 0 0
0.00833333 0 0 0
0.0125 0 0 0
0.0166667 0 0 0
0.0208333 0 0 0
0.025 0 0 0
0.0291667 0 0 0
0.0333333 0 0 0
0.0375 0 0 0
0.0416667 0 0 0
0.0458333 0 0 0
0.05 0 0 0
0.0541667 0 0 0
0.0583333 0 0 0
0.0625 0 0 0
0.0666667 0 0 0
0.0708333 0 0 0
0.075 0 0 0
0.0791667 0 0 0
0.0833333 0 0 0
0.0875 0 0 0
0.0916667 0 0 0
0.0958333 0 0 0
0.1 0 0 0
0.104167 0 0 0
0.108333 0 0 0
0.1125 0 0 0
0.116667 0 0 0
0.120833 0 0 0
0.125 -1.82804e-322 3.78948e-321 8.18173e-321
0.129167 -2.0713e-316 2.85593e-315 6.08258e-315
0.133333 -1.00455e-310 1.3401e-309 2.85475e-309
0.1375 -3.2105e-305 4.14804e-304 8.83831e-304
0.141667 -6.93329e-300 8.68414e-299 1.85076e-298
0.145833 -1.03514e-294 1.25803e-293 2.68173e-293
0.15 -1.091e-289 1.28762e-288 2.74546e-288
0.154167 -8.27439e-285 9.49104e-284 2.02417e-283
0.158333 -4.59593e-280 5.12734e-279 1.09379e-278
0.1625 -1.9001e-275 2.0632e-274 4.40247e-274
0.166667 -5.93523e-271 6.27688e-270 1.33972e-269
0.170833 -1.42026e-266 1.46383e-265 3.12521e-265
0.175 -2.63716e-262 2.65056e-261 5.66038e-261
0.179167 -3.84511e-258 3.77086e-257 8.0551e-257
0.183333 -4.4514e-254 4.26181e-253 9.1065e-253
0.1875 -4.13408e-250 3.86607e-249 8.26335e-249
0.191667 -3.10983e-246 2.84208e-245 6.07653e-245
0.195833 -1.91195e-242 1.70841e-241 3.65382e-241
0.2 -9.68857e-239 8.46814e-238 1.81168e-237
0.204167 -4.07862e-235 3.48854e-234 7.46581e-234
0.208333 -1.437e-231 1.20329e-230 2.576e-230
0.2125 -4.26691e-228 3.49931e-227 7.49388e-227
0.216667 -1.07482e-224 8.63624e-224 1.85011e-223
0.220833 -2.311e-221 1.82e-220 3.9003e-220
0.225 -4.2662e-218 3.29417e-217 7.06201e-217
0.229167 -6.79903e-215 5.14913e-214 1.10427e-213
0.233333 -9.40325e-212 6.98694e-211 1.49896e-210
0.2375 -1.13415e-208 8.27064e-208 1.77502e-207
0.241667 -1.19853e-205 8.58043e-205 1.84222e-204
0.245833 -1.11465e-202 7.83633e-202 1.68312e-201
0.25 -9.16126e-200 6.32656e-199 1.35939e-198
0.254167 -6.68087e-197 4.53316e-196 9.74433e-196
0.258333 -4.33927e-194 2.8937e-193 6.22276e-193
0.2625 -2.51926e-191 1.65154e-190 3.55303e-190
0.266667 -1.31187e-188 8.4565e-188 1.82006e-187
0.270833 -6.14743e-186 3.89744e-185 8.39193e-185
0.275 -2.60037e-183 1.62183e-182 3.49364e-182
0.279167 -9.95883e-181 6.11168e-180 1.31712e-179
0.283333 -3.46298e-178 2.09158e-177 4.50958e-177
0.2875 -1.09632e-175 6.51818e-175 1.406e-174
0.291667 -3.16814e-173 1.85456e-172 4.00224e-172
0.295833 -8.37776e-171 4.82946e-170 1.04271e-169
0.3 -2.03209e-168 1.1538e-167 2.49231e-167
0.304167 -4.5315e-166 2.53467e-165 5.47778e-165
0.308333 -9.31052e-164 5.13127e-163 1.10948e-162
0.3125 -1.76625e-161 9.59283e-161 2.07519e-160
0.316667 -3.09991e-159 1.65944e-158 3.59163e-158
0.320833 -5.04322e-157 2.66138e-156 5.76313e-156
0.325 -7.61963e-155 3.96449e-154 8.58942e-154
0.329167 -1.07104e-152 5.49514e-152 1.19119e-151
0.333333 -1.40302e-150 7.09944e-150 1.53977e-149
0.3375 -1.71567e-148 8.56329e-148 1.85826e-147
0.341667 -1.96156e-146 9.65868e-146 2.0971e-145
0.345833 -2.10009e-144 1.02028e-143 2.21646e-143
0.35 -2.10853e-142 1.01085e-141 2.19719e-141
0.354167 -1.98815e-140 9.40668e-140 2.04579e-139
0.358333 -1.76296e-138 8.23309e-138 1.79157e-137
0.3625 -1.47209e-136 6.78642e-136 1.47761e-135
0.366667 -1.15899e-134 5.27502e-134 1.1492e-133
0.370833 -8.6142e-133 3.87122e-132 8.4387e-132
0.375 -6.05145e-131 2.68553e-130 5.85753e-130
0.379167 -4.02266e-129 1.76306e-128 3.84781e-128
0.383333 -2.53315e-127 1.09659e-126 2.39472e-126
0.3875 -1.51276e-125 6.46889e-125 1.41353e-124
0.391667 -8.57615e-124 3.62303e-123 7.92163e-123
0.395833 -4.62027e-122 1.92845e-121 4.21913e-121
0.4 -2.36766e-120 9.76481e-120 2.13772e-119
0.404167 -1.1552e-118 4.7081e-118 1.03136e-117
0.408333 -5.3713e-117 2.16348e-116 4.74237e-116
0.4125 -2.38217e-115 9.48346e-115 2.08014e-114
0.416667 -1.00857e-113 3.96883e-113 8.71108e-113
0.420833 -4.07989e-112 1.58708e-111 3.48575e-111
0.425 -1.57814e-110 6.06918e-110 1.33388e-109
0.429167 -5.84173e-109 2.22122e-108 4.88506e-108
0.433333 -2.07092e-107 7.786e-107 1.71351e-106
0.4375 -7.03612e-106 2.61588e-105 5.76088e-105
0.441667 -2.29278e-104 8.42975e-104 1.85774e-103
0.445833 -7.17057e-103 2.60738e-102 5.75011e-102
0.45 -2.15378e-101 7.74603e-101 1.70945e-100
0.454167 -6.21709e-100 2.21169e-99 4.88438e-99
0.458333 -1.72581e-98 6.0732e-98 1.34218e-97
0.4625 -4.60982e-97 1.60482e-96 3.54922e-96
0.466667 -1.18556e-95 4.08331e-95 9.03718e-95
0.470833 -2.93744e-94 1.00099e-93 2.217e-93
0.475 -7.01561e-93 2.3655e-92 5.243e-92
0.479167 -1.61605e-91 5.39182e-91 1.19595e-90
0.483333 -3.59227e-90 1.18604e-89 2.63271e-89
0.4875 -7.70972e-89 2.51909e-88 5.59594e-88
0.491667 -1.5984e-87 5.16879e-87 1.14907e-86
0.495833 -3.20277e-86 1.02506e-85 2.28055e-85
0.5 -6.20539e-85 1.9658e-84 4.37683e-84
0.504167 -1.16311e-83 3.64719e-83 8.1267e-83
0.508333 -2.11e-82 6.54949e-82 1.4605e-81
0.5125 -3.70634e-81 1.13889e-80 2.54164e-80
0.516667 -6.30668e-80 1.91853e-79 4.2849e-79
0.520833 -1.04e-78 3.13221e-78 7.00113e-78
0.525 -1.66274e-77 4.95806e-77 1.10911e-76
0.529167 -2.57838e-76 7.61245e-76 1.70425e-75
0.533333 -3.87947e-75 1.13412e-74 2.54108e-74
0.5375 -5.6659e-74 1.64015e-73 3.67784e-73
0.541667 -8.03524e-73 2.30334e-72 5.16917e-72
0.545833 -1.10693e-71 3.14226e-71 7.05764e-71
0.55 -1.4818e-70 4.16572e-70 9.36405e-70
0.554167 -1.92822e-69 5.36848e-69 1.20777e-68
0.558333 -2.43987e-68 6.72782e-68 1.51484e-67
0.5625 -3.00308e-67 8.20166e-67 1.84823e-66
0.566667 -3.59664e-66 9.72912e-66 2.19427e-65
0.570833 -4.19268e-65 1.12338e-64 2.53575e-64
0.575 -4.75868e-64 1.26297e-63 2.85325e-63
0.579167 -5.26031e-63 1.38294e-62 3.12692e-62
0.583333 -5.66491e-62 1.47531e-61 3.33862e-61
0.5875 -5.94507e-61 1.53377e-60 3.47387e-60
0.591667 -6.08168e-60 1.55436e-59 3.52352e-59
0.595833 -6.06613e-59 1.53596e-58 3.48478e-58
0.6 -5.90115e-58 1.48032e-57 3.36144e-57
0.604167 -5.60032e-57 1.39185e-56 3.16328e-56
0.608333 -5.18619e-56 1.27704e-55 2.90484e-55
0.6125 -4.68763e-55 1.14365e-54 2.60368e-54
0.616667 -4.13648e-54 9.99921e-54 2.27844e-53
0.620833 -3.56439e-53 8.53741e-53 1.94705e-52
0.625 -2.99996e-52 7.11989e-52 1.62518e-51
0.629167 -2.46673e-51 5.80103e-51 1.32529e-50
0.633333 -1.98197e-50 4.61867e-50 1.05609e-49
0.6375 -1.55646e-49 3.59419e-49 8.22558e-49
0.641667 -1.1949e-48 2.73433e-48 6.26318e-48
0.645833 -8.96955e-48 2.034e-47 4.66311e-47
0.65 -6.58478e-47 1.47977e-46 3.39545e-46
0.654167 -4.72855e-46 1.05307e-45 2.41848e-45
0.658333 -3.32211e-45 7.33217e-45 1.68537e-44
0.6625 -2.28392e-44 4.99566e-44 1.1493e-43
0.666667 -1.53676e-43 3.33136e-43 7.6708e-43
0.670833 -1.01221e-42 2.17467e-42 5.01176e-42
0.675 -6.52748e-42 1.3899e-41 3.20596e-41
0.679167 -4.12199e-41 8.69892e-41 2.00824e-40
0.683333 -2.54933e-40 5.33226e-40 1.23208e-39
0.6875 -1.54444e-39 3.20178e-39 7.40443e-39
0.691667 -9.16672e-39 1.88353e-38 4.35959e-38
0.695833 -5.33112e-38 1.08573e-37 2.51516e-37
0.7 -3.03844e-37 6.13343e-37 1.42206e-36
0.704167 -1.69736e-36 3.39611e-36 7.88068e-36
0.708333 -9.29504e-36 1.84339e-35 4.28119e-35
0.7125 -4.99046e-35 9.81001e-35 2.28024e-34
0.716667 -2.62725e-34 5.11915e-34 1.19089e-33
0.720833 -1.35641e-33 2.61974e-33 6.09944e-33
0.725 -6.86854e-33 1.31494e-32 3.06404e-32
0.729167 -3.41174e-32 6.47437e-32 1.50986e-31
0.733333 -1.66257e-31 3.12739e-31 7.29913e-31
0.7375 -7.94921e-31 1.48221e-30 3.46215e-30
0.741667 -3.72958e-30 6.89342e-30 1.61143e-29
0.745833 -1.71726e-29 3.14631e-29 7.36065e-29
0.75 -7.76067e-29 1.40947e-28 3.29994e-28
0.754167 -3.44266e-28 6.19792e-28 1.45219e-27
0.758333 -1.49922e-27 2.67555e-27 6.27358e-27
0.7625 -6.40997e-27 1.13397e-26 2.66086e-26
0.766667 -2.69095e-26 4.719e-26 1.10812e-25
0.770833 -1.10932e-25 1.92841e-25 4.53152e-25
0.775 -4.491e-25 7.73908e-25 1.81985e-24
0.779167 -1.78569e-24 3.05039e-24 7.17787e-24
0.783333 -6.97399e-24 1.18095e-23 2.78074e-23
0.7875 -2.67548e-23 4.49113e-23 1.05819e-22
0.791667 -1.00832e-22 1.67787e-22 3.95585e-22
0.795833 -3.73343e-22 6.15841e-22 1.45284e-21
0.8 -1.35818e-21 2.22086e-21 5.24234e-21
0.804167 -4.85482e-21 7.86938e-21 1.85863e-20
0.808333 -1.70525e-20 2.74004e-20 6.4751e-20
0.8125 -5.88605e-20 9.37549e-20 2.21673e-19
0.816667 -1.99667e-19 3.15266e-19 7.45784e-19
0.820833 -6.65672e-19 1.04191e-18 2.46588e-18
0.825 -2.18125e-18 3.38432e-18 8.01326e-18
0.829167 -7.02527e-18 1.0805e-17 2.55944e-17
0.833333 -2.22408e-17 3.39082e-17 8.03517e-17
0.8375 -6.92128e-17 1.046e-16 2.47958e-16
0.841667 -2.11731e-16 3.17189e-16 7.52156e-16
0.845833 -6.36739e-16 9.45541e-16 2.24283e-15
0.85 -1.88247e-15 2.77095e-15 6.57442e-15
0.854167 -5.47133e-15 7.98314e-15 1.89452e-14
0.858333 -1.56339e-14 2.26112e-14 5.36695e-14
0.8625 -4.39197e-14 6.29633e-14 1.49469e-13
0.866667 -1.21303e-13 1.72372e-13 4.09235e-13
0.870833 -3.29389e-13 4.63946e-13 1.10153e-12
0.875 -8.79373e-13 1.22769e-12 2.91486e-12
0.879167 -2.30814e-12 3.19398e-12 7.58298e-12
0.883333 -5.95628e-12 8.16943e-12 1.93935e-11
0.8875 -1.51114e-11 2.0543e-11 4.87596e-11
0.891667 -3.76917e-11 5.07854e-11 1.20516e-10
0.895833 -9.24247e-11 1.23427e-10 2.92816e-10
0.9 -2.22802e-10 2.9489e-10 6.99357e-10
0.904167 -5.27987e-10 6.92592e-10 1.64187e-09
0.908333 -1.22994e-09 1.59898e-09 3.78877e-09
0.9125 -2.8163e-09 3.62855e-09 8.5931e-09
0.916667 -6.3385e-09 8.09331e-09 1.91545e-08
0.920833 -1.4021e-08 1.77416e-08 4.19593e-08
0.925 -3.04806e-08 3.8221e-08 9.03215e-08
0.929167 -6.5116e-08 8.09131e-08 1.91039e-07
0.933333 -1.36689e-07 1.68307e-07 3.96988e-07
0.9375 -2.81913e-07 3.43962e-07 8.10424e-07
0.941667 -5.71198e-07 6.90548e-07 1.62508e-06
0.945833 -1.13683e-06 1.36175e-06 3.20044e-06
0.95 -2.2222e-06 2.63732e-06 6.18947e-06
0.954167 -4.26565e-06 5.01563e-06 1.17527e-05
0.958333 -8.03954e-06 9.36506e-06 2.19071e-05
0.9625 -1.48745e-05 1.71649e-05 4.00785e-05
0.966667 -2.70107e-05 3.08765e-05 7.19496e-05
0.970833 -4.81297e-05 5.44974e-05 0.000126716
0.975 -8.41344e-05 9.4358e-05 0.000218884
0.979167 -0.000144245 0.000160221 0.000370721
0.983333 -0.000242477 0.000266727 0.000615457
0.9875 -0.000399523 0.000435193 0.00100119
0.991667 -0.000644998 0.000695669 0.00159525
0.995833 -0.00101988 0.00108907 0.00248861
1 -0.00157878 0.00166893 0.00379916
1.00417 -0.00239143 0.00250228 0.00567264
1.00833 -0.00354255 0.00366856 0.00827916
1.0125 -0.00512888 0.00525577 0.0118029
1.01667 -0.00725208 0.00735252 0.0164226
1.02083 -0.0100063 0.0100352 0.0222818
1.025 -0.01346 0.0133497 0.0294473
1.02917 -0.017631 0.0172889 0.0378591
1.03333 -0.0224589 0.0217678 0.047278
1.0375 -0.0277763 0.0265998 0.0572394
1.04167 -0.0332862 0.0314813 0.067027
1.04583 -0.0385524 0.0359907 0.0756828
1.05 -0.0430124 0.0396078 0.0820644
1.05417 -0.0460185 0.04176 0.0849599
1.05833 -0.0469089 0.0418935 0.0832553
1.0625 -0.0451078 0.0395657 0.0761372
1.06667 -0.0402383 0.0345419 0.063296
1.07083 -0.0322301 0.0268797 0.0450851
1.075 -0.0213946 0.0169759 0.0225849
1.07917 -0.00844066 0.00555638 -0.00246491
1.08333 0.00558509 -0.00640214 -0.0278802
1.0875 0.0194378 -0.0178128 -0.0513684
1.09167 0.0318729 -0.02766 -0.0709235
1.09583 0.0418636 -0.0351801 -0.0851863
1.1 0.0487854 -0.039998 -0.0936716
1.10417 0.0525138 -0.0421776 -0.0967899
1.10833 0.0534042 -0.0421691 -0.0956504
1.1125 0.0521556 -0.0406669 -0.0917021
1.11667 0.0496001 -0.0384222 -0.0863352
1.12083 0.04649 -0.0360759 -0.0805904
1.125 0.0433618 -0.0340715 -0.0750913
1.12917 0.0405318 -0.0326814 -0.0702287
1.13333 0.0382223 -0.0321287 -0.0665122
1.1375 0.0367583 -0.0327413 -0.064903
1.14167 0.0367266 -0.0350445 -0.0669165
1.14583 0.0389848 -0.0397137 -0.0743444
1.15 0.0444585 -0.0473559 -0.0886049
1.15417 0.0537533 -0.0581723 -0.109909
1.15833 0.0667062 -0.0716212 -0.136569
1.1625 0.0820629 -0.0862316 -0.164793
1.16667 0.0974516 -0.0996855 -0.18915
1.17083 0.10973 -0.109193 -0.203661
1.175 0.115642 -0.112073 -0.203197
1.17917 0.112577 -0.106352 -0.184698
1.18333 0.0991901 -0.0912014 -0.147814
1.1875 0.0756528 -0.0670543 -0.0947653
1.19167 0.0434936 -0.0354213 -0.0295603
1.19583 0.00512621 0.00149282 0.0430188
1.2 -0.0366966 0.0411838 0.118216
1.20417 -0.079272 0.0810994 0.191597
1.20833 -0.120057 0.118705 0.258877
1.2125 -0.156561 0.151442 0.315591
1.21667 -0.186202 0.176731 0.357037
1.22083 -0.206349 0.192152 0.378722
1.225 -0.214644 0.195812 0.377281
1.22917 -0.20953 0.186794 0.351473
1.23333 -0.190762 0.165497 0.302828
1.2375 -0.159671 0.133699 0.235611
1.24167 -0.119038 0.0943171 0.156146
1.24583 -0.0726425 0.0509323 0.0717706
1.25 -0.0246639 0.00727324 -0.0101798
1.25417 0.0208653 -0.0332069 -0.0831241
1.25833 0.0604359 -0.0675983 -0.141717
1.2625 0.0912949 -0.0936929 -0.182208
1.26667 0.111622 -0.110108 -0.202787
1.27083 0.120696 -0.116409 -0.203845
1.275 0.119008 -0.113174 -0.18794
1.27917 0.108199 -0.101929 -0.159295
1.28333 0.0907411 -0.0848889 -0.122898
1.2875 0.0694413 -0.0645697 -0.0835535
1.29167 0.0469408 -0.0434044 -0.0452764
1.29583 0.0254183 -0.0234771 -0.0112122
1.3 0.00655926 -0.00640922 0.0161333
1.30417 -0.00834142 0.00668317 0.0347985
1.30833 -0.0183674 0.015265 0.0437215
1.3125 -0.0231848 0.0195078 0.0434076
1.31667 -0.0233448 0.0203453 0.036328
1.32083 -0.0203741 0.0192856 0.0264397
1.325 -0.0163894 0.0179155 0.0177287
1.32917 -0.0132701 0.0172621 0.0124366
1.33333 -0.0118043 0.0173655 0.0100717
1.3375 -0.0113702 0.0173865 0.00799981
1.34167 -0.0104667 0.0162875 0.00344344
1.34583 -0.00786939 0.0137394 -0.00429788
1.35 -0.00370765 0.0106847 -0.0129041
1.35417 0.000285871 0.00912829 -0.0181443
1.35833 0.00162156 0.0111798 -0.0164643
1.3625 -0.00146273 0.017865 -0.0074109
1.36667 -0.00881019 0.0284175 0.00573869
1.37083 -0.0182391 0.0404947 0.0176257
1.375 -0.0266246 0.0512004 0.0237048
1.37917 -0.0314923 0.058305 0.0225339
1.38333 -0.0321254 0.0609658 0.0160748
1.3875 -0.029553 0.0596214 0.00802911
1.39167 -0.0255673 0.0552815 0.00153424
1.39583 -0.0215414 0.0487752 -0.00219361
1.4 -0.0178461 0.040431 -0.00360121
1.40417 -0.0141079 0.0302577 -0.00356442
1.40833 -0.0098888 0.0183101 -0.0024663
1.4125 -0.00511447 0.00486449 -0.000377613
1.41667 7.99794e-05 -0.00969718 0.00202808
1.42083 0.00581265 -0.0250621 0.00297505
1.425 0.0126246 -0.0409038 0.000341628
1.42917 0.0210094 -0.0564868 -0.00665978
1.43333 0.0305865 -0.0702843 -0.016232
1.4375 0.039653 -0.0800669 -0.0244454
1.44167 0.0456848 -0.0836506 -0.0274311
1.44583 0.0466467 -0.079968 -0.023904
1.45 0.0422677 -0.0697861 -0.016151
1.45417 0.0343366 -0.0555277 -0.00862329
1.45833 0.025717 -0.0402205 -0.00503168
1.4625 0.018708 -0.0261959 -0.00599525
1.46667 0.0138721 -0.0143306 -0.00891615
1.47083 0.0101126 -0.00423788 -0.0101016
1.475 0.00585962 0.00485159 -0.00749784
1.47917 0.000425386 0.0132197 -0.00201236
1.48333 -0.00548058 0.0204088 0.00344722
1.4875 -0.0103833 0.0256584 0.00632209
1.49167 -0.0132298 0.0285625 0.00625039
1.49583 -0.0141496 0.0293585 0.0050382
1.5 -0.0142074 0.0286232 0.00492952
1.50417 -0.0144097 0.0266832 0.00667987
1.50833 -0.0148264 0.0233031 0.00900736
1.5125 -0.0145655 0.0179793 0.00980499
1.51667 -0.0126189 0.010644 0.00804474
1.52083 -0.00887257 0.00219681 0.00475944
1.525 -0.00442821 -0.00563549 0.00226616
1.52917 -0.000935001 -0.0111084 0.00225041
1.53333 0.000569715 -0.0134031 0.00428599
1.5375 0.000399582 -0.0130271 0.0060506
1.54167 -6.2458e-05 -0.0113672 0.00514988
1.54583 0.000528456 -0.00971405 0.00113974
1.55 0.00240106 -0.00846188 -0.00389952
1.55417 0.00447353 -0.00705565 -0.00680381
1.55833 0.0052189 -0.00468271 -0.0057528
1.5625 0.0039262 -0.00114011 -0.001795
1.56667 0.00135144 0.00282022 0.00181662
1.57083 -0.000797606 0.00594815 0.00208939
1.575 -0.00118043 0.0073897 -0.00130833
1.57917 9.02609e-05 0.00729214 -0.00564699
1.58333 0.00150163 0.00661113 -0.00718347
1.5875 0.00136001 0.00625477 -0.00414953
1.59167 -0.000756103 0.00626055 0.00168357
1.59583 -0.0034989 0.00571517 0.00621267
1.6 -0.00469382 0.00355003 0.00614808
1.60417 -0.0030524 -0.000383852 0.00163897
1.60833 0.000691931 -0.00484559 -0.00376659
1.6125 0.00418301 -0.00780468 -0.00587865
1.61667 0.00513737 -0.0077492 -0.00317011
1.62083 0.00303908 -0.00475119 0.00204244
1.625 -0.000501086 -0.000475476 0.00551591
1.62917 -0.00300896 0.00289924 0.00453174
1.63333 -0.00302187 0.00405754 4.79085e-05
1.6375 -0.00108473 0.00322303 -0.00419519
1.64167 0.00088244 0.00170048 -0.00481929
1.64583 0.00125257 0.000735041 -0.00155167
1.65 -1.79447e-05 0.000626519 0.00268996
1.65417 -0.00151244 0.000751696 0.00434828
1.65833 -0.00169993 0.000356463 0.00218968
1.6625 -0.000296342 -0.000641957 -0.00180142
1.66667 0.00151908 -0.00154567 -0.0042409
1.67083 0.00216339 -0.00151176 -0.0032213
1.675 0.00102287 -0.000327912 0.000202912
1.67917 -0.00104588 0.00137088 0.00306847
1.68333 -0.00247456 0.00261795 0.00305916
1.6875 -0.00230246 0.00288219 0.000353656
1.69167 -0.00092041 0.00240987 -0.00270137
1.69583 0.000349761 0.00188062 -0.00365892
1.7 0.000418683 0.00174476 -0.00195745
1.70417 -0.000681138 0.00186979 0.000777799
1.70833 -0.00190442 0.00179613 0.0022175
1.7125 -0.0021479 0.00131259 0.00125161
1.71667 -0.00120373 0.000768354 -0.00121912
1.72083 8.53514e-05 0.000802352 -0.00315341
1.725 0.000562172 0.00173002 -0.00307329
1.72917 -0.000263258 0.00315654 -0.00119426
1.73333 -0.0018037 0.00419054 0.000857261
1.7375 -0.00287371 0.00410726 0.0014133
1.74167 -0.00264542 0.00292755 7.87334e-05
1.74583 -0.00130376 0.00145295 -0.00202967
1.75 0.000107954 0.000730013 -0.00324498
1.75417 0.000505584 0.00133831 -0.00269916
1.75833 -0.000411673 0.00299982 -0.00097962
1.7625 -0.00196353 0.00476516 0.000403388
1.76667 -0.00304133 0.00564418 0.000279081
1.77083 -0.00295747 0.00526059 -0.00122691
1.775 -0.00193257 0.00408201 -0.0028193
1.77917 -0.000864149 0.00304185 -0.00313515
1.78333 -0.000579873 0.00280021 -0.00190501
1.7875 -0.00117008 0.00320589 -0.000190057
1.79167 -0.0019286 0.00342705 0.000531799
1.79583 -0.00195534 0.00269133 -0.000325307
1.8 -0.00093749 0.00101036 -0.00189258
1.80417 0.000549513 -0.000794599 -0.0025764
1.80833 0.00151616 -0.00184757 -0.00149249
1.8125 0.00144229 -0.00207966 0.000680082
1.81667 0.000796412 -0.00236655 0.0022691
1.82083 0.000677129 -0.00377055 0.00215625
1.825 0.00184105 -0.00657909 0.000867395
1.82917 0.00399208 -0.0100314 0.000107459
1.83333 0.00602235 -0.0129575 0.00111177
1.8375 0.00701069 -0.0147029 0.00340779
1.84167 0.00703168 -0.0155167 0.00526342
1.84583 0.00699173 -0.0161733 0.00542914
1.85 0.00767604 -0.0172921 0.00441116
1.85417 0.00898977 -0.0189574 0.00392599
1.85833 0.0101535 -0.0208063 0.00506564
1.8625 0.0105837 -0.0223229 0.00710816
1.86667 0.0104604 -0.0230612 0.00827679
1.87083 0.0103718 -0.022769 0.00766248
1.875 0.0105021 -0.0214979 0.00621779
1.87917 0.0103605 -0.0196442 0.0057059
1.88333 0.00939908 -0.0177717 0.00674795
1.8875 0.00778053 -0.0162513 0.00814245
1.89167 0.00633829 -0.01501 0.00821566
1.89583 0.00571279 -0.0136342 0.00667025
1.9 0.0056385 -0.0117079 0.00485877
1.90417 0.00520351 -0.00904637 0.00423554
1.90833 0.00379195 -0.00569217 0.00478681
1.9125 0.0016737 -0.00184323 0.00515386
1.91667 -0.000345956 0.00218363 0.00417115
1.92083 -0.00177164 0.0061142 0.00204121
1.925 -0.00287851 0.010052 -3.81177e-05
1.92917 -0.00440904 0.0145824 -0.00121481
1.93333 -0.00687543 0.0202537 -0.00181611
1.9375 -0.0101105 0.0268202 -0.00290671
1.94167 -0.0134222 0.0331794 -0.00512205
1.94583 -0.0161858 0.0382432 -0.00796056
1.95 -0.0183185 0.0417618 -0.0102397
1.95417 -0.0201532 0.0440996 -0.01129
1.95833 -0.0218284 0.0453212 -0.0116444
1.9625 -0.0228991 0.044847 -0.0123826
1.96667 -0.0226811 0.0420859 -0.013763
1.97083 -0.0209558 0.0371071 -0.0147439
1.975 -0.0181829 0.0304936 -0.0140781
1.97917 -0.0149666 0.0227385 -0.0117503
1.98333 -0.0114443 0.0140407 -0.00903455
1.9875 -0.0073012 0.00461889 -0.00710993
1.99167 -0.00233465 -0.00497646 -0.00587365
1.99583 0.00305664 -0.0138472 -0.00421721
2 0.00791453 -0.0209993 -0.00131996
2.00417 0.0113128 -0.02584 0.00238848
2.00833 0.0131081 -0.0286181 0.0054372
2.0125 0.0141106 -0.0301029 0.00657111
2.01667 0.0151878 -0.0305038 0.00607635
2.02083 0.0160573 -0.0290143 0.00572669
2.025 0.0153921 -0.0249681 0.00686159
2.02917 0.0125349 -0.0191941 0.00849099
2.03333 0.00871299 -0.0133985 0.00814956
2.0375 0.00581787 -0.00822729 0.00509204
2.04167 0.00412229 -0.00296977 0.00172485
2.04583 0.00215083 0.00253039 0.000816862
2.05 -0.000967208 0.00689916 0.00190489
2.05417 -0.0040452 0.00900285 0.00197015
2.05833 -0.00541337 0.00960712 -0.000387644
2.0625 -0.00510729 0.0100023 -0.0031533
2.06667 -0.00449034 0.0098591 -0.00383166
2.07083 -0.0042595 0.00816259 -0.0025915
2.075 -0.00401733 0.00570865 -0.00137855
2.07917 -0.0035202 0.00445538 -0.00117477
2.08333 -0.00298887 0.00430616 -0.00157597
2.0875 -0.00217766 0.00297846 -0.00211356
2.09167 -0.000593259 -0.000141747 -0.00233071
2.09583 0.00108009 -0.00251233 -0.00129932
2.1 0.00135598 -0.00232758 0.00101783
2.10417 0.000379797 -0.00152112 0.00248285
2.10833 0.000289385 -0.00254927 0.00117765
2.1125 0.00200774 -0.0042073 -0.00112441
2.11667 0.00338238 -0.00377949 -0.000684487
2.12083 0.00231279 -0.00192249 0.00254659
2.125 0.000254108 -0.00156175 0.0041794
2.12917 0.000114785 -0.00251143 0.00175208
2.13333 0.0015973 -0.00160125 -0.00134934
2.1375 0.00170085 0.00132066 -0.000950987
2.14167 -0.000240736 0.00221159 0.00165266
2.14583 -0.00139117 -0.000537547 0.00215521
2.15 -0.000139436 -0.00287929 0.000109649
2.15417 0.00131746 -0.00158131 -0.00104611
2.15833 0.000899335 0.000285011 -0.000131519
2.1625 0.000125693 -0.00131745 0.00034765
2.16667 0.00104486 -0.00409553 -0.00058973
2.17083 0.00223387 -0.00319455 -0.00051994
2.175 0.00131252 1.38943e-05 0.00137357
2.17917 -0.000359688 -0.000234744 0.00191437
2.18333 0.000383451 -0.00394331 -0.000606186
2.1875 0.00270695 -0.00445314 -0.00254353
2.19167 0.00244042 0.000605982 -0.00038141
2.19583 -0.00105352 0.00467853 0.00300421
2.2 -0.00325158 0.00243687 0.00237759
2.20417 -0.0013838 -0.00167324 -0.00147169
2.20833 0.00119728 -0.000687432 -0.00278665
2.2125 0.000381321 0.00380911 0.000162171
2.21667 -0.00238687 0.00487536 0.0026714
2.22083 -0.00291227 0.00168327 0.00129658
2.225 -0.000996887 -1.33522e-05 -0.00116659
2.22917 -9.12307e-06 0.00169737 -0.000913819
2.23333 -0.000821454 0.00195405 0.00086652
2.2375 -0.000787917 -0.0016092 0.000835713
2.24167 0.000983248 -0.00400868 -0.000611061
2.24583 0.00175113 -0.00131015 -0.000556067
2.25 6.31849e-05 0.0020859 0.000906668
2.25417 -0.00125282 0.000273445 0.000803133
2.25833 0.000370466 -0.00413033 -0.00121511
2.2625 0.00260286 -0.00368468 -0.00178078
2.26667 0.00157037 0.00197021 0.000578604
2.27083 -0.00187234 0.00533118 0.00249062
2.275 -0.00318498 0.00277765 0.000851732
2.27917 -0.00109913 -0.000156548 -0.0019422
2.28333 0.000560695 0.00163983 -0.00138827
2.2875 -0.000882931 0.0043956 0.00203119
2.29167 -0.00270273 0.0021224 0.00335202
2.29583 -0.00135946 -0.00282755 0.000795832
2.3 0.00157433 -0.00329531 -0.00144679
2.30417 0.00192872 0.00062756 0.000113214
2.30833 -0.00020509 0.00147956 0.00278336
2.3125 -0.000709634 -0.00290326 0.00224866
2.31667 0.00151244 -0.00519208 -0.000430498
2.32083 0.00257812 -0.000647024 -0.000985211
2.325 0.000280363 0.00446041 0.000671295
2.32917 -0.00190861 0.00273973 0.000654096
2.33333 -0.000567838 -0.00231027 -0.00162512
2.3375 0.0018711 -0.00246262 -0.00226152
2.34167 0.00137231 0.00137118 -0.000113904
2.34583 -0.000636604 0.0012433 0.000625552
2.35 0.000220185 -0.00370977 -0.00220946
2.35417 0.00341878 -0.00586342 -0.00435888
2.35833 0.00419974 -0.00267451 -0.00214735
2.3625 0.00180757 -0.00114189 0.000907414
2.36667 0.000904922 -0.00534813 -0.000285971
2.37083 0.00358869 -0.00923243 -0.00390326
2.375 0.00587784 -0.00722525 -0.0043422
2.37917 0.00458145 -0.00369605 -0.00136238
2.38333 0.00238661 -0.00479789 0.000258685
2.3875 0.00271635 -0.00772999 -0.00105258
2.39167 0.00400335 -0.00621349 -0.00207745
2.39583 0.00313689 -0.00157147 -0.00121166
2.4 0.00101454 0.000254349 -0.000488841
2.40417 0.000264203 -0.000701672 -0.000669966
2.40833 0.000226281 0.000485211 9.48235e-05
2.4125 -0.00124086 0.0038991 0.00163757
2.41667 -0.00303439 0.00464852 0.00112275
2.42083 -0.00251911 0.00193394 -0.00142142
2.425 -0.000591621 0.000336662 -0.00201945
2.42917 -0.00046958 0.00153789 0.000668755
2.43333 -0.00215549 0.00196186 0.00250246
2.4375 -0.00252443 -0.000107366 0.000430055
2.44167 -0.000773433 -0.00166383 -0.00243603
2.44583 0.000444645 -0.000982992 -0.00187047
2.45 -0.000290091 -0.00041604 0.000903339
2.45417 -0.001293 -0.00102203 0.00180498
2.45833 -0.00140365 -0.000162374 0.000450074
2.4625 -0.00177751 0.00284124 -0.000272709
2.46667 -0.0028231 0.00420527 0.000452197
2.47083 -0.002889 0.00236884 0.000931565
2.475 -0.00175431 0.00191442 0.00113129
2.47917 -0.00204379 0.00614204 0.00268861
2.48333 -0.00471859 0.0104176 0.00460196
2.4875 -0.00631315 0.00903674 0.00370366
2.49167 -0.0040767 0.0051579 0.000710441
2.49583 -0.00124336 0.00628464 0.000770578
2.5 -0.00261884 0.0116237 0.00516653
2.50417 -0.00650839 0.0128414 0.0075282
2.50833 -0.00670048 0.00808373 0.00316823
2.5125 -0.00250007 0.0055437 -0.00224541
2.51667 -0.000371907 0.00939337 -0.000440211
2.52083 -0.00350615 0.0118961 0.00596931
2.525 -0.00628393 0.00648095 0.00680053
2.52917 -0.00346383 -0.000155497 0.000493272
2.53333 0.00105307 0.000929304 -0.0033333
2.5375 0.000972328 0.00496574 0.000355869
2.54167 -0.00170511 0.00141096 0.00432797
2.54583 -0.000736157 -0.00693067 0.00199478
2.55 0.00298897 -0.00794775 -0.00208983
2.55417 0.00337646 -0.00164702 -0.00169693
2.55833 0.000708276 -0.000724814 0.000187233
2.5625 0.00117697 -0.00801594 -0.001399
2.56667 0.00486755 -0.0109203 -0.00322151
2.57083 0.00487521 -0.00369724 -0.000771127
2.575 0.000194567 0.00197502 0.00154795
2.57917 -0.00141198 -0.0024347 -0.00197983
2.58333 0.00291759 -0.00724473 -0.00638865
2.5875 0.0052851 -0.00194739 -0.00346115
2.59167 0.000426037 0.00624351 0.00323336
2.59583 -0.0048514 0.00539878 0.00324121
2.6 -0.00293609 -0.0006523 -0.00337689
2.60417 0.00213586 -0.000274392 -0.0061079
2.60833 0.00198032 0.00547438 -0.000997602
2.6125 -0.00256248 0.00587062 0.00402812
2.61667 -0.0039492 -0.000654965 0.00227016
2.62083 -0.000150691 -0.00520102 -0.00296659
2.625 0.00369906 -0.00392628 -0.00512418
2.62917 0.0039595 -0.00252765 -0.00287553
2.63333 0.00235837 -0.00524406 0.000337165
2.6375 0.0019022 -0.00905579 0.000767241
2.64167 0.0033086 -0.00992725 -0.00243126
2.64583 0.00525799 -0.00835727 -0.00587364
2.65 0.00593675 -0.00760761 -0.00514906
2.65417 0.00496009 -0.0096284 -0.00110247
2.65833 0.00419303 -0.0127417 0.000570574
2.6625 0.00509736 -0.0129215 -0.00215453
2.66667 0.00611546 -0.00926037 -0.00460274
2.67083 0.00532871 -0.00653607 -0.00324831
2.675 0.00400915 -0.00810501 -0.000619405
2.67917 0.00388904 -0.00921083 0.000417707
2.68333 0.00324733 -0.00426566 0.000902898
2.6875 0.000354662 0.00247364 0.0014917
2.69167 -0.00193894 0.00283884 0.000587308
2.69583 -0.000670538 -0.00125679 -0.000664753
2.7 0.00105285 -0.000780177 0.0014035
2.70417 -0.00121249 0.00489572 0.00548496
2.70833 -0.00504265 0.0073075 0.00565336
2.7125 -0.00480262 0.00378676 0.00146773
2.71667 -0.00132217 0.00132154 -0.000286563
2.72083 -0.000527937 0.00415213 0.0035435
2.725 -0.00379414 0.00799928 0.00769549
2.72917 -0.00663021 0.00871784 0.0072275
2.73333 -0.00629803 0.0080133 0.00407084
2.7375 -0.00480471 0.00860012 0.00254873
2.74167 -0.00470073 0.0102664 0.00403529
2.74583 -0.0063188 0.0117434 0.00719008
2.75 -0.00845617 0.0119595 0.00904322
2.75417 -0.00902723 0.0102137 0.00678846
2.75833 -0.00684801 0.00804548 0.00239983
2.7625 -0.00425004 0.00799956 0.00206901
2.76667 -0.0046252 0.00866426 0.006798
2.77083 -0.00665383 0.00611105 0.0091298
2.775 -0.00578131 0.00146941 0.00453002
2.77917 -0.00187406 -0.000274655 -0.000962266
2.78333 0.000638288 0.00011854 -0.000857826
2.7875 0.000655359 -0.00289938 0.00160556
2.79167 0.00154402 -0.00833618 0.000559394
2.79583 0.00401496 -0.00943207 -0.00284689
2.8 0.00528316 -0.00674028 -0.00508484
2.80417 0.00557201 -0.00789892 -0.00698477
2.80833 0.00770208 -0.0129887 -0.00929439
2.8125 0.0102804 -0.0136027 -0.0093084
2.81667 0.00936785 -0.00832446 -0.007514
2.82083 0.00650765 -0.00528471 -0.00910359
2.825 0.00675821 -0.00719304 -0.0141227
2.82917 0.00941565 -0.00749789 -0.0155218
2.83333 0.00916432 -0.00354512 -0.0113103
2.8375 0.00565559 -0.000490592 -0.00858684
2.84167 0.0036549 -0.000413954 -0.0113965
2.84583 0.00453221 0.000401142 -0.0147084
2.85 0.00522607 0.00263603 -0.0141372
2.85417 0.0044766 0.00333611 -0.0119916
2.85833 0.00349922 0.00322341 -0.0109426
2.8625 0.0024401 0.00456366 -0.0106389
2.86667 0.00164073 0.00458346 -0.0116523
2.87083 0.00315933 0.000593727 -0.0142062
2.875 0.00636615 -0.00303474 -0.0140305
2.87917 0.00678325 -0.00233019 -0.00826953
2.88333 0.0035616 -0.00171154 -0.00250427
2.8875 0.00195166 -0.00533159 -0.00243028
2.89167 0.00413475 -0.00834024 -0.00303506
2.89583 0.00484415 -0.0059917 0.00355524
2.9 0.000528221 -0.00260483 0.0145371
2.90417 -0.00481118 -0.00250786 0.0215365
2.90833 -0.00730645 -0.00166681 0.0240923
2.9125 -0.00902657 0.00316702 0.0275619
2.91667 -0.0121 0.0070788 0.0326026
2.92083 -0.0145483 0.00656814 0.0361201
2.925 -0.0152341 0.00617322 0.0375948
2.92917 -0.0157805 0.00879376 0.0369152
2.93333 -0.0155524 0.00996143 0.0319213
2.9375 -0.0119537 0.00732194 0.0239644
2.94167 -0.00650771 0.00514553 0.0186105
2.94583 -0.00320704 0.00512163 0.0162632
2.95 -0.00108745 0.00331641 0.0107524
2.95417 0.00392269 -0.000898619 0.000933978
2.95833 0.010904 -0.00341731 -0.00609704
2.9625 0.0153944 -0.00401679 -0.00663075
2.96667 0.017105 -0.00601441 -0.00510748
2.97083 0.0188035 -0.00802749 -0.00472751
2.975 0.0201179 -0.00655343 -0.00328821
2.97917 0.0194306 -0.00439421 3.59675e-05
2.98333 0.0184737 -0.00584848 0.00337542
2.9875 0.0185372 -0.00730324 0.00776272
2.99167 0.0165387 -0.00349465 0.0147299
2.99583 0.0109784 0.00170869 0.0199606
