0 0 0 0
0.00416667 0 0 0
0.00833333 0 0 0
0.0125 0 0 0
0.0166667 0 0 0
0.0208333 0 0 0
0.025 0 0 0
0.0291667 0 0 0
0.0333333 0 0 0
0.0375 0 0 0
0.0416667 0 0 0
0.0458333 0 0 0
0.05 0 0 0
0.0541667 0 0 0
0.0583333 0 0 0
0.0625 0 0 0
0.0666667 0 0 0
0.0708333 0 0 0
0.075 0 0 0
0.0791667 0 0 0
0.0833333 0 0 0
0.0875 0 0 0
0.0916667 0 0 0
0.0958333 0 0 0
0.1 0 0 0
0.104167 0 0 0
0.108333 0 0 0
0.1125 0 0 0
0.116667 0 0 0
0.120833 0 0 0
0.125 0 0 0
0.129167 0 0 0
0.133333 0 0 0
0.1375 0 0 0
0.141667 0 0 0
0.145833 0 0 0
0.15 0 0 0
0.154167 0 0 0
0.158333 0 0 0
0.1625 0 0 0
0.166667 0 0 0
0.170833 0 0 0
0.175 0 0 0
0.179167 0 0 0
0.183333 0 0 0
0.1875 0 0 0
0.191667 0 0 0
0.195833 0 0 0
0.2 0 0 0
0.204167 0 0 0
0.208333 -2.25096e-320 -8.99199e-322 6.17424e-319
0.2125 -9.31433e-317 -4.194e-318 2.49123e-315
0.216667 -3.24664e-313 -1.42681e-314 8.51247e-312
0.220833 -9.64313e-310 -4.13572e-311 2.47949e-308
0.225 -2.4553e-306 -1.0276e-307 6.19343e-305
0.229167 -5.38957e-303 -2.20131e-304 1.33418e-301
0.233333 -1.02538e-299 -4.08765e-301 2.49186e-298
0.2375 -1.6994e-296 -6.61344e-298 4.05561e-295
0.241667 -2.46528e-293 -9.36799e-295 5.77942e-292
0.245833 -3.14462e-290 -1.16715e-291 7.24395e-289
0.25 -3.5422e-287 -1.28455e-288 8.0204e-286
0.254167 -3.538e-284 -1.25405e-285 7.87624e-283
0.258333 -3.14566e-281 -1.09023e-282 6.88699e-280
0.2625 -2.49885e-278 -8.47185e-280 5.38184e-277
0.266667 -1.77982e-275 -5.90509e-277 3.77181e-274
0.270833 -1.14045e-272 -3.70448e-274 2.37871e-271
0.275 -6.5953e-270 -2.09832e-271 1.35423e-268
0.279167 -3.45283e-267 -1.07643e-268 6.98116e-266
0.283333 -1.64123e-264 -5.01576e-266 3.26824e-263
0.2875 -7.10272e-262 -2.12878e-263 1.39334e-260
0.291667 -2.80611e-259 -8.25136e-261 5.42398e-258
0.295833 -1.01466e-256 -2.92835e-258 1.93286e-255
0.3 -3.36611e-254 -9.53848e-256 6.32072e-253
0.304167 -1.02696e-251 -2.85829e-253 1.90122e-250
0.308333 -2.88781e-249 -7.89719e-251 5.27194e-248
0.3125 -7.50092e-247 -2.01608e-248 1.35057e-245
0.316667 -1.80339e-244 -4.76539e-246 3.20311e-243
0.320833 -4.0212e-242 -1.04496e-243 7.04682e-241
0.325 -8.33194e-240 -2.12972e-241 1.44083e-238
0.329167 -1.60716e-237 -4.04146e-239 2.743e-236
0.333333 -2.89112e-235 -7.15275e-237 4.87081e-234
0.3375 -4.85851e-233 -1.18247e-234 8.0812e-232
0.341667 -7.6399e-231 -1.82835e-232 1.25477e-229
0.345833 -1.12592e-228 -2.64678e-230 1.82621e-227
0.35 -1.55752e-226 -3.58897e-228 2.49518e-225
0.354167 -2.02539e-224 -4.55624e-226 3.20528e-223
0.358333 -2.47956e-222 -5.40353e-224 3.8768e-221
0.3625 -2.86192e-220 -5.95414e-222 4.4213e-219
0.366667 -3.11886e-218 -6.02257e-220 4.7613e-217
0.370833 -3.21407e-216 -5.44043e-218 4.84899e-215
0.375 -3.13734e-214 -4.08132e-216 4.67776e-213
0.379167 -2.90644e-212 -1.88329e-214 4.28249e-211
0.383333 -2.56155e-210 1.13043e-212 3.72928e-209
0.3875 -2.15465e-208 4.83376e-210 3.09834e-207
0.391667 -1.73741e-206 8.98815e-208 2.46606e-205
0.395833 -1.35136e-204 1.32504e-205 1.89128e-203
0.4 -1.02249e-202 1.72065e-203 1.40877e-201
0.404167 -7.60857e-201 2.04323e-201 1.02983e-199
0.408333 -5.63708e-199 2.25702e-199 7.47801e-198
0.4125 -4.20542e-197 2.34027e-197 5.45697e-196
0.416667 -3.18028e-195 2.28971e-195 4.03309e-194
0.420833 -2.43676e-193 2.1209e-193 3.02191e-192
0.425 -1.8781e-191 1.86411e-191 2.28183e-190
0.429167 -1.44026e-189 1.5573e-189 1.71844e-188
0.433333 -1.08675e-187 1.23825e-187 1.2763e-186
0.4375 -7.99392e-186 9.38155e-186 9.25832e-185
0.441667 -5.69402e-184 6.77976e-184 6.51259e-183
0.445833 -3.91012e-182 4.67768e-182 4.42102e-181
0.45 -2.58176e-180 3.08391e-180 2.88767e-179
0.454167 -1.63669e-178 1.9444e-178 1.81177e-177
0.458333 -9.95521e-177 1.17335e-176 1.09104e-175
0.4625 -5.80903e-175 6.78196e-175 6.30458e-174
0.466667 -3.25233e-173 3.75745e-173 3.49612e-172
0.470833 -1.74772e-171 1.99687e-171 1.8611e-170
0.475 -9.01865e-170 1.01866e-169 9.51468e-169
0.479167 -4.47125e-168 4.99143e-168 4.67394e-167
0.483333 -2.13099e-166 2.35083e-166 2.20738e-165
0.4875 -9.76902e-165 1.06487e-164 1.00282e-163
0.491667 -4.31014e-163 4.64221e-163 4.38508e-162
0.495833 -1.83129e-161 1.94881e-161 1.84667e-160
0.5 -7.4972e-160 7.88289e-160 7.49391e-159
0.504167 -2.95913e-158 3.07417e-158 2.93211e-157
0.508333 -1.12667e-156 1.15649e-156 1.10675e-155
0.5125 -4.14027e-155 4.19918e-155 4.03227e-154
0.516667 -1.46926e-153 1.47242e-153 1.41878e-152
0.520833 -5.03772e-152 4.98851e-152 4.8236e-151
0.525 -1.66976e-150 1.63382e-150 1.58541e-149
0.529167 -5.35276e-149 5.17548e-149 5.04013e-148
0.533333 -1.66042e-147 1.58643e-147 1.55054e-146
0.5375 -4.98634e-146 4.70786e-146 4.61824e-145
0.541667 -1.45035e-144 1.3532e-144 1.33236e-143
0.545833 -4.08778e-143 3.76905e-143 3.7249e-142
0.55 -1.11692e-141 1.01772e-141 1.00961e-140
0.554167 -2.95982e-140 2.66528e-140 2.65414e-139
0.558333 -7.61031e-139 6.77263e-139 6.77036e-138
0.5625 -1.89939e-137 1.67053e-137 1.67648e-136
0.566667 -4.60341e-136 4.00139e-136 4.03145e-135
0.570833 -1.08385e-134 9.31105e-135 9.4183e-134
0.575 -2.48003e-133 2.10566e-133 2.13846e-132
0.579167 -5.51703e-132 4.62963e-132 4.72079e-131
0.583333 -1.19365e-130 9.89997e-131 1.01361e-129
0.5875 -2.51266e-129 2.05972e-129 2.11756e-128
0.591667 -5.14787e-128 4.17089e-128 4.30583e-127
0.595833 -1.02686e-126 8.22324e-127 8.52493e-126
0.6 -1.99497e-125 1.57907e-125 1.64393e-124
0.604167 -3.77614e-124 2.95428e-124 3.08876e-123
0.608333 -6.96609e-123 5.38685e-123 5.6563e-122
0.6125 -1.25285e-121 9.57613e-122 1.00988e-120
0.616667 -2.19742e-120 1.66018e-120 1.75845e-119
0.620833 -3.75985e-119 2.80779e-119 2.98711e-118
0.625 -6.27768e-118 4.63392e-118 4.9518e-117
0.629167 -1.02313e-116 7.46511e-117 8.01298e-116
0.633333 -1.62812e-115 1.17423e-115 1.26611e-114
0.6375 -2.53044e-114 1.80396e-114 1.95396e-113
0.641667 -3.84218e-113 2.70753e-113 2.94612e-112
0.645833 -5.701e-112 3.97112e-112 4.34104e-111
0.65 -8.26862e-111 5.69329e-111 6.25263e-110
0.654167 -1.17257e-109 7.98064e-110 8.80583e-109
0.658333 -1.62621e-108 1.09408e-108 1.21291e-107
0.6625 -2.20629e-107 1.46725e-107 1.63436e-106
0.666667 -2.92887e-106 1.92537e-106 2.15494e-105
0.670833 -3.80536e-105 2.47276e-105 2.78097e-104
0.675 -4.84009e-104 3.10894e-104 3.51345e-103
0.679167 -6.02803e-103 3.82743e-103 4.34661e-102
0.683333 -7.35293e-102 4.61493e-102 5.26678e-101
0.6875 -8.78632e-101 5.45109e-101 6.25194e-100
0.691667 -1.02875e-99 6.30899e-100 7.27204e-99
0.695833 -1.1805e-98 7.15627e-99 8.29017e-98
0.7 -1.32791e-97 7.95714e-98 9.26463e-97
0.704167 -1.46454e-96 8.67484e-97 1.01517e-95
0.708333 -1.58402e-95 9.27445e-96 1.09091e-94
0.7125 -1.68048e-94 9.72581e-95 1.14991e-93
0.716667 -1.74904e-93 1.0006e-93 1.18918e-92
0.720833 -1.78629e-92 1.01012e-92 1.20678e-91
0.725 -1.79046e-91 1.0008e-91 1.20194e-90
0.729167 -1.76167e-90 9.73342e-91 1.17515e-89
0.733333 -1.70181e-89 9.2941e-90 1.12809e-88
0.7375 -1.61436e-88 8.71466e-89 1.06343e-87
0.741667 -1.50408e-87 8.02549e-88 9.84608e-87
0.745833 -1.37656e-86 7.26017e-87 8.95543e-86
0.75 -1.23781e-85 6.45281e-86 8.00297e-85
0.754167 -1.09374e-84 5.63575e-85 7.02797e-84
0.758333 -9.49834e-84 4.83755e-84 6.06588e-83
0.7625 -8.10826e-83 4.08171e-83 5.14651e-82
0.766667 -6.80491e-82 3.38586e-82 4.29296e-81
0.770833 -5.61565e-81 2.76169e-81 3.52122e-80
0.775 -4.55749e-80 2.21527e-80 2.84045e-79
0.779167 -3.63804e-79 1.74779e-79 2.25375e-78
0.783333 -2.85685e-78 1.35652e-78 1.75919e-77
0.7875 -2.20724e-77 1.03586e-77 1.35105e-76
0.791667 -1.6781e-76 7.78358e-77 1.02104e-75
0.795833 -1.2556e-75 5.75595e-76 7.59435e-75
0.8 -9.24721e-75 4.18964e-75 5.55996e-74
0.804167 -6.70433e-74 3.00204e-74 4.00725e-73
0.808333 -4.78568e-73 2.11785e-73 2.84363e-72
0.8125 -3.36382e-72 1.4712e-72 1.98704e-71
0.816667 -2.32851e-71 1.00646e-71 1.36743e-70
0.820833 -1.58758e-70 6.78156e-71 9.26883e-70
0.825 -1.06625e-69 4.50115e-70 6.18895e-69
0.829167 -7.05507e-69 2.94328e-69 4.07133e-68
0.833333 -4.59956e-68 1.8963e-68 2.63897e-67
0.8375 -2.95498e-67 1.20393e-67 1.68563e-66
0.841667 -1.87098e-66 7.53291e-67 1.06114e-65
0.845833 -1.16763e-65 4.64562e-66 6.58434e-65
0.85 -7.18318e-65 2.82418e-65 4.02747e-64
0.854167 -4.35662e-64 1.69261e-64 2.42874e-63
0.858333 -2.60526e-63 1.00019e-63 1.44412e-62
0.8625 -1.53627e-62 5.82802e-63 8.46737e-62
0.866667 -8.93404e-62 3.34899e-62 4.89622e-61
0.870833 -5.12429e-61 1.89805e-61 2.79245e-60
0.875 -2.89915e-60 1.06107e-60 1.57096e-59
0.879167 -1.61809e-59 5.85155e-60 8.71862e-59
0.883333 -8.90991e-59 3.18367e-59 4.77388e-58
0.8875 -4.84086e-58 1.70907e-58 2.57917e-57
0.891667 -2.59534e-57 9.05325e-58 1.37504e-56
0.895833 -1.37318e-56 4.73266e-57 7.23465e-56
0.9 -7.17073e-56 2.44175e-56 3.75687e-55
0.904167 -3.69608e-55 1.24346e-55 1.92567e-54
0.908333 -1.88061e-54 6.25081e-55 9.74363e-54
0.9125 -9.44661e-54 3.10207e-54 4.86724e-53
0.916667 -4.68499e-53 1.5199e-53 2.40052e-52
0.920833 -2.29422e-52 7.35303e-53 1.16903e-51
0.925 -1.10941e-51 3.51267e-52 5.6218e-51
0.929167 -5.29799e-51 1.65717e-51 2.6699e-50
0.933333 -2.4988e-50 7.72123e-51 1.25233e-49
0.9375 -1.16409e-49 3.55331e-50 5.80201e-49
0.941667 -5.35683e-49 1.61525e-49 2.65528e-48
0.945833 -2.43518e-48 7.25336e-49 1.20045e-47
0.95 -1.09368e-47 3.21784e-48 5.36188e-47
0.954167 -4.85303e-47 1.41042e-47 2.36623e-46
0.958333 -2.12781e-46 6.10827e-47 1.0318e-45
0.9625 -9.21899e-46 2.61402e-46 4.44598e-45
0.966667 -3.94722e-45 1.10548e-45 1.89321e-44
0.970833 -1.67028e-44 4.62029e-45 7.96747e-44
0.975 -6.98559e-44 1.90853e-44 3.31407e-43
0.979167 -2.88778e-43 7.79226e-44 1.36255e-42
0.983333 -1.18005e-42 3.14481e-43 5.53754e-42
0.9875 -4.76694e-42 1.25464e-42 2.22478e-41
0.991667 -1.90374e-41 4.94836e-42 8.83664e-41
0.995833 -7.51681e-41 1.92953e-41 3.47012e-40
1 -2.93455e-40 7.43896e-41 1.34737e-39
1.00417 -1.13281e-39 2.83577e-40 5.17291e-39
1.00833 -4.3242e-39 1.06894e-39 1.9639e-38
1.0125 -1.63235e-38 3.98457e-39 7.37327e-38
1.01667 -6.094e-38 1.46886e-38 2.73769e-37
1.02083 -2.25008e-37 5.35519e-38 1.00534e-36
1.025 -8.21716e-37 1.93101e-37 3.6515e-36
1.02917 -2.96823e-36 6.88708e-37 1.31184e-35
1.03333 -1.06059e-35 2.42967e-36 4.6619e-35
1.0375 -3.74879e-35 8.47893e-36 1.63886e-34
1.04167 -1.31085e-34 2.92711e-35 5.69946e-34
1.04583 -4.53473e-34 9.99682e-35 1.96093e-33
1.05 -1.55206e-33 3.37776e-34 6.67496e-33
1.05417 -5.25585e-33 1.12917e-33 2.24807e-32
1.05833 -1.76106e-32 3.73484e-33 7.49148e-32
1.0625 -5.83876e-32 1.22232e-32 2.47024e-31
1.06667 -1.91559e-31 3.95841e-32 8.06012e-31
1.07083 -6.2192e-31 1.2685e-31 2.60252e-30
1.075 -1.99819e-30 4.02268e-31 8.316e-30
1.07917 -6.35369e-30 1.26244e-30 2.62977e-29
1.08333 -1.99949e-29 3.92095e-30 8.23043e-29
1.0875 -6.22772e-29 1.20524e-29 2.54943e-28
1.09167 -1.91988e-28 3.6667e-29 7.81618e-28
1.09583 -5.85829e-28 1.1041e-28 2.37188e-27
1.1 -1.76942e-27 3.2907e-28 7.12446e-27
1.10417 -5.29017e-27 9.70793e-28 2.11829e-26
1.10833 -1.56567e-26 2.83491e-27 6.23459e-26
1.1125 -4.58709e-26 8.19476e-27 1.81648e-25
1.11667 -1.33043e-25 2.34494e-26 5.23924e-25
1.12083 -3.82012e-25 6.64259e-26 1.496e-24
1.125 -1.08594e-24 1.86279e-25 4.22895e-24
1.12917 -3.05624e-24 5.17155e-25 1.18354e-23
1.13333 -8.51597e-24 1.42141e-24 3.27937e-23
1.1375 -2.34939e-23 3.86786e-24 8.99639e-23
1.14167 -6.41745e-23 1.04204e-23 2.44357e-22
1.14583 -1.73566e-22 2.77948e-23 6.57159e-22
1.15 -4.64801e-22 7.34042e-23 1.74989e-21
1.15417 -1.23249e-21 1.91939e-22 4.6138e-21
1.15833 -3.23607e-21 4.96933e-22 1.20453e-20
1.1625 -8.41356e-21 1.27388e-21 3.11383e-20
1.16667 -2.16608e-20 3.23345e-21 7.97075e-20
1.17083 -5.52217e-20 8.12667e-21 2.02039e-19
1.175 -1.39409e-19 2.02243e-20 5.07117e-19
1.17917 -3.48516e-19 4.9837e-20 1.26044e-18
1.18333 -8.62798e-19 1.21605e-19 3.10231e-18
1.1875 -2.11522e-18 2.93817e-19 7.56132e-18
1.19167 -5.13529e-18 7.02957e-19 1.825e-17
1.19583 -1.23464e-17 1.66537e-18 4.36199e-17
1.2 -2.93957e-17 3.90679e-18 1.03244e-16
1.20417 -6.93103e-17 9.07529e-18 2.41993e-16
1.20833 -1.61839e-16 2.08752e-17 5.61695e-16
1.2125 -3.74231e-16 4.75477e-17 1.2911e-15
1.21667 -8.56973e-16 1.07239e-16 2.93885e-15
1.22083 -1.94342e-15 2.39499e-16 6.62449e-15
1.225 -4.36449e-15 5.29632e-16 1.47871e-14
1.22917 -9.70661e-15 1.15974e-15 3.26866e-14
1.23333 -2.13779e-14 2.51455e-15 7.15492e-14
1.2375 -4.66256e-14 5.39839e-15 1.55091e-13
1.24167 -1.00702e-13 1.14754e-14 3.32895e-13
1.24583 -2.15379e-13 2.41526e-14 7.0756e-13
1.25 -4.56155e-13 5.03319e-14 1.48918e-12
1.25417 -9.56664e-13 1.03847e-13 3.10351e-12
1.25833 -1.98672e-12 2.12135e-13 6.40428e-12
1.2625 -4.0854e-12 4.29022e-13 1.30855e-11
1.26667 -8.31848e-12 8.58986e-13 2.64731e-11
1.27083 -1.67709e-11 1.70262e-12 5.30274e-11
1.275 -3.34777e-11 3.34087e-12 1.05164e-10
1.27917 -6.61659e-11 6.48927e-12 2.06484e-10
1.28333 -1.29472e-10 1.24769e-11 4.01373e-10
1.2875 -2.50822e-10 2.37452e-11 7.72389e-10
1.29167 -4.81049e-10 4.47283e-11 1.47141e-09
1.29583 -9.13332e-10 8.33879e-11 2.77473e-09
1.3 -1.71658e-09 1.53856e-10 5.1794e-09
1.30417 -3.19359e-09 2.80925e-10 9.5695e-09
1.30833 -5.88097e-09 5.07582e-10 1.74995e-08
1.3125 -1.0719e-08 9.07466e-10 3.16715e-08
1.31667 -1.9336e-08 1.60521e-09 5.67269e-08
1.32083 -3.45194e-08 2.80917e-09 1.00545e-07
1.325 -6.0984e-08 4.86332e-09 1.76341e-07
1.32917 -1.06609e-07 8.32832e-09 3.06012e-07
1.33333 -1.84403e-07 1.41062e-08 5.25389e-07
1.3375 -3.15576e-07 2.36292e-08 8.92371e-07
1.34167 -5.34274e-07 3.91402e-08 1.49932e-06
1.34583 -8.9477e-07 6.4104e-08 2.49166e-06
1.35 -1.4822e-06 1.03795e-07 4.09529e-06
1.35417 -2.42831e-06 1.66129e-07 6.65635e-06
1.35833 -3.93422e-06 2.62798e-07 1.06978e-05
1.3625 -6.30262e-06 4.10809e-07 1.69984e-05
1.36667 -9.98248e-06 6.34494e-07 2.67006e-05
1.37083 -1.56298e-05 9.68064e-07 4.14547e-05
1.375 -2.41885e-05 1.45876e-06 6.36066e-05
1.37917 -3.69946e-05 2.17056e-06 9.64356e-05
1.38333 -5.59077e-05 3.18836e-06 0.000144446
1.3875 -8.3471e-05 4.62229e-06 0.000213713
1.39167 -0.000123098 6.61183e-06 0.000312267
1.39583 -0.000179279 9.32875e-06 0.000450505
1.4 -0.0002578 1.29782e-05 0.000641582
1.40417 -0.000365938 1.77963e-05 0.000901731
1.40833 -0.000512621 2.40426e-05 0.00125043
1.4125 -0.000708487 3.19864e-05 0.00171029
1.41667 -0.000965796 4.18835e-05 0.00230659
1.42083 -0.00129813 5.39445e-05 0.00306629
1.425 -0.00171978 6.82914e-05 0.00401632
1.42917 -0.00224485 8.4906e-05 0.00518122
1.43333 -0.00288583 0.000103571 0.00657993
1.4375 -0.00365188 0.000123809 0.00822181
1.44167 -0.00454669 0.00014483 0.0101022
1.44583 -0.00556603 0.000165493 0.0121975
1.45 -0.00669535 0.000184298 0.0144614
1.45417 -0.00790757 0.000199421 0.0168209
1.45833 -0.0091615 0.000208801 0.0191754
1.4625 -0.0104014 0.000210287 0.0213978
1.46667 -0.011558 0.000201845 0.0233395
1.47083 -0.0125514 0.000181811 0.0248394
1.475 -0.0132961 0.000149175 0.0257359
1.47917 -0.0137081 0.000103845 0.0258835
1.48333 -0.0137133 4.68568e-05 0.0251699
1.4875 -0.0132568 -1.95195e-05 0.0235337
1.49167 -0.0123116 -9.18371e-05 0.0209778
1.49583 -0.0108856 -0.000165713 0.0175776
1.5 -0.00902487 -0.000236267 0.01348
1.50417 -0.006812 -0.000298721 0.00889158
1.50833 -0.00435904 -0.000349106 0.00405634
1.5125 -0.00179482 -0.000384954 -0.000775994
1.51667 0.000752271 -0.00040586 -0.00538682
1.52083 0.00317362 -0.000413764 -0.00962508
1.525 0.00539891 -0.000412861 -0.0134362
1.52917 0.00741011 -0.000409066 -0.0168772
1.53333 0.00924732 -0.000409066 -0.0201112
1.5375 0.0110043 -0.000419061 -0.0233818
1.54167 0.0128122 -0.000443404 -0.0269649
1.54583 0.0148139 -0.000483379 -0.0311086
1.55 0.0171306 -0.000536382 -0.0359667
1.55417 0.0198284 -0.000595738 -0.0415414
1.55833 0.0228898 -0.000651238 -0.0476449
1.5625 0.0261958 -0.000690406 -0.0538911
1.56667 0.029525 -0.000700282 -0.0597195
1.57083 0.0325697 -0.000669453 -0.0644516
1.575 0.0349669 -0.000589951 -0.06737
1.57917 0.0363421 -0.000458681 -0.0678079
1.58333 0.0363555 -0.000278141 -0.0652342
1.5875 0.0347457 -5.63397e-05 -0.0593224
1.59167 0.0313634 0.000193999 -0.0499929
1.59583 0.0261912 0.000456728 -0.0374287
1.6 0.0193494 0.000713788 -0.0220651
1.60417 0.0110885 0.000946706 -0.00456166
1.60833 0.0017736 0.00113792 0.0142381
1.6125 -0.00813816 0.00127195 0.0333547
1.61667 -0.0181231 0.00133646 0.051728
1.62083 -0.0276214 0.00132339 0.0682819
1.625 -0.036072 0.00123007 0.0820021
1.62917 -0.042955 0.00106024 0.092024
1.63333 -0.0478375 0.000824681 0.0977238
1.6375 -0.0504212 0.000540941 0.0987962
1.64167 -0.0505799 0.000232034 0.0952999
1.64583 -0.0483792 -7.611e-05 0.0876534
1.65 -0.044069 -0.000358037 0.076572
1.65417 -0.0380452 -0.00059237 0.0629535
1.65833 -0.0307871 -0.000764731 0.0477363
1.6625 -0.0227828 -0.000869176 0.0317621
1.66667 -0.0144606 -0.0009077 0.0156805
1.67083 -0.00614472 -0.00088796 -8.12501e-05
1.675 0.0019547 -0.000819929 -0.0152792
1.67917 0.00971584 -0.000712645 -0.0297634
1.68333 0.0170573 -0.000572152 -0.0433765
1.6875 0.0238875 -0.00040138 -0.0558822
1.69167 0.0300724 -0.000201935 -0.0669536
1.69583 0.0354362 2.29815e-05 -0.0762288
1.7 0.0397957 0.0002658 -0.0834126
1.70417 0.0430145 0.000513281 -0.0883818
1.70833 0.0450554 0.000747459 -0.091248
1.7125 0.0460066 0.000948768 -0.0923465
1.71667 0.0460684 0.00110038 -0.0921479
1.72083 0.0455012 0.00119225 -0.0911198
1.725 0.0445511 0.00122339 -0.0895877
1.72917 0.0433805 0.00120157 -0.0876451
1.73333 0.0420266 0.00114052 -0.0851445
1.7375 0.0404038 0.00105568 -0.0817686
1.74167 0.0383461 0.000960098 -0.0771523
1.74583 0.0356722 0.000861732 -0.0710069
1.75 0.032247 0.000763005 -0.0631995
1.75417 0.0280179 0.000662333 -0.0537656
1.75833 0.0230157 0.000556691 -0.0428558
1.7625 0.0173235 0.000443991 -0.0306479
1.76667 0.01103 0.00032426 -0.0172626
1.77083 0.00418949 0.000199308 -0.00271615
1.775 -0.00319825 7.12239e-05 0.0130741
1.77917 -0.01118 -5.94407e-05 0.0302374
1.78333 -0.0198189 -0.000194927 0.04887
1.7875 -0.0291517 -0.000340359 0.0689497
1.79167 -0.0391464 -0.000502573 0.0902649
1.79583 -0.0496691 -0.000687983 0.112368
1.8 -0.060464 -0.000900078 0.134556
1.80417 -0.071149 -0.00113713 0.155885
1.80833 -0.0812266 -0.0013907 0.175208
1.8125 -0.0901101 -0.00164526 0.191249
1.81667 -0.0971619 -0.00187934 0.202691
1.82083 -0.10174 -0.00206808 0.208271
1.825 -0.103246 -0.00218686 0.206866
1.82917 -0.101162 -0.0022153 0.197567
1.83333 -0.0950936 -0.00214062 0.179751
1.8375 -0.084793 -0.00195935 0.153162
1.84167 -0.0702047 -0.00167706 0.118019
1.84583 -0.0515175 -0.00130639 0.075144
1.85 -0.0292283 -0.000864479 0.0260916
1.85417 -0.00419853 -0.000370969 -0.0267988
1.85833 0.0223264 0.00015254 -0.0804631
1.8625 0.048761 0.000681696 -0.131325
1.86667 0.0732999 0.00118831 -0.175648
1.87083 0.094103 0.00164039 -0.209959
1.875 0.109511 0.00200434 -0.231472
1.87917 0.118252 0.00224924 -0.238418
1.88333 0.119592 0.00235206 -0.230244
1.8875 0.113419 0.00230207 -0.207677
1.89167 0.100262 0.00210301 -0.172662
1.89583 0.0812374 0.0017726 -0.128204
1.9 0.0579639 0.0013401 -0.0781185
1.90417 0.0324204 0.000842986 -0.0266797
1.90833 0.00676588 0.000323692 0.021805
1.9125 -0.0168813 -0.00017361 0.0634677
1.91667 -0.0366758 -0.000606747 0.0953122
1.92083 -0.0512506 -0.000940215 0.115516
1.925 -0.0598494 -0.00115034 0.123544
1.92917 -0.0623605 -0.00122936 0.120059
1.93333 -0.0592545 -0.00118661 0.106704
1.9375 -0.0514598 -0.00104561 0.0858199
1.94167 -0.0402182 -0.000837852 0.0601816
1.94583 -0.026953 -0.000595443 0.0327559
1.95 -0.0131505 -0.00034556 0.00646061
1.95417 -0.000241063 -0.000108502 -0.0161143
1.95833 0.0105403 0.000100912 -0.0330162
1.9625 0.018305 0.000270705 -0.0432016
1.96667 0.0226371 0.000390427 -0.0466667
1.97083 0.0236419 0.000452498 -0.0443616
1.975 0.0218826 0.000455366 -0.037887
1.97917 0.0182136 0.000406038 -0.0290725
1.98333 0.0135626 0.00031961 -0.0195789
1.9875 0.00873896 0.000215149 -0.0106513
1.99167 0.00432395 0.000109639 -0.00305876
1.99583 0.000656494 1.30017e-05 0.00282888
2 -0.00211802 -7.33549e-05 0.00692765
2.00417 -0.00398762 -0.000154149 0.00936272
2.00833 -0.00503699 -0.000235918 0.0104368
2.0125 -0.00543327 -0.000323602 0.010594
2.01667 -0.00540679 -0.000419786 0.0103254
2.02083 -0.00520116 -0.000526229 0.0100164
2.025 -0.00499572 -0.000645614 0.00979922
2.02917 -0.00483591 -0.000781425 0.00949952
2.03333 -0.004616 -0.000935474 0.00872829
2.0375 -0.00413468 -0.00110456 0.00708391
2.04167 -0.00320111 -0.00127866 0.00436392
2.04583 -0.00173769 -0.00144199 0.000679562
2.05 0.000172339 -0.00157634 -0.00357136
2.05417 0.00230909 -0.00166441 -0.00783192
2.05833 0.00438581 -0.00169094 -0.0115237
2.0625 0.00611732 -0.00164157 -0.0141249
2.06667 0.00725462 -0.00150122 -0.0151883
2.07083 0.00759028 -0.0012549 -0.01436
2.075 0.00696779 -0.000892376 -0.0114594
2.07917 0.0053242 -0.000415599 -0.00662223
2.08333 0.00276167 0.000154724 -0.00042533
2.0875 -0.000395882 0.000777093 0.00611535
2.09167 -0.00361555 0.00139349 0.0117353
2.09583 -0.00626342 0.00193877 0.0152587
2.1 -0.00777937 0.002352 0.0159506
2.10417 -0.00784814 0.00258629 0.0137323
2.10833 -0.00649208 0.00261564 0.00917709
2.1125 -0.00405042 0.00243873 0.00330877
2.11667 -0.0010642 0.00208049 -0.00269151
2.12083 0.00187528 0.00159136 -0.00775325
2.125 0.0042559 0.00104311 -0.0110902
2.12917 0.0057217 0.000519836 -0.0122762
2.13333 0.00610029 0.000104358 -0.0112559
2.1375 0.00540105 -0.000137311 -0.00832168
2.14167 0.00379885 -0.000168909 -0.00405928
2.14583 0.00160494 1.02124e-05 0.000744788
2.15 -0.000780395 0.000368472 0.00523259
2.15417 -0.00293287 0.000853392 0.00861889
2.15833 -0.0044756 0.00140656 0.0103189
2.1625 -0.00514142 0.00197669 0.0100399
2.16667 -0.00481607 0.00252609 0.00783319
2.17083 -0.00356069 0.0030289 0.00410735
2.175 -0.00161296 0.00346251 -0.000410842
2.17917 0.000639462 0.00379716 -0.00478928
2.18333 0.00272308 0.00398968 -0.00808303
2.1875 0.00418005 0.00398621 -0.00956811
2.19167 0.00468428 0.00373497 -0.00893679
2.19583 0.00413109 0.00320479 -0.0063737
2.2 0.00266221 0.00240122 -0.00248359
2.20417 0.000616762 0.00137154 0.00188627
2.20833 -0.00156541 0.000194487 0.0058444
2.2125 -0.00344376 -0.00104216 0.00860938
2.21667 -0.00465005 -0.00226601 0.00961532
2.22083 -0.00493561 -0.00343445 0.00860655
2.225 -0.00421369 -0.00453117 0.00574122
2.22917 -0.00260576 -0.00554636 0.00165666
2.23333 -0.000465747 -0.00645103 -0.0025997
2.2375 0.00166558 -0.00717952 -0.00583713
2.24167 0.00320343 -0.00763125 -0.00713338
2.24583 0.00372569 -0.00769313 -0.00621433
2.25 0.00315098 -0.00727451 -0.00359338
2.25417 0.00178684 -0.00634044 -0.000368248
2.25833 0.000206622 -0.00493055 0.00224042
2.2625 -0.000991848 -0.00315715 0.00337872
2.26667 -0.00142527 -0.00118558 0.0028422
2.27083 -0.00104734 0.000794572 0.00104976
2.275 -0.00011354 0.00259705 -0.00121767
2.27917 0.00096499 0.00405946 -0.00314254
2.28333 0.00178855 0.00505658 -0.00411656
2.2875 0.00208652 0.00551071 -0.00386464
2.29167 0.001769 0.00540256 -0.002482
2.29583 0.000932985 0.00478104 -0.000416874
2.3 -0.000159223 0.00376514 0.00162014
2.30417 -0.00113774 0.00252935 0.00285944
2.30833 -0.00163451 0.00127051 0.00276906
2.3125 -0.00142919 0.000164277 0.0013255
2.31667 -0.000569517 -0.000671546 -0.000905455
2.32083 0.000611887 -0.0011909 -0.00296966
2.325 0.00161904 -0.00140617 -0.00393787
2.32917 0.00200681 -0.00135965 -0.00332533
2.33333 0.00158049 -0.00110039 -0.00130139
2.3375 0.00047868 -0.000681033 0.00140224
2.34167 -0.000894353 -0.000171003 0.00380784
2.34583 -0.00203856 0.00033437 0.00506118
2.35 -0.00254227 0.000728925 0.00470688
2.35417 -0.0022118 0.000935868 0.00281348
2.35833 -0.00112409 0.000948375 -4.02212e-05
2.3625 0.000390404 0.000836136 -0.00290233
2.36667 0.00182879 0.000702323 -0.00471279
2.37083 0.00266303 0.000613225 -0.00467272
2.375 0.00253507 0.000550866 -0.00260668
2.37917 0.00143357 0.000430779 0.000867985
2.38333 -0.000246142 0.000181602 0.00451379
2.3875 -0.00182588 -0.000168843 0.00696727
2.39167 -0.00262185 -0.000472503 0.00733146
2.39583 -0.00224371 -0.000536708 0.00555998
2.4 -0.000756348 -0.000255348 0.00243918
2.40417 0.00137734 0.000296637 -0.000787093
2.40833 0.00352253 0.000882457 -0.00291357
2.4125 0.00512785 0.00123521 -0.00314093
2.41667 0.00588386 0.00121567 -0.00121423
2.42083 0.00575336 0.000884722 0.00260063
2.425 0.00493083 0.000439798 0.00759125
2.42917 0.00379771 6.72621e-05 0.0127023
2.43333 0.00287714 -0.000173447 0.0167464
2.4375 0.00273323 -0.000347454 0.0187749
2.44167 0.00378042 -0.000538125 0.018505
2.44583 0.00606266 -0.000739733 0.0165555
2.45 0.00914314 -0.000851342 0.0142694
2.45417 0.0122208 -0.00078128 0.0131376
2.45833 0.0144541 -0.000565849 0.0141123
2.4625 0.0153214 -0.000383235 0.0171944
2.46667 0.014808 -0.000430865 0.0215112
2.47083 0.013322 -0.00075987 0.0257779
2.475 0.0114214 -0.00121146 0.0288167
2.47917 0.00954952 -0.00152359 0.029846
2.48333 0.00792628 -0.00153147 0.0284966
2.4875 0.00659643 -0.00129809 0.0247254
2.49167 0.00551229 -0.00106277 0.018811
2.49583 0.00454226 -0.00104739 0.0114303
2.5 0.00341556 -0.00128107 0.00363846
2.50417 0.00171833 -0.00158685 -0.00340615
2.50833 -0.000965085 -0.00173301 -0.00891099
2.5125 -0.00480735 -0.00161221 -0.0128301
2.51667 -0.00955629 -0.00129724 -0.0158711
2.52083 -0.0145722 -0.000940766 -0.0190872
2.525 -0.0190897 -0.000625647 -0.0233121
2.52917 -0.022543 -0.000305123 -0.0287959
2.53333 -0.0247513 0.000124132 -0.0352245
2.5375 -0.025882 0.000699668 -0.0420027
2.54167 -0.0262756 0.00134124 -0.0485297
2.54583 -0.0262927 0.00190886 -0.0542876
2.55 -0.0262666 0.00230287 -0.0588055
2.55417 -0.0265101 0.00251003 -0.0616835
2.55833 -0.0272706 0.00256801 -0.0627675
2.5625 -0.0285993 0.00250499 -0.0623435
2.56667 -0.0302248 0.00232103 -0.0611211
2.57083 -0.0315612 0.00201541 -0.0599076
2.575 -0.0318914 0.00160924 -0.0591364
2.57917 -0.030625 0.00113011 -0.0585548
2.58333 -0.0274726 0.000587188 -0.0572698
2.5875 -0.0224551 -1.35922e-05 -0.0540904
2.59167 -0.0157955 -0.00061813 -0.0479244
2.59583 -0.00781191 -0.00110555 -0.0380328
2.6 0.00112505 -0.00135537 -0.024131
2.60417 0.0105943 -0.00135602 -0.00645142
2.60833 0.0201501 -0.00123812 0.0141714
2.6125 0.0293843 -0.00117053 0.0362726
2.61667 0.0379693 -0.00120086 0.0579245
2.62083 0.0456279 -0.00120298 0.0771229
2.625 0.0520444 -0.00100357 0.0922389
2.62917 0.0567969 -0.000574318 0.102315
2.63333 0.059381 -9.17782e-05 0.107086
2.6375 0.059323 0.000209275 0.106793
2.64167 0.0563231 0.00024902 0.101929
2.64583 0.0503649 0.000165608 0.0930468
2.65 0.0417706 0.000164422 0.0806778
2.65417 0.0311953 0.000313735 0.0653306
2.65833 0.0195484 0.000498316 0.0475725
2.6625 0.00783469 0.000564721 0.0281438
2.66667 -0.00304566 0.000484618 0.00803352
2.67083 -0.0124517 0.000358018 -0.0115591
2.675 -0.0200439 0.000274862 -0.0293758
2.67917 -0.0257283 0.000215829 -0.0442779
2.68333 -0.0295867 0.000110133 -0.0553682
2.6875 -0.031847 -3.76423e-05 -0.0620671
2.69167 -0.0328612 -0.000129198 -0.0642175
2.69583 -0.0330199 -9.70284e-05 -0.0622199
2.7 -0.032613 -8.91442e-06 -0.0570637
2.70417 -0.0317474 2.26081e-06 -0.0501057
2.70833 -0.0304215 -8.43367e-05 -0.0426401
2.7125 -0.0287049 -0.000122006 -0.0355331
2.71667 -0.026844 3.45151e-05 -0.0291815
2.72083 -0.0251671 0.000318219 -0.0237644
2.725 -0.023874 0.000469619 -0.0194715
2.72917 -0.0229324 0.000307319 -0.0164386
2.73333 -0.0221999 -4.7121e-05 -0.0144815
2.7375 -0.02164 -0.00027174 -0.0129991
2.74167 -0.0213838 -0.000188305 -0.0112788
2.74583 -0.0215501 3.757e-05 -0.00899734
2.75 -0.0220057 8.17511e-05 -0.00645229
2.75417 -0.0223231 -0.000171309 -0.00428455
2.75833 -0.0219866 -0.00050508 -0.00293919
2.7625 -0.0206397 -0.000634387 -0.00233502
2.76667 -0.0181508 -0.000538346 -0.00195269
2.77083 -0.0144996 -0.000463214 -0.00112749
2.775 -0.00967713 -0.000599275 0.000776442
2.77917 -0.00373258 -0.000834597 0.00435716
2.78333 0.00311894 -0.000888983 0.0101084
2.7875 0.010501 -0.000656125 0.0181593
2.79167 0.0180228 -0.000325618 0.0280031
2.79583 0.0254155 -0.000141082 0.0385219
2.8 0.032519 -0.000112101 0.0483644
2.80417 0.0391717 -4.51007e-05 0.0564111
2.80833 0.0451599 0.000166005 0.0620328
2.8125 0.0502791 0.000388544 0.0651161
2.81667 0.0543911 0.000445143 0.0660053
2.82083 0.0573719 0.00038638 0.0654138
2.825 0.05902 0.000456348 0.0641843
2.82917 0.0590782 0.00077325 0.0628646
2.83333 0.0573815 0.00114566 0.0613433
2.8375 0.0539521 0.00128828 0.0588618
2.84167 0.0489081 0.00117449 0.0544093
2.84583 0.0422911 0.00106485 0.0471522
2.85 0.0340514 0.00116466 0.0365933
2.85417 0.0242409 0.00135636 0.022542
2.85833 0.0131899 0.00136234 0.00519394
2.8625 0.00144063 0.00112426 -0.0146383
2.86667 -0.010486 0.000892826 -0.0354751
2.87083 -0.0222011 0.000905502 -0.0555693
2.875 -0.0333013 0.00108178 -0.0735251
2.87917 -0.0431748 0.00113973 -0.0885937
2.88333 -0.0510413 0.000966745 -0.10042
2.8875 -0.0562105 0.000740294 -0.108592
2.89167 -0.0582717 0.000651606 -0.112494
2.89583 -0.0570443 0.000638092 -0.111503
2.9 -0.052456 0.000502917 -0.10517
2.90417 -0.0446073 0.000234167 -0.0931851
2.90833 -0.0339834 4.30951e-05 -0.0753875
2.9125 -0.0215198 5.4354e-05 -0.0520998
2.91667 -0.00837701 0.000110008 -0.0246022
2.92083 0.00435125 3.21209e-06 0.0047944
2.925 0.0157086 -0.000187759 0.0332696
2.92917 0.0247799 -0.000190995 0.0581799
2.93333 0.0307402 2.06509e-05 0.0773953
2.9375 0.0331422 8.91785e-05 0.0893225
2.94167 0.0321301 -0.000282976 0.0930496
2.94583 0.0282792 -0.000879282 0.0887166
2.95 0.0222283 -0.00120633 0.0776479
2.95417 0.0145538 -0.0011924 0.0618706
2.95833 0.00599005 -0.00137887 0.0433701
2.9625 -0.00242423 -0.00222656 0.0237961
2.96667 -0.0096398 -0.00340516 0.00474704
2.97083 -0.0150722 -0.00409448 -0.0120327
2.975 -0.0186651 -0.00401435 -0.0250733
2.97917 -0.0204433 -0.00382103 -0.0338048
2.98333 -0.0201665 -0.00424262 -0.0385303
2.9875 -0.017608 -0.00503444 -0.0396707
2.99167 -0.0131362 -0.0051952 -0.0372095
2.99583 -0.00778932 -0.00425536 -0.031075
