0 0 0 0
0.00416667 0 0 0
0.00833333 0 0 0
0.0125 0 0 0
0.0166667 0 0 0
0.0208333 0 0 0
0.025 0 0 0
0.0291667 0 0 0
0.0333333 0 0 0
0.0375 0 0 0
0.0416667 0 0 0
0.0458333 0 0 0
0.05 0 0 0
0.0541667 0 0 0
0.0583333 0 0 0
0.0625 0 0 0
0.0666667 0 0 0
0.0708333 0 0 0
0.075 0 0 0
0.0791667 0 0 0
0.0833333 0 0 0
0.0875 0 0 0
0.0916667 0 0 0
0.0958333 0 0 0
0.1 0 0 0
0.104167 0 0 0
0.108333 0 0 0
0.1125 0 0 0
0.116667 0 0 0
0.120833 0 0 0
0.125 0 0 0
0.129167 0 0 0
0.133333 0 0 0
0.1375 0 0 0
0.141667 0 0 0
0.145833 0 0 0
0.15 0 0 0
0.154167 0 0 0
0.158333 0 0 0
0.1625 0 0 0
0.166667 0 0 0
0.170833 0 0 0
0.175 0 0 0
0.179167 0 0 0
0.183333 0 0 0
0.1875 0 0 0
0.191667 -2.94463e-321 4.49254e-320 6.03748e-320
0.195833 -1.03784e-316 1.48628e-315 1.99843e-315
0.2 -2.78814e-312 3.90721e-311 5.25317e-311
0.204167 -6.01419e-308 8.25099e-307 1.10924e-306
0.208333 -1.0509e-303 1.41206e-302 1.89819e-302
0.2125 -1.49996e-299 1.97473e-298 2.65437e-298
0.216667 -1.7625e-295 2.27439e-294 3.05694e-294
0.220833 -1.71756e-291 2.17329e-290 2.92085e-290
0.225 -1.3978e-287 1.73491e-286 2.33152e-286
0.229167 -9.56269e-284 1.16464e-282 1.56504e-282
0.233333 -5.53368e-280 6.6153e-279 8.88903e-279
0.2375 -2.72456e-276 3.19812e-275 4.29707e-275
0.241667 -1.14774e-272 1.32324e-271 1.77783e-271
0.245833 -4.15855e-269 4.71049e-268 6.32837e-268
0.25 -1.30248e-265 1.44993e-264 1.94781e-264
0.254167 -3.54314e-262 3.87739e-261 5.20855e-261
0.258333 -8.40934e-259 9.04906e-258 1.21551e-257
0.2625 -1.74887e-255 1.85098e-254 2.48619e-254
0.266667 -3.20001e-252 3.33202e-251 4.47527e-251
0.270833 -5.17176e-249 5.29924e-248 7.11713e-248
0.275 -7.4103e-246 7.47362e-245 1.0037e-244
0.279167 -9.44679e-243 9.37991e-242 1.25966e-241
0.283333 -1.07512e-239 1.0512e-238 1.41163e-238
0.2875 -1.09588e-236 1.05536e-235 1.41716e-235
0.291667 -1.00356e-233 9.52094e-233 1.27845e-232
0.295833 -8.28121e-231 7.7413e-230 1.03945e-229
0.3 -6.17508e-228 5.68895e-227 7.63849e-227
0.304167 -4.17228e-225 3.78892e-224 5.08718e-224
0.308333 -2.56106e-222 2.29294e-221 3.07852e-221
0.3125 -1.43175e-219 1.264e-218 1.69702e-218
0.316667 -7.30733e-217 6.36247e-216 8.54189e-216
0.320833 -3.4127e-214 2.93105e-213 3.93497e-213
0.325 -1.46166e-211 1.23851e-210 1.66269e-210
0.329167 -5.75349e-209 4.81043e-208 6.45783e-208
0.333333 -2.08565e-206 1.72091e-205 2.31023e-205
0.3375 -6.97643e-204 5.68175e-203 7.62733e-203
0.341667 -2.15741e-201 1.7345e-200 2.32842e-200
0.345833 -6.17918e-199 4.90492e-198 6.58435e-198
0.35 -1.64209e-196 1.28711e-195 1.7278e-195
0.354167 -4.05571e-194 3.13951e-193 4.21442e-193
0.358333 -9.3251e-192 7.12987e-191 9.57099e-191
0.3625 -1.99914e-189 1.50994e-188 2.02691e-188
0.366667 -4.00218e-187 2.98648e-186 4.00899e-186
0.370833 -7.49303e-185 5.52481e-184 7.41642e-184
0.375 -1.31384e-182 9.57306e-182 1.28508e-181
0.379167 -2.16047e-180 1.55581e-179 2.08853e-179
0.383333 -3.33621e-178 2.37472e-177 3.18786e-177
0.3875 -4.84414e-176 3.40858e-175 4.57579e-175
0.391667 -6.62185e-174 4.60659e-173 6.18415e-173
0.395833 -8.53224e-172 5.86887e-171 7.87883e-171
0.4 -1.03747e-169 7.0567e-169 9.47365e-169
0.404167 -1.19181e-167 8.017e-167 1.07631e-166
0.408333 -1.29488e-165 8.61506e-165 1.15663e-164
0.4125 -1.33202e-163 8.76599e-163 1.17692e-162
0.416667 -1.29864e-161 8.45443e-161 1.13512e-160
0.420833 -1.20116e-159 7.73644e-159 1.03875e-158
0.425 -1.05504e-157 6.72342e-157 9.02765e-157
0.429167 -8.80831e-156 5.5544e-155 7.45824e-155
0.433333 -6.99638e-154 4.36593e-153 5.86262e-153
0.4375 -5.29168e-152 3.26807e-151 4.38858e-151
0.441667 -3.81439e-150 2.3316e-149 3.13115e-149
0.445833 -2.62259e-148 1.58681e-147 2.13105e-147
0.45 -1.72132e-146 1.03099e-145 1.38466e-145
0.454167 -1.07934e-144 6.40004e-144 8.59591e-144
0.458333 -6.47071e-143 3.79877e-142 5.10239e-142
0.4625 -3.71166e-141 2.15753e-140 2.89807e-140
0.466667 -2.03854e-139 1.17337e-138 1.57621e-138
0.470833 -1.07278e-137 6.11486e-137 8.21463e-137
0.475 -5.41303e-136 3.05566e-135 4.10517e-135
0.479167 -2.62058e-134 1.46514e-133 1.96848e-133
0.483333 -1.21804e-132 6.74511e-132 9.06296e-132
0.4875 -5.43885e-131 2.98339e-130 4.00884e-130
0.491667 -2.33454e-129 1.26855e-128 1.70469e-128
0.495833 -9.63839e-128 5.18845e-127 6.97279e-127
0.5 -3.82974e-126 2.04248e-125 2.74509e-125
0.504167 -1.46535e-124 7.74301e-124 1.04074e-123
0.508333 -5.4021e-123 2.82837e-122 3.80191e-122
0.5125 -1.91984e-121 9.96024e-121 1.33897e-120
0.516667 -6.58082e-120 3.38328e-119 4.54855e-119
0.520833 -2.17684e-118 1.10908e-117 1.4912e-117
0.525 -6.95224e-117 3.51044e-116 4.72031e-116
0.529167 -2.14479e-115 1.07336e-114 1.44342e-114
0.533333 -6.3946e-114 3.17189e-113 4.26584e-113
0.5375 -1.84337e-112 9.06326e-112 1.21902e-111
0.541667 -5.14016e-111 2.50517e-110 3.36981e-110
0.545833 -1.38708e-109 6.70148e-109 9.0153e-109
0.55 -3.62385e-108 1.73568e-107 2.33519e-107
0.554167 -9.16999e-107 4.35429e-106 5.85888e-106
0.558333 -2.24841e-105 1.0585e-104 1.42441e-104
0.5625 -5.34395e-104 2.49441e-103 3.35703e-103
0.566667 -1.23169e-102 5.7005e-102 7.6727e-102
0.570833 -2.75398e-101 1.26385e-100 1.70129e-100
0.575 -5.97585e-100 2.71942e-99 3.66108e-99
0.579167 -1.25886e-98 5.68087e-98 7.64886e-98
0.583333 -2.57544e-97 1.15256e-96 1.55202e-96
0.5875 -5.11883e-96 2.27184e-95 3.05958e-95
0.591667 -9.88745e-95 4.35212e-94 5.86191e-94
0.595833 -1.85668e-93 8.10549e-93 1.09187e-92
0.6 -3.39056e-92 1.4681e-91 1.97789e-91
0.604167 -6.02316e-91 2.58681e-90 3.48551e-90
0.608333 -1.0412e-89 4.4355e-89 5.97727e-89
0.6125 -1.75197e-88 7.40327e-88 9.97794e-88
0.616667 -2.87037e-87 1.20319e-86 1.62185e-86
0.620833 -4.58027e-86 1.90459e-85 2.56766e-85
0.625 -7.12051e-85 2.93731e-84 3.96046e-84
0.629167 -1.07875e-83 4.41466e-83 5.95327e-83
0.633333 -1.59306e-82 6.46792e-82 8.72339e-82
0.6375 -2.29387e-81 9.23988e-81 1.24638e-80
0.641667 -3.22136e-80 1.28741e-79 1.73686e-79
0.645833 -4.41322e-79 1.74994e-78 2.36122e-78
0.65 -5.89967e-78 2.32111e-77 3.13239e-77
0.654167 -7.69767e-77 3.00498e-76 4.05592e-76
0.658333 -9.80519e-76 3.79807e-75 5.12718e-75
0.6625 -1.2196e-74 4.68771e-74 6.32916e-74
0.666667 -1.48166e-73 5.65113e-73 7.63115e-73
0.670833 -1.75849e-72 6.65553e-72 8.98894e-72
0.675 -2.03934e-71 7.65947e-71 1.03466e-70
0.679167 -2.31148e-70 8.6154e-70 1.16398e-69
0.683333 -2.56115e-69 9.47337e-69 1.28011e-68
0.6875 -2.77466e-68 1.01853e-67 1.37655e-67
0.691667 -2.93972e-67 1.07096e-66 1.44766e-66
0.695833 -3.04653e-66 1.1015e-65 1.4892e-65
0.7 -3.08884e-65 1.10839e-64 1.49879e-64
0.704167 -3.06446e-64 1.09139e-63 1.47606e-63
0.708333 -2.97553e-63 1.05178e-62 1.42275e-62
0.7125 -2.82815e-62 9.92216e-62 1.34242e-61
0.716667 -2.63177e-61 9.16433e-61 1.24012e-60
0.720833 -2.39813e-60 8.28863e-60 1.12183e-59
0.725 -2.14019e-59 7.3422e-59 9.93922e-59
0.729167 -1.87093e-58 6.37091e-58 8.62602e-58
0.733333 -1.60236e-57 5.41602e-57 7.33453e-57
0.7375 -1.3447e-56 4.51158e-56 6.11091e-56
0.741667 -1.10593e-55 3.68312e-55 4.98974e-55
0.745833 -8.91506e-55 2.94718e-54 3.9935e-54
0.75 -7.04506e-54 2.31188e-53 3.13328e-53
0.754167 -5.45846e-53 1.77809e-52 2.41032e-52
0.758333 -4.14708e-52 1.34102e-51 1.8182e-51
0.7625 -3.09003e-51 9.91896e-51 1.34512e-50
0.766667 -2.25833e-50 7.19627e-50 9.76095e-50
0.770833 -1.61911e-49 5.12171e-49 6.94847e-49
0.775 -1.13889e-48 3.5764e-48 4.853e-48
0.779167 -7.86074e-48 2.45049e-47 3.32589e-47
0.783333 -5.32441e-47 1.64775e-46 2.23685e-46
0.7875 -3.53964e-46 1.08746e-45 1.47655e-45
0.791667 -2.30981e-45 7.04474e-45 9.5674e-45
0.795833 -1.4797e-44 4.48023e-44 6.08586e-44
0.8 -9.30681e-44 2.79747e-43 3.80085e-43
0.804167 -5.74781e-43 1.71518e-42 2.33086e-42
0.808333 -3.48599e-42 1.0327e-41 1.40371e-41
0.8125 -2.07643e-41 6.10674e-41 8.30242e-41
0.816667 -1.21483e-40 3.54694e-40 4.8233e-40
0.820833 -6.98184e-40 2.02373e-39 2.75256e-39
0.825 -3.942e-39 1.13435e-38 1.54321e-38
0.829167 -2.18674e-38 6.24702e-38 8.50053e-38
0.833333 -1.19193e-37 3.38044e-37 4.60089e-37
0.8375 -6.38437e-37 1.79756e-36 2.44708e-36
0.841667 -3.36072e-36 9.39384e-36 1.27909e-35
0.845833 -1.73872e-35 4.82485e-35 6.57108e-35
0.85 -8.84189e-35 2.4358e-34 3.3181e-34
0.854167 -4.4199e-34 1.20879e-33 1.64699e-33
0.858333 -2.17202e-33 5.89713e-33 8.03668e-33
0.8625 -1.04937e-32 2.82842e-32 3.85544e-32
0.866667 -4.98474e-32 1.3338e-31 1.8185e-31
0.870833 -2.32825e-31 6.18455e-31 8.43384e-31
0.875 -1.06935e-30 2.81984e-30 3.84623e-30
0.879167 -4.82988e-30 1.26435e-29 1.72493e-29
0.883333 -2.14541e-29 5.57522e-29 7.60776e-29
0.8875 -9.37266e-29 2.41786e-28 3.30003e-28
0.891667 -4.02734e-28 1.03133e-27 1.40791e-27
0.895833 -1.70216e-27 4.32701e-27 5.90818e-27
0.9 -7.07666e-27 1.78574e-26 2.43878e-26
0.904167 -2.89417e-26 7.24953e-26 9.90265e-26
0.908333 -1.16441e-25 2.89522e-25 3.95557e-25
0.9125 -4.60882e-25 1.1375e-24 1.5544e-24
0.916667 -1.79471e-24 4.39676e-24 6.00937e-24
0.920833 -6.87599e-24 1.67203e-23 2.28572e-23
0.925 -2.59195e-23 6.25601e-23 8.55375e-23
0.929167 -9.61349e-23 2.30307e-22 3.14952e-22
0.933333 -3.50841e-22 8.34224e-22 1.14103e-21
0.9375 -1.25987e-21 2.97327e-21 4.06747e-21
0.941667 -4.4518e-21 1.04273e-20 1.42671e-20
0.945833 -1.54792e-20 3.59836e-20 4.92422e-20
0.95 -5.2963e-20 1.2219e-19 1.67238e-19
0.954167 -1.78325e-19 4.08293e-19 5.58903e-19
0.958333 -5.90839e-19 1.34251e-18 1.83799e-18
0.9625 -1.92641e-18 4.3438e-18 5.94778e-18
0.966667 -6.18091e-18 1.38304e-17 1.89398e-17
0.970833 -1.95154e-17 4.33319e-17 5.93473e-17
0.975 -6.06352e-17 1.33595e-16 1.82991e-16
0.979167 -1.85391e-16 4.05298e-16 5.55212e-16
0.983333 -5.57783e-16 1.20992e-15 1.6576e-15
0.9875 -1.65138e-15 3.55409e-15 4.86954e-15
0.991667 -4.81091e-15 1.02726e-14 1.40757e-14
0.995833 -1.37909e-14 2.92149e-14 4.00331e-14
1 -3.88987e-14 8.17493e-14 1.12026e-13
1.00417 -1.07954e-13 2.25064e-13 3.08428e-13
1.00833 -2.94771e-13 6.09611e-13 8.35425e-13
1.0125 -7.91877e-13 1.62445e-12 2.22618e-12
1.01667 -2.09285e-12 4.25837e-12 5.83568e-12
1.02083 -5.44127e-12 1.0981e-11 1.50479e-11
1.025 -1.39162e-11 2.78532e-11 3.81668e-11
1.02917 -3.50084e-11 6.94886e-11 9.52123e-11
1.03333 -8.66209e-11 1.70501e-10 2.33596e-10
1.0375 -2.10785e-10 4.11414e-10 5.63595e-10
1.04167 -5.04415e-10 9.76189e-10 1.33709e-09
1.04583 -1.18694e-09 2.27745e-09 3.11892e-09
1.05 -2.74609e-09 5.22375e-09 7.15239e-09
1.05417 -6.24601e-09 1.17783e-08 1.61233e-08
1.05833 -1.3965e-08 2.61036e-08 3.5724e-08
1.0625 -3.06887e-08 5.68563e-08 7.77878e-08
1.06667 -6.62753e-08 1.2169e-07 1.66436e-07
1.07083 -1.40637e-07 2.55897e-07 3.49862e-07
1.075 -2.93192e-07 5.28614e-07 7.22423e-07
1.07917 -6.00393e-07 1.0725e-06 1.46505e-06
1.08333 -1.20745e-06 2.13677e-06 2.91737e-06
1.0875 -2.38433e-06 4.17956e-06 5.70324e-06
1.09167 -4.62202e-06 8.02449e-06 1.09431e-05
1.09583 -8.79355e-06 1.51187e-05 2.06035e-05
1.1 -1.64154e-05 2.79449e-05 3.80544e-05
1.10417 -3.0059e-05 5.06596e-05 6.89294e-05
1.10833 -5.39758e-05 9.00435e-05 0.000122406
1.1125 -9.50134e-05 0.000156865 0.000213031
1.11667 -0.000163898 0.000267746 0.000363214
1.12083 -0.000276943 0.000447568 0.000606422
1.125 -0.000458193 0.000732386 0.00099101
1.12917 -0.000741885 0.00117259 0.00158433
1.13333 -0.00117496 0.00183583 0.00247644
1.1375 -0.00181904 0.00280885 0.00378218
1.14167 -0.0027511 0.00419688 0.00563992
1.14583 -0.00406147 0.006119 0.00820459
1.15 -0.00584784 0.00869746 0.0116327
1.15417 -0.00820366 0.0120394 0.016057
1.15833 -0.0111999 0.0162098 0.0215497
1.1625 -0.0148599 0.0211971 0.0280763
1.16667 -0.0191292 0.026874 0.0354437
1.17083 -0.0238439 0.0329611 0.0432532
1.175 -0.0287048 0.0390016 0.0508714
1.17917 -0.0332661 0.0443616 0.0574341
1.18333 -0.0369484 0.0482655 0.0619011
1.1875 -0.0390857 0.0498753 0.0631687
1.19167 -0.039008 0.048414 0.060239
1.19583 -0.0361566 0.0433189 0.0524277
1.2 -0.0302141 0.0343996 0.0395704
1.20417 -0.0212247 0.0219619 0.022179
1.20833 -0.00966871 0.00685775 0.0014915
1.2125 0.00353745 -0.00957284 -0.0206244
1.21667 0.0171368 -0.0256771 -0.0419242
1.22083 0.0297182 -0.0397601 -0.0601588
1.225 0.0399617 -0.050395 -0.0734873
1.22917 0.0468847 -0.0566914 -0.0808206
1.23333 0.0500217 -0.0584443 -0.0819942
1.2375 0.0494814 -0.0561141 -0.0777117
1.24167 0.0458613 -0.0506412 -0.0692774
1.24583 0.0400482 -0.0431652 -0.0582186
1.25 0.0329825 -0.0347553 -0.0459463
1.25417 0.0254781 -0.0262643 -0.0335936
1.25833 0.0181725 -0.0183603 -0.022091
1.2625 0.0116185 -0.0117047 -0.0124134
1.26667 0.00645109 -0.00715648 -0.0058239
1.27083 0.00350852 -0.00584292 -0.00390464
1.275 0.00378726 -0.00898105 -0.00824369
1.27917 0.00818116 -0.0174553 -0.0198234
1.28333 0.017074 -0.0313036 -0.0383511
1.2875 0.0299628 -0.0493617 -0.0618791
1.29167 0.0453237 -0.0692952 -0.0869959
1.29583 0.0608537 -0.0880943 -0.109628
1.3 0.0740518 -0.102877 -0.126177
1.30417 0.082918 -0.111665 -0.134499
1.30833 0.0864535 -0.113763 -0.134247
1.3125 0.0847155 -0.109559 -0.126395
1.31667 0.0783944 -0.0998424 -0.112197
1.32083 0.0681459 -0.085045 -0.0921702
1.325 0.0540647 -0.06485 -0.0657252
1.32917 0.0356315 -0.0384492 -0.0317084
1.33333 0.012202 -0.00534301 0.0103967
1.3375 -0.016217 0.0337545 0.0593021
1.34167 -0.0483553 0.0764398 0.111491
1.34583 -0.0816098 0.118882 0.161834
1.35 -0.112592 0.156709 0.204941
1.35417 -0.138007 0.186054 0.236502
1.35833 -0.155396 0.204253 0.253963
1.3625 -0.163416 0.20994 0.25634
1.36667 -0.16163 0.202746 0.243596
1.37083 -0.150156 0.182999 0.216246
1.375 -0.129523 0.151772 0.175572
1.37917 -0.100887 0.111224 0.124233
1.38333 -0.066363 0.064825 0.0666058
1.3875 -0.0290768 0.0170613 0.00830587
1.39167 0.00731583 -0.0274472 -0.0450816
1.39583 0.0394793 -0.0649942 -0.089344
1.4 0.065126 -0.0933879 -0.122214
1.40417 0.083172 -0.111768 -0.142871
1.40833 0.09329 -0.119899 -0.150923
1.4125 0.0953107 -0.11762 -0.145884
1.41667 0.0890706 -0.10502 -0.12776
1.42083 0.0749337 -0.08329 -0.0983955
1.425 0.0545912 -0.0555023 -0.062366
1.42917 0.0313726 -0.0264616 -0.0263305
1.43333 0.00954265 -0.00135221 0.00319341
1.4375 -0.00720768 0.0161719 0.0223904
1.44167 -0.0171852 0.0252645 0.0313702
1.44583 -0.0210886 0.0276827 0.0332141
1.45 -0.0211022 0.0262551 0.0315439
1.45417 -0.0193406 0.0231092 0.0283556
1.45833 -0.0167367 0.0188561 0.0235695
1.4625 -0.0130746 0.0131352 0.0163437
1.46667 -0.00794748 0.0058567 0.00682683
1.47083 -0.00172507 -0.00199777 -0.00318573
1.475 0.00429696 -0.00866785 -0.0111615
1.47917 0.00862646 -0.0126664 -0.0153914
1.48333 0.0104863 -0.0136323 -0.0158095
1.4875 0.0101189 -0.0122892 -0.0134839
1.49167 0.00831535 -0.00968082 -0.00947239
1.49583 0.00572454 -0.00649224 -0.00426224
1.5 0.00264408 -0.00308284 0.00170333
1.50417 -0.000571865 -5.64427e-05 0.00714722
1.50833 -0.00305106 0.00142214 0.00995256
1.5125 -0.00357094 0.000140873 0.00843617
1.51667 -0.00141444 -0.00411066 0.00292679
1.52083 0.00280519 -0.00993247 -0.00389307
1.525 0.00721058 -0.0148875 -0.00850076
1.52917 0.00976414 -0.016989 -0.00886896
1.53333 0.00960754 -0.0159589 -0.0057452
1.5375 0.00754631 -0.0132266 -0.0018203
1.54167 0.0052793 -0.0106792 0.000470636
1.54583 0.00404244 -0.00923344 0.000633276
1.55 0.00381069 -0.00839466 -3.82702e-05
1.55417 0.00365306 -0.00705026 -7.2067e-05
1.55833 0.00278809 -0.00465486 0.000732824
1.5625 0.00131709 -0.00170915 0.00131094
1.56667 1.09016e-05 0.000819902 0.000603861
1.57083 -0.000543926 0.00249265 -0.00123702
1.575 -0.000573127 0.00384041 -0.00285051
1.57917 -0.000942656 0.00587685 -0.00277915
1.58333 -0.00239436 0.00915627 -0.000635223
1.5875 -0.00489452 0.0132037 0.00261711
1.59167 -0.00761022 0.0167532 0.00531246
1.59583 -0.00944913 0.0185666 0.00604451
1.6 -0.00971681 0.0182509 0.00436584
1.60417 -0.00851046 0.0165997 0.00105659
1.60833 -0.00673142 0.0153037 -0.0020644
1.6125 -0.00573918 0.0161429 -0.00291239
1.61667 -0.00669834 0.0199812 -0.000427937
1.62083 -0.00982293 0.0260913 0.00432798
1.625 -0.0139981 0.032357 0.00838566
1.62917 -0.0172698 0.0364683 0.00878428
1.63333 -0.0181281 0.0374349 0.00501128
1.6375 -0.0167011 0.036243 -0.000172512
1.64167 -0.0147579 0.0349394 -0.00265949
1.64583 -0.0142669 0.0347044 -0.000380964
1.65 -0.0155905 0.034503 0.00476309
1.65417 -0.0169241 0.0316058 0.00833457
1.65833 -0.0156304 0.0237035 0.00706694
1.6625 -0.0104135 0.010874 0.0015912
1.66667 -0.00243626 -0.00429517 -0.00425196
1.67083 0.00560774 -0.0185196 -0.00679807
1.675 0.0116007 -0.0299638 -0.00549936
1.67917 0.0153984 -0.0389226 -0.00289554
1.68333 0.0183969 -0.0466727 -0.00201258
1.6875 0.0218875 -0.0537561 -0.00383546
1.69167 0.0258124 -0.0592567 -0.0069891
1.69583 0.0289125 -0.0614939 -0.0093599
1.7 0.0298359 -0.0592654 -0.00974729
1.70417 0.0280511 -0.0525512 -0.00821806
1.70833 0.0239315 -0.0423838 -0.00552458
1.7125 0.0183345 -0.0303486 -0.00264325
1.71667 0.0122623 -0.0181505 -0.000664721
1.72083 0.00669471 -0.00722544 -0.000401998
1.725 0.00229135 0.001708 -0.00155079
1.72917 -0.00101749 0.00887054 -0.00239601
1.73333 -0.00400938 0.0149705 -0.00104141
1.7375 -0.00737775 0.0202315 0.00255907
1.74167 -0.0107679 0.0238342 0.00595986
1.74583 -0.0127738 0.0245692 0.00622379
1.75 -0.0122294 0.0222678 0.00296002
1.75417 -0.00963017 0.0185089 -0.000834329
1.75833 -0.00705511 0.0155766 -0.00147372
1.7625 -0.00635358 0.0144424 0.00164217
1.76667 -0.00730179 0.0137928 0.00519261
1.77083 -0.0077308 0.0112788 0.0052209
1.775 -0.0056942 0.00591127 0.00127332
1.77917 -0.00152674 -0.000773313 -0.00303494
1.78333 0.00238311 -0.00599671 -0.00376448
1.7875 0.00392745 -0.00819166 -0.000762699
1.79167 0.00328177 -0.00814022 0.00228618
1.79583 0.002473 -0.00772869 0.00191048
1.8 0.00303779 -0.00777645 -0.00143732
1.80417 0.00435689 -0.00731633 -0.00403152
1.80833 0.00446926 -0.00503582 -0.00305999
1.8125 0.00240756 -0.00117542 0.000351331
1.81667 -0.000578534 0.00231901 0.0025615
1.82083 -0.00227537 0.00362625 0.00153435
1.825 -0.00182008 0.00285366 -0.00104602
1.82917 -0.00049642 0.00181102 -0.00194654
1.83333 -0.000178296 0.00202387 -0.000184812
1.8375 -0.00124854 0.00322442 0.00197927
1.84167 -0.00235511 0.00394806 0.00190957
1.84583 -0.00217414 0.00337851 -0.000193778
1.85 -0.00100013 0.00217228 -0.00161118
1.85417 -0.000255615 0.00135684 -0.000538863
1.85833 -0.000589869 0.000853218 0.001597
1.8625 -0.000996341 -0.000369752 0.00187574
1.86667 -0.000122422 -0.00266228 -0.000395972
1.87083 0.00183885 -0.00475524 -0.00263062
1.875 0.00311916 -0.00490359 -0.00205673
1.87917 0.00238525 -0.00283439 0.000760164
1.88333 0.000363027 -0.000111543 0.00243456
1.8875 -0.00097402 0.00154965 0.000874261
1.89167 -0.00071271 0.00197522 -0.00203075
1.89583 1.79343e-05 0.00226877 -0.00258681
1.9 -0.000408309 0.00309393 0.000187048
1.90417 -0.00196352 0.00369383 0.00321715
1.90833 -0.00286743 0.00278879 0.00292895
1.9125 -0.00168648 0.000230946 -0.000516322
1.91667 0.000862752 -0.00247525 -0.00333649
1.92083 0.00252266 -0.00337045 -0.00244216
1.925 0.00184113 -0.0018118 0.00107145
1.92917 -0.000326493 0.000856207 0.00319233
1.93333 -0.00175478 0.00247153 0.00149261
1.9375 -0.00120421 0.00212685 -0.00217392
1.94167 0.000293832 0.00108388 -0.00370818
1.94583 0.000617586 0.00130103 -0.00131193
1.95 -0.000985458 0.00295958 0.00240112
1.95417 -0.00286409 0.0039973 0.00317036
1.95833 -0.00272897 0.00263818 -9.80591e-05
1.9625 -0.000430692 -2.11415e-05 -0.0038549
1.96667 0.00156624 -0.00095617 -0.00379546
1.97083 0.000928157 0.00106544 6.08435e-05
1.975 -0.00167339 0.00373585 0.00318257
1.97917 -0.00321318 0.00398176 0.00184641
1.98333 -0.00194605 0.00181102 -0.00230707
1.9875 0.000448155 0.00017968 -0.00423661
1.99167 0.000982533 0.00113528 -0.00170542
1.99583 -0.000936739 0.00342331 0.0020552
2 -0.00294032 0.00445615 0.00253098
2.00417 -0.00279733 0.00354815 -0.000536949
2.00833 -0.00102252 0.00216899 -0.00323862
2.0125 0.00015303 0.00164843 -0.00259978
2.01667 -0.000356498 0.00191153 0.000103482
2.02083 -0.00155695 0.0023696 0.00152567
2.025 -0.00200942 0.00281521 0.000368002
2.02917 -0.00146742 0.00310165 -0.00168432
2.03333 -0.000735164 0.00292832 -0.00240058
2.0375 -0.000581058 0.00244346 -0.00127624
2.04167 -0.00109427 0.00222285 0.000437899
2.04583 -0.00167039 0.00209041 0.00111725
2.05 -0.00140362 0.000870364 0.000169114
2.05417 6.11239e-05 -0.00179604 -0.0013462
2.05833 0.00183362 -0.00420659 -0.00159457
2.0625 0.00246874 -0.00450121 -3.24535e-05
2.06667 0.00172971 -0.00341567 0.00167697
2.07083 0.00110243 -0.00360869 0.00163132
2.075 0.00196765 -0.00616292 0.000304793
2.07917 0.00378709 -0.00930491 -4.02986e-05
2.08333 0.00496399 -0.0111162 0.00137658
2.0875 0.00513917 -0.0119913 0.00273746
2.09167 0.00547224 -0.0133583 0.00247673
2.09583 0.00662067 -0.0152184 0.00167404
2.1 0.00772637 -0.0164691 0.00217951
2.10417 0.0079361 -0.0169565 0.00355154
2.10833 0.00779933 -0.0175526 0.00385364
2.1125 0.00824044 -0.0184026 0.00294709
2.11667 0.00895538 -0.0186294 0.00272751
2.12083 0.00894722 -0.0178844 0.00390607
2.125 0.00817558 -0.0168296 0.00478124
2.12917 0.00750953 -0.0158636 0.00404651
2.13333 0.00726054 -0.014665 0.00286295
2.1375 0.00690178 -0.0132449 0.00283801
2.14167 0.00618308 -0.0120332 0.00354268
2.14583 0.00538338 -0.0105471 0.00361017
2.15 0.00440977 -0.00760358 0.00300798
2.15417 0.0028559 -0.00354148 0.00248297
2.15833 0.00112287 -0.000441637 0.00186837
2.1625 0.000136711 0.000985812 0.000878674
2.16667 -0.000399075 0.00285984 0.000535833
2.17083 -0.00192568 0.0068336 0.00146611
2.175 -0.00454258 0.0112675 0.00169661
2.17917 -0.00637636 0.0141258 -0.000859439
2.18333 -0.00668339 0.0169887 -0.00418228
2.1875 -0.0077364 0.0227221 -0.00413823
2.19167 -0.0115079 0.0299905 -0.00117397
2.19583 -0.0159206 0.0342202 -0.00076676
2.2 -0.0172857 0.0343897 -0.00528234
2.20417 -0.0158325 0.0345909 -0.00959885
2.20833 -0.0154907 0.0373274 -0.00837382
2.2125 -0.0178366 0.0394218 -0.00423201
2.21667 -0.0196757 0.0372208 -0.00380204
2.22083 -0.0180054 0.0320909 -0.00762885
2.225 -0.0142399 0.0270567 -0.00975557
2.22917 -0.0112575 0.0211721 -0.00705931
2.23333 -0.00886579 0.012004 -0.00323776
2.2375 -0.005152 0.00152898 -0.00219754
2.24167 -0.000455993 -0.00597991 -0.00269684
2.24583 0.00335126 -0.0109878 -0.00201901
2.25 0.00637814 -0.0177119 -0.000509457
2.25417 0.00999135 -0.0259547 0.000687352
2.25833 0.0132467 -0.0302553 0.00256387
2.2625 0.0138361 -0.0288201 0.00529715
2.26667 0.0125617 -0.0268778 0.00584418
2.27083 0.0127485 -0.0278132 0.0027926
2.275 0.014396 -0.0270045 0.000530731
2.27917 0.0132639 -0.0196455 0.00331196
2.28333 0.00774791 -0.00976705 0.00748279
2.2875 0.00247361 -0.00476414 0.00596237
2.29167 0.00177968 -0.00409797 -0.000478762
2.29583 0.00307601 -0.000931163 -0.00349153
2.3 0.000998264 0.00627416 0.000338109
2.30417 -0.00414649 0.0115309 0.00430097
2.30833 -0.0070494 0.0113135 0.00192325
2.3125 -0.00559875 0.00944402 -0.00358949
2.31667 -0.0033893 0.00971523 -0.00495771
2.32083 -0.00357161 0.0100541 -0.00146488
2.325 -0.00470101 0.0075354 0.00145699
2.32917 -0.00420024 0.00394465 0.000715196
2.33333 -0.00229715 0.00216664 -0.00160115
2.3375 -0.000560128 0.00115409 -0.00268506
2.34167 0.000659034 -0.00115595 -0.00189031
2.34583 0.00139952 -0.00326502 0.000258318
2.35 0.0011 -0.00292634 0.00232334
2.35417 0.000226423 -0.00180335 0.00196909
2.35833 0.000632986 -0.00274793 -0.000972868
2.3625 0.00251341 -0.00459581 -0.00263562
2.36667 0.00329709 -0.00427126 -8.8495e-06
2.37083 0.00157404 -0.0023114 0.00367231
2.375 -0.000254763 -0.00160893 0.00297987
2.37917 0.00033229 -0.00208182 -0.00123094
2.38333 0.00190284 -0.00142103 -0.00282304
2.3875 0.00160868 9.34261e-07 0.000107862
2.39167 -0.000135351 1.21527e-05 0.00262362
2.39583 -0.00083656 -0.000521359 0.00118044
2.4 -0.000285711 0.00079862 -0.00135464
2.40417 -0.000144542 0.00228069 -0.00145573
2.40833 -0.000295793 0.000256281 -0.000347678
2.4125 0.000551827 -0.00334096 -0.000253865
2.41667 0.00139781 -0.00272461 -5.13265e-05
2.42083 0.000290724 0.00144574 0.00126972
2.425 -0.00126244 0.00169014 0.00121693
2.42917 4.23439e-05 -0.00359175 -0.00140964
2.43333 0.00299069 -0.00582357 -0.00245559
2.4375 0.0025556 3.80129e-05 0.00117104
2.44167 -0.00171137 0.0059769 0.00467544
2.44583 -0.00376002 0.00324471 0.00196008
2.45 -0.00046009 -0.0028518 -0.00358082
2.45417 0.00270529 -0.00128122 -0.00320655
2.45833 0.00013499 0.00613946 0.00299886
2.4625 -0.00449126 0.00731478 0.00538071
2.46667 -0.00383122 -5.69982e-07 -7.7956e-05
2.47083 0.0012088 -0.00426694 -0.00508096
2.475 0.00290042 0.000677985 -0.00215853
2.47917 -0.000820052 0.00553616 0.00363038
2.48333 -0.00335315 0.00139759 0.00322471
2.4875 -0.000470515 -0.0054604 -0.00213513
2.49167 0.00317146 -0.00454882 -0.00384043
2.49583 0.00224169 0.00132995 1.45675e-05
2.5 -0.000795323 0.00167967 0.00271992
2.50417 -0.000708585 -0.00343644 0.000704404
2.50833 0.00157413 -0.00403985 -0.00154136
2.5125 0.00134744 0.00200345 -0.000211805
2.51667 -0.00129668 0.00523589 0.00174652
2.52083 -0.00194597 0.00111332 0.000910935
2.525 2.36106e-05 -0.0021338 -0.000463059
2.52917 0.000397679 0.00215825 0.000751346
2.53333 -0.00216219 0.00747314 0.00237911
2.5375 -0.00351624 0.00514134 0.000971121
2.54167 -0.00122412 -0.00116923 -0.00145935
2.54583 0.00115257 -0.00209573 -0.000620873
2.55 0.000187927 0.00168892 0.00228029
2.55417 -0.00156576 0.00157371 0.00217248
2.55833 -0.00016222 -0.003627 -0.00121218
2.5625 0.0027904 -0.00591209 -0.00261116
2.56667 0.00284509 -0.00224937 5.07487e-05
2.57083 0.000292298 0.000387705 0.00221752
2.575 -0.0004105 -0.0026528 0.000239737
2.57917 0.00184165 -0.00587778 -0.00285456
2.58333 0.00317778 -0.00345681 -0.00261982
2.5875 0.00138508 0.000855998 -0.000198434
2.59167 -0.000634402 0.000338702 0.000206337
2.59583 0.000104451 -0.00376242 -0.00177254
2.6 0.002128 -0.00529204 -0.00281108
2.60417 0.00256022 -0.00356023 -0.00166119
2.60833 0.0017186 -0.0031442 -0.000526709
2.6125 0.00171443 -0.00510809 -0.000855687
2.61667 0.00252099 -0.00565959 -0.0013902
2.62083 0.00246832 -0.00350387 -0.000948642
2.625 0.00150394 -0.00211614 -0.000271877
2.62917 0.00116484 -0.00344832 -0.000233718
2.63333 0.00175842 -0.00463941 -0.000373675
2.6375 0.00193143 -0.0029846 -8.26286e-05
2.64167 0.00101322 -0.000129673 0.000350446
2.64583 -8.54275e-05 0.000946619 0.000544742
2.65 -0.000460311 0.000195947 0.00061846
2.65417 -0.00027278 -0.00037884 0.000579677
2.65833 -7.86634e-05 0.000196536 0.00025514
2.6625 -0.000182864 0.00141216 -2.742e-05
2.66667 -0.000685346 0.00243693 0.00016158
2.67083 -0.001305 0.00252164 0.000310019
2.675 -0.00132611 0.00142655 -0.000367492
2.67917 -0.000521391 0.000130841 -0.00129735
2.68333 0.000221739 -8.944e-05 -0.0011247
2.6875 6.33582e-05 0.000465405 -2.43053e-06
2.69167 -0.000473835 0.000479042 0.00039776
2.69583 -0.000397594 0.000100004 -0.000453163
2.7 1.68427e-05 0.000840235 -0.000985206
2.70417 -0.000321689 0.00267694 -4.90427e-06
2.70833 -0.00138522 0.00361914 0.00139693
2.7125 -0.00198042 0.003054 0.00153868
2.71667 -0.0017279 0.00315648 0.000636258
2.72083 -0.00169601 0.00544054 0.000306027
2.725 -0.00262847 0.0079611 0.00118531
2.72917 -0.00372963 0.0080347 0.00225907
2.73333 -0.00390295 0.00629924 0.00240677
2.7375 -0.00332024 0.00566906 0.00169892
2.74167 -0.00296258 0.00696139 0.00104678
2.74583 -0.00316937 0.00801764 0.00112033
2.75 -0.00344193 0.00724216 0.00175934
2.75417 -0.00339081 0.00578197 0.00219345
2.75833 -0.00314303 0.00540061 0.00182798
2.7625 -0.00287973 0.00588592 0.000963088
2.76667 -0.00258333 0.00580906 0.00059159
2.77083 -0.00231965 0.00481973 0.00123974
2.775 -0.00227123 0.00380065 0.00217329
2.77917 -0.0023083 0.00313732 0.00217532
2.78333 -0.00192481 0.0020993 0.00112755
2.7875 -0.000882391 8.89557e-05 0.000307074
2.79167 0.00034227 -0.0023407 0.000789255
2.79583 0.0010608 -0.00405494 0.00197758
2.8 0.00117327 -0.00453294 0.00234562
2.80417 0.00117284 -0.00431584 0.00149773
2.80833 0.00143954 -0.0044192 0.000712956
2.8125 0.00181264 -0.00520834 0.00120659
2.81667 0.00185015 -0.00576258 0.00254304
2.82083 0.00130876 -0.00479805 0.0033019
2.825 0.000388494 -0.00249482 0.002909
2.82917 -0.000389488 -0.000658907 0.00222612
2.83333 -0.000695526 -0.000377151 0.00243086
2.8375 -0.00087858 -0.000350469 0.00367255
2.84167 -0.00160919 0.00122642 0.00484361
2.84583 -0.00282205 0.00377585 0.00466806
2.85 -0.00351254 0.00499233 0.0031917
2.85417 -0.00305986 0.00417823 0.001955
2.85833 -0.00222425 0.00303747 0.00211557
2.8625 -0.00204615 0.002795 0.00265177
2.86667 -0.00214598 0.00237163 0.0014782
2.87083 -0.00117271 0.000340754 -0.00158522
2.875 0.00111645 -0.00274006 -0.00428502
2.87917 0.00333467 -0.00514956 -0.00495131
2.88333 0.00432482 -0.00628871 -0.00477308
2.8875 0.0046198 -0.00708331 -0.00600708
2.89167 0.00552155 -0.00853791 -0.00881602
2.89583 0.00732424 -0.0105746 -0.0111721
2.9 0.00900669 -0.0120819 -0.0115543
2.90417 0.00945761 -0.0119719 -0.0106501
2.90833 0.0087073 -0.0105904 -0.0103304
2.9125 0.00798053 -0.00977316 -0.0115244
2.91667 0.0084091 -0.0106017 -0.0131935
2.92083 0.00955958 -0.0115387 -0.0133897
2.925 0.00973314 -0.0102844 -0.011644
2.92917 0.00821154 -0.00726895 -0.00999833
2.93333 0.00653052 -0.00532247 -0.0106728
2.9375 0.00652938 -0.0055704 -0.0128596
2.94167 0.00766315 -0.00584081 -0.0134219
2.94583 0.00768041 -0.00410336 -0.0111659
2.95 0.00587335 -0.0014784 -0.00854941
2.95417 0.00404483 -0.000303448 -0.00799934
2.95833 0.00378003 -0.00068109 -0.00818778
2.9625 0.00417674 -0.000679562 -0.00576498
2.96667 0.0032009 0.00086413 0.000141848
2.97083 0.000385247 0.00325983 0.00704201
2.975 -0.00281379 0.0053078 0.012458
2.97917 -0.0049652 0.0066758 0.0166753
2.98333 -0.00622733 0.00808389 0.0218356
2.9875 -0.00793939 0.0104853 0.0290147
2.99167 -0.0108249 0.0136661 0.0364865
2.99583 -0.0136759 0.0158293 0.0410532
