0 0 0 0
0.00416667 0 0 0
0.00833333 0 0 0
0.0125 0 0 0
0.0166667 0 0 0
0.0208333 0 0 0
0.025 0 0 0
0.0291667 0 0 0
0.0333333 0 0 0
0.0375 0 0 0
0.0416667 0 0 0
0.0458333 0 0 0
0.05 0 0 0
0.0541667 0 0 0
0.0583333 0 0 0
0.0625 0 0 0
0.0666667 0 0 0
0.0708333 0 0 0
0.075 0 0 0
0.0791667 0 0 0
0.0833333 0 0 0
0.0875 0 0 0
0.0916667 0 0 0
0.0958333 0 0 0
0.1 0 0 0
0.104167 0 0 0
0.108333 0 0 0
0.1125 0 0 0
0.116667 0 0 0
0.120833 0 0 0
0.125 0 0 0
0.129167 0 0 0
0.133333 0 0 0
0.1375 0 0 0
0.141667 0 0 0
0.145833 0 0 0
0.15 0 0 0
0.154167 0 0 0
0.158333 0 0 0
0.1625 0 0 0
0.166667 0 0 0
0.170833 0 0 0
0.175 0 0 0
0.179167 0 0 0
0.183333 0 0 0
0.1875 -2.79987e-320 2.4061e-321 8.53232e-319
0.191667 -3.12252e-316 3.04963e-317 9.23906e-315
0.195833 -2.82377e-312 2.94744e-313 8.17062e-311
0.2 -2.10244e-308 2.31765e-309 5.95193e-307
0.204167 -1.29884e-304 1.49659e-305 3.59913e-303
0.208333 -6.70624e-301 8.00452e-302 1.81978e-299
0.2125 -2.91378e-297 3.57428e-298 7.74603e-296
0.216667 -1.07219e-293 1.34235e-294 2.79353e-292
0.220833 -3.36164e-290 4.26926e-291 8.58745e-289
0.225 -9.0319e-287 1.15731e-287 2.26301e-285
0.229167 -2.09075e-283 2.6902e-284 5.13998e-282
0.233333 -4.19133e-280 5.39291e-281 1.01138e-278
0.2375 -7.31206e-277 9.37333e-278 1.73242e-275
0.241667 -1.11527e-273 1.41969e-274 2.59529e-272
0.245833 -1.49377e-270 1.88278e-271 3.41523e-269
0.25 -1.76432e-267 2.19624e-268 3.96437e-266
0.254167 -1.84501e-264 2.26307e-265 4.07552e-263
0.258333 -1.71478e-261 2.06835e-262 3.72479e-260
0.2625 -1.42164e-258 1.68322e-259 3.03746e-257
0.266667 -1.05502e-255 1.22419e-256 2.2178e-254
0.270833 -7.03172e-253 7.98492e-254 1.45471e-251
0.275 -4.22264e-250 4.6866e-251 8.59921e-249
0.279167 -2.29167e-247 2.48311e-248 4.59504e-246
0.283333 -1.12729e-244 1.19126e-245 2.22605e-243
0.2875 -5.04024e-242 5.1898e-243 9.80415e-241
0.291667 -2.05384e-239 2.05891e-240 3.9362e-238
0.295833 -7.64711e-237 7.45802e-238 1.44428e-235
0.3 -2.60807e-234 2.47293e-235 4.85519e-233
0.304167 -8.16698e-232 7.52427e-233 1.49888e-230
0.308333 -2.3535e-229 2.10569e-230 4.25911e-228
0.3125 -6.255e-227 5.43223e-228 1.11638e-225
0.316667 -1.53643e-224 1.29464e-225 2.70495e-223
0.320833 -3.49506e-222 2.8563e-223 6.07063e-221
0.325 -7.3772e-220 5.84529e-221 1.26439e-218
0.329167 -1.44757e-217 1.11169e-218 2.44856e-216
0.333333 -2.64535e-215 1.96851e-216 4.41676e-214
0.3375 -4.50998e-213 3.2511e-214 7.43384e-212
0.341667 -7.18522e-211 5.01653e-212 1.1694e-209
0.345833 -1.07147e-208 7.2438e-210 1.72208e-207
0.35 -1.49786e-206 9.80404e-208 2.37769e-205
0.354167 -1.96591e-204 1.2456e-205 3.08262e-203
0.358333 -2.42598e-202 1.48774e-203 3.75816e-201
0.3625 -2.81868e-200 1.67288e-201 4.31444e-199
0.366667 -3.08765e-198 1.7733e-199 4.67038e-197
0.370833 -3.19299e-196 1.7744e-197 4.77336e-195
0.375 -3.12107e-194 1.67814e-195 4.61196e-193
0.379167 -2.88717e-192 1.50192e-193 4.21757e-191
0.383333 -2.53056e-190 1.27357e-191 3.65482e-189
0.3875 -2.10393e-188 1.02436e-189 3.00461e-187
0.391667 -1.66109e-186 7.82395e-188 2.34589e-185
0.395833 -1.24671e-184 5.68074e-186 1.74135e-183
0.4 -8.90426e-183 3.92503e-184 1.23019e-181
0.404167 -6.05792e-181 2.58332e-182 8.27931e-180
0.408333 -3.92973e-179 1.62119e-180 5.31344e-178
0.4125 -2.4329e-177 9.71001e-179 3.2548e-176
0.416667 -1.43881e-175 5.55566e-177 1.90472e-174
0.420833 -8.1355e-174 3.03925e-175 1.06581e-172
0.425 -4.40186e-172 1.59106e-173 5.70747e-171
0.429167 -2.28098e-170 7.97735e-172 2.92738e-169
0.433333 -1.1329e-168 3.83383e-170 1.43925e-167
0.4375 -5.39737e-167 1.76747e-168 6.78823e-166
0.441667 -2.46847e-165 7.82251e-167 3.07374e-164
0.445833 -1.08454e-163 3.32612e-165 1.33717e-162
0.45 -4.58088e-162 1.35968e-163 5.59278e-161
0.454167 -1.8614e-160 5.3475e-162 2.25056e-159
0.458333 -7.28139e-159 2.02474e-160 8.7191e-158
0.4625 -2.74382e-157 7.38554e-159 3.25427e-156
0.466667 -9.96652e-156 2.59696e-157 1.17089e-154
0.470833 -3.49179e-154 8.80825e-156 4.06374e-153
0.475 -1.18068e-152 2.88349e-154 1.36128e-151
0.479167 -3.85526e-151 9.11604e-153 4.40391e-150
0.483333 -1.21636e-149 2.78486e-151 1.37672e-148
0.4875 -3.7102e-148 8.22525e-150 4.16113e-147
0.491667 -1.09471e-146 2.35007e-148 1.21667e-145
0.495833 -3.12605e-145 6.49873e-147 3.44315e-144
0.5 -8.64397e-144 1.74026e-145 9.43604e-143
0.504167 -2.31563e-142 4.51494e-144 2.50548e-141
0.508333 -6.01282e-141 1.13542e-142 6.44867e-140
0.5125 -1.51407e-139 2.76908e-141 1.60967e-138
0.516667 -3.69895e-138 6.55219e-140 3.89846e-137
0.520833 -8.77144e-137 1.50489e-138 9.16505e-136
0.525 -2.01984e-135 3.35648e-137 2.09245e-134
0.529167 -4.51859e-134 7.27288e-136 4.64133e-133
0.533333 -9.82461e-133 1.53163e-134 1.00064e-131
0.5375 -2.07698e-131 3.13621e-133 2.0977e-130
0.541667 -4.27097e-130 6.2464e-132 4.27771e-129
0.545833 -8.54618e-129 1.21059e-130 8.48891e-128
0.55 -1.66469e-127 2.28385e-129 1.63996e-126
0.554167 -3.15773e-126 4.19571e-128 3.08542e-125
0.558333 -5.8352e-125 7.50869e-127 5.65531e-124
0.5625 -1.05082e-123 1.30947e-125 1.01022e-122
0.566667 -1.8448e-122 2.22612e-124 1.7593e-121
0.570833 -3.15838e-121 3.69034e-123 2.988e-120
0.575 -5.27496e-120 5.9675e-122 4.95087e-119
0.579167 -8.59716e-119 9.41593e-121 8.00542e-118
0.583333 -1.36776e-117 1.45015e-119 1.26365e-116
0.5875 -2.12482e-116 2.18059e-118 1.9478e-115
0.591667 -3.22421e-115 3.20238e-117 2.93271e-114
0.595833 -4.78015e-114 4.59448e-116 4.31451e-113
0.6 -6.92636e-113 6.44147e-115 6.2038e-112
0.604167 -9.81156e-112 8.82752e-114 8.7211e-111
0.608333 -1.35913e-110 1.1828e-112 1.19893e-109
0.6125 -1.8416e-109 1.54996e-111 1.61229e-108
0.616667 -2.4415e-108 1.98689e-110 2.12147e-107
0.620833 -3.1678e-107 2.49218e-109 2.73205e-106
0.625 -4.02357e-106 3.05945e-108 3.44436e-105
0.629167 -5.00411e-105 3.67677e-107 4.25213e-104
0.633333 -6.09551e-104 4.32664e-106 5.1415e-103
0.6375 -7.27389e-103 4.98645e-105 6.09062e-102
0.641667 -8.5055e-102 5.62969e-104 7.0701e-101
0.645833 -9.74787e-101 6.22763e-103 8.04417e-100
0.65 -1.0952e-99 6.75141e-102 8.97279e-99
0.654167 -1.20657e-98 7.17444e-101 9.81433e-98
0.658333 -1.30369e-97 7.4746e-100 1.05287e-96
0.6625 -1.38184e-96 7.63617e-99 1.10806e-95
0.666667 -1.43712e-95 7.65124e-98 1.14424e-94
0.670833 -1.46678e-94 7.52027e-97 1.15964e-93
0.675 -1.46949e-93 7.25196e-96 1.15364e-92
0.679167 -1.44537e-92 6.86228e-95 1.12679e-91
0.683333 -1.39601e-91 6.37299e-94 1.08075e-90
0.6875 -1.32428e-90 5.8096e-93 1.01812e-89
0.691667 -1.23404e-89 5.19924e-92 9.42211e-89
0.695833 -1.12984e-88 4.56864e-91 8.56738e-88
0.7 -1.01654e-87 3.94225e-90 7.65557e-87
0.704167 -8.98921e-87 3.34092e-89 6.72376e-86
0.708333 -7.81429e-86 2.78102e-88 5.80533e-85
0.7125 -6.67881e-85 2.27408e-87 4.92829e-84
0.716667 -5.61335e-84 1.8269e-86 4.11424e-83
0.720833 -4.64013e-83 1.44202e-85 3.37815e-82
0.725 -3.77305e-82 1.11844e-84 2.72856e-81
0.729167 -3.01839e-81 8.52439e-84 2.16831e-80
0.733333 -2.37601e-80 6.38488e-83 1.69555e-79
0.7375 -1.84067e-79 4.70001e-82 1.30485e-78
0.741667 -1.40354e-78 3.40026e-81 9.88426e-78
0.745833 -1.05354e-77 2.41767e-80 7.37086e-77
0.75 -7.7862e-77 1.68946e-79 5.41186e-76
0.754167 -5.66636e-76 1.16025e-78 3.91283e-75
0.758333 -4.06114e-75 7.83029e-78 2.78618e-74
0.7625 -2.86692e-74 5.19262e-77 1.95416e-73
0.766667 -1.99372e-73 3.38312e-76 1.35022e-72
0.770833 -1.36601e-72 2.16516e-75 9.19165e-72
0.775 -9.2222e-72 1.36082e-74 6.16576e-71
0.779167 -6.13571e-71 8.39666e-74 4.07602e-70
0.783333 -4.02344e-70 5.08432e-73 2.65581e-69
0.7875 -2.60067e-69 3.01958e-72 1.70578e-68
0.791667 -1.65722e-68 1.75772e-71 1.08009e-67
0.795833 -1.0412e-67 1.00195e-70 6.74322e-67
0.8 -6.45049e-67 5.58627e-70 4.15134e-66
0.804167 -3.94102e-66 3.0414e-69 2.52042e-65
0.808333 -2.37482e-65 1.61339e-68 1.50928e-64
0.8125 -1.41158e-64 8.31285e-68 8.91514e-64
0.816667 -8.27708e-64 4.14083e-67 5.19507e-63
0.820833 -4.78844e-63 1.97973e-66 2.9868e-62
0.825 -2.73339e-62 8.975e-66 1.69441e-61
0.829167 -1.53972e-61 3.77161e-65 9.4857e-61
0.833333 -8.55968e-61 1.39709e-64 5.24088e-60
0.8375 -4.69671e-60 3.90269e-64 2.85802e-59
0.841667 -2.54385e-59 1.15576e-64 1.53848e-58
0.845833 -1.36016e-58 -9.85776e-63 8.17578e-58
0.85 -7.18013e-58 -1.06265e-61 4.28957e-57
0.854167 -3.74245e-57 -8.31078e-61 2.22222e-56
0.858333 -1.9262e-56 -5.67682e-60 1.13681e-55
0.8625 -9.79052e-56 -3.58314e-59 5.74316e-55
0.866667 -4.91481e-55 -2.14234e-58 2.86562e-54
0.870833 -2.43692e-54 -1.22941e-57 1.41229e-53
0.875 -1.19357e-53 -6.82491e-57 6.8755e-53
0.879167 -5.77507e-53 -3.68375e-56 3.30671e-52
0.883333 -2.76063e-52 -1.93993e-55 1.5712e-51
0.8875 -1.30387e-51 -9.99235e-55 7.37647e-51
0.891667 -6.08511e-51 -5.04363e-54 3.42198e-50
0.895833 -2.80637e-50 -2.49823e-53 1.56875e-49
0.9 -1.27907e-49 -1.21569e-52 7.10732e-49
0.904167 -5.76169e-49 -5.8171e-52 3.18251e-48
0.908333 -2.56533e-48 -2.73908e-51 1.40856e-47
0.9125 -1.12903e-47 -1.26995e-50 6.16241e-47
0.916667 -4.91207e-47 -5.80064e-50 2.6652e-46
0.920833 -2.11277e-46 -2.61138e-49 1.13956e-45
0.925 -8.98454e-46 -1.15914e-48 4.81736e-45
0.929167 -3.77768e-45 -5.07479e-48 2.01357e-44
0.933333 -1.57061e-44 -2.19204e-47 8.32229e-44
0.9375 -6.45732e-44 -9.34424e-47 3.40143e-43
0.941667 -2.62545e-43 -3.93194e-46 1.37483e-42
0.945833 -1.05572e-42 -1.63354e-45 5.49587e-42
0.95 -4.1987e-42 -6.70195e-45 2.17293e-41
0.954167 -1.65168e-41 -2.7158e-44 8.4977e-41
0.958333 -6.42699e-41 -1.08715e-43 3.28723e-40
0.9625 -2.47391e-40 -4.29977e-43 1.25793e-39
0.966667 -9.4206e-40 -1.68045e-42 4.76212e-39
0.970833 -3.54907e-39 -6.49064e-42 1.78357e-38
0.975 -1.32287e-38 -2.47791e-41 6.60914e-38
0.979167 -4.8787e-38 -9.35124e-41 2.4232e-37
0.983333 -1.78034e-37 -3.48888e-40 8.79112e-37
0.9875 -6.42881e-37 -1.28701e-39 3.15595e-36
0.991667 -2.29726e-36 -4.69458e-39 1.12116e-35
0.995833 -8.12387e-36 -1.69345e-38 3.94168e-35
1 -2.8432e-35 -6.0415e-38 1.37147e-34
1.00417 -9.84836e-35 -2.13183e-37 4.72284e-34
1.00833 -3.37638e-34 -7.44095e-37 1.60972e-33
1.0125 -1.14575e-33 -2.56924e-36 5.43063e-33
1.01667 -3.84852e-33 -8.77638e-36 1.8135e-32
1.02083 -1.27963e-32 -2.96612e-35 5.99471e-32
1.025 -4.21192e-32 -9.91865e-35 1.96166e-31
1.02917 -1.37244e-31 -3.28198e-34 6.35474e-31
1.03333 -4.42738e-31 -1.07464e-33 2.03802e-30
1.0375 -1.414e-30 -3.48227e-33 6.47099e-30
1.04167 -4.47119e-30 -1.11675e-32 2.03423e-29
1.04583 -1.39984e-29 -3.5446e-32 6.33157e-29
1.05 -4.33944e-29 -1.11357e-31 1.95128e-28
1.05417 -1.33199e-28 -3.46284e-31 5.95441e-28
1.05833 -4.04849e-28 -1.06593e-30 1.79921e-27
1.0625 -1.2185e-27 -3.24808e-30 5.38348e-27
1.06667 -3.63171e-27 -9.79821e-30 1.59513e-26
1.07083 -1.07192e-26 -2.92621e-29 4.68047e-26
1.075 -3.13321e-26 -8.65211e-29 1.36006e-25
1.07917 -9.06998e-26 -2.53286e-28 3.91392e-25
1.08333 -2.6003e-25 -7.34161e-28 1.11549e-24
1.0875 -7.3833e-25 -2.10705e-27 3.14864e-24
1.09167 -2.07634e-24 -5.98798e-27 8.80237e-24
1.09583 -5.78335e-24 -1.68507e-26 2.43727e-23
1.1 -1.59551e-23 -4.69574e-26 6.68411e-23
1.10417 -4.35982e-23 -1.29584e-25 1.81564e-22
1.10833 -1.18004e-22 -3.54134e-25 4.88503e-22
1.1125 -3.16365e-22 -9.5845e-25 1.30186e-21
1.11667 -8.40145e-22 -2.56901e-24 3.43663e-21
1.12083 -2.21004e-21 -6.81973e-24 8.98619e-21
1.125 -5.75882e-21 -1.79301e-23 2.32755e-20
1.12917 -1.48648e-20 -4.66898e-23 5.97187e-20
1.13333 -3.80089e-20 -1.20419e-22 1.5178e-19
1.1375 -9.62749e-20 -3.07613e-22 3.82132e-19
1.14167 -2.41574e-19 -7.7833e-22 9.53051e-19
1.14583 -6.00481e-19 -1.95064e-21 2.35463e-18
1.15 -1.47865e-18 -4.84227e-21 5.76288e-18
1.15417 -3.60702e-18 -1.19066e-20 1.39723e-17
1.15833 -8.71673e-18 -2.89998e-20 3.35588e-17
1.1625 -2.08681e-17 -6.99645e-20 7.98478e-17
1.16667 -4.94921e-17 -1.67201e-19 1.88206e-16
1.17083 -1.16283e-16 -3.95804e-19 4.39463e-16
1.175 -2.70658e-16 -9.28124e-19 1.01655e-15
1.17917 -6.24096e-16 -2.15584e-18 2.32942e-15
1.18333 -1.42563e-15 -4.96036e-18 5.28788e-15
1.1875 -3.22615e-15 -1.13057e-17 1.18913e-14
1.19167 -7.23241e-15 -2.5525e-17 2.64901e-14
1.19583 -1.6062e-14 -5.70849e-17 5.84583e-14
1.2 -3.5337e-14 -1.26462e-16 1.27794e-13
1.20417 -7.70141e-14 -2.7751e-16 2.7674e-13
1.20833 -1.66271e-13 -6.03221e-16 5.93642e-13
1.2125 -3.55599e-13 -1.29882e-15 1.26143e-12
1.21667 -7.53351e-13 -2.77006e-15 2.6551e-12
1.22083 -1.58096e-12 -5.85186e-15 5.53565e-12
1.225 -3.28639e-12 -1.22449e-14 1.14319e-11
1.22917 -6.76686e-12 -2.53787e-14 2.33841e-11
1.23333 -1.38011e-11 -5.20985e-14 4.73766e-11
1.2375 -2.78797e-11 -1.05929e-13 9.50687e-11
1.24167 -5.57825e-11 -2.13317e-13 1.88942e-10
1.24583 -1.10543e-10 -4.25453e-13 3.71899e-10
1.25 -2.16957e-10 -8.40383e-13 7.24956e-10
1.25417 -4.21708e-10 -1.64396e-12 1.3995e-09
1.25833 -8.1176e-10 -3.18478e-12 2.67541e-09
1.2625 -1.54741e-09 -6.10979e-12 5.06463e-09
1.26667 -2.92097e-09 -1.16069e-11 9.49347e-09
1.27083 -5.45975e-09 -2.18338e-11 1.76198e-08
1.275 -1.01046e-08 -4.06678e-11 3.23785e-08
1.27917 -1.85161e-08 -7.49992e-11 5.89067e-08
1.28333 -3.35918e-08 -1.36939e-10 1.06097e-07
1.2875 -6.03321e-08 -2.47536e-10 1.89165e-07
1.29167 -1.07267e-07 -4.4296e-10 3.3385e-07
1.29583 -1.88782e-07 -7.8466e-10 5.83185e-07
1.3 -3.28849e-07 -1.37581e-09 1.00826e-06
1.30417 -5.66949e-07 -2.38763e-09 1.72509e-06
1.30833 -9.67311e-07 -4.10086e-09 2.92071e-06
1.3125 -1.63315e-06 -6.97023e-09 4.8929e-06
1.31667 -2.72825e-06 -1.17232e-08 8.10963e-06
1.32083 -4.50918e-06 -1.9509e-08 1.32968e-05
1.325 -7.37259e-06 -3.21195e-08 2.15654e-05
1.32917 -1.19235e-05 -5.23125e-08 3.45925e-05
1.33333 -1.9072e-05 -8.42744e-08 5.48737e-05
1.3375 -3.01677e-05 -1.34273e-07 8.60687e-05
1.34167 -4.71826e-05 -2.11559e-07 0.000133464
1.34583 -7.29544e-05 -3.29582e-07 0.000204574
1.35 -0.000111502 -5.076e-07 0.000309908
1.35417 -0.000168422 -7.7275e-07 0.000463911
1.35833 -0.000251376 -1.16264e-06 0.00068607
1.3625 -0.000370656 -1.72845e-06 0.00100218
1.36667 -0.000539815 -2.53859e-06 0.00144565
1.37083 -0.000776331 -3.68264e-06 0.00205881
1.375 -0.00110221 -5.27544e-06 0.00289392
1.37917 -0.00154447 -7.46074e-06 0.00401368
1.38333 -0.00213531 -1.04138e-05 0.00549093
1.3875 -0.00291179 -1.43421e-05 0.00740693
1.39167 -0.00391488 -1.94827e-05 0.00984796
1.39583 -0.00518751 -2.60952e-05 0.0128996
1.4 -0.00677144 -3.44486e-05 0.0166384
1.40417 -0.00870287 -4.48007e-05 0.0211204
1.40833 -0.0110065 -5.73696e-05 0.0263678
1.4125 -0.0136883 -7.22958e-05 0.032352
1.41667 -0.0167276 -8.95968e-05 0.0389769
1.42083 -0.0200681 -0.000109117 0.0460631
1.425 -0.0236107 -0.000130475 0.0533345
1.42917 -0.0272073 -0.000153018 0.0604126
1.43333 -0.030659 -0.00017579 0.0668205
1.4375 -0.0337189 -0.000197521 0.0719996
1.44167 -0.0361023 -0.000216653 0.0753417
1.44583 -0.0375045 -0.000231403 0.0762373
1.45 -0.0376257 -0.00023988 0.0741376
1.45417 -0.0362036 -0.000240242 0.0686257
1.45833 -0.0330489 -0.000230893 0.0594887
1.4625 -0.0280813 -0.000210705 0.0467813
1.46667 -0.0213585 -0.000179226 0.0308661
1.47083 -0.0130944 -0.000136862 0.0124206
1.475 -0.00365738 -8.49665e-05 -0.00760094
1.47917 0.00645229 -2.58338e-05 -0.0280529
1.48333 0.0166507 3.74533e-05 -0.0477309
1.4875 0.0263397 0.000101317 -0.0655354
1.49167 0.0349905 0.000162106 -0.080648
1.49583 0.0422311 0.000216601 -0.092688
1.5 0.0479205 0.000262536 -0.101817
1.50417 0.0521941 0.000299044 -0.108765
1.50833 0.055467 0.000326934 -0.114749
1.5125 0.0583836 0.000348708 -0.121289
1.51667 0.0617159 0.000368277 -0.129928
1.52083 0.0662177 0.000390365 -0.141904
1.525 0.072457 0.000419647 -0.157814
1.52917 0.0806534 0.000459747 -0.177347
1.53333 0.0905535 0.000512251 -0.199134
1.5375 0.101372 0.000575914 -0.220774
1.54167 0.11182 0.000646232 -0.239033
1.54583 0.120226 0.000715512 -0.250225
1.55 0.124731 0.000773477 -0.250693
1.55417 0.123548 0.00080838 -0.237352
1.55833 0.115222 0.000808476 -0.208172
1.5625 0.0988739 0.000763666 -0.162558
1.56667 0.0743641 0.000667067 -0.10154
1.57083 0.0423787 0.000516289 -0.0277799
1.575 0.00440677 0.000314228 0.0546246
1.57917 -0.0373704 6.92715e-05 0.140475
1.58333 -0.0802637 -0.000205112 0.223921
1.5875 -0.121308 -0.000491358 0.298956
1.59167 -0.157516 -0.000769267 0.359944
1.59583 -0.18614 -0.00101782 0.402122
1.6 -0.204924 -0.00121717 0.422074
1.60417 -0.212331 -0.0013507 0.418136
1.60833 -0.207733 -0.0014069 0.390669
1.6125 -0.191531 -0.00138082 0.342155
1.61667 -0.165179 -0.00127498 0.277034
1.62083 -0.131075 -0.00109938 0.201255
1.625 -0.0923064 -0.000870573 0.121555
1.62917 -0.0522738 -0.000609745 0.044569
1.63333 -0.0142373 -0.000340095 -0.0240748
1.6375 0.0191249 -8.38214e-05 -0.0804764
1.64167 0.0460482 0.00014069 -0.122817
1.64583 0.0658192 0.00032093 -0.151255
1.65 0.0786836 0.000451161 -0.167396
1.65417 0.0855493 0.00053199 -0.173499
1.65833 0.0875785 0.000568803 -0.171668
1.6625 0.0857968 0.00056955 -0.163299
1.66667 0.0808485 0.00054254 -0.148966
1.67083 0.0729752 0.000494859 -0.12875
1.675 0.0622139 0.00043179 -0.102874
1.67917 0.0487253 0.000357219 -0.0723601
1.68333 0.0331067 0.000274676 -0.0393921
1.6875 0.0165427 0.000188403 -0.00720661
1.69167 0.000705315 0.000103889 0.0205253
1.69583 -0.0125854 2.75392e-05 0.0406167
1.7 -0.0218298 -3.4457e-05 0.0512539
1.70417 -0.026272 -7.76184e-05 0.0525077
1.70833 -0.0261121 -0.000100403 0.0462548
1.7125 -0.0224173 -0.000104629 0.0355226
1.71667 -0.0167572 -9.48516e-05 0.0235021
1.72083 -0.0107003 -7.68991e-05 0.0126056
1.725 -0.00536412 -5.61281e-05 0.00392611
1.72917 -0.00118783 -3.60725e-05 -0.00271754
1.73333 0.00199977 -1.80008e-05 -0.00821706
1.7375 0.00466854 -1.49222e-06 -0.013379
1.74167 0.00718776 1.43013e-05 -0.0182761
1.74583 0.0095284 2.93424e-05 -0.0220489
1.75 0.0112051 4.1994e-05 -0.0232477
1.75417 0.0114843 4.92753e-05 -0.020556
1.75833 0.00976096 4.80094e-05 -0.0135591
1.7625 0.00592928 3.6367e-05 -0.00319619
1.76667 0.00057058 1.51108e-05 0.00832931
1.77083 -0.00513658 -1.20496e-05 0.0181716
1.775 -0.00976156 -3.92216e-05 0.0237636
1.77917 -0.0120903 -5.99773e-05 0.0236795
1.78333 -0.011536 -6.9297e-05 0.0181134
1.7875 -0.00833672 -6.51026e-05 0.00880342
1.79167 -0.00347137 -4.88407e-05 -0.00155268
1.79583 0.00166721 -2.49393e-05 -0.0101664
1.8 0.00571728 6.31638e-07 -0.0150037
1.80417 0.00775583 2.21689e-05 -0.0153314
1.80833 0.00753786 3.57978e-05 -0.0118117
1.8125 0.005503 4.03024e-05 -0.00614848
1.81667 0.00256547 3.702e-05 -0.000432212
1.82083 -0.000229121 2.89326e-05 0.00358393
1.825 -0.00205924 1.93532e-05 0.00503081
1.82917 -0.00257553 1.07288e-05 0.00411158
1.83333 -0.00196043 4.00889e-06 0.00187564
1.8375 -0.000784559 -1.21166e-06 -0.000322738
1.84167 0.000278641 -5.9032e-06 -0.00145275
1.84583 0.00075961 -1.05933e-05 -0.00124603
1.85 0.000585812 -1.46919e-05 -0.000241778
1.85417 7.12073e-05 -1.65648e-05 0.000587688
1.85833 -0.000294444 -1.44005e-05 0.000443869
1.8625 -0.00015018 -7.4658e-06 -0.000784632
1.86667 0.000502486 2.95155e-06 -0.00240367
1.87083 0.00127594 1.35552e-05 -0.00329146
1.875 0.00161379 2.02157e-05 -0.00259036
1.87917 0.00114013 1.98776e-05 -0.000319106
1.88333 -6.07853e-05 1.22644e-05 0.00248642
1.8875 -0.00141763 4.05237e-07 0.00425388
1.89167 -0.00214851 -1.04869e-05 0.00376047
1.89583 -0.00170953 -1.53979e-05 0.000929261
1.9 -0.000161088 -1.20226e-05 -0.00296451
1.90417 0.00178327 -2.06962e-06 -0.00587328
1.90833 0.00309314 9.42878e-06 -0.0060787
1.9125 0.00298192 1.65642e-05 -0.00320564
1.91667 0.00137815 1.55368e-05 0.00146282
1.92083 -0.000980399 6.60819e-06 0.00560673
1.925 -0.00291293 -6.03711e-06 0.00711596
1.92917 -0.00343335 -1.64505e-05 0.00525755
1.93333 -0.0022973 -1.99268e-05 0.00107682
1.9375 -0.00013522 -1.52394e-05 -0.00321436
1.94167 0.00191267 -4.96195e-06 -0.00550239
1.94583 0.00284474 6.15122e-06 -0.00493285
1.95 0.00234276 1.36776e-05 -0.00227987
1.95417 0.000892022 1.54815e-05 0.000664259
1.95833 -0.000577102 1.21426e-05 0.00225319
1.9625 -0.0012818 5.90214e-06 0.0019463
1.96667 -0.00103115 -9.61583e-07 0.000472848
1.97083 -0.000252841 -7.23604e-06 -0.000841125
1.975 0.00038105 -1.28273e-05 -0.00106482
1.97917 0.000446571 -1.80876e-05 -0.000267177
1.98333 3.1702e-05 -2.32477e-05 0.000664575
1.9875 -0.000397517 -2.85878e-05 0.000809092
1.99167 -0.000404929 -3.52608e-05 -2.1459e-05
1.99583 5.40606e-05 -4.60243e-05 -0.00112422
2 0.000595688 -6.50857e-05 -0.00148156
2.00417 0.000723937 -9.69069e-05 -0.000622694
2.00833 0.000252879 -0.000144677 0.000915664
2.0125 -0.000502757 -0.000209557 0.00193014
2.01667 -0.000938414 -0.000291347 0.00147864
2.02083 -0.000631814 -0.000390166 -0.000303224
2.025 0.000282655 -0.000507826 -0.00216594
2.02917 0.00114842 -0.00064757 -0.00260096
2.03333 0.00124546 -0.000811794 -0.00100661
2.0375 0.000355924 -0.000998753 0.00171509
2.04167 -0.000995212 -0.00120007 0.00365609
2.04583 -0.00184697 -0.00140042 0.00322893
2.05 -0.00147929 -0.00157953 0.000399058
2.05417 1.64521e-05 -0.00171511 -0.00311401
2.05833 0.00171358 -0.00178512 -0.00491207
2.0625 0.00244132 -0.00176856 -0.00358591
2.06667 0.00160758 -0.00164575 0.000197813
2.07083 -0.000330338 -0.0013999 0.00401866
2.075 -0.00211334 -0.00102135 0.00528761
2.07917 -0.00251249 -0.00051402 0.00302926
2.08333 -0.00118201 9.84374e-05 -0.00139363
2.0875 0.00107052 0.000770201 -0.00515603
2.09167 0.0028058 0.00143682 -0.00586521
2.09583 0.00291736 0.00202462 -0.00316019
2.1 0.00137025 0.00246338 0.00109771
2.10417 -0.000800457 0.00269889 0.00415726
2.10833 -0.00222112 0.0027024 0.00426781
2.1125 -0.00211472 0.00247581 0.00178676
2.11667 -0.000779542 0.00205281 -0.00124151
2.12083 0.000705552 0.00149597 -0.00266017
2.125 0.00130184 0.000889576 -0.00173703
2.12917 0.000741318 0.000327936 0.000445453
2.13333 -0.000355572 -0.000100321 0.00196258
2.1375 -0.00102385 -0.000328856 0.00157888
2.14167 -0.000716318 -0.000326413 -0.000342685
2.14583 0.000300156 -0.00010112 -0.00220953
2.15 0.00119524 0.000305754 -0.00250212
2.15417 0.00125001 0.00083441 -0.000967968
2.15833 0.000418771 0.00142368 0.00120918
2.1625 -0.000650625 0.00202393 0.00235698
2.16667 -0.00113386 0.002601 0.00160806
2.17083 -0.000666846 0.003131 -0.000466526
2.175 0.000390941 0.00358976 -0.00233911
2.17917 0.00125188 0.00394326 -0.00270098
2.18333 0.00130271 0.00414456 -0.00140002
2.1875 0.000539926 0.00413966 0.000553911
2.19167 -0.000480506 0.00388079 0.00184836
2.19583 -0.00110439 0.00334242 0.00186223
2.2 -0.00106504 0.00253338 0.00101579
2.20417 -0.000617916 0.00149971 0.000267852
2.20833 -0.000254457 0.000315631 0.000247938
2.2125 -0.000265858 -0.000934842 0.000768377
2.21667 -0.000527015 -0.00217881 0.00109382
2.22083 -0.000662281 -0.00336859 0.000686358
2.225 -0.000424247 -0.00448161 -0.000249158
2.22917 5.69802e-05 -0.00550501 -0.000905126
2.23333 0.000374972 -0.0064115 -0.000582863
2.2375 0.000212661 -0.00713937 0.00063525
2.24167 -0.000344448 -0.00758934 0.00184495
2.24583 -0.000826555 -0.00764399 0.00198388
2.25 -0.000734141 -0.00720454 0.000685397
2.25417 4.9151e-05 -0.00623034 -0.00136644
2.25833 0.0011218 -0.00476384 -0.00288697
2.2625 0.00182964 -0.00293027 -0.00292009
2.26667 0.00173743 -0.000913045 -0.00154054
2.27083 0.000947867 0.00108328 0.000206915
2.275 2.37031e-05 0.00286724 0.00108568
2.27917 -0.000428484 0.00428192 0.000576115
2.28333 -0.000199192 0.00521368 -0.000762937
2.2875 0.000387079 0.00559609 -0.00174008
2.29167 0.000735509 0.00541686 -0.0014425
2.29583 0.000442772 0.0047278 6.7275e-05
2.3 -0.000388721 0.003649 0.00178201
2.30417 -0.00121627 0.00235583 0.00248356
2.30833 -0.00145302 0.00104492 0.00164306
2.3125 -0.00090399 -0.000111134 -0.000170319
2.31667 7.76667e-05 -0.0010004 -0.0016777
2.32083 0.000832735 -0.00158213 -0.00180727
2.325 0.000866697 -0.00186843 -0.000481294
2.32917 0.000210439 -0.00189267 0.00130848
2.33333 -0.000596184 -0.00168803 0.00221638
2.3375 -0.00089692 -0.00129059 0.00154665
2.34167 -0.000408823 -0.000759704 -0.000197387
2.34583 0.000555088 -0.000191459 -0.00165868
2.35 0.0013116 0.000296953 -0.00164771
2.35417 0.00133044 0.00061175 -8.11288e-05
2.35833 0.00066352 0.000728376 0.00191031
2.3625 -6.47927e-05 0.000701904 0.00284826
2.36667 -0.00012794 0.000625939 0.00211647
2.37083 0.000719829 0.00056297 0.000548572
2.375 0.00201684 0.000497023 -0.000144694
2.37917 0.00294087 0.000350421 0.00126777
2.38333 0.00299012 6.07966e-05 0.00446401
2.3875 0.00245681 -0.000336511 0.0077092
2.39167 0.00227442 -0.000690355 0.00920382
2.39583 0.00330759 -0.000809496 0.0086135
2.4 0.00563073 -0.000590454 0.00750825
2.40417 0.00840052 -0.000106933 0.00825083
2.40833 0.0104785 0.00041313 0.0121448
2.4125 0.0113393 0.000719312 0.0183344
2.41667 0.0115244 0.000692475 0.0244126
2.42083 0.0122341 0.000410978 0.0283099
2.425 0.0143512 8.10879e-05 0.0299356
2.42917 0.0176834 -0.000114473 0.0311881
2.43333 0.021064 -0.00013318 0.0342823
2.4375 0.0232456 -6.77098e-05 0.0397741
2.44167 0.0238504 -3.35838e-05 0.0459565
2.44583 0.0235724 -5.33184e-05 0.0501646
2.45 0.023453 -4.17482e-05 0.0508871
2.45417 0.0238517 9.45183e-05 0.048865
2.45833 0.0240108 0.000336959 0.0462121
2.4625 0.0226135 0.000533338 0.0443138
2.46667 0.0188679 0.000509581 0.0423584
2.47083 0.0131793 0.000227024 0.0378347
2.475 0.00681204 -0.000155965 0.0286201
2.47917 0.000826972 -0.000386472 0.014862
2.48333 -0.0047779 -0.000310915 -0.000998231
2.4875 -0.0109589 -9.13778e-07 -0.0161052
2.49167 -0.0186338 0.000298785 -0.0293536
2.49583 -0.0276738 0.000361745 -0.0419577
2.5 -0.036778 0.000152673 -0.0559542
2.50417 -0.0443619 -0.00016013 -0.071983
2.50833 -0.0497037 -0.000355655 -0.0883255
2.5125 -0.0533716 -0.000339055 -0.10206
2.51667 -0.0565879 -0.000197593 -0.111323
2.52083 -0.0601168 -9.96427e-05 -0.116699
2.525 -0.0636557 -0.000141355 -0.120574
2.52917 -0.066237 -0.000280085 -0.125062
2.53333 -0.0672316 -0.000400222 -0.130364
2.5375 -0.0670191 -0.000432031 -0.134929
2.54167 -0.0667074 -0.000406707 -0.137142
2.54583 -0.0671436 -0.000407226 -0.136911
2.55 -0.0680784 -0.000479135 -0.135671
2.55417 -0.0681965 -0.000593139 -0.134791
2.55833 -0.0659474 -0.000684494 -0.133843
2.5625 -0.0604375 -0.000713436 -0.130259
2.56667 -0.0516461 -0.000682065 -0.120692
2.57083 -0.0398819 -0.00060544 -0.102911
2.575 -0.0250819 -0.0004879 -0.076693
2.57917 -0.00667029 -0.000337179 -0.0431696
2.58333 0.015843 -0.000187323 -0.00346021
2.5875 0.042019 -8.06481e-05 0.0420142
2.59167 0.0701206 -1.30745e-05 0.0928746
2.59583 0.0975333 8.83785e-05 0.147403
2.6 0.121646 0.000303142 0.201733
2.60417 0.140536 0.000614014 0.25043
2.60833 0.153038 0.000878417 0.288114
2.6125 0.158356 0.000934186 0.311
2.61667 0.155714 0.000756681 0.317391
2.62083 0.144482 0.000505668 0.307106
2.625 0.124708 0.000392492 0.280662
2.62917 0.0976121 0.000483704 0.23905
2.63333 0.065579 0.000639525 0.184272
2.6375 0.0315913 0.000659679 0.120005
2.64167 -0.00153547 0.000493954 0.0515888
2.64583 -0.0316279 0.000300124 -0.0149402
2.65 -0.0571341 0.000287756 -0.0742548
2.65417 -0.0768256 0.000511743 -0.122718
2.65833 -0.089642 0.000829353 -0.158426
2.6625 -0.0949101 0.00105328 -0.180571
2.66667 -0.0927635 0.00112289 -0.188849
2.67083 -0.0843518 0.0011116 -0.183506
2.675 -0.0715659 0.0010878 -0.165905
2.67917 -0.0564181 0.00101293 -0.138938
2.68333 -0.0405032 0.000798575 -0.106671
2.6875 -0.024885 0.000436649 -0.0732704
2.69167 -0.010361 2.37127e-05 -0.0419029
2.69583 0.0022563 -0.00035852 -0.0143166
2.7 0.0121646 -0.000746558 0.00873996
2.70417 0.0188838 -0.00122801 0.0268154
2.70833 0.0225322 -0.00176993 0.0394517
2.7125 0.0237715 -0.00216968 0.046475
2.71667 0.0234283 -0.00223127 0.04845
2.72083 0.022081 -0.00198514 0.0467094
2.725 0.0199015 -0.00167803 0.04279
2.72917 0.0168043 -0.00150891 0.0376805
2.73333 0.0127225 -0.00140261 0.0314747
2.7375 0.00779194 -0.00110087 0.0236876
2.74167 0.00235952 -0.000488704 0.0139721
2.74583 -0.00312225 0.000221501 0.00270621
2.75 -0.00819756 0.000682409 -0.00892873
2.75417 -0.0124303 0.000774756 -0.0193612
2.75833 -0.0153531 0.000720083 -0.0271949
2.7625 -0.0164321 0.000807177 -0.03154
2.76667 -0.0151736 0.00105473 -0.0319663
2.77083 -0.0114165 0.00121006 -0.0282892
2.775 -0.00566064 0.00107643 -0.0205685
2.77917 0.000867288 0.000762947 -0.00949215
2.78333 0.006598 0.000553013 0.0031707
2.7875 0.0102872 0.000564038 0.0146566
2.79167 0.0115029 0.000626757 0.0221453
2.79583 0.0105803 0.000525861 0.0240856
2.8 0.00816199 0.000282121 0.0209282
2.80417 0.00481264 0.000111756 0.0146427
2.80833 0.00104383 0.000127154 0.00741991
2.8125 -0.00244048 0.000184187 0.00066998
2.81667 -0.0047693 8.46962e-05 -0.00496225
2.82083 -0.0053809 -0.000136304 -0.00895034
2.825 -0.0045275 -0.00023274 -0.0106253
2.82917 -0.00320595 -6.43485e-05 -0.00974406
2.83333 -0.00243429 0.000210481 -0.00719048
2.8375 -0.00248609 0.000334737 -0.00475336
2.84167 -0.00278297 0.000291474 -0.00385902
2.84583 -0.00250507 0.000326917 -0.00437031
2.85 -0.00129711 0.000612619 -0.00467903
2.85417 0.000555958 0.000988823 -0.00310168
2.85833 0.0024906 0.00113879 0.000683519
2.8625 0.00405746 0.00097614 0.0054027
2.86667 0.00496328 0.00073776 0.00917511
2.87083 0.00489812 0.000661291 0.0106678
2.875 0.00354157 0.00067876 0.00949048
2.87917 0.000870812 0.000531074 0.00589303
2.88333 -0.00252879 0.000135705 0.000471031
2.8875 -0.00552359 -0.000297917 -0.00572897
2.89167 -0.00691511 -0.000551938 -0.0110406
2.89583 -0.00605189 -0.000674665 -0.0135068
2.9 -0.0031971 -0.000864102 -0.0117819
2.90417 0.000554625 -0.00114564 -0.00605359
2.90833 0.00377799 -0.00132537 0.00171703
2.9125 0.00538155 -0.00129047 0.0085383
2.91667 0.00505624 -0.00119993 0.01179
2.92083 0.00323954 -0.00125221 0.0105033
2.925 0.00069735 -0.00135753 0.0057272
2.92917 -0.00185512 -0.00123594 -0.000252544
2.93333 -0.00379562 -0.000858664 -0.0052414
2.9375 -0.00449208 -0.000586668 -0.00800745
2.94167 -0.00349119 -0.000720667 -0.00821642
2.94583 -0.00102388 -0.00104423 -0.00595253
2.95 0.00176573 -0.00106146 -0.00168475
2.95417 0.0034059 -0.000699635 0.00327668
2.95833 0.00316795 -0.000505912 0.00677604
2.9625 0.00159509 -0.000956935 0.00695377
2.96667 -9.50027e-05 -0.00174695 0.0037833
2.97083 -0.00111069 -0.00208275 -0.000641022
2.975 -0.00151979 -0.00170425 -0.00367795
2.97917 -0.00167906 -0.00127375 -0.0041786
2.98333 -0.00153822 -0.00151166 -0.00298472
2.9875 -0.000765919 -0.00216107 -0.00155434
2.99167 0.000521365 -0.00221695 -0.00043552
2.99583 0.00151678 -0.00122269 0.0007256
