0 0 0 0
0.00416667 0 0 0
0.00833333 0 0 0
0.0125 0 0 0
0.0166667 0 0 0
0.0208333 0 0 0
0.025 0 0 0
0.0291667 0 0 0
0.0333333 0 0 0
0.0375 0 0 0
0.0416667 0 0 0
0.0458333 0 0 0
0.05 0 0 0
0.0541667 0 0 0
0.0583333 0 0 0
0.0625 0 0 0
0.0666667 0 0 0
0.0708333 0 0 0
0.075 0 0 0
0.0791667 0 0 0
0.0833333 0 0 0
0.0875 0 0 0
0.0916667 0 0 0
0.0958333 0 0 0
0.1 0 0 0
0.104167 0 0 0
0.108333 0 0 0
0.1125 0 0 0
0.116667 0 0 0
0.120833 0 0 0
0.125 -1.82804e-322 3.78948e-321 8.18173e-321
0.129167 -2.0713e-316 2.85593e-315 6.08258e-315
0.133333 -1.00455e-310 1.3401e-309 2.85475e-309
0.1375 -3.2105e-305 4.14804e-304 8.8383e-304
0.141667 -6.93329e-300 8.68414e-299 1.85076e-298
0.145833 -1.03514e-294 1.25803e-293 2.68173e-293
0.15 -1.091e-289 1.28762e-288 2.74546e-288
0.154167 -8.27439e-285 9.49103e-284 2.02417e-283
0.158333 -4.59592e-280 5.12733e-279 1.09379e-278
0.1625 -1.90009e-275 2.0632e-274 4.40246e-274
0.166667 -5.93522e-271 6.27687e-270 1.33971e-269
0.170833 -1.42026e-266 1.46383e-265 3.12519e-265
0.175 -2.63714e-262 2.65055e-261 5.66035e-261
0.179167 -3.84509e-258 3.77083e-257 8.05505e-257
0.183333 -4.45137e-254 4.26178e-253 9.10644e-253
0.1875 -4.13404e-250 3.86603e-249 8.26328e-249
0.191667 -3.10979e-246 2.84205e-245 6.07646e-245
0.195833 -1.91193e-242 1.70839e-241 3.65378e-241
0.2 -9.68844e-239 8.46804e-238 1.81165e-237
0.204167 -4.07856e-235 3.48849e-234 7.4657e-234
0.208333 -1.43697e-231 1.20327e-230 2.57596e-230
0.2125 -4.26684e-228 3.49925e-227 7.49375e-227
0.216667 -1.0748e-224 8.63609e-224 1.85008e-223
0.220833 -2.31096e-221 1.81997e-220 3.90022e-220
0.225 -4.26612e-218 3.29411e-217 7.06187e-217
0.229167 -6.7989e-215 5.14903e-214 1.10424e-213
0.233333 -9.40305e-212 6.9868e-211 1.49892e-210
0.2375 -1.13413e-208 8.27047e-208 1.77499e-207
0.241667 -1.19851e-205 8.58025e-205 1.84218e-204
0.245833 -1.11463e-202 7.83617e-202 1.68309e-201
0.25 -9.16107e-200 6.32643e-199 1.35936e-198
0.254167 -6.68073e-197 4.53307e-196 9.74413e-196
0.258333 -4.33918e-194 2.89365e-193 6.22264e-193
0.2625 -2.51921e-191 1.6515e-190 3.55296e-190
0.266667 -1.31185e-188 8.45634e-188 1.82003e-187
0.270833 -6.14732e-186 3.89737e-185 8.39178e-185
0.275 -2.60032e-183 1.6218e-182 3.49358e-182
0.279167 -9.95866e-181 6.11157e-180 1.3171e-179
0.283333 -3.46292e-178 2.09155e-177 4.50951e-177
0.2875 -1.09631e-175 6.51808e-175 1.40598e-174
0.291667 -3.16809e-173 1.85454e-172 4.00218e-172
0.295833 -8.37764e-171 4.8294e-170 1.0427e-169
0.3 -2.03206e-168 1.15378e-167 2.49228e-167
0.304167 -4.53144e-166 2.53464e-165 5.47772e-165
0.308333 -9.31042e-164 5.13121e-163 1.10947e-162
0.3125 -1.76623e-161 9.59273e-161 2.07517e-160
0.316667 -3.09988e-159 1.65942e-158 3.5916e-158
0.320833 -5.04317e-157 2.66135e-156 5.76308e-156
0.325 -7.61956e-155 3.96446e-154 8.58934e-154
0.329167 -1.07103e-152 5.49509e-152 1.19118e-151
0.333333 -1.40301e-150 7.09939e-150 1.53976e-149
0.3375 -1.71566e-148 8.56323e-148 1.85825e-147
0.341667 -1.96155e-146 9.65861e-146 2.09708e-145
0.345833 -2.10008e-144 1.02027e-143 2.21644e-143
0.35 -2.10852e-142 1.01084e-141 2.19718e-141
0.354167 -1.98814e-140 9.40663e-140 2.04578e-139
0.358333 -1.76295e-138 8.23305e-138 1.79156e-137
0.3625 -1.47208e-136 6.78639e-136 1.47761e-135
0.366667 -1.15898e-134 5.275e-134 1.1492e-133
0.370833 -8.61417e-133 3.87121e-132 8.43867e-132
0.375 -6.05143e-131 2.68552e-130 5.85751e-130
0.379167 -4.02265e-129 1.76306e-128 3.84779e-128
0.383333 -2.53314e-127 1.09659e-126 2.39471e-126
0.3875 -1.51275e-125 6.46887e-125 1.41352e-124
0.391667 -8.57613e-124 3.62302e-123 7.92161e-123
0.395833 -4.62026e-122 1.92845e-121 4.21912e-121
0.4 -2.36765e-120 9.76479e-120 2.13772e-119
0.404167 -1.1552e-118 4.70809e-118 1.03136e-117
0.408333 -5.37129e-117 2.16347e-116 4.74236e-116
0.4125 -2.38216e-115 9.48345e-115 2.08013e-114
0.416667 -1.00857e-113 3.96883e-113 8.71107e-113
0.420833 -4.07989e-112 1.58708e-111 3.48575e-111
0.425 -1.57814e-110 6.06917e-110 1.33388e-109
0.429167 -5.84172e-109 2.22122e-108 4.88505e-108
0.433333 -2.07092e-107 7.78599e-107 1.71351e-106
0.4375 -7.03611e-106 2.61588e-105 5.76088e-105
0.441667 -2.29278e-104 8.42974e-104 1.85774e-103
0.445833 -7.17057e-103 2.60738e-102 5.75011e-102
0.45 -2.15377e-101 7.74602e-101 1.70945e-100
0.454167 -6.21709e-100 2.21169e-99 4.88438e-99
0.458333 -1.72581e-98 6.0732e-98 1.34218e-97
0.4625 -4.60982e-97 1.60482e-96 3.54922e-96
0.466667 -1.18556e-95 4.08331e-95 9.03717e-95
0.470833 -2.93744e-94 1.00099e-93 2.217e-93
0.475 -7.01561e-93 2.3655e-92 5.243e-92
0.479167 -1.61605e-91 5.39182e-91 1.19595e-90
0.483333 -3.59227e-90 1.18604e-89 2.63271e-89
0.4875 -7.70972e-89 2.51909e-88 5.59594e-88
0.491667 -1.5984e-87 5.16879e-87 1.14907e-86
0.495833 -3.20277e-86 1.02506e-85 2.28055e-85
0.5 -6.20539e-85 1.9658e-84 4.37683e-84
0.504167 -1.16311e-83 3.64719e-83 8.1267e-83
0.508333 -2.11e-82 6.54949e-82 1.4605e-81
0.5125 -3.70634e-81 1.13889e-80 2.54163e-80
0.516667 -6.30668e-80 1.91852e-79 4.2849e-79
0.520833 -1.04e-78 3.13221e-78 7.00113e-78
0.525 -1.66274e-77 4.95806e-77 1.10911e-76
0.529167 -2.57837e-76 7.61245e-76 1.70425e-75
0.533333 -3.87947e-75 1.13412e-74 2.54108e-74
0.5375 -5.6659e-74 1.64015e-73 3.67784e-73
0.541667 -8.03524e-73 2.30334e-72 5.16917e-72
0.545833 -1.10693e-71 3.14226e-71 7.05764e-71
0.55 -1.4818e-70 4.16572e-70 9.36405e-70
0.554167 -1.92822e-69 5.36848e-69 1.20777e-68
0.558333 -2.43987e-68 6.72782e-68 1.51484e-67
0.5625 -3.00308e-67 8.20166e-67 1.84823e-66
0.566667 -3.59664e-66 9.72912e-66 2.19427e-65
0.570833 -4.19268e-65 1.12338e-64 2.53575e-64
0.575 -4.75868e-64 1.26297e-63 2.85325e-63
0.579167 -5.26031e-63 1.38294e-62 3.12692e-62
0.583333 -5.66491e-62 1.47531e-61 3.33862e-61
0.5875 -5.94507e-61 1.53377e-60 3.47387e-60
0.591667 -6.08168e-60 1.55436e-59 3.52352e-59
0.595833 -6.06613e-59 1.53596e-58 3.48478e-58
0.6 -5.90115e-58 1.48032e-57 3.36144e-57
0.604167 -5.60032e-57 1.39185e-56 3.16328e-56
0.608333 -5.18619e-56 1.27704e-55 2.90484e-55
0.6125 -4.68763e-55 1.14365e-54 2.60368e-54
0.616667 -4.13648e-54 9.99921e-54 2.27844e-53
0.620833 -3.56439e-53 8.53741e-53 1.94705e-52
0.625 -2.99996e-52 7.11989e-52 1.62518e-51
0.629167 -2.46673e-51 5.80103e-51 1.32529e-50
0.633333 -1.98197e-50 4.61867e-50 1.05609e-49
0.6375 -1.55646e-49 3.59419e-49 8.22557e-49
0.641667 -1.1949e-48 2.73433e-48 6.26318e-48
0.645833 -8.96955e-48 2.034e-47 4.66311e-47
0.65 -6.58478e-47 1.47977e-46 3.39545e-46
0.654167 -4.72855e-46 1.05307e-45 2.41848e-45
0.658333 -3.32211e-45 7.33217e-45 1.68537e-44
0.6625 -2.28392e-44 4.99566e-44 1.1493e-43
0.666667 -1.53676e-43 3.33136e-43 7.6708e-43
0.670833 -1.01221e-42 2.17467e-42 5.01176e-42
0.675 -6.52748e-42 1.3899e-41 3.20596e-41
0.679167 -4.12199e-41 8.69892e-41 2.00824e-40
0.683333 -2.54933e-40 5.33226e-40 1.23208e-39
0.6875 -1.54444e-39 3.20178e-39 7.40443e-39
0.691667 -9.16672e-39 1.88353e-38 4.35959e-38
0.695833 -5.33112e-38 1.08573e-37 2.51516e-37
0.7 -3.03844e-37 6.13343e-37 1.42206e-36
0.704167 -1.69736e-36 3.39611e-36 7.88068e-36
0.708333 -9.29504e-36 1.84339e-35 4.28119e-35
0.7125 -4.99046e-35 9.81001e-35 2.28024e-34
0.716667 -2.62725e-34 5.11915e-34 1.19089e-33
0.720833 -1.35641e-33 2.61974e-33 6.09944e-33
0.725 -6.86854e-33 1.31494e-32 3.06404e-32
0.729167 -3.41174e-32 6.47437e-32 1.50986e-31
0.733333 -1.66257e-31 3.12739e-31 7.29913e-31
0.7375 -7.94921e-31 1.48221e-30 3.46215e-30
0.741667 -3.72958e-30 6.89342e-30 1.61143e-29
0.745833 -1.71726e-29 3.14631e-29 7.36065e-29
0.75 -7.76067e-29 1.40947e-28 3.29994e-28
0.754167 -3.44266e-28 6.19792e-28 1.45219e-27
0.758333 -1.49922e-27 2.67555e-27 6.27358e-27
0.7625 -6.40997e-27 1.13397e-26 2.66086e-26
0.766667 -2.69095e-26 4.719e-26 1.10812e-25
0.770833 -1.10932e-25 1.92841e-25 4.53152e-25
0.775 -4.491e-25 7.73908e-25 1.81985e-24
0.779167 -1.78569e-24 3.05039e-24 7.17787e-24
0.783333 -6.97399e-24 1.18095e-23 2.78074e-23
0.7875 -2.67548e-23 4.49113e-23 1.05819e-22
0.791667 -1.00832e-22 1.67787e-22 3.95585e-22
0.795833 -3.73343e-22 6.15841e-22 1.45284e-21
0.8 -1.35818e-21 2.22086e-21 5.24234e-21
0.804167 -4.85482e-21 7.86938e-21 1.85863e-20
0.808333 -1.70525e-20 2.74004e-20 6.4751e-20
0.8125 -5.88605e-20 9.37549e-20 2.21673e-19
0.816667 -1.99667e-19 3.15266e-19 7.45784e-19
0.820833 -6.65672e-19 1.04191e-18 2.46588e-18
0.825 -2.18125e-18 3.38432e-18 8.01326e-18
0.829167 -7.02527e-18 1.0805e-17 2.55944e-17
0.833333 -2.22408e-17 3.39082e-17 8.03517e-17
0.8375 -6.92128e-17 1.046e-16 2.47958e-16
0.841667 -2.11731e-16 3.17189e-16 7.52156e-16
0.845833 -6.36739e-16 9.45541e-16 2.24283e-15
0.85 -1.88247e-15 2.77095e-15 6.57442e-15
0.854167 -5.47133e-15 7.98314e-15 1.89452e-14
0.858333 -1.56339e-14 2.26112e-14 5.36695e-14
0.8625 -4.39197e-14 6.29633e-14 1.49469e-13
0.866667 -1.21303e-13 1.72372e-13 4.09235e-13
0.870833 -3.29389e-13 4.63946e-13 1.10153e-12
0.875 -8.79373e-13 1.22769e-12 2.91486e-12
0.879167 -2.30814e-12 3.19398e-12 7.58298e-12
0.883333 -5.95628e-12 8.16943e-12 1.93935e-11
0.8875 -1.51114e-11 2.0543e-11 4.87596e-11
0.891667 -3.76917e-11 5.07854e-11 1.20516e-10
0.895833 -9.24247e-11 1.23427e-10 2.92816e-10
0.9 -2.22802e-10 2.9489e-10 6.99357e-10
0.904167 -5.27987e-10 6.92592e-10 1.64187e-09
0.908333 -1.22994e-09 1.59898e-09 3.78877e-09
0.9125 -2.8163e-09 3.62855e-09 8.5931e-09
0.916667 -6.3385e-09 8.09331e-09 1.91545e-08
0.920833 -1.4021e-08 1.77416e-08 4.19593e-08
0.925 -3.04806e-08 3.8221e-08 9.03215e-08
0.929167 -6.5116e-08 8.09131e-08 1.91039e-07
0.933333 -1.36689e-07 1.68307e-07 3.96988e-07
0.9375 -2.81913e-07 3.43962e-07 8.10424e-07
0.941667 -5.71198e-07 6.90548e-07 1.62508e-06
0.945833 -1.13683e-06 1.36175e-06 3.20044e-06
0.95 -2.2222e-06 2.63732e-06 6.18947e-06
0.954167 -4.26565e-06 5.01563e-06 1.17527e-05
0.958333 -8.03954e-06 9.36506e-06 2.19071e-05
0.9625 -1.48745e-05 1.71649e-05 4.00785e-05
0.966667 -2.70107e-05 3.08765e-05 7.19496e-05
0.970833 -4.81297e-05 5.44974e-05 0.000126716
0.975 -8.41344e-05 9.4358e-05 0.000218884
0.979167 -0.000144245 0.000160221 0.000370721
0.983333 -0.000242477 0.000266727 0.000615457
0.9875 -0.000399523 0.000435193 0.00100119
0.991667 -0.000644998 0.000695669 0.00159525
0.995833 -0.00101988 0.00108907 0.00248861
1 -0.00157878 0.00166893 0.00379916
1.00417 -0.00239143 0.00250228 0.00567264
1.00833 -0.00354255 0.00366856 0.00827916
1.0125 -0.00512888 0.00525577 0.0118029
1.01667 -0.00725208 0.00735252 0.0164226
1.02083 -0.0100063 0.0100352 0.0222818
1.025 -0.01346 0.0133497 0.0294473
1.02917 -0.017631 0.0172889 0.0378591
1.03333 -0.0224589 0.0217678 0.047278
1.0375 -0.0277763 0.0265998 0.0572394
1.04167 -0.0332862 0.0314813 0.067027
1.04583 -0.0385524 0.0359907 0.0756828
1.05 -0.0430124 0.0396078 0.0820644
1.05417 -0.0460185 0.04176 0.0849599
1.05833 -0.0469089 0.0418935 0.0832553
1.0625 -0.0451078 0.0395657 0.0761372
1.06667 -0.0402383 0.0345419 0.063296
1.07083 -0.0322301 0.0268797 0.0450851
1.075 -0.0213946 0.0169759 0.0225849
1.07917 -0.00844066 0.00555638 -0.00246491
1.08333 0.00558509 -0.00640214 -0.0278802
1.0875 0.0194378 -0.0178128 -0.0513684
1.09167 0.0318729 -0.02766 -0.0709235
1.09583 0.0418636 -0.0351801 -0.0851863
1.1 0.0487854 -0.039998 -0.0936716
1.10417 0.0525138 -0.0421776 -0.0967899
1.10833 0.0534042 -0.0421691 -0.0956504
1.1125 0.0521556 -0.0406669 -0.0917021
1.11667 0.0496001 -0.0384222 -0.0863352
1.12083 0.04649 -0.0360759 -0.0805904
1.125 0.0433618 -0.0340715 -0.0750913
1.12917 0.0405318 -0.0326814 -0.0702287
1.13333 0.0382223 -0.0321287 -0.0665122
1.1375 0.0367583 -0.0327412 -0.064903
1.14167 0.0367265 -0.0350444 -0.0669165
1.14583 0.0389847 -0.0397136 -0.0743444
1.15 0.0444584 -0.0473556 -0.0886049
1.15417 0.0537531 -0.0581718 -0.109909
1.15833 0.0667059 -0.0716203 -0.136569
1.1625 0.0820624 -0.0862301 -0.164793
1.16667 0.0974508 -0.099683 -0.189149
1.17083 0.109729 -0.109189 -0.203661
1.175 0.115639 -0.112066 -0.203196
1.17917 0.112573 -0.106341 -0.184696
1.18333 0.0991836 -0.0911828 -0.147812
1.1875 0.0756424 -0.0670248 -0.0947611
1.19167 0.0434771 -0.0353751 -0.0295536
1.19583 0.00510048 0.00156435 0.0430292
1.2 -0.0367363 0.041293 0.118232
1.20417 -0.0793322 0.0812638 0.191621
1.20833 -0.120148 0.118949 0.258912
1.2125 -0.156695 0.151799 0.315644
1.21667 -0.186397 0.177246 0.357113
1.22083 -0.206629 0.192884 0.378831
1.225 -0.21504 0.196837 0.377434
1.22917 -0.210082 0.188207 0.351685
1.23333 -0.191519 0.167413 0.303116
1.2375 -0.160693 0.136256 0.235998
1.24167 -0.120395 0.0976715 0.156656
1.24583 -0.0744152 0.0552561 0.0724306
1.25 -0.0269373 0.0127453 -0.00934063
1.25417 0.0180034 -0.0264127 -0.0820772
1.25833 0.0569024 -0.0593304 -0.140437
1.2625 0.0870205 -0.0838425 -0.180676
1.26667 0.106561 -0.0986339 -0.200994
1.27083 0.114842 -0.103362 -0.201798
1.275 0.112403 -0.0987228 -0.185664
1.27917 0.100945 -0.0863767 -0.156838
1.28333 0.0830105 -0.0686818 -0.120334
1.2875 0.0614775 -0.0482936 -0.0809792
1.29167 0.0390546 -0.0277607 -0.0428127
1.29583 0.0179736 -0.00924149 -0.00899548
1.3 -4.99737e-05 0.00562827 0.0179601
1.30417 -0.0137232 0.0157909 0.0360978
1.30833 -0.0221695 0.0208482 0.0443752
1.3125 -0.0251339 0.0211809 0.0433306
1.31667 -0.0232811 0.0179851 0.0354799
1.32083 -0.0182749 0.0130522 0.0248315
1.325 -0.0123747 0.00823086 0.0154229
1.32917 -0.00758647 0.00474267 0.0095396
1.33333 -0.00478585 0.00271243 0.00671774
1.3375 -0.00337871 0.00124659 0.00432867
1.34167 -0.0018199 -0.000892947 -0.000425393
1.34583 0.00123187 -0.00436218 -0.0082901
1.35 0.00582333 -0.00862301 -0.0170095
1.35417 0.0104298 -0.012081 -0.022425
1.35833 0.0127635 -0.0129587 -0.0210492
1.3625 0.0112148 -0.0104023 -0.0124749
1.36667 0.00600443 -0.00512853 8.23915e-06
1.37083 -0.000738927 0.000820354 0.0110713
1.375 -0.00607024 0.00508564 0.0162427
1.37917 -0.00780972 0.00615626 0.0141919
1.38333 -0.0056177 0.00400122 0.00701757
1.3875 -0.00093551 -0.000141485 -0.00143488
1.39167 0.00405151 -0.00457795 -0.00789603
1.39583 0.00764675 -0.00799413 -0.0110477
1.4 0.00926591 -0.00982951 -0.0112781
1.40417 0.00920201 -0.0101194 -0.00945555
1.40833 0.00795412 -0.00912609 -0.00600927
1.4125 0.00579449 -0.00714345 -0.00110706
1.41667 0.00291096 -0.00458626 0.00443473
1.42083 -0.000145895 -0.00213154 0.00865916
1.425 -0.00231194 -0.00059038 0.00923436
1.42917 -0.00250552 -0.000444503 0.00514608
1.43333 -0.000492493 -0.00136095 -0.00203436
1.4375 0.00261063 -0.00214615 -0.00857994
1.44167 0.0047671 -0.00133883 -0.0107748
1.44583 0.00425341 0.0018586 -0.00741126
1.45 0.000868697 0.00694827 -0.00075895
1.45417 -0.00380369 0.0123099 0.00484874
1.45833 -0.00736632 0.0161366 0.00590695
1.4625 -0.00817755 0.0175272 0.00205971
1.46667 -0.00641085 0.0169873 -0.00381877
1.47083 -0.0038468 0.0160027 -0.0077928
1.475 -0.00257334 0.0160094 -0.00763618
1.47917 -0.00356792 0.0175055 -0.00417089
1.48333 -0.00618655 0.019909 -0.000298259
1.4875 -0.0088615 0.0221824 0.00137904
1.49167 -0.0103882 0.0236792 0.00044379
1.49583 -0.0107772 0.0245415 -0.00133117
1.5 -0.0110514 0.0253781 -0.00169751
1.50417 -0.0122328 0.0265377 0.00013381
1.50833 -0.0143869 0.0276041 0.00291512
1.5125 -0.0164997 0.0275338 0.00453841
1.51667 -0.0172535 0.025328 0.00391243
1.52083 -0.016035 0.0206957 0.00193942
1.525 -0.0133373 0.0141807 0.000760129
1.52917 -0.0102348 0.00667012 0.00187976
1.53333 -0.00738225 -0.0012961 0.0047346
1.5375 -0.00439155 -0.00982919 0.00694222
1.54167 -0.000144228 -0.0193413 0.00613487
1.54583 0.0061668 -0.02982 0.0019636
1.55 0.0140962 -0.0403408 -0.00336539
1.55417 0.0219103 -0.0492803 -0.00657319
1.55833 0.027578 -0.0551477 -0.00576586
1.5625 0.0300891 -0.0574466 -0.00196836
1.56667 0.0300899 -0.0569058 0.00155252
1.57083 0.0293026 -0.0548768 0.00177846
1.575 0.0291316 -0.0523315 -0.00163403
1.57917 0.0295286 -0.0492282 -0.00593918
1.58333 0.0290373 -0.0447483 -0.00735176
1.5875 0.0260406 -0.0382287 -0.00405265
1.59167 0.0202532 -0.0300433 0.00222208
1.59583 0.013246 -0.021685 0.00736605
1.6 0.00749815 -0.0149026 0.00803521
1.60417 0.00464509 -0.0105036 0.0042754
1.60833 0.00427634 -0.00773836 -0.000500081
1.6125 0.00426105 -0.00477352 -0.00223764
1.61667 0.00238313 6.54999e-05 0.000486879
1.62083 -0.00198915 0.00719895 0.00531778
1.625 -0.00751851 0.0156428 0.00805221
1.62917 -0.0120811 0.0238554 0.00608406
1.63333 -0.0145194 0.0308539 0.000525765
1.6375 -0.0155093 0.0366949 -0.00473059
1.64167 -0.0168408 0.0419805 -0.00620101
1.64583 -0.0197493 0.0468857 -0.00357692
1.65 -0.0237256 0.0506044 0.00019587
1.65417 -0.0268144 0.0517429 0.00150091
1.65833 -0.0271424 0.0493635 -0.000941735
1.6625 -0.024389 0.0437981 -0.00514917
1.66667 -0.0199878 0.0365258 -0.00769048
1.67083 -0.0159347 0.0291795 -0.00658992
1.675 -0.0132333 0.022478 -0.00285362
1.67917 -0.0112596 0.01594 0.000551265
1.68333 -0.00850447 0.00858141 0.00124846
1.6875 -0.00399916 -5.97337e-06 -0.000673636
1.69167 0.00178427 -0.00908159 -0.00294904
1.69583 0.00725156 -0.0171179 -0.00317358
1.7 0.0108792 -0.0227499 -0.000790887
1.70417 0.0122614 -0.0255321 0.00257906
1.70833 0.0122007 -0.0259623 0.00458919
1.7125 0.0118742 -0.0248824 0.00407495
1.71667 0.0118426 -0.0228364 0.00186536
1.72083 0.0117138 -0.019892 -4.42359e-05
1.725 0.0106566 -0.0159493 -0.000157163
1.72917 0.00825017 -0.0111472 0.00140041
1.73333 0.00492941 -0.00596949 0.00312579
1.7375 0.001682 -0.000992256 0.003449
1.74167 -0.000705975 0.0034566 0.00199881
1.74583 -0.00220611 0.00741038 -0.000164272
1.75 -0.00345562 0.0110573 -0.0014685
1.75417 -0.00511657 0.0143859 -0.00111661
1.75833 -0.00722437 0.0169533 0.000303017
1.7625 -0.00905171 0.0179622 0.00134823
1.76667 -0.00958958 0.0166382 0.000940552
1.77083 -0.00826603 0.0127114 -0.000735777
1.775 -0.00535626 0.00670088 -0.00239263
1.77917 -0.00179228 -0.000225622 -0.0027262
1.78333 0.00145996 -0.00677867 -0.00153081
1.7875 0.00397164 -0.012114 0.000108996
1.79167 0.00594303 -0.0160205 0.000742419
1.79583 0.0077734 -0.0186141 -0.000170026
1.8 0.00949264 -0.0198745 -0.00174146
1.80417 0.0105704 -0.019517 -0.00241483
1.80833 0.0103141 -0.0173353 -0.00138047
1.8125 0.00853472 -0.0136231 0.000618632
1.81667 0.00585643 -0.0091576 0.0019013
1.82083 0.00330642 -0.00469309 0.00140026
1.825 0.00149105 -0.0004796 -0.000288073
1.82917 0.000127459 0.00366109 -0.00142593
1.83333 -0.00156171 0.00776583 -0.000813329
1.8375 -0.00391522 0.0112965 0.000996211
1.84167 -0.00628753 0.0133602 0.00220684
1.84583 -0.00750876 0.0134093 0.00158184
1.85 -0.00696686 0.0117296 -0.000271802
1.85417 -0.00523584 0.00923071 -0.00149751
1.85833 -0.00357098 0.00675719 -0.000901833
1.8625 -0.00274303 0.00457046 0.000801631
1.86667 -0.00239444 0.00241066 0.00175783
1.87083 -0.0015697 -4.7571e-05 0.00095542
1.875 0.000173119 -0.0028292 -0.0007042
1.87917 0.00227252 -0.00563756 -0.00142242
1.88333 0.0037831 -0.00804491 -0.000483068
1.8875 0.0043525 -0.00966197 0.000998652
1.89167 0.00444967 -0.0102331 0.00136639
1.89583 0.00465555 -0.00971004 0.000261286
1.9 0.00491052 -0.00826196 -0.00105907
1.90417 0.00459612 -0.00614126 -0.00120124
1.90833 0.00329924 -0.00351758 -0.000162646
1.9125 0.00133925 -0.000516048 0.000783055
1.91667 -0.000509464 0.00256505 0.00057375
1.92083 -0.0017312 0.00522638 -0.000522576
1.925 -0.00244591 0.00711423 -0.00130725
1.92917 -0.00313071 0.00832421 -0.000978108
1.93333 -0.00403716 0.00914051 7.41784e-05
1.9375 -0.00487489 0.00945015 0.00073829
1.94167 -0.00504333 0.00868716 0.000352341
1.94583 -0.00421314 0.00656031 -0.000610289
1.95 -0.00271787 0.00366135 -0.00102562
1.95417 -0.00131569 0.00104099 -0.000327989
1.95833 -0.000485072 -0.00081412 0.000809157
1.9625 9.5038e-06 -0.00231501 0.00115565
1.96667 0.000760118 -0.00402953 0.000324954
1.97083 0.00195452 -0.00587953 -0.000720771
1.975 0.00310629 -0.00723443 -0.000752544
1.97917 0.00357358 -0.00759788 0.000286112
1.98333 0.00322255 -0.00699269 0.00120937
1.9875 0.00250397 -0.00579518 0.000954171
1.99167 0.0019538 -0.004397 -0.000248722
1.99583 0.00167613 -0.00295208 -0.00115921
2 0.00125586 -0.00130065 -0.000820428
2.00417 0.000186518 0.000740993 0.000481938
2.00833 -0.00147251 0.00288351 0.00142377
2.0125 -0.002886 0.00441245 0.00088179
2.01667 -0.00320067 0.00500365 -0.000766174
2.02083 -0.00263163 0.00515692 -0.00171351
2.025 -0.00236051 0.00531174 -0.000646843
2.02917 -0.00296487 0.00486726 0.00137709
2.03333 -0.00338053 0.00297398 0.0018098
2.0375 -0.00218555 0.000264872 -0.000179397
2.04167 0.000241863 -0.00134178 -0.00227338
2.04583 0.00184622 -0.00102365 -0.00180509
2.05 0.00146683 -0.00017842 0.000647084
2.05417 0.000336296 -0.000408808 0.00195023
2.05833 0.000361813 -0.00142724 0.000614144
2.0625 0.00171463 -0.00210843 -0.00139533
2.06667 0.00306203 -0.00260937 -0.00159225
2.07083 0.0035737 -0.0036601 -0.000128187
2.075 0.00348086 -0.00433335 0.00108095
2.07917 0.00296725 -0.00282061 0.00109113
2.08333 0.00191607 0.000397855 0.000354474
2.0875 0.000805062 0.00255287 -0.000605209
2.09167 0.000409672 0.00255738 -0.00128156
2.09583 0.000309592 0.00257277 -0.000717549
2.1 -0.000780828 0.00418589 0.00113085
2.10417 -0.00261333 0.00546831 0.00212896
2.10833 -0.00306897 0.00418886 0.000383628
2.1125 -0.00135184 0.00187428 -0.0022771
2.11667 0.000221322 0.00146186 -0.00205253
2.12083 -0.000552144 0.00229144 0.00113577
2.125 -0.0022038 0.00128488 0.00287058
2.12917 -0.00174616 -0.00143016 0.000619953
2.13333 0.000541859 -0.00244086 -0.00229653
2.1375 0.00152191 -0.0010975 -0.00172793
2.14167 0.000270033 -0.00100025 0.00105101
2.14583 -0.000593227 -0.00370822 0.00175419
2.15 0.000532386 -0.00557483 -8.96327e-05
2.15417 0.00165981 -0.00390551 -0.00111462
2.15833 0.000975099 -0.00199831 -0.000211525
2.1625 0.000104237 -0.00361352 0.000106071
2.16667 0.000964228 -0.00593858 -0.0010662
2.17083 0.00190456 -0.00387161 -0.00118826
2.175 0.000468212 0.000873851 0.000633542
2.17917 -0.00178226 0.00179561 0.00121221
2.18333 -0.00132203 -0.00166607 -0.00123565
2.1875 0.00123682 -0.00275605 -0.00312896
2.19167 0.00160192 0.00158342 -0.000942486
2.19583 -0.00126095 0.00549892 0.00252073
2.2 -0.00318951 0.00377248 0.00208924
2.20417 -0.00144517 0.00026637 -0.00146422
2.20833 0.00093686 0.00118401 -0.00248562
2.2125 0.000229101 0.00469742 0.000637728
2.21667 -0.00202186 0.0044028 0.00316209
2.22083 -0.00190691 0.000369913 0.00170937
2.225 0.000331325 -0.00113798 -0.000809591
2.22917 0.0011028 0.00148714 -0.000524615
2.23333 -0.000279923 0.00254265 0.00133828
2.2375 -0.000743558 -0.000980563 0.00133506
2.24167 0.000903058 -0.00400213 -0.000217434
2.24583 0.00184513 -0.00188661 -0.000381653
2.25 0.000282402 0.00158259 0.00085319
2.25417 -0.00122595 0.000417743 0.000618666
2.25833 -1.96273e-05 -0.003514 -0.0014082
2.2625 0.00197078 -0.00351847 -0.0019233
2.26667 0.0012206 0.000747568 0.000461065
2.27083 -0.00146311 0.00262024 0.00234504
2.275 -0.00200555 -0.000439947 0.000673878
2.27917 0.000319355 -0.00242248 -0.00208788
2.28333 0.00148993 0.00129302 -0.00142655
2.2875 -0.000876124 0.00589672 0.00210309
2.29167 -0.00351306 0.00464354 0.00343483
2.29583 -0.00252772 -6.29317e-05 0.000746834
2.3 0.000434119 -0.000411732 -0.00170927
2.30417 0.000839505 0.00403722 -0.000315889
2.30833 -0.00149501 0.00566229 0.00234
2.3125 -0.00236295 0.00154314 0.00195547
2.31667 -0.0002866 -0.00166104 -0.000486749
2.32083 0.00116886 0.000875436 -0.000817121
2.325 -0.000269548 0.00378097 0.0010013
2.32917 -0.00158119 0.000752554 0.00110031
2.33333 0.00014644 -0.00423837 -0.00106777
2.3375 0.0023043 -0.00342735 -0.00158932
2.34167 0.00113616 0.00129336 0.000638508
2.34583 -0.00142984 0.00127784 0.00137557
2.35 -0.000695629 -0.0042234 -0.00154886
2.35417 0.00272326 -0.00681393 -0.00381838
2.35833 0.00367151 -0.00320142 -0.0016777
2.3625 0.00104242 -0.000287684 0.00139786
2.36667 -0.000515021 -0.00278128 0.000289069
2.37083 0.0014223 -0.00545474 -0.00325414
2.375 0.00326607 -0.00313039 -0.00368979
2.37917 0.0019756 0.000114738 -0.000776434
2.38333 5.77316e-05 -0.00123483 0.000767305
2.3875 0.000617315 -0.00399687 -0.000563848
2.39167 0.00192463 -0.0021026 -0.00152494
2.39583 0.000999675 0.00253633 -0.000540672
2.4 -0.000970085 0.00357345 0.000302918
2.40417 -0.00118925 0.00123392 0.000213961
2.40833 -0.000450664 0.00112473 0.00105079
2.4125 -0.00124576 0.00397074 0.00267045
2.41667 -0.00276195 0.00497823 0.00223938
2.42083 -0.00236519 0.00286221 -0.000252902
2.425 -0.000678491 0.0015784 -0.000887462
2.42917 -0.000611814 0.00256731 0.00164578
2.43333 -0.00207718 0.00253902 0.00322964
2.4375 -0.00211685 0.000236851 0.000874794
2.44167 -0.000153511 -0.00120805 -0.0022503
2.44583 0.0011248 -0.000460062 -0.00190697
2.45 0.000514975 -0.000447487 0.000653384
2.45417 -2.01139e-05 -0.0024534 0.00131586
2.45833 0.000745673 -0.00344979 -0.00031004
2.4625 0.00140411 -0.0020246 -0.00130999
2.46667 0.00114328 -0.00145359 -0.000840276
2.47083 0.00136331 -0.00338857 -0.000594818
2.475 0.00236358 -0.00379691 -0.000638488
2.47917 0.00183257 0.000116526 0.0006366
2.48333 -0.000916167 0.00366334 0.00223563
2.4875 -0.00238755 0.00149904 0.00103857
2.49167 -1.69892e-05 -0.00284223 -0.00218046
2.49583 0.00277305 -0.00182151 -0.00224605
2.5 0.00117064 0.00348368 0.00210744
2.50417 -0.00296677 0.00448718 0.00447241
2.50833 -0.0032784 -0.000565928 0.000140363
2.5125 0.000901747 -0.00306372 -0.00520887
2.51667 0.00291436 0.00154928 -0.00327417
2.52083 -0.00061635 0.0055388 0.00334542
2.525 -0.004079 0.00193556 0.00445616
2.52917 -0.00205181 -0.00304985 -0.00152566
2.53333 0.00178226 -0.000692744 -0.004992
2.5375 0.00121684 0.00438562 -0.000898207
2.54167 -0.00183099 0.00194804 0.00353612
2.54583 -0.00127127 -0.00503834 0.00171436
2.55 0.0019243 -0.00457968 -0.00184698
2.55417 0.00171211 0.00301545 -0.000967942
2.55833 -0.00149222 0.0047634 0.00132949
2.5625 -0.00136947 -0.00231233 7.04122e-05
2.56667 0.00222992 -0.00559984 -0.00151332
2.57083 0.00240339 0.000752063 0.00107975
2.575 -0.00189345 0.00522929 0.00343092
2.57917 -0.002966 -0.00051289 -0.000180622
2.58333 0.00195999 -0.00662884 -0.00476882
2.5875 0.00490262 -0.00251784 -0.00207265
2.59167 0.000548927 0.00463126 0.00438592
2.59583 -0.00430136 0.00292179 0.00418495
2.6 -0.00204327 -0.00369609 -0.00260095
2.60417 0.00323771 -0.00339387 -0.0054494
2.60833 0.00306689 0.00290558 -0.000389493
2.6125 -0.00178459 0.00442387 0.00467408
2.61667 -0.00375232 -0.000647537 0.00305316
2.62083 -0.000693168 -0.00366875 -0.00195705
2.625 0.0023899 -0.000907374 -0.00382449
2.62917 0.00191816 0.00200236 -0.00125046
2.63333 -0.000401452 0.000900055 0.0023001
2.6375 -0.00159537 -0.00126933 0.00305907
2.64167 -0.000912989 -0.000702565 0.000151476
2.64583 0.000426641 0.00188018 -0.00307513
2.65 0.000700251 0.00317407 -0.00224364
2.65417 -0.000470191 0.0013551 0.00178458
2.65833 -0.00128455 -0.00177894 0.00331698
2.6625 -0.000329908 -0.0022428 0.000339536
2.66667 0.000873987 0.000702912 -0.00246726
2.67083 0.000506614 0.00217805 -0.00157612
2.675 -0.000104505 -0.00106236 0.000496332
2.67917 0.000710531 -0.00399193 0.000915518
2.68333 0.00108279 -0.000801419 0.000767506
2.6875 -0.000840964 0.00428055 0.000751405
2.69167 -0.00223426 0.00298991 -0.000702574
2.69583 -8.96281e-05 -0.00277265 -0.00244106
2.7 0.00249716 -0.00378447 -0.000801736
2.70417 0.00100138 0.000863703 0.00289565
2.70833 -0.0022763 0.00283772 0.00270878
2.7125 -0.0017525 -0.000704352 -0.00182216
2.71667 0.00183166 -0.00316592 -0.00393129
2.72083 0.00273756 -0.000673928 -0.000476998
2.725 -0.00023651 0.00234637 0.00328708
2.72917 -0.00253618 0.00184468 0.00244865
2.73333 -0.00147564 -0.000256953 -0.00102912
2.7375 0.000828608 -0.00102302 -0.00281011
2.74167 0.0017129 -0.000465955 -0.00152565
2.74583 0.000733761 0.00034753 0.00147963
2.75 -0.00102473 0.000523018 0.00324451
2.75417 -0.0015767 -0.000584263 0.000978282
2.75833 0.00023965 -0.00156283 -0.00332569
2.7625 0.00217175 -0.000110423 -0.0034437
2.76667 0.000954126 0.00216796 0.00167113
2.77083 -0.00200813 0.00130497 0.00459943
2.775 -0.00216024 -0.00149426 0.000822094
2.77917 0.000574035 -0.00117619 -0.00362136
2.78333 0.0017146 0.00147279 -0.00225184
2.7875 0.000170364 0.000783284 0.00165431
2.79167 -0.000609694 -0.00241797 0.00215695
2.79583 0.000205938 -0.00152716 0.000338549
2.8 -6.29219e-05 0.00277563 -0.000303851
2.80417 -0.00112247 0.00272607 -0.00062869
2.80833 -7.85534e-05 -0.00190945 -0.00145598
2.8125 0.00178039 -0.00284489 -0.000171899
2.81667 0.00059899 0.00137806 0.00269239
2.82083 -0.00209995 0.00288218 0.0019465
2.825 -0.00138532 -0.000707655 -0.00246737
2.82917 0.00189238 -0.00261568 -0.00352073
2.83333 0.0023179 -0.000134782 0.000822873
2.8375 -0.000516556 0.00153083 0.00357685
2.84167 -0.0018734 0.000220428 0.000767062
2.84583 -0.000360872 -0.000412346 -0.00257975
2.85 0.000993894 0.000377594 -0.00205153
2.85417 0.000874134 -9.51373e-05 0.000142085
2.85833 0.000328769 -0.000764529 0.00136001
2.8625 -0.000631674 0.000795253 0.00181318
2.86667 -0.00164861 0.00171831 0.000748767
2.87083 -0.00055378 -0.000846952 -0.00214533
2.875 0.00211953 -0.00264995 -0.00271403
2.87917 0.00202106 7.86611e-05 0.00161101
2.88333 -0.00145125 0.00255105 0.00495997
2.8875 -0.0027721 0.00024479 0.00161965
2.89167 0.000374489 -0.00219842 -0.0032269
2.89583 0.00274234 -0.000159091 -0.00162732
2.9 0.000820419 0.00193526 0.00368134
2.90417 -0.00140931 -0.000136402 0.00473184
2.90833 -0.000374746 -0.00189239 0.0017638
2.9125 0.00135756 0.000397394 0.000662956
2.91667 0.00130092 0.00199005 0.00233113
2.92083 0.00129201 -0.000571776 0.00405074
2.925 0.00224793 -0.00246964 0.00589917
2.92917 0.00217142 -0.000470381 0.00801129
2.93333 0.00155642 0.000854595 0.00782818
2.9375 0.0033045 -0.00126592 0.00620877
2.94167 0.00626155 -0.00264014 0.00856895
2.94583 0.00650876 -0.00123677 0.0150083
2.95 0.00507027 -0.000924251 0.0184075
2.95417 0.00645428 -0.00286954 0.0166113
2.95833 0.0103084 -0.0035348 0.0164172
2.9625 0.0124118 -0.00282377 0.0215456
2.96667 0.0125444 -0.00405874 0.027041
2.97083 0.0137592 -0.00601589 0.0290593
2.975 0.015906 -0.00510732 0.0300831
2.97917 0.0169834 -0.00365748 0.0318766
2.98333 0.0180634 -0.00583574 0.0328794
2.9875 0.0203507 -0.00862893 0.0337571
2.99167 0.0211361 -0.00709838 0.0363076
2.99583 0.0187231 -0.00422543 0.0373246
