0 0 0 0
0.00416667 0 0 0
0.00833333 0 0 0
0.0125 0 0 0
0.0166667 0 0 0
0.0208333 0 0 0
0.025 0 0 0
0.0291667 0 0 0
0.0333333 0 0 0
0.0375 0 0 0
0.0416667 0 0 0
0.0458333 0 0 0
0.05 0 0 0
0.0541667 0 0 0
0.0583333 0 0 0
0.0625 0 0 0
0.0666667 0 0 0
0.0708333 0 0 0
0.075 0 0 0
0.0791667 0 0 0
0.0833333 0 0 0
0.0875 0 0 0
0.0916667 0 0 0
0.0958333 0 0 0
0.1 0 0 0
0.104167 0 0 0
0.108333 0 0 0
0.1125 0 0 0
0.116667 0 0 0
0.120833 0 0 0
0.125 0 0 0
0.129167 0 0 0
0.133333 0 0 0
0.1375 0 0 0
0.141667 0 0 0
0.145833 0 0 0
0.15 0 0 0
0.154167 0 0 0
0.158333 0 0 0
0.1625 0 0 0
0.166667 0 0 0
0.170833 0 0 0
0.175 0 0 0
0.179167 0 0 0
0.183333 0 0 0
0.1875 0 0 2.5642e-321
0.191667 -1.00777e-318 1.00364e-319 2.9804e-317
0.195833 -9.10824e-315 1.08201e-315 2.63267e-313
0.2 -6.80906e-311 9.41948e-312 1.92472e-309
0.204167 -4.24597e-307 6.70778e-308 1.17424e-305
0.208333 -2.22537e-303 3.94696e-304 6.02364e-302
0.2125 -9.87197e-300 1.93619e-300 2.61645e-298
0.216667 -3.73067e-296 7.98199e-297 9.68545e-295
0.220833 -1.20819e-292 2.7856e-293 3.07373e-291
0.225 -3.37165e-289 8.28469e-290 8.40891e-288
0.229167 -8.14933e-286 2.11286e-286 1.99321e-284
0.233333 -1.71409e-282 4.64731e-283 4.11304e-281
0.2375 -3.15139e-279 8.8634e-280 7.4215e-278
0.241667 -5.08556e-276 1.47318e-276 1.17583e-274
0.245833 -7.23187e-273 2.14399e-273 1.6422e-271
0.25 -9.09614e-270 2.74435e-270 2.02932e-268
0.254167 -1.01555e-266 3.1027e-267 2.22667e-265
0.258333 -1.00985e-263 3.1107e-264 2.17675e-262
0.2625 -8.973e-261 2.77612e-261 1.90204e-259
0.266667 -7.14659e-258 2.21332e-258 1.49018e-256
0.270833 -5.11736e-255 1.58185e-255 1.04994e-253
0.275 -3.30398e-252 1.01675e-252 6.67196e-251
0.279167 -1.92879e-249 5.89592e-250 3.83451e-248
0.283333 -1.02083e-246 3.09358e-247 1.99848e-245
0.2875 -4.91109e-244 1.47293e-244 9.46988e-243
0.291667 -2.15299e-241 6.38105e-242 4.09008e-240
0.295833 -8.62181e-239 2.52188e-239 1.61401e-237
0.3 -3.16126e-236 9.11514e-237 5.83285e-235
0.304167 -1.06367e-233 3.02029e-234 1.93478e-232
0.308333 -3.29144e-231 9.19556e-232 5.90334e-230
0.3125 -9.3866e-229 2.57817e-229 1.66033e-227
0.316667 -2.47204e-226 6.67065e-227 4.31316e-225
0.320833 -6.02394e-224 1.59601e-224 1.03694e-222
0.325 -1.36083e-221 3.53808e-222 2.31146e-220
0.329167 -2.8551e-219 7.28087e-220 4.78614e-218
0.333333 -5.57311e-217 1.39339e-217 9.22185e-216
0.3375 -1.01386e-214 2.48428e-215 1.65623e-213
0.341667 -1.72177e-212 4.1333e-213 2.77723e-211
0.345833 -2.73391e-210 6.42797e-211 4.3549e-209
0.35 -4.06511e-208 9.35864e-209 6.39572e-207
0.354167 -5.66878e-206 1.27754e-206 8.8103e-205
0.358333 -7.42438e-204 1.63756e-204 1.14e-202
0.3625 -9.14514e-202 1.97376e-202 1.38752e-200
0.366667 -1.06088e-199 2.24007e-200 1.59066e-198
0.370833 -1.16053e-197 2.39703e-198 1.71983e-196
0.375 -1.19869e-195 2.42153e-196 1.75594e-194
0.379167 -1.17045e-193 2.3123e-194 1.69504e-192
0.383333 -1.0817e-191 2.08959e-192 1.54886e-190
0.3875 -9.47258e-190 1.78913e-190 1.34123e-188
0.391667 -7.86904e-188 1.45304e-188 1.10188e-186
0.395833 -6.20777e-186 1.12057e-186 8.59755e-185
0.4 -4.65547e-184 8.21463e-185 6.37788e-183
0.404167 -3.32236e-182 5.73015e-183 4.50277e-181
0.408333 -2.25846e-180 3.80718e-181 3.02838e-179
0.4125 -1.46378e-178 2.41168e-179 1.94215e-177
0.416667 -9.05392e-177 1.45787e-177 1.18877e-175
0.420833 -5.34919e-175 8.41777e-176 6.95092e-174
0.425 -3.02141e-173 4.64657e-174 3.88596e-172
0.429167 -1.63293e-171 2.45413e-172 2.0789e-170
0.433333 -8.45122e-170 1.24123e-170 1.06513e-168
0.4375 -4.19194e-168 6.01653e-169 5.23058e-167
0.441667 -1.9943e-166 2.79717e-167 2.46387e-165
0.445833 -9.10695e-165 1.24824e-165 1.11411e-163
0.45 -3.99469e-163 5.3507e-164 4.83954e-162
0.454167 -1.68435e-161 2.20477e-162 2.02094e-160
0.458333 -6.83154e-160 8.73898e-161 8.11848e-159
0.4625 -2.66709e-158 3.33425e-159 3.13952e-157
0.466667 -1.00294e-156 1.22536e-157 1.16951e-155
0.470833 -3.63506e-155 4.34045e-156 4.19927e-154
0.475 -1.27061e-153 1.48281e-154 1.45426e-152
0.479167 -4.28592e-152 4.88851e-153 4.86039e-151
0.483333 -1.39593e-150 1.55622e-151 1.56862e-149
0.4875 -4.39256e-149 4.78647e-150 4.89139e-148
0.491667 -1.33614e-147 1.42317e-148 1.47454e-146
0.495833 -3.93102e-146 4.09292e-147 4.29957e-145
0.5 -1.11919e-144 1.13914e-145 1.21331e-143
0.504167 -3.08517e-143 3.0698e-144 3.31526e-142
0.508333 -8.23847e-142 8.01415e-143 8.77577e-141
0.5125 -2.13216e-140 2.02784e-141 2.25158e-139
0.516667 -5.3507e-139 4.97561e-140 5.60183e-138
0.520833 -1.30263e-137 1.18441e-138 1.35213e-136
0.525 -3.07786e-136 2.73652e-137 3.16775e-135
0.529167 -7.06137e-135 6.13946e-136 7.20644e-134
0.533333 -1.57373e-133 1.3381e-134 1.59263e-132
0.5375 -3.40846e-132 2.83436e-133 3.42075e-131
0.541667 -7.17716e-131 5.83734e-132 7.14358e-130
0.545833 -1.46991e-129 1.16935e-130 1.45103e-128
0.55 -2.92914e-128 2.27935e-129 2.86796e-127
0.554167 -5.68163e-127 4.32501e-128 5.5179e-126
0.558333 -1.07313e-125 7.99165e-127 1.03382e-124
0.5625 -1.97441e-124 1.43853e-125 1.88686e-123
0.566667 -3.53986e-123 2.52343e-124 3.35599e-122
0.570833 -6.18657e-122 4.31527e-123 5.81885e-121
0.575 -1.05434e-120 7.19643e-122 9.83874e-120
0.579167 -1.75275e-119 1.17075e-120 1.62283e-118
0.583333 -2.84325e-118 1.85864e-119 2.61205e-117
0.5875 -4.50199e-117 2.88038e-118 4.10396e-116
0.591667 -6.96025e-116 4.35875e-117 6.29613e-115
0.595833 -1.05102e-114 6.44268e-116 9.43469e-114
0.6 -1.55056e-113 9.30455e-115 1.38132e-112
0.604167 -2.23559e-112 1.31333e-113 1.97653e-111
0.608333 -3.15097e-111 1.8123e-112 2.76489e-110
0.6125 -4.34276e-110 2.4456e-111 3.78216e-109
0.616667 -5.85435e-109 3.22819e-110 5.06069e-108
0.620833 -7.72146e-108 4.16936e-109 6.62528e-107
0.625 -9.96651e-107 5.27022e-108 8.48863e-106
0.629167 -1.25928e-105 6.52157e-107 1.06469e-104
0.633333 -1.55792e-104 7.90219e-106 1.30758e-103
0.6375 -1.88766e-103 9.37829e-105 1.57284e-102
0.641667 -2.24058e-102 1.0904e-103 1.85342e-101
0.645833 -2.6059e-101 1.24233e-102 2.14013e-100
0.65 -2.97044e-100 1.38732e-101 2.42207e-99
0.654167 -3.31929e-99 1.51882e-100 2.68725e-98
0.658333 -3.63689e-98 1.63051e-99 2.92352e-97
0.6625 -3.90815e-97 1.7168e-98 3.11941e-96
0.666667 -4.11966e-96 1.77333e-97 3.26514e-95
0.670833 -4.2608e-95 1.79732e-96 3.3534e-94
0.675 -4.32466e-94 1.78779e-95 3.37997e-93
0.679167 -4.30855e-93 1.74562e-94 3.34404e-92
0.683333 -4.21419e-92 1.67345e-93 3.24824e-91
0.6875 -4.0475e-91 1.57538e-92 3.09831e-90
0.691667 -3.81796e-90 1.45665e-91 2.9026e-89
0.695833 -3.53776e-89 1.32312e-90 2.67126e-88
0.7 -3.22077e-88 1.18086e-89 2.4154e-87
0.704167 -2.88139e-87 1.03569e-88 2.14627e-86
0.708333 -2.53356e-86 8.92832e-88 1.87448e-85
0.7125 -2.1899e-85 7.56649e-87 1.60935e-84
0.716667 -1.86104e-84 6.30488e-86 1.35853e-83
0.720833 -1.55524e-83 5.1664e-85 1.12774e-82
0.725 -1.27825e-82 4.16388e-84 9.20749e-82
0.729167 -1.03345e-81 3.30125e-83 7.39492e-81
0.733333 -8.22014e-81 2.5751e-82 5.84326e-80
0.7375 -6.43363e-80 1.97658e-81 4.54333e-79
0.741667 -4.95547e-79 1.49315e-80 3.4766e-78
0.745833 -3.75691e-78 1.11026e-79 2.61855e-77
0.75 -2.80386e-77 8.12727e-79 1.94159e-76
0.754167 -2.06027e-76 5.85761e-78 1.41745e-75
0.758333 -1.49072e-75 4.15734e-77 1.01899e-74
0.7625 -1.06227e-74 2.90595e-76 7.21451e-74
0.766667 -7.45579e-74 2.00077e-75 5.03124e-73
0.770833 -5.15506e-73 1.35706e-74 3.45647e-72
0.775 -3.51166e-72 9.06883e-74 2.33957e-71
0.779167 -2.35713e-71 5.97185e-73 1.56043e-70
0.783333 -1.55921e-70 3.87549e-72 1.02567e-69
0.7875 -1.01655e-69 2.47888e-71 6.64478e-69
0.791667 -6.5329e-69 1.56297e-70 4.24344e-68
0.795833 -4.13896e-68 9.71541e-70 2.67159e-67
0.8 -2.58544e-67 5.9544e-69 1.6584e-66
0.804167 -1.59253e-66 3.59858e-68 1.01513e-65
0.808333 -9.67379e-66 2.14481e-67 6.12805e-65
0.8125 -5.79579e-65 1.26083e-66 3.64867e-64
0.816667 -3.42516e-64 7.31116e-66 2.14293e-63
0.820833 -1.99687e-63 4.18234e-65 1.24162e-62
0.825 -1.14859e-62 2.36049e-64 7.09773e-62
0.829167 -6.51884e-62 1.31455e-63 4.00358e-61
0.833333 -3.65099e-61 7.22425e-63 2.22854e-60
0.8375 -2.01804e-60 3.9182e-62 1.22427e-59
0.841667 -1.10095e-59 2.0975e-61 6.63833e-59
0.845833 -5.92887e-59 1.10836e-60 3.55312e-58
0.85 -3.15195e-58 5.78181e-60 1.87747e-57
0.854167 -1.65436e-57 2.97776e-59 9.79453e-57
0.858333 -8.57364e-57 1.51424e-58 5.04528e-56
0.8625 -4.38756e-56 7.60366e-58 2.56634e-55
0.866667 -2.21739e-55 3.77057e-57 1.28917e-54
0.870833 -1.10678e-54 1.84665e-56 6.39605e-54
0.875 -5.45651e-54 8.93289e-56 3.13439e-53
0.879167 -2.6573e-53 4.2684e-55 1.5173e-52
0.883333 -1.27842e-52 2.01483e-54 7.25607e-52
0.8875 -6.07647e-52 9.39604e-54 3.4283e-51
0.891667 -2.85368e-51 4.32931e-53 1.60043e-50
0.895833 -1.32425e-50 1.97103e-52 7.38264e-50
0.9 -6.07263e-50 8.86746e-52 3.36537e-49
0.904167 -2.75208e-49 3.94247e-51 1.51613e-48
0.908333 -1.23269e-48 1.73234e-50 6.7507e-48
0.9125 -5.45738e-48 7.52353e-50 2.97102e-47
0.916667 -2.38829e-47 3.22972e-49 1.29252e-46
0.920833 -1.03321e-46 1.37053e-48 5.55867e-46
0.925 -4.41896e-46 5.74946e-48 2.36341e-45
0.929167 -1.86858e-45 2.38454e-47 9.93501e-45
0.933333 -7.81249e-45 9.77794e-47 4.12941e-44
0.9375 -3.22986e-44 3.96446e-46 1.69717e-43
0.941667 -1.32044e-43 1.58943e-45 6.89779e-43
0.945833 -5.33858e-43 6.30146e-45 2.77246e-42
0.95 -2.13466e-42 2.47065e-44 1.1021e-41
0.954167 -8.44212e-42 9.58026e-44 4.33309e-41
0.958333 -3.30235e-41 3.67418e-43 1.6851e-40
0.9625 -1.27781e-40 1.39375e-42 6.48226e-40
0.966667 -4.89108e-40 5.22966e-42 2.46675e-39
0.970833 -1.8521e-39 1.9411e-41 9.28639e-39
0.975 -6.93852e-39 7.12742e-41 3.4587e-38
0.979167 -2.57179e-38 2.58907e-40 1.27452e-37
0.983333 -9.43178e-38 9.30478e-40 4.64696e-37
0.9875 -3.42264e-37 3.30855e-39 1.6765e-36
0.991667 -1.22903e-36 1.16402e-38 5.9851e-36
0.995833 -4.36732e-36 4.05217e-38 2.11442e-35
1 -1.53582e-35 1.39586e-37 7.39242e-35
1.00417 -5.34515e-35 4.75821e-37 2.55785e-34
1.00833 -1.84116e-34 1.60511e-36 8.75944e-34
1.0125 -6.27706e-34 5.35852e-36 2.969e-33
1.01667 -2.11822e-33 1.77043e-35 9.96078e-33
1.02083 -7.07544e-33 5.78928e-35 3.30785e-32
1.025 -2.3395e-32 1.87368e-34 1.08738e-31
1.02917 -7.65766e-32 6.00213e-34 3.53854e-31
1.03333 -2.48136e-31 1.90314e-33 1.13995e-30
1.0375 -7.96013e-31 5.97313e-33 3.63564e-30
1.04167 -2.52815e-30 1.85573e-32 1.14797e-29
1.04583 -7.94978e-30 5.70713e-32 3.58875e-29
1.05 -2.47508e-29 1.73751e-31 1.11081e-28
1.05417 -7.62996e-29 5.2366e-31 3.40434e-28
1.05833 -2.32899e-28 1.56242e-30 1.03308e-27
1.0625 -7.03942e-28 4.61512e-30 3.10428e-27
1.06667 -2.10691e-27 1.34962e-29 9.23686e-27
1.07083 -6.24464e-27 3.90744e-29 2.72168e-26
1.075 -1.83287e-26 1.12004e-28 7.94164e-26
1.07917 -5.32763e-26 3.17866e-28 2.29486e-25
1.08333 -1.53364e-25 8.93156e-28 6.56731e-25
1.0875 -4.3723e-25 2.48479e-27 1.86129e-24
1.09167 -1.23454e-24 6.84444e-27 5.22451e-24
1.09583 -3.45241e-24 1.8667e-26 1.45242e-23
1.1 -9.56241e-24 5.04084e-26 3.99913e-23
1.10417 -2.62331e-23 1.3478e-25 1.09061e-22
1.10833 -7.1282e-23 3.56815e-25 2.94591e-22
1.1125 -1.91852e-22 9.35316e-25 7.88168e-22
1.11667 -5.11462e-22 2.42755e-24 2.0887e-21
1.12083 -1.35062e-21 6.23841e-24 5.48274e-21
1.125 -3.53287e-21 1.58734e-23 1.42558e-20
1.12917 -9.15391e-21 3.99904e-23 3.67166e-20
1.13333 -2.3495e-20 9.97526e-23 9.36734e-20
1.1375 -5.97364e-20 2.4636e-22 2.36733e-19
1.14167 -1.50454e-19 6.02399e-22 5.92646e-19
1.14583 -3.75379e-19 1.45834e-21 1.4697e-18
1.15 -9.2778e-19 3.49529e-21 3.61045e-18
1.15417 -2.2716e-18 8.29363e-21 8.78616e-18
1.15833 -5.50976e-18 1.94818e-20 2.11808e-17
1.1625 -1.32388e-17 4.53021e-20 5.05817e-17
1.16667 -3.15126e-17 1.04279e-19 1.19661e-16
1.17083 -7.43085e-17 2.37596e-19 2.8043e-16
1.175 -1.73585e-16 5.35827e-19 6.51036e-16
1.17917 -4.01704e-16 1.19599e-18 1.49725e-15
1.18333 -9.20912e-16 2.64187e-18 3.4111e-15
1.1875 -2.09145e-15 5.77496e-18 7.69841e-15
1.19167 -4.70537e-15 1.2491e-17 1.72112e-14
1.19583 -1.0487e-14 2.67311e-17 3.81175e-14
1.2 -2.31537e-14 5.65921e-17 8.36246e-14
1.20417 -5.06402e-14 1.18511e-16 1.81735e-13
1.20833 -1.09716e-13 2.45452e-16 3.91228e-13
1.2125 -2.35474e-13 5.02697e-16 8.34266e-13
1.21667 -5.00617e-13 1.01788e-15 1.7622e-12
1.22083 -1.05427e-12 2.03725e-15 3.687e-12
1.225 -2.19923e-12 4.02944e-15 7.64104e-12
1.22917 -4.5442e-12 7.87359e-15 1.56849e-11
1.23333 -9.30041e-12 1.51944e-14 3.18899e-11
1.2375 -1.88536e-11 2.89471e-14 6.42175e-11
1.24167 -3.78548e-11 5.44174e-14 1.28077e-10
1.24583 -7.52787e-11 1.00887e-13 2.52985e-10
1.25 -1.48263e-10 1.84334e-13 4.94891e-10
1.25417 -2.89195e-10 3.31649e-13 9.58739e-10
1.25833 -5.58637e-10 5.86948e-13 1.83929e-09
1.2625 -1.06864e-09 1.02042e-12 3.49417e-09
1.26667 -2.02434e-09 1.73961e-12 6.57296e-09
1.27083 -3.79717e-09 2.90122e-12 1.22428e-08
1.275 -7.05253e-09 4.7176e-12 2.2578e-08
1.27917 -1.29693e-08 7.44336e-12 4.12239e-08
1.28333 -2.36129e-08 1.13104e-11 7.45157e-08
1.2875 -4.2562e-08 1.63468e-11 1.33339e-07
1.29167 -7.59462e-08 2.19562e-11 2.36182e-07
1.29583 -1.34145e-07 2.60266e-11 4.14087e-07
1.3 -2.34529e-07 2.31607e-11 7.18549e-07
1.30417 -4.05826e-07 1.31319e-12 1.23398e-06
1.30833 -6.94981e-07 -6.43648e-11 2.09708e-06
1.3125 -1.17776e-06 -2.22453e-10 3.52644e-06
1.31667 -1.97496e-06 -5.64133e-10 5.8672e-06
1.32083 -3.27665e-06 -1.25498e-09 9.65734e-06
1.325 -5.37814e-06 -2.58727e-09 1.57242e-05
1.32917 -8.73208e-06 -5.06417e-09 2.53232e-05
1.33333 -1.40229e-05 -9.5322e-09 4.03322e-05
1.3375 -2.22708e-05 -1.73855e-08 6.35204e-05
1.34167 -3.49751e-05 -3.08736e-08 9.89109e-05
1.34583 -5.43056e-05 -5.35559e-08 0.000152258
1.35 -8.33545e-05 -9.09568e-08 0.00023166
1.35417 -0.000126457 -1.5149e-07 0.000348325
1.35833 -0.000189586 -2.47727e-07 0.000517489
1.3625 -0.000280831 -3.98104e-07 0.000759478
1.36667 -0.000410931 -6.2913e-07 0.00110086
1.37083 -0.00059386 -9.78184e-07 0.00157564
1.375 -0.0008474 -1.49691e-06 0.00222626
1.37917 -0.00119363 -2.25514e-06 0.00310436
1.38333 -0.00165925 -3.34527e-06 0.00427087
1.3875 -0.0022755 -4.88657e-06 0.00579517
1.39167 -0.00307767 -7.02918e-06 0.00775293
1.39583 -0.00410381 -9.95679e-06 0.0102222
1.4 -0.00539257 -1.3887e-05 0.0132771
1.40417 -0.00697991 -1.90683e-05 0.0169799
1.40833 -0.00889465 -2.57717e-05 0.0213694
1.4125 -0.0111528 -3.42765e-05 0.0264486
1.41667 -0.0137508 -4.48474e-05 0.0321702
1.42083 -0.0166586 -5.7704e-05 0.0384218
1.425 -0.0198124 -7.29816e-05 0.0450143
1.42917 -0.0231087 -9.06846e-05 0.0516731
1.43333 -0.0264013 -0.000110637 0.0580374
1.4375 -0.0295012 -0.000132434 0.0636686
1.44167 -0.0321822 -0.000155402 0.0680702
1.44583 -0.0341923 -0.000178572 0.0707219
1.45 -0.0352715 -0.000200687 0.071124
1.45417 -0.0351757 -0.000220233 0.0688524
1.45833 -0.0337042 -0.000235515 0.0636166
1.4625 -0.0307291 -0.000244777 0.0553139
1.46667 -0.0262211 -0.000246352 0.0440698
1.47083 -0.0202682 -0.000238845 0.0302556
1.475 -0.013081 -0.000221308 0.0144734
1.47917 -0.00498229 -0.000193411 -0.00249554
1.48333 0.00362251 -0.000155551 -0.0197776
1.4875 0.0122921 -0.000108884 -0.0365236
1.49167 0.0206093 -5.52655e-05 -0.0520376
1.49583 0.0282461 2.92346e-06 -0.0658989
1.5 0.0350222 6.30442e-05 -0.0780513
1.50417 0.0409453 0.000122536 -0.0888359
1.50833 0.0462213 0.000179275 -0.0989515
1.5125 0.051227 0.000231886 -0.109335
1.51667 0.056443 0.000279961 -0.12097
1.52083 0.0623535 0.000324111 -0.134657
1.525 0.0693275 0.000365831 -0.150767
1.52917 0.0775 0.000407186 -0.169051
1.53333 0.0866797 0.000450331 -0.188519
1.5375 0.0963024 0.000496964 -0.207453
1.54167 0.105447 0.000547782 -0.223547
1.54583 0.112917 0.000602055 -0.234167
1.55 0.117384 0.000657381 -0.236695
1.55417 0.117558 0.000709688 -0.228898
1.55833 0.11238 0.000753481 -0.209266
1.5625 0.101177 0.000782303 -0.177247
1.56667 0.0837773 0.000789343 -0.133372
1.57083 0.0605544 0.000768115 -0.0792232
1.575 0.0324039 0.000713141 -0.0173052
1.57917 0.00066584 0.000620579 0.0491812
1.58333 -0.0329921 0.000488786 0.116595
1.5875 -0.0667073 0.000318783 0.18112
1.59167 -0.0985551 0.000114607 0.239013
1.59583 -0.126675 -0.000116482 0.286848
1.6 -0.149392 -0.000364043 0.32175
1.60417 -0.165333 -0.000614811 0.341636
1.60833 -0.17355 -0.00085347 0.345436
1.6125 -0.173624 -0.00106386 0.33327
1.61667 -0.165742 -0.00123053 0.306501
1.62083 -0.150716 -0.00134051 0.267634
1.625 -0.129906 -0.00138486 0.220017
1.62917 -0.10506 -0.00135989 0.167379
1.63333 -0.0780687 -0.00126762 0.113292
1.6375 -0.0506978 -0.00111534 0.0606881
1.64167 -0.0243557 -0.000914586 0.0115655
1.64583 3.03563e-05 -0.00067943 -0.0330166
1.65 0.0219934 -0.000424869 -0.0726586
1.65417 0.0413664 -0.000165444 -0.107146
1.65833 0.0580384 8.55228e-05 -0.135966
1.6625 0.0717214 0.000316111 -0.158012
1.66667 0.0818285 0.000515611 -0.171637
1.67083 0.08753 0.000674369 -0.175079
1.675 0.0879906 0.000784039 -0.167138
1.67917 0.082718 0.000838439 -0.14788
1.68333 0.071897 0.000834882 -0.119067
1.6875 0.0565729 0.000775552 -0.0841226
1.69167 0.0385866 0.000668308 -0.0475635
1.69583 0.0202507 0.000526377 -0.0140383
1.7 0.00385048 0.000366705 0.0127302
1.70417 -0.00887615 0.000207191 0.0307514
1.70833 -0.0171053 6.34839e-05 0.0400512
1.7125 -0.0210192 -5.37381e-05 0.042349
1.71667 -0.021597 -0.000140168 0.0402619
1.72083 -0.0201905 -0.000197513 0.0363423
1.725 -0.0180435 -0.000231532 0.0323032
1.72917 -0.0159334 -0.000249175 0.0286955
1.73333 -0.0140509 -0.000255852 0.0251059
1.7375 -0.0121371 -0.000253791 0.0207311
1.74167 -0.00978975 -0.000242006 0.0150424
1.74583 -0.00678991 -0.000217805 0.00823684
1.75 -0.00330131 -0.000179122 0.00128966
1.75417 0.00013743 -0.000126724 -0.00439345
1.75833 0.00281315 -6.53383e-05 -0.00754844
1.7625 0.00413195 -3.21739e-06 -0.00758649
1.76667 0.00387289 4.97554e-05 -0.00485834
1.77083 0.00229259 8.47767e-05 -0.000547218
1.775 4.17701e-05 9.6702e-05 0.00375127
1.77917 -0.00206497 8.56089e-05 0.00658187
1.78333 -0.00332898 5.68216e-05 0.00709891
1.7875 -0.00338893 1.94041e-05 0.0052889
1.79167 -0.00230855 -1.63727e-05 0.00189135
1.79583 -0.000512437 -4.17725e-05 -0.00192573
1.8 0.00139343 -5.16956e-05 -0.00500513
1.80417 0.00284613 -4.55337e-05 -0.00660352
1.80833 0.00351929 -2.65962e-05 -0.00663463
1.8125 0.00342717 -4.00988e-07 -0.00568428
1.81667 0.00291088 2.75073e-05 -0.00479535
1.82083 0.00251275 5.33985e-05 -0.00508623
1.825 0.00277642 7.61911e-05 -0.00732039
1.82917 0.00403499 9.69998e-05 -0.0115717
1.83333 0.00625949 0.000117637 -0.0171142
1.8375 0.00902698 0.000138753 -0.0225967
1.84167 0.0116299 0.000158475 -0.0264538
1.84583 0.0132946 0.000172233 -0.0274057
1.85 0.0134283 0.000173964 -0.0248494
1.85417 0.0117982 0.000158274 -0.018989
1.85833 0.00857416 0.000122698 -0.010678
1.8625 0.00423021 6.91267e-05 -0.00108437
1.86667 -0.000629373 3.80288e-06 0.00863119
1.87083 -0.00542527 -6.40919e-05 0.0174691
1.875 -0.00966876 -0.000124699 0.0245581
1.87917 -0.012938 -0.000169741 0.0290628
1.88333 -0.014835 -0.000194086 0.0302165
1.8875 -0.0150126 -0.000196321 0.027578
1.89167 -0.0133111 -0.000178484 0.0214189
1.89583 -0.00994429 -0.000145319 0.012981
1.9 -0.00560334 -0.000103347 0.0043267
1.90417 -0.0013472 -5.97937e-05 -0.00230362
1.90833 0.00174261 -2.13313e-05 -0.00540887
1.9125 0.00301567 7.34491e-06 -0.00496128
1.91667 0.00258127 2.47421e-05 -0.0025054
1.92083 0.00130102 3.30089e-05 -0.00046285
1.925 0.000394955 3.70897e-05 -0.000924224
1.92917 0.000828981 4.26148e-05 -0.0045426
1.93333 0.00279941 5.32609e-05 -0.0101449
1.9375 0.00560531 6.87943e-05 -0.015312
1.94167 0.00799891 8.48718e-05 -0.017638
1.94583 0.0088354 9.48843e-05 -0.0159776
1.95 0.00766571 9.30597e-05 -0.0109905
1.95417 0.00494352 7.73009e-05 -0.00469636
1.95833 0.00174127 5.03027e-05 0.000661832
1.9625 -0.000842172 1.83799e-05 0.00375553
1.96667 -0.00222581 -1.1336e-05 0.004655
1.97083 -0.00253424 -3.38231e-05 0.00444658
1.975 -0.00235701 -4.77463e-05 0.00432228
1.97917 -0.00227848 -5.50927e-05 0.00478465
1.98333 -0.00250408 -5.94281e-05 0.00547237
1.9875 -0.00281468 -6.40506e-05 0.00564241
1.99167 -0.00283599 -7.11537e-05 0.00487949
1.99583 -0.00238979 -8.22639e-05 0.00347039
2 -0.00165191 -9.92868e-05 0.00216581
2.00417 -0.00100329 -0.000125155 0.00153918
2.00833 -0.000703603 -0.000163506 0.00147261
2.0125 -0.000657416 -0.000217681 0.00121049
2.01667 -0.000474835 -0.000289905 -2.07764e-05
2.02083 0.00020215 -0.000381383 -0.00228949
2.025 0.00135463 -0.000493204 -0.0047169
2.02917 0.00250558 -0.000627142 -0.0059688
2.03333 0.00299904 -0.000785201 -0.00517578
2.0375 0.0024602 -0.000967479 -0.00261446
2.04167 0.00109928 -0.00116908 0.00039039
2.04583 -0.00038631 -0.00137761 0.00233015
2.05 -0.00126898 -0.00157274 0.00254586
2.05417 -0.00128838 -0.00172816 0.00166599
2.05833 -0.000818771 -0.00181532 0.0010876
2.0625 -0.000563138 -0.0018073 0.00184669
2.06667 -0.000983037 -0.00168214 0.00371204
2.07083 -0.00188811 -0.00142536 0.00522113
2.075 -0.00251542 -0.00103273 0.00470595
2.07917 -0.0020767 -0.000513638 0.0016042
2.08333 -0.000392554 0.000105459 -0.00291757
2.0875 0.00186225 0.000779328 -0.00655719
2.09167 0.00352124 0.00144618 -0.00734768
2.09583 0.00367948 0.00203482 -0.00500245
2.1 0.00231998 0.00247592 -0.0011706
2.10417 0.000360762 0.00271454 0.0016202
2.10833 -0.000934071 0.00272085 0.00163036
2.1125 -0.000785974 0.00249643 -0.000958213
2.11667 0.000594125 0.00207525 -0.00421525
2.12083 0.00217273 0.00151979 -0.00579734
2.125 0.00280449 0.000912954 -0.00449858
2.12917 0.00198572 0.000346582 -0.000955921
2.13333 0.000138374 -9.25411e-05 0.00291225
2.1375 -0.00173682 -0.000337302 0.00525011
2.14167 -0.00275186 -0.000352344 0.00539957
2.14583 -0.00266319 -0.00013979 0.00407225
2.15 -0.00189741 0.000263997 0.00256685
2.15417 -0.00111966 0.000800253 0.0017298
2.15833 -0.000718967 0.00140423 0.00146464
2.1625 -0.000602321 0.0020199 0.00108364
2.16667 -0.000409297 0.00260728 0.000103688
2.17083 8.19865e-05 0.00313994 -0.00122994
2.175 0.000718145 0.00359529 -0.00212666
2.17917 0.0010956 0.00394348 -0.00195474
2.18333 0.000924883 0.00414168 -0.0008434
2.1875 0.000312314 0.00413795 0.000344374
2.19167 -0.000287427 0.0038841 0.000661418
2.19583 -0.000415614 0.00335254 -0.000179331
2.2 2.97099e-05 0.00254983 -0.00157227
2.20417 0.000710386 0.0015203 -0.0024851
2.20833 0.00110877 0.00033723 -0.00224425
2.2125 0.000920778 -0.000915807 -0.00101327
2.21667 0.000268837 -0.00216581 0.000397569
2.22083 -0.000424053 -0.00336421 0.00120363
2.225 -0.000780584 -0.00448662 0.0012347
2.22917 -0.000746001 -0.00551784 0.000969705
2.23333 -0.000576444 -0.00642868 0.0010231
2.2375 -0.000567115 -0.00715697 0.00154468
2.24167 -0.000764464 -0.00760471 0.00205515
2.24583 -0.000913509 -0.00765676 0.00186367
2.25 -0.000688024 -0.00721633 0.000717262
2.25417 -9.04132e-06 -0.00624336 -0.000872821
2.25833 0.00082318 -0.00477931 -0.00192967
2.2625 0.00131122 -0.00294758 -0.00173118
2.26667 0.00112896 -0.000929989 -0.000399011
2.27083 0.000391841 0.0010696 0.00111438
2.275 -0.00038936 0.0028596 0.00166038
2.27917 -0.000651593 0.00428262 0.000701332
2.28333 -0.000174913 0.00522459 -0.00129178
2.2875 0.000755705 0.00561853 -0.00313636
2.29167 0.00153839 0.00545085 -0.00371841
2.29583 0.00165763 0.00477095 -0.0027106
2.3 0.00102003 0.00369592 -0.000743097
2.30417 -4.2626e-06 0.0023988 0.0010642
2.30833 -0.000849541 0.00107597 0.00185959
2.3125 -0.00113422 -9.74471e-05 0.00157764
2.31667 -0.00088747 -0.00100508 0.000876654
2.32083 -0.000475904 -0.00160171 0.000571377
2.325 -0.000298331 -0.00189699 0.000989547
2.32917 -0.000477613 -0.00192461 0.00172775
2.33333 -0.000775984 -0.00172011 0.00198889
2.3375 -0.000795609 -0.00132195 0.00125202
2.34167 -0.000314198 -0.000790239 -0.000238033
2.34583 0.000502595 -0.000219891 -0.00156454
2.35 0.00118916 0.000273787 -0.00179102
2.35417 0.00132264 0.000597789 -0.000700095
2.35833 0.000868768 0.000726283 0.000969064
2.3625 0.00025236 0.000711685 0.00202904
2.36667 6.78585e-05 0.000645338 0.00176238
2.37083 0.000628111 0.000589299 0.000543109
2.375 0.00170252 0.000528847 -0.000374639
2.37917 0.00267623 0.00038758 0.000197283
2.38333 0.00303742 0.000102603 0.00241927
2.3875 0.00281763 -0.000293426 0.00524632
2.39167 0.00261374 -0.000652497 0.00724702
2.39583 0.00313801 -0.000784378 0.00780686
2.4 0.00463746 -0.000583033 0.00772364
2.40417 0.0066647 -0.000117052 0.00863979
2.40833 0.00842246 0.000390359 0.0117081
2.4125 0.00943011 0.000690387 0.0165769
2.41667 0.00996232 0.000661829 0.0215859
2.42083 0.0108639 0.000379319 0.0250834
2.425 0.0128532 4.66796e-05 0.026802
2.42917 0.0158748 -0.000152952 0.0281131
2.43333 0.0190581 -0.000174614 0.0308802
2.4375 0.021347 -0.00010881 0.0358252
2.44167 0.0222962 -7.07603e-05 0.0417836
2.44583 0.0223611 -8.40576e-05 0.0465149
2.45 0.0224222 -6.39812e-05 0.0484134
2.45417 0.022937 8.45654e-05 0.0476688
2.45833 0.0234494 0.000346281 0.0458713
2.4625 0.0228939 0.000571142 0.0443972
2.46667 0.0204468 0.000583911 0.0429901
2.47083 0.0161932 0.000341246 0.0398099
2.475 0.0110241 -4.28256e-06 0.0329496
2.47917 0.00584982 -0.000203603 0.0221132
2.48333 0.000820762 -0.000103672 0.00897677
2.4875 -0.00474612 0.000225328 -0.00411402
2.49167 -0.0116536 0.00053937 -0.0159929
2.49583 -0.0199443 0.000610371 -0.0274545
2.5 -0.0286395 0.000399793 -0.0402815
2.50417 -0.0363523 7.3494e-05 -0.0553688
2.50833 -0.0422691 -0.000147332 -0.0715981
2.5125 -0.0466697 -0.000165362 -0.0864584
2.51667 -0.050557 -6.51462e-05 -0.0978844
2.52083 -0.0547378 -1.38605e-05 -0.105734
2.525 -0.0591558 -0.00010774 -0.111672
2.52917 -0.0630298 -0.000303522 -0.11763
2.53333 -0.0656239 -0.000482514 -0.124231
2.5375 -0.0669323 -0.000569838 -0.130504
2.54167 -0.0676609 -0.000592094 -0.135013
2.54583 -0.0685327 -0.00063107 -0.137264
2.55 -0.0695395 -0.000735352 -0.138051
2.55417 -0.069789 -0.000880986 -0.138431
2.55833 -0.0680517 -0.00100779 -0.138275
2.5625 -0.0635078 -0.00107794 -0.135717
2.56667 -0.0560568 -0.00109346 -0.128007
2.57083 -0.0459839 -0.00106937 -0.113063
2.575 -0.0333657 -0.00101127 -0.0904559
2.57917 -0.0178133 -0.000928548 -0.0611391
2.58333 0.00117072 -0.000854696 -0.0263586
2.5875 0.0235026 -0.00082718 0.0131689
2.59167 0.0480683 -0.000832786 0.0570581
2.59583 0.0728857 -0.000787283 0.104267
2.6 0.0957483 -0.000600527 0.152262
2.60417 0.114864 -0.000280951 0.197139
2.60833 0.129073 3.59039e-05 0.23468
2.6125 0.137627 0.000193827 0.261585
2.61667 0.139884 0.000172616 0.276043
2.62083 0.135289 0.000132958 0.277451
2.625 0.123714 0.000281059 0.265775
2.62917 0.105855 0.000670839 0.241289
2.63333 0.0833047 0.00114305 0.204947
2.6375 0.0581623 0.00147357 0.158998
2.64167 0.0324205 0.00158719 0.107157
2.64583 0.00755288 0.00161855 0.0539487
2.65 -0.0154569 0.00175856 0.00354472
2.65417 -0.0357782 0.00205058 -0.0411716
2.65833 -0.0524716 0.00234983 -0.0787363
2.6625 -0.0645902 0.00247806 -0.108503
2.66667 -0.071572 0.00239436 -0.129936
2.67083 -0.0735657 0.00219962 -0.14244
2.675 -0.0713766 0.00199234 -0.145807
2.67917 -0.0660571 0.00176111 -0.140769
2.68333 -0.0584736 0.00143676 -0.129049
2.6875 -0.0491812 0.0010195 -0.112771
2.69167 -0.0386306 0.000602143 -0.0936946
2.69583 -0.027429 0.000251129 -0.0728927
2.7 -0.0163628 -9.47509e-05 -0.0510604
2.70417 -0.00615447 -0.000553555 -0.0290695
2.70833 0.00280058 -0.00112333 -0.00818679
2.7125 0.0104609 -0.00162703 0.0102493
2.71667 0.0169066 -0.0018834 0.0253673
2.72083 0.0220577 -0.0019235 0.0369973
2.725 0.0255749 -0.00198011 0.0453862
2.72917 0.0269992 -0.00222558 0.0506553
2.73333 0.0260071 -0.00254887 0.0524707
2.7375 0.0226141 -0.00265028 0.0501994
2.74167 0.0172332 -0.00237167 0.0434389
2.74583 0.0105904 -0.00188488 0.0325524
2.75 0.00355699 -0.00150469 0.0188613
2.75417 -0.00301532 -0.0013316 0.00437731
2.75833 -0.00837694 -0.00114377 -0.0087629
2.7625 -0.0118799 -0.000672402 -0.0188309
2.76667 -0.0130016 6.28451e-05 -0.0247348
2.77083 -0.0115141 0.000757816 -0.0259478
2.775 -0.00775558 0.00115825 -0.0224257
2.77917 -0.00275469 0.00131731 -0.0147873
2.78333 0.00204002 0.00147133 -0.0046474
2.7875 0.00536156 0.00170629 0.00539688
2.79167 0.00665116 0.00184232 0.0125262
2.79583 0.00611363 0.00167644 0.014944
2.8 0.0043228 0.00126221 0.0127333
2.80417 0.00180992 0.000861469 0.00760434
2.80833 -0.000986638 0.000634139 0.00172001
2.8125 -0.00350772 0.00047446 -0.00341205
2.81667 -0.00504195 0.00020577 -0.00716039
2.82083 -0.00511031 -0.000134676 -0.0092617
2.825 -0.00394488 -0.000314702 -0.00946549
2.82917 -0.00250038 -0.000216945 -0.00786513
2.83333 -0.00184732 -2.25804e-05 -0.00544389
2.8375 -0.00243449 -2.55366e-06 -0.0039151
2.84167 -0.00386462 -0.000172802 -0.00464169
2.84583 -0.00531786 -0.000269727 -0.00752119
2.85 -0.00614931 -9.22123e-05 -0.0109373
2.85417 -0.00612819 0.000232905 -0.0129002
2.85833 -0.00527214 0.000414539 -0.012366
2.8625 -0.00365267 0.00037611 -0.00964653
2.86667 -0.00144891 0.000344875 -0.00579823
2.87083 0.00089047 0.000531848 -0.00180014
2.875 0.00270448 0.000832594 0.00173944
2.87917 0.00347423 0.00095095 0.00439181
2.88333 0.00319876 0.000774998 0.00579246
2.8875 0.00246391 0.000497397 0.00589675
2.89167 0.00213422 0.00033208 0.00531084
2.89583 0.0028649 0.000235507 0.00520986
2.9 0.00470621 1.67169e-05 0.00671914
2.90417 0.00700616 -0.000345643 0.0101186
2.90833 0.00869375 -0.000657725 0.0144096
2.9125 0.00882858 -0.000806912 0.0175993
2.91667 0.00708508 -0.000945804 0.0176588
2.92083 0.00383222 -0.00125461 0.0136564
2.925 -0.000196931 -0.00161324 0.00633142
2.92917 -0.0042656 -0.00170536 -0.00233107
2.93333 -0.00768261 -0.0014693 -0.0101918
2.9375 -0.00968031 -0.0012459 -0.0158119
2.94167 -0.00957496 -0.00133416 -0.0184913
2.94583 -0.00730855 -0.0015347 -0.0178744
2.95 -0.0038158 -0.00138295 -0.0139702
2.95417 -0.00060878 -0.000843801 -0.00773211
2.95833 0.00122699 -0.00049868 -0.00129592
2.9625 0.00167781 -0.000846566 0.00295733
2.96667 0.00144582 -0.00158722 0.00398403
2.97083 0.00106031 -0.001917 0.00274163
2.975 0.00050476 -0.00155603 0.00112997
2.97917 -0.000300758 -0.00114684 0.000275758
2.98333 -0.000942073 -0.00139819 -3.36102e-05
2.9875 -0.000740525 -0.00205248 -0.000346096
2.99167 0.000451757 -0.00211215 -0.000417241
2.99583 0.00193735 -0.00113033 0.000564484
