0 0 0 0
0.00416667 0 0 0
0.00833333 0 0 0
0.0125 0 0 0
0.0166667 0 0 0
0.0208333 0 0 0
0.025 0 0 0
0.0291667 0 0 0
0.0333333 0 0 0
0.0375 0 0 0
0.0416667 0 0 0
0.0458333 0 0 0
0.05 0 0 0
0.0541667 0 0 0
0.0583333 0 0 0
0.0625 0 0 0
0.0666667 0 0 0
0.0708333 0 0 0
0.075 0 0 0
0.0791667 0 0 0
0.0833333 0 0 0
0.0875 0 0 0
0.0916667 0 0 0
0.0958333 0 0 0
0.1 0 0 0
0.104167 0 0 0
0.108333 0 0 0
0.1125 0 0 0
0.116667 0 0 0
0.120833 0 0 0
0.125 0 0 0
0.129167 0 0 0
0.133333 0 0 0
0.1375 0 0 0
0.141667 0 0 0
0.145833 0 0 0
0.15 0 0 0
0.154167 0 0 0
0.158333 0 0 0
0.1625 0 0 0
0.166667 0 0 0
0.170833 0 0 0
0.175 0 0 0
0.179167 0 0 0
0.183333 0 0 0
0.1875 0 0 0
0.191667 -2.94463e-321 4.49254e-320 6.03748e-320
0.195833 -1.03782e-316 1.48625e-315 1.9984e-315
0.2 -2.78809e-312 3.90714e-311 5.25307e-311
0.204167 -6.01407e-308 8.25082e-307 1.10922e-306
0.208333 -1.05088e-303 1.41203e-302 1.89814e-302
0.2125 -1.49993e-299 1.97469e-298 2.65431e-298
0.216667 -1.76246e-295 2.27433e-294 3.05687e-294
0.220833 -1.71751e-291 2.17323e-290 2.92078e-290
0.225 -1.39776e-287 1.73487e-286 2.33146e-286
0.229167 -9.56245e-284 1.16461e-282 1.565e-282
0.233333 -5.53354e-280 6.61513e-279 8.8888e-279
0.2375 -2.72449e-276 3.19804e-275 4.29696e-275
0.241667 -1.14771e-272 1.32321e-271 1.77778e-271
0.245833 -4.15845e-269 4.71038e-268 6.32822e-268
0.25 -1.30244e-265 1.44989e-264 1.94777e-264
0.254167 -3.54306e-262 3.8773e-261 5.20843e-261
0.258333 -8.40915e-259 9.04885e-258 1.21548e-257
0.2625 -1.74883e-255 1.85094e-254 2.48613e-254
0.266667 -3.19994e-252 3.33195e-251 4.47518e-251
0.270833 -5.17166e-249 5.29913e-248 7.11699e-248
0.275 -7.41015e-246 7.47347e-245 1.00368e-244
0.279167 -9.44661e-243 9.37973e-242 1.25963e-241
0.283333 -1.0751e-239 1.05118e-238 1.41161e-238
0.2875 -1.09586e-236 1.05534e-235 1.41714e-235
0.291667 -1.00355e-233 9.52079e-233 1.27843e-232
0.295833 -8.28109e-231 7.74119e-230 1.03943e-229
0.3 -6.175e-228 5.68888e-227 7.63838e-227
0.304167 -4.17223e-225 3.78887e-224 5.08711e-224
0.308333 -2.56102e-222 2.29291e-221 3.07848e-221
0.3125 -1.43173e-219 1.26399e-218 1.697e-218
0.316667 -7.30725e-217 6.3624e-216 8.5418e-216
0.320833 -3.41267e-214 2.93102e-213 3.93494e-213
0.325 -1.46165e-211 1.2385e-210 1.66268e-210
0.329167 -5.75345e-209 4.81039e-208 6.45778e-208
0.333333 -2.08564e-206 1.7209e-205 2.31021e-205
0.3375 -6.97638e-204 5.68171e-203 7.62727e-203
0.341667 -2.15739e-201 1.73449e-200 2.3284e-200
0.345833 -6.17915e-199 4.90489e-198 6.58432e-198
0.35 -1.64208e-196 1.2871e-195 1.72779e-195
0.354167 -4.05569e-194 3.13949e-193 4.2144e-193
0.358333 -9.32505e-192 7.12984e-191 9.57095e-191
0.3625 -1.99913e-189 1.50994e-188 2.02691e-188
0.366667 -4.00217e-187 2.98647e-186 4.00898e-186
0.370833 -7.493e-185 5.52479e-184 7.4164e-184
0.375 -1.31383e-182 9.57303e-182 1.28508e-181
0.379167 -2.16046e-180 1.55581e-179 2.08852e-179
0.383333 -3.3362e-178 2.37471e-177 3.18786e-177
0.3875 -4.84413e-176 3.40857e-175 4.57578e-175
0.391667 -6.62183e-174 4.60658e-173 6.18413e-173
0.395833 -8.53222e-172 5.86886e-171 7.87881e-171
0.4 -1.03747e-169 7.05669e-169 9.47363e-169
0.404167 -1.19181e-167 8.01699e-167 1.07631e-166
0.408333 -1.29488e-165 8.61505e-165 1.15662e-164
0.4125 -1.33201e-163 8.76597e-163 1.17692e-162
0.416667 -1.29864e-161 8.45442e-161 1.13512e-160
0.420833 -1.20116e-159 7.73643e-159 1.03875e-158
0.425 -1.05503e-157 6.72341e-157 9.02764e-157
0.429167 -8.8083e-156 5.55439e-155 7.45824e-155
0.433333 -6.99638e-154 4.36593e-153 5.86262e-153
0.4375 -5.29168e-152 3.26807e-151 4.38858e-151
0.441667 -3.81439e-150 2.3316e-149 3.13115e-149
0.445833 -2.62259e-148 1.58681e-147 2.13105e-147
0.45 -1.72131e-146 1.03099e-145 1.38466e-145
0.454167 -1.07934e-144 6.40004e-144 8.59591e-144
0.458333 -6.4707e-143 3.79877e-142 5.10239e-142
0.4625 -3.71166e-141 2.15753e-140 2.89807e-140
0.466667 -2.03854e-139 1.17337e-138 1.5762e-138
0.470833 -1.07278e-137 6.11486e-137 8.21463e-137
0.475 -5.41303e-136 3.05566e-135 4.10517e-135
0.479167 -2.62057e-134 1.46514e-133 1.96848e-133
0.483333 -1.21804e-132 6.74511e-132 9.06295e-132
0.4875 -5.43885e-131 2.98339e-130 4.00884e-130
0.491667 -2.33454e-129 1.26855e-128 1.70469e-128
0.495833 -9.63839e-128 5.18845e-127 6.97279e-127
0.5 -3.82974e-126 2.04248e-125 2.74509e-125
0.504167 -1.46535e-124 7.74301e-124 1.04074e-123
0.508333 -5.4021e-123 2.82837e-122 3.80191e-122
0.5125 -1.91984e-121 9.96024e-121 1.33897e-120
0.516667 -6.58082e-120 3.38328e-119 4.54855e-119
0.520833 -2.17684e-118 1.10908e-117 1.4912e-117
0.525 -6.95224e-117 3.51044e-116 4.72031e-116
0.529167 -2.14479e-115 1.07336e-114 1.44342e-114
0.533333 -6.3946e-114 3.17189e-113 4.26584e-113
0.5375 -1.84337e-112 9.06326e-112 1.21902e-111
0.541667 -5.14016e-111 2.50517e-110 3.36981e-110
0.545833 -1.38708e-109 6.70148e-109 9.0153e-109
0.55 -3.62385e-108 1.73568e-107 2.33519e-107
0.554167 -9.16999e-107 4.35429e-106 5.85888e-106
0.558333 -2.24841e-105 1.0585e-104 1.42441e-104
0.5625 -5.34395e-104 2.49441e-103 3.35703e-103
0.566667 -1.23169e-102 5.7005e-102 7.6727e-102
0.570833 -2.75398e-101 1.26385e-100 1.70129e-100
0.575 -5.97585e-100 2.71942e-99 3.66108e-99
0.579167 -1.25886e-98 5.68087e-98 7.64886e-98
0.583333 -2.57544e-97 1.15256e-96 1.55202e-96
0.5875 -5.11883e-96 2.27184e-95 3.05958e-95
0.591667 -9.88745e-95 4.35212e-94 5.86191e-94
0.595833 -1.85668e-93 8.10549e-93 1.09187e-92
0.6 -3.39056e-92 1.4681e-91 1.97789e-91
0.604167 -6.02316e-91 2.58681e-90 3.48551e-90
0.608333 -1.0412e-89 4.4355e-89 5.97727e-89
0.6125 -1.75197e-88 7.40327e-88 9.97794e-88
0.616667 -2.87037e-87 1.20319e-86 1.62185e-86
0.620833 -4.58027e-86 1.90459e-85 2.56766e-85
0.625 -7.12051e-85 2.93731e-84 3.96046e-84
0.629167 -1.07875e-83 4.41466e-83 5.95327e-83
0.633333 -1.59306e-82 6.46792e-82 8.72339e-82
0.6375 -2.29387e-81 9.23988e-81 1.24638e-80
0.641667 -3.22136e-80 1.28741e-79 1.73686e-79
0.645833 -4.41322e-79 1.74994e-78 2.36122e-78
0.65 -5.89967e-78 2.32111e-77 3.13239e-77
0.654167 -7.69767e-77 3.00498e-76 4.05592e-76
0.658333 -9.80519e-76 3.79807e-75 5.12718e-75
0.6625 -1.2196e-74 4.68771e-74 6.32916e-74
0.666667 -1.48166e-73 5.65113e-73 7.63115e-73
0.670833 -1.75849e-72 6.65553e-72 8.98894e-72
0.675 -2.03934e-71 7.65947e-71 1.03466e-70
0.679167 -2.31148e-70 8.6154e-70 1.16398e-69
0.683333 -2.56115e-69 9.47337e-69 1.28011e-68
0.6875 -2.77466e-68 1.01853e-67 1.37655e-67
0.691667 -2.93972e-67 1.07096e-66 1.44766e-66
0.695833 -3.04653e-66 1.1015e-65 1.4892e-65
0.7 -3.08884e-65 1.10839e-64 1.49879e-64
0.704167 -3.06446e-64 1.09139e-63 1.47606e-63
0.708333 -2.97553e-63 1.05178e-62 1.42275e-62
0.7125 -2.82815e-62 9.92216e-62 1.34242e-61
0.716667 -2.63177e-61 9.16433e-61 1.24012e-60
0.720833 -2.39813e-60 8.28863e-60 1.12183e-59
0.725 -2.14019e-59 7.3422e-59 9.93922e-59
0.729167 -1.87093e-58 6.37091e-58 8.62602e-58
0.733333 -1.60236e-57 5.41602e-57 7.33453e-57
0.7375 -1.3447e-56 4.51158e-56 6.11091e-56
0.741667 -1.10593e-55 3.68312e-55 4.98974e-55
0.745833 -8.91506e-55 2.94718e-54 3.9935e-54
0.75 -7.04506e-54 2.31188e-53 3.13328e-53
0.754167 -5.45846e-53 1.77809e-52 2.41032e-52
0.758333 -4.14708e-52 1.34102e-51 1.8182e-51
0.7625 -3.09003e-51 9.91896e-51 1.34512e-50
0.766667 -2.25833e-50 7.19627e-50 9.76095e-50
0.770833 -1.61911e-49 5.12171e-49 6.94847e-49
0.775 -1.13889e-48 3.5764e-48 4.853e-48
0.779167 -7.86074e-48 2.45049e-47 3.32589e-47
0.783333 -5.32441e-47 1.64775e-46 2.23685e-46
0.7875 -3.53964e-46 1.08746e-45 1.47655e-45
0.791667 -2.30981e-45 7.04474e-45 9.5674e-45
0.795833 -1.4797e-44 4.48023e-44 6.08586e-44
0.8 -9.30681e-44 2.79747e-43 3.80085e-43
0.804167 -5.74781e-43 1.71518e-42 2.33086e-42
0.808333 -3.48599e-42 1.0327e-41 1.40371e-41
0.8125 -2.07643e-41 6.10674e-41 8.30242e-41
0.816667 -1.21483e-40 3.54694e-40 4.8233e-40
0.820833 -6.98184e-40 2.02373e-39 2.75256e-39
0.825 -3.942e-39 1.13435e-38 1.54321e-38
0.829167 -2.18674e-38 6.24702e-38 8.50053e-38
0.833333 -1.19193e-37 3.38044e-37 4.60089e-37
0.8375 -6.38437e-37 1.79756e-36 2.44708e-36
0.841667 -3.36072e-36 9.39384e-36 1.27909e-35
0.845833 -1.73872e-35 4.82485e-35 6.57108e-35
0.85 -8.84189e-35 2.4358e-34 3.3181e-34
0.854167 -4.4199e-34 1.20879e-33 1.64699e-33
0.858333 -2.17202e-33 5.89713e-33 8.03668e-33
0.8625 -1.04937e-32 2.82842e-32 3.85544e-32
0.866667 -4.98474e-32 1.3338e-31 1.8185e-31
0.870833 -2.32825e-31 6.18455e-31 8.43384e-31
0.875 -1.06935e-30 2.81984e-30 3.84623e-30
0.879167 -4.82988e-30 1.26435e-29 1.72493e-29
0.883333 -2.14541e-29 5.57522e-29 7.60776e-29
0.8875 -9.37266e-29 2.41786e-28 3.30003e-28
0.891667 -4.02734e-28 1.03133e-27 1.40791e-27
0.895833 -1.70216e-27 4.32701e-27 5.90818e-27
0.9 -7.07666e-27 1.78574e-26 2.43878e-26
0.904167 -2.89417e-26 7.24953e-26 9.90265e-26
0.908333 -1.16441e-25 2.89522e-25 3.95557e-25
0.9125 -4.60882e-25 1.1375e-24 1.5544e-24
0.916667 -1.79471e-24 4.39676e-24 6.00937e-24
0.920833 -6.87599e-24 1.67203e-23 2.28572e-23
0.925 -2.59195e-23 6.25601e-23 8.55375e-23
0.929167 -9.61349e-23 2.30307e-22 3.14952e-22
0.933333 -3.50841e-22 8.34224e-22 1.14103e-21
0.9375 -1.25987e-21 2.97327e-21 4.06747e-21
0.941667 -4.4518e-21 1.04273e-20 1.42671e-20
0.945833 -1.54792e-20 3.59836e-20 4.92422e-20
0.95 -5.2963e-20 1.2219e-19 1.67238e-19
0.954167 -1.78325e-19 4.08293e-19 5.58903e-19
0.958333 -5.90839e-19 1.34251e-18 1.83799e-18
0.9625 -1.92641e-18 4.3438e-18 5.94778e-18
0.966667 -6.18091e-18 1.38304e-17 1.89398e-17
0.970833 -1.95154e-17 4.33319e-17 5.93473e-17
0.975 -6.06352e-17 1.33595e-16 1.82991e-16
0.979167 -1.85391e-16 4.05298e-16 5.55212e-16
0.983333 -5.57783e-16 1.20992e-15 1.6576e-15
0.9875 -1.65138e-15 3.55409e-15 4.86954e-15
0.991667 -4.81091e-15 1.02726e-14 1.40757e-14
0.995833 -1.37909e-14 2.92149e-14 4.00331e-14
1 -3.88987e-14 8.17493e-14 1.12026e-13
1.00417 -1.07954e-13 2.25064e-13 3.08428e-13
1.00833 -2.94771e-13 6.09611e-13 8.35425e-13
1.0125 -7.91877e-13 1.62445e-12 2.22618e-12
1.01667 -2.09285e-12 4.25837e-12 5.83568e-12
1.02083 -5.44127e-12 1.0981e-11 1.50479e-11
1.025 -1.39162e-11 2.78532e-11 3.81668e-11
1.02917 -3.50084e-11 6.94886e-11 9.52123e-11
1.03333 -8.66209e-11 1.70501e-10 2.33596e-10
1.0375 -2.10785e-10 4.11414e-10 5.63595e-10
1.04167 -5.04415e-10 9.76189e-10 1.33709e-09
1.04583 -1.18694e-09 2.27745e-09 3.11892e-09
1.05 -2.74609e-09 5.22375e-09 7.15239e-09
1.05417 -6.24601e-09 1.17783e-08 1.61233e-08
1.05833 -1.3965e-08 2.61036e-08 3.5724e-08
1.0625 -3.06887e-08 5.68563e-08 7.77878e-08
1.06667 -6.62753e-08 1.2169e-07 1.66436e-07
1.07083 -1.40637e-07 2.55897e-07 3.49862e-07
1.075 -2.93192e-07 5.28614e-07 7.22423e-07
1.07917 -6.00393e-07 1.0725e-06 1.46505e-06
1.08333 -1.20745e-06 2.13677e-06 2.91737e-06
1.0875 -2.38433e-06 4.17956e-06 5.70324e-06
1.09167 -4.62202e-06 8.02449e-06 1.09431e-05
1.09583 -8.79355e-06 1.51187e-05 2.06035e-05
1.1 -1.64154e-05 2.79449e-05 3.80544e-05
1.10417 -3.0059e-05 5.06596e-05 6.89294e-05
1.10833 -5.39758e-05 9.00435e-05 0.000122406
1.1125 -9.50134e-05 0.000156865 0.000213031
1.11667 -0.000163898 0.000267746 0.000363214
1.12083 -0.000276943 0.000447568 0.000606422
1.125 -0.000458193 0.000732386 0.00099101
1.12917 -0.000741885 0.00117259 0.00158433
1.13333 -0.00117496 0.00183583 0.00247644
1.1375 -0.00181904 0.00280885 0.00378218
1.14167 -0.0027511 0.00419688 0.00563992
1.14583 -0.00406147 0.006119 0.00820459
1.15 -0.00584784 0.00869746 0.0116327
1.15417 -0.00820366 0.0120394 0.016057
1.15833 -0.0111999 0.0162098 0.0215497
1.1625 -0.0148599 0.0211971 0.0280763
1.16667 -0.0191292 0.026874 0.0354437
1.17083 -0.0238439 0.0329611 0.0432532
1.175 -0.0287048 0.0390016 0.0508714
1.17917 -0.0332661 0.0443616 0.0574341
1.18333 -0.0369484 0.0482655 0.0619011
1.1875 -0.0390857 0.0498753 0.0631687
1.19167 -0.039008 0.048414 0.060239
1.19583 -0.0361566 0.0433189 0.0524277
1.2 -0.0302141 0.0343996 0.0395704
1.20417 -0.0212247 0.0219619 0.022179
1.20833 -0.00966871 0.00685775 0.0014915
1.2125 0.00353745 -0.00957284 -0.0206244
1.21667 0.0171368 -0.0256771 -0.0419242
1.22083 0.0297182 -0.0397601 -0.0601588
1.225 0.0399617 -0.050395 -0.0734873
1.22917 0.0468847 -0.0566914 -0.0808206
1.23333 0.0500217 -0.0584443 -0.0819942
1.2375 0.0494814 -0.0561141 -0.0777117
1.24167 0.0458613 -0.0506412 -0.0692774
1.24583 0.0400482 -0.0431652 -0.0582186
1.25 0.0329825 -0.0347553 -0.0459463
1.25417 0.0254781 -0.0262643 -0.0335936
1.25833 0.0181725 -0.0183603 -0.022091
1.2625 0.0116185 -0.0117047 -0.0124134
1.26667 0.00645109 -0.00715648 -0.0058239
1.27083 0.00350852 -0.00584292 -0.00390464
1.275 0.00378726 -0.00898105 -0.00824369
1.27917 0.00818116 -0.0174553 -0.0198234
1.28333 0.017074 -0.0313036 -0.0383511
1.2875 0.0299628 -0.0493617 -0.0618791
1.29167 0.0453237 -0.0692952 -0.0869959
1.29583 0.0608537 -0.0880943 -0.109628
1.3 0.0740518 -0.102877 -0.126177
1.30417 0.082918 -0.111665 -0.134499
1.30833 0.0864535 -0.113763 -0.134247
1.3125 0.0847155 -0.109559 -0.126395
1.31667 0.0783944 -0.0998424 -0.112197
1.32083 0.0681459 -0.085045 -0.0921702
1.325 0.0540647 -0.06485 -0.0657252
1.32917 0.0356315 -0.0384492 -0.0317084
1.33333 0.012202 -0.00534301 0.0103967
1.3375 -0.016217 0.0337545 0.0593021
1.34167 -0.0483553 0.0764398 0.111491
1.34583 -0.0816098 0.118882 0.161834
1.35 -0.112592 0.156709 0.204941
1.35417 -0.138007 0.186054 0.236502
1.35833 -0.155396 0.204253 0.253963
1.3625 -0.163416 0.20994 0.25634
1.36667 -0.16163 0.202746 0.243596
1.37083 -0.150156 0.182999 0.216246
1.375 -0.129523 0.151772 0.175572
1.37917 -0.100887 0.111224 0.124233
1.38333 -0.066363 0.0648251 0.0666058
1.3875 -0.0290768 0.0170614 0.00830588
1.39167 0.00731577 -0.027447 -0.0450816
1.39583 0.0394792 -0.0649939 -0.089344
1.4 0.0651258 -0.0933874 -0.122214
1.40417 0.0831718 -0.111767 -0.142871
1.40833 0.0932896 -0.119898 -0.150923
1.4125 0.0953099 -0.117617 -0.145884
1.41667 0.0890694 -0.105016 -0.12776
1.42083 0.0749319 -0.0832844 -0.098395
1.425 0.0545882 -0.0554933 -0.0623653
1.42917 0.031368 -0.0264477 -0.0263294
1.43333 0.00953548 -0.0013308 0.00319523
1.4375 -0.0072187 0.0162045 0.0223932
1.44167 -0.017202 0.0253136 0.0313744
1.44583 -0.0211137 0.0277558 0.0332204
1.45 -0.0211395 0.0263627 0.0315532
1.45417 -0.0193953 0.0232656 0.0283691
1.45833 -0.0168159 0.0190806 0.0235891
1.4625 -0.013188 0.0134537 0.0163716
1.46667 -0.00810772 0.00630266 0.00686595
1.47083 -0.00194865 -0.00138145 -0.00313144
1.475 0.00398907 -0.00782742 -0.0110871
1.47917 0.00820813 -0.011536 -0.015291
1.48333 0.00992569 -0.0121332 -0.0156757
1.4875 0.00937834 -0.0103299 -0.0133082
1.49167 0.00735121 -0.00715826 -0.00924512
1.49583 0.00448827 -0.0032948 -0.00397279
1.5 0.00108364 0.000904833 0.00206608
1.50417 -0.00250943 0.00483319 0.00759421
1.50833 -0.00541596 0.00731209 0.0104937
1.5125 -0.00640584 0.00710395 0.00907906
1.51667 -0.00474858 0.00395867 0.0036755
1.52083 -0.00103726 -0.000778504 -0.00303966
1.525 0.00287787 -0.00474006 -0.00755046
1.52917 0.00499304 -0.00602108 -0.00783769
1.53333 0.00448909 -0.00443361 -0.00465799
1.5375 0.00221375 -0.00149789 -0.000711786
1.54167 -9.2303e-05 0.000815342 0.00155667
1.54583 -0.00115604 0.00152439 0.00164532
1.55 -0.000975041 0.00108758 0.000843113
1.55417 -0.000467443 0.000619943 0.000620498
1.55833 -0.000420734 0.000714587 0.00118147
1.5625 -0.000761137 0.000965734 0.00146866
1.56667 -0.000767159 0.00054398 0.000436649
1.57083 7.94888e-05 -0.00082183 -0.00174611
1.575 0.0014721 -0.0024198 -0.00369887
1.57917 0.00246045 -0.00306792 -0.00394444
1.58333 0.00222683 -0.00208243 -0.00207788
1.5875 0.000749952 0.000127256 0.00094852
1.59167 -0.0011603 0.00227851 0.00347359
1.59583 -0.00239513 0.00302795 0.00408607
1.6 -0.00220253 0.00179697 0.00232442
1.60417 -0.000586595 -0.000861407 -0.00105289
1.60833 0.00166658 -0.00351144 -0.00425286
1.6125 0.00331476 -0.00459213 -0.00521607
1.61667 0.00328844 -0.00336884 -0.0029023
1.62083 0.00142202 -0.000562586 0.00161966
1.625 -0.00118815 0.00188144 0.00538793
1.62917 -0.00268468 0.00199358 0.00546709
1.63333 -0.00173189 -0.000731677 0.0013868
1.6375 0.00130455 -0.00473113 -0.00403697
1.64167 0.00438211 -0.00736245 -0.0066352
1.64583 0.00525808 -0.00691523 -0.00427991
1.65 0.00333491 -0.00403936 0.00117702
1.65417 0.000257332 -0.001288 0.00532643
1.65833 -0.00139477 -0.00103916 0.00490568
1.6625 -0.000266499 -0.00353332 0.000521985
1.66667 0.00265427 -0.00672512 -0.00403461
1.67083 0.00494935 -0.0080462 -0.00517305
1.675 0.00485168 -0.00648582 -0.00243534
1.67917 0.00261146 -0.00320138 0.00154069
1.68333 2.89437e-05 -0.000300572 0.00363103
1.6875 -0.00122283 0.000939852 0.00276096
1.69167 -0.000872294 0.00085711 0.000231661
1.69583 7.09509e-05 0.000762587 -0.00189461
1.7 0.000400848 0.00174492 -0.00244053
1.70417 -0.000392657 0.00399886 -0.00146401
1.70833 -0.00205096 0.0069627 0.000325145
1.7125 -0.00396852 0.00979105 0.002025
1.71667 -0.0055147 0.0117185 0.00264521
1.72083 -0.00616427 0.0123359 0.0014884
1.725 -0.00573979 0.0119012 -0.0010243
1.72917 -0.00475514 0.0114207 -0.00307527
1.73333 -0.00433056 0.0120879 -0.00269385
1.7375 -0.00535428 0.0142615 0.000203444
1.74167 -0.00750175 0.0169314 0.0031701
1.74583 -0.00925066 0.0184642 0.00323633
1.75 -0.00922043 0.0181685 -3.97006e-05
1.75417 -0.00765741 0.0171332 -0.00371436
1.75833 -0.00641636 0.0172713 -0.00414425
1.7625 -0.00718192 0.0193164 -0.000752438
1.76667 -0.00962537 0.0217905 0.00313438
1.77083 -0.0115003 0.0221502 0.00356181
1.775 -0.0107613 0.0190862 7.35102e-05
1.77917 -0.00758155 0.0136529 -0.00373455
1.78333 -0.00411555 0.0080397 -0.00396368
1.7875 -0.00219798 0.00326202 -0.000518586
1.79167 -0.00141323 -0.00178653 0.00285628
1.79583 0.00038428 -0.00892106 0.0026441
1.8 0.00465615 -0.0184166 -0.000717007
1.80417 0.0104887 -0.0283434 -0.0034778
1.80833 0.0154442 -0.0361909 -0.00276937
1.8125 0.0179899 -0.0410259 0.000356747
1.81667 0.0188444 -0.0438975 0.00233082
1.82083 0.0198375 -0.0461728 0.00116563
1.825 0.0216624 -0.0477622 -0.00143827
1.82917 0.0230814 -0.0472392 -0.0022622
1.83333 0.0224241 -0.0436381 -0.000356804
1.8375 0.019577 -0.0377693 0.00198314
1.84167 0.0161409 -0.0314983 0.00209921
1.84583 0.0136162 -0.0258807 0.000187668
1.85 0.011812 -0.0204102 -0.00102196
1.85417 0.00937526 -0.0142323 0.000285333
1.85833 0.00574317 -0.00770324 0.00268166
1.8625 0.00205955 -0.00223835 0.0032226
1.86667 -0.000140532 0.0014054 0.00116955
1.87083 -0.000867084 0.00420417 -0.000945998
1.875 -0.00176896 0.00784728 -0.000402299
1.87917 -0.00417678 0.0128381 0.00220871
1.88333 -0.00749361 0.0180712 0.00350911
1.8875 -0.00997103 0.0223634 0.00144883
1.89167 -0.0109399 0.0259483 -0.00201524
1.89583 -0.0116997 0.030039 -0.00311436
1.9 -0.0138977 0.0350249 -0.000802194
1.90417 -0.0173476 0.0395264 0.00188926
1.90833 -0.0199573 0.0414417 0.00139736
1.9125 -0.0199057 0.0398218 -0.00213159
1.91667 -0.0175512 0.0356181 -0.00494686
1.92083 -0.014926 0.0306517 -0.00399289
1.925 -0.0134585 0.0258962 -0.000387992
1.92917 -0.0124861 0.020731 0.00185122
1.93333 -0.0101466 0.0139252 0.000310156
1.9375 -0.00564088 0.00547151 -0.00313492
1.94167 -0.000407079 -0.00271092 -0.00436709
1.94583 0.00315228 -0.00835911 -0.00158803
1.95 0.00417078 -0.011312 0.00256396
1.95417 0.0043289 -0.0138276 0.00378227
1.95833 0.00601291 -0.0178544 0.000918361
1.9625 0.00944555 -0.0222942 -0.0025248
1.96667 0.0121498 -0.0239225 -0.00226618
1.97083 0.0116929 -0.0212257 0.00167851
1.975 0.00862265 -0.01635 0.0048025
1.97917 0.00590974 -0.0125004 0.00341411
1.98333 0.00538693 -0.010138 -0.000821607
1.9875 0.00561248 -0.00698768 -0.00285295
1.99167 0.00392009 -0.00165491 -0.000443535
1.99583 5.47278e-06 0.00421281 0.00317416
2 -0.0036038 0.00799175 0.00349345
2.00417 -0.00468174 0.00922227 0.00027373
2.00833 -0.00385567 0.00962723 -0.00255369
2.0125 -0.00346455 0.0105771 -0.00200281
2.01667 -0.00459363 0.0117259 0.000643187
2.02083 -0.00610751 0.0120101 0.00201453
2.025 -0.00634826 0.0108074 0.000783772
2.02917 -0.00489845 0.00788792 -0.00137945
2.03333 -0.00255799 0.00332385 -0.00223585
2.0375 -0.000300633 -0.00200205 -0.00125111
2.04167 0.00142703 -0.00667772 0.000358303
2.04583 0.00284559 -0.0102194 0.000985664
2.05 0.00457409 -0.0134682 2.69065e-05
2.05417 0.00683516 -0.016735 -0.0014944
2.05833 0.00873226 -0.0183935 -0.0017874
2.0625 0.008862 -0.016633 -0.000335626
2.06667 0.00701306 -0.012186 0.00119968
2.07083 0.00467701 -0.00776696 0.000942198
2.075 0.00327621 -0.00472405 -0.000602727
2.07917 0.00241578 -0.00181551 -0.00115736
2.08333 0.000760325 0.00219044 4.96761e-05
2.0875 -0.00173045 0.00628768 0.00117531
2.09167 -0.0036281 0.00871893 0.000633079
2.09583 -0.00414455 0.00948558 -0.000496084
2.1 -0.00415587 0.00988129 -0.000335125
2.10417 -0.00460819 0.0102096 0.000713899
2.10833 -0.00501486 0.00955498 0.000746245
2.1125 -0.00442488 0.00758074 -0.000366549
2.11667 -0.00305816 0.00503874 -0.000738021
2.12083 -0.00187188 0.00244217 0.000329819
2.125 -0.00100614 -0.00036439 0.00113476
2.12917 0.000159503 -0.00312 0.000386672
2.13333 0.00163736 -0.00501849 -0.000731264
2.1375 0.00270038 -0.0060084 -0.000602838
2.14167 0.00309726 -0.0068669 0.000326566
2.14583 0.00328117 -0.00758441 0.000654813
2.15 0.00336849 -0.00720422 0.000316845
2.15417 0.00303171 -0.00584066 5.29778e-05
2.15833 0.00254523 -0.00502098 -0.000276278
2.1625 0.00257794 -0.00495727 -0.000909583
2.16667 0.00262896 -0.00348516 -0.000786411
2.17083 0.00127623 0.000505571 0.00072706
2.175 -0.00129781 0.00447867 0.00163261
2.17917 -0.00280266 0.00561713 -0.000194541
2.18333 -0.00216177 0.00524514 -0.00275805
2.1875 -0.00157331 0.00659628 -0.00191919
2.19167 -0.00321581 0.00907035 0.00189737
2.19583 -0.00536471 0.00877686 0.00322292
2.2 -0.00463779 0.00503405 -0.000341825
2.20417 -0.00140567 0.00194625 -0.00375681
2.20833 0.000400911 0.00198162 -0.001787
2.2125 -0.000790699 0.00218662 0.00284813
2.21667 -0.00191026 -0.000523311 0.00346857
2.22083 -0.000229114 -0.00408509 -0.000473614
2.225 0.00252932 -0.00503344 -0.00299627
2.22917 0.00331892 -0.00441982 -0.000951027
2.23333 0.00242596 -0.00533645 0.00197603
2.2375 0.00210289 -0.00674727 0.00188613
2.24167 0.00245853 -0.00523796 5.12514e-05
2.24583 0.00201367 -0.00182522 -0.000738123
2.25 0.00111962 -0.000994319 -0.000711133
2.25417 0.00126059 -0.00273318 -0.000879909
2.25833 0.00158124 -0.00187615 -0.000140362
2.2625 -8.3373e-05 0.00293789 0.00174921
2.26667 -0.00273199 0.00606475 0.00176078
2.27083 -0.00286224 0.0039409 -0.00153499
2.275 -0.000419199 0.00137506 -0.00377577
2.27917 0.000239798 0.00368363 -0.000731206
2.28333 -0.00274969 0.00749884 0.00392092
2.2875 -0.00508097 0.00605605 0.00306123
2.29167 -0.00270875 0.000393367 -0.00260092
2.29583 0.00154961 -0.00227661 -0.00479545
2.3 0.00216059 -0.00010543 -0.000188478
2.30417 -0.000708887 0.00120511 0.00444773
2.30833 -0.0018776 -0.0016275 0.00260328
2.3125 0.000661713 -0.00463919 -0.00252727
2.31667 0.00326201 -0.00405681 -0.00365993
2.32083 0.00279987 -0.0021636 -6.74084e-05
2.325 0.000836212 -0.0022658 0.00283116
2.32917 0.000139212 -0.00305921 0.0019593
2.33333 0.000708631 -0.00212507 -0.000571983
2.3375 0.00118449 -0.00082758 -0.00192775
2.34167 0.00134484 -0.00130012 -0.00143059
2.34583 0.00124334 -0.00187473 0.000424896
2.35 0.000230885 -3.51183e-05 0.00222658
2.35417 -0.00134551 0.00270398 0.00165649
2.35833 -0.00168198 0.00334578 -0.00144541
2.3625 -0.000498086 0.00262238 -0.00321305
2.36667 -0.000157793 0.00310845 -0.000643798
2.37083 -0.0018534 0.00401351 0.00301783
2.375 -0.00309703 0.00265189 0.00233825
2.37917 -0.00149397 -0.000275233 -0.00182663
2.38333 0.00122185 -0.00172727 -0.0033358
2.3875 0.00187222 -0.0016018 -0.000285128
2.39167 0.000677591 -0.00205458 0.00237613
2.39583 0.000149222 -0.00257381 0.00108101
2.4 0.000672178 -0.00118344 -0.00133225
2.40417 0.0007739 0.000232076 -0.00136159
2.40833 0.000645154 -0.00186954 -0.000242055
2.4125 0.0015071 -0.00526644 -0.0001914
2.41667 0.00222744 -0.00398888 -6.9722e-05
2.42083 0.000783378 0.00121006 0.00115381
2.425 -0.00125918 0.0025195 0.00100642
2.42917 -0.000435785 -0.00202464 -0.0016961
2.43333 0.00220219 -0.00403061 -0.00278764
2.4375 0.00169959 0.00161559 0.000831078
2.44167 -0.00243822 0.0071359 0.00436738
2.44583 -0.00427778 0.00401881 0.00171954
2.45 -0.000796172 -0.00232006 -0.00372798
2.45417 0.00248041 -0.000885415 -0.00324724
2.45833 -2.57848e-05 0.00639787 0.00306363
2.4625 -0.00458307 0.00735076 0.00553517
2.46667 -0.00381372 -0.000271044 0.000136699
2.47083 0.00136946 -0.00484026 -0.00484437
2.475 0.00319288 -6.84817e-05 -0.00193786
2.47917 -0.000465003 0.00483757 0.00380821
2.48333 -0.00304047 0.000960555 0.00335033
2.4875 -0.000292565 -0.00554463 -0.00205598
2.49167 0.00318492 -0.00437056 -0.00379815
2.49583 0.00214305 0.00155172 2.15957e-05
2.5 -0.000903215 0.00174807 0.00268294
2.50417 -0.000742814 -0.00354777 0.000614494
2.50833 0.00161544 -0.00416669 -0.00167849
2.5125 0.00138648 0.00206261 -0.000369524
2.51667 -0.0013418 0.0054938 0.0016059
2.52083 -0.00206367 0.0012878 0.00081544
2.525 -2.73421e-05 -0.00247383 -0.00051085
2.52917 0.000601369 0.00106014 0.00073127
2.53333 -0.00162072 0.0058441 0.00236423
2.5375 -0.00277277 0.00366246 0.000956547
2.54167 -0.000605322 -0.00171696 -0.0014588
2.54583 0.0013014 -0.00128893 -0.000589493
2.55 -0.000295855 0.00369227 0.00233561
2.55417 -0.0025798 0.00421123 0.00221701
2.55833 -0.00143646 -0.000897884 -0.00121855
2.5625 0.00149944 -0.00329935 -0.00267844
2.56667 0.00162451 0.000322162 -3.76613e-05
2.57083 -0.000889309 0.0029328 0.00218231
2.575 -0.00154611 -0.000463775 0.000324671
2.57917 0.000911364 -0.00462567 -0.00262827
2.58333 0.00270425 -0.00352308 -0.00228328
2.5875 0.00150449 -0.000275271 0.000193117
2.59167 -8.03826e-05 -0.000964264 0.000611936
2.59583 0.000665235 -0.00420979 -0.00136248
2.6 0.00224247 -0.00437775 -0.00239027
2.60417 0.00203673 -0.00158081 -0.00123675
2.60833 0.000726275 -0.000867683 -0.000131014
2.6125 0.000609428 -0.00309917 -0.000526039
2.61667 0.00154058 -0.00382517 -0.00113273
2.62083 0.00154744 -0.00123912 -0.000719964
2.625 0.000366267 0.00108727 6.65875e-07
2.62917 -0.000396173 0.000577458 0.000137646
2.63333 -0.000142154 -0.000506081 9.66595e-05
2.6375 2.77035e-05 0.000506087 0.00043546
2.64167 -0.000569281 0.00253083 0.000855394
2.64583 -0.00128928 0.00323966 0.00101182
2.65 -0.0015072 0.00271593 0.00107213
2.65417 -0.00141452 0.00242507 0.00106507
2.65833 -0.00130771 0.00259926 0.00079401
2.6625 -0.0011704 0.00247146 0.00054126
2.66667 -0.00102248 0.00174473 0.000707548
2.67083 -0.000853618 0.000624528 0.00078928
2.675 -0.000376875 -0.000511145 3.26164e-05
2.67917 0.000390541 -0.000911073 -0.000968678
2.68333 0.000705087 -0.000198683 -0.000872424
2.6875 0.000149665 0.000468554 0.000134707
2.69167 -0.000384233 -0.000386059 0.000360413
2.69583 0.000132331 -0.00202152 -0.00070657
2.7 0.00113345 -0.00214445 -0.00144793
2.70417 0.00118178 -0.000488716 -0.000626846
2.70833 0.000202255 0.000535027 0.000671401
2.7125 -0.000400612 -0.000401041 0.000731209
2.71667 7.09574e-05 -0.00147065 -0.00027459
2.72083 0.000678348 -0.00081172 -0.00074581
2.725 0.00049268 0.000401414 -2.34905e-05
2.72917 -4.37853e-05 5.38517e-05 0.000915387
2.73333 -7.03852e-05 -0.00128419 0.000971463
2.7375 0.000300964 -0.00129187 0.000204164
2.74167 0.000371605 0.000259074 -0.000503734
2.74583 5.83943e-05 0.00110462 -0.000497969
2.75 -0.000114927 5.77352e-05 7.5484e-05
2.75417 4.20185e-05 -0.00121969 0.000479188
2.75833 0.000175166 -0.000806069 0.000141051
2.7625 5.1057e-05 0.000773953 -0.000647266
2.76667 -0.000156997 0.00162145 -0.00092704
2.77083 -0.000305191 0.0012001 -0.000205786
2.775 -0.000508532 0.000664875 0.000772375
2.77917 -0.000773941 0.000889076 0.000805727
2.78333 -0.000811418 0.00140047 -0.000204251
2.7875 -0.000476569 0.00136537 -0.000979012
2.79167 -0.000113465 0.000743276 -0.000464994
2.79583 -0.000131233 0.000137859 0.000712013
2.8 -0.000400318 -4.0807e-05 0.0010099
2.80417 -0.000399924 -7.09897e-06 3.86373e-05
2.80833 8.51632e-05 -0.000324972 -0.000907134
2.8125 0.000688846 -0.00115353 -0.000605015
2.81667 0.000886635 -0.00174073 0.000500177
2.82083 0.00051988 -0.00115391 0.000973325
2.825 -5.84846e-05 0.000221782 0.000240628
2.82917 -0.000254907 0.000703989 -0.000807705
2.83333 0.000180279 -0.000443621 -0.000942638
2.8375 0.000723427 -0.00162055 4.1677e-05
2.84167 0.000562036 -0.000967032 0.00108309
2.84583 -0.000265806 0.000797444 0.000937329
2.85 -0.00070011 0.00127132 -0.000322609
2.85417 -9.2916e-05 -9.10137e-05 -0.00112477
2.85833 0.000712261 -0.00122211 -0.000279417
2.8625 0.00051025 -0.000585534 0.00120875
2.86667 -0.000441447 0.000726903 0.00123973
2.87083 -0.000755458 0.000909719 -0.000416624
2.875 1.11043e-05 1.17399e-05 -0.00158057
2.87917 0.000719337 -0.000557432 -0.000660873
2.88333 0.000362412 -0.000162674 0.00108241
2.8875 -0.000531756 0.000512038 0.00132953
2.89167 -0.000749419 0.000609469 -0.000143143
2.89583 -3.4746e-05 6.80045e-05 -0.00136752
2.9 0.000677173 -0.000346802 -0.000870159
2.90417 0.000437002 0.000174874 0.000642696
2.90833 -0.00061382 0.00129893 0.00132073
2.9125 -0.00128237 0.00146976 0.000290337
2.91667 -0.00058975 -8.14538e-05 -0.00133681
2.92083 0.000870192 -0.00170703 -0.00154248
2.925 0.00133594 -0.00123141 0.000197188
2.92917 0.000135003 0.000735378 0.00187442
2.93333 -0.00112371 0.00134194 0.00127733
2.9375 -0.000589511 -0.000346881 -0.000815429
2.94167 0.00112782 -0.00189939 -0.00134812
2.94583 0.00170518 -0.00115404 0.000734979
2.95 0.000441437 0.000690659 0.00279528
2.95417 -0.000750537 0.0010951 0.00221397
2.95833 -0.000124591 -0.000218594 0.00015573
2.9625 0.00154907 -0.00138893 -0.000132095
2.96667 0.00229494 -0.00125434 0.00220227
2.97083 0.00163954 -0.000513839 0.00474167
2.975 0.000996445 -0.00040299 0.00518806
2.97917 0.0017234 -0.00126248 0.00411985
2.98333 0.00353734 -0.00229212 0.00407662
2.9875 0.00490596 -0.00236892 0.00660417
2.99167 0.0048599 -0.00149969 0.0104608
2.99583 0.004351 -0.00127865 0.0128803
