0 0 0 0
0.00416667 0 0 0
0.00833333 0 0 0
0.0125 0 0 0
0.0166667 0 0 0
0.0208333 0 0 0
0.025 0 0 0
0.0291667 0 0 0
0.0333333 0 0 0
0.0375 0 0 0
0.0416667 0 0 0
0.0458333 0 0 0
0.05 0 0 0
0.0541667 0 0 0
0.0583333 0 0 0
0.0625 0 0 0
0.0666667 0 0 0
0.0708333 0 0 0
0.075 0 0 0
0.0791667 0 0 0
0.0833333 0 0 0
0.0875 0 0 0
0.0916667 0 0 0
0.0958333 0 0 0
0.1 0 0 0
0.104167 0 0 0
0.108333 0 0 0
0.1125 0 0 0
0.116667 0 0 0
0.120833 0 0 0
0.125 0 0 0
0.129167 0 0 0
0.133333 0 0 0
0.1375 0 0 0
0.141667 0 0 0
0.145833 0 0 0
0.15 0 0 0
0.154167 0 0 0
0.158333 0 0 0
0.1625 0 0 0
0.166667 0 0 0
0.170833 0 0 0
0.175 0 0 0
0.179167 0 0 0
0.183333 0 0 2.36163e-321
0.1875 -1.06449e-318 -4.81467e-320 3.23202e-317
0.191667 -1.1128e-314 -4.91918e-316 3.30309e-313
0.195833 -9.47701e-311 -4.08455e-312 2.75157e-309
0.2 -6.63284e-307 -2.78628e-308 1.88459e-305
0.204167 -3.84619e-303 -1.5744e-304 1.06992e-301
0.208333 -1.86198e-299 -7.42641e-301 5.07318e-298
0.2125 -7.57954e-296 -2.94558e-297 2.02354e-294
0.216667 -2.61193e-292 -9.89142e-294 6.83543e-291
0.220833 -7.66808e-289 -2.83032e-290 1.96784e-287
0.225 -1.92937e-285 -6.94278e-287 4.85709e-284
0.229167 -4.18413e-282 -1.46836e-283 1.03365e-280
0.233333 -7.86271e-279 -2.69199e-280 1.90675e-277
0.2375 -1.2868e-275 -4.30002e-277 3.06426e-274
0.241667 -1.84288e-272 -6.01331e-274 4.31066e-271
0.245833 -2.32009e-269 -7.3958e-271 5.33227e-268
0.25 -2.5787e-266 -8.03452e-268 5.82499e-265
0.254167 -2.54075e-263 -7.74138e-265 5.64243e-262
0.258333 -2.22779e-260 -6.64125e-262 4.86527e-259
0.2625 -1.74481e-257 -5.09165e-259 3.74819e-256
0.266667 -1.22492e-254 -3.50083e-256 2.58902e-253
0.270833 -7.73423e-252 -2.16592e-253 1.6088e-250
0.275 -4.40619e-249 -1.20964e-250 9.02217e-248
0.279167 -2.27182e-246 -6.11697e-248 4.58021e-245
0.283333 -1.06321e-243 -2.80893e-245 2.11101e-242
0.2875 -4.52908e-241 -1.17456e-242 8.858e-240
0.291667 -1.76078e-238 -4.4843e-240 3.39295e-237
0.295833 -6.26349e-236 -1.5671e-237 1.18938e-234
0.3 -2.04364e-233 -5.02504e-235 3.82498e-232
0.304167 -6.13036e-231 -1.48195e-232 1.13114e-229
0.308333 -1.6945e-228 -4.02854e-230 3.08289e-227
0.3125 -4.32521e-226 -1.01161e-227 7.76047e-225
0.316667 -1.0216e-223 -2.35141e-225 1.80802e-222
0.320833 -2.23732e-221 -5.06926e-223 3.90633e-220
0.325 -4.55177e-219 -1.01553e-220 7.84169e-218
0.329167 -8.61856e-217 -1.89392e-218 1.46529e-215
0.333333 -1.52146e-214 -3.29395e-216 2.55316e-213
0.3375 -2.50838e-212 -5.35173e-214 4.15536e-211
0.341667 -3.86856e-210 -8.13583e-212 6.32742e-209
0.345833 -5.59002e-208 -1.1591e-209 9.02851e-207
0.35 -7.57958e-206 -1.54992e-207 1.20903e-204
0.354167 -9.6579e-204 -1.94806e-205 1.52168e-202
0.358333 -1.15809e-201 -2.30468e-203 1.80256e-200
0.3625 -1.30862e-199 -2.56996e-201 2.01246e-198
0.366667 -1.39531e-197 -2.70469e-199 2.12035e-196
0.370833 -1.40563e-195 -2.68991e-197 2.11098e-194
0.375 -1.3395e-193 -2.53114e-195 1.98833e-192
0.379167 -1.20895e-191 -2.25616e-193 1.77392e-190
0.383333 -1.03458e-189 -1.9072e-191 1.50081e-188
0.3875 -8.40409e-188 -1.53065e-189 1.20542e-186
0.391667 -6.48725e-186 -1.16755e-187 9.20113e-185
0.395833 -4.76348e-184 -8.47311e-186 6.6817e-183
0.4 -3.33059e-182 -5.85624e-184 4.62074e-181
0.404167 -2.2196e-180 -3.85855e-182 3.04606e-179
0.408333 -1.41122e-178 -2.42588e-180 1.91593e-177
0.4125 -8.56807e-177 -1.45664e-178 1.15088e-175
0.416667 -4.97192e-175 -8.36096e-177 6.6081e-174
0.420833 -2.7599e-173 -4.59151e-175 3.62989e-172
0.425 -1.46675e-171 -2.41443e-173 1.90916e-170
0.429167 -7.46899e-170 -1.21669e-171 9.62229e-169
0.433333 -3.64717e-168 -5.8803e-170 4.65093e-167
0.4375 -1.70911e-166 -2.72772e-168 2.15755e-165
0.441667 -7.69177e-165 -1.21536e-166 9.61306e-164
0.445833 -3.32691e-163 -5.20507e-165 4.11677e-162
0.45 -1.38394e-161 -2.14422e-163 1.69571e-160
0.454167 -5.54054e-160 -8.50215e-162 6.72262e-159
0.458333 -2.13616e-158 -3.24707e-160 2.56689e-157
0.4625 -7.93675e-157 -1.19519e-158 9.44581e-156
0.466667 -2.84349e-155 -4.24265e-157 3.352e-154
0.470833 -9.82939e-154 -1.4533e-155 1.1478e-152
0.475 -3.28039e-152 -4.80675e-154 3.79476e-151
0.479167 -1.05754e-150 -1.53594e-152 1.21202e-149
0.483333 -3.29528e-149 -4.74423e-151 3.74184e-148
0.4875 -9.92987e-148 -1.41731e-149 1.11725e-146
0.491667 -2.89525e-146 -4.09737e-148 3.22801e-145
0.495833 -8.17231e-145 -1.14686e-146 9.02955e-144
0.5 -2.2343e-143 -3.10954e-145 2.4466e-142
0.504167 -5.91957e-142 -8.17115e-144 6.42451e-141
0.508333 -1.52055e-140 -2.08198e-142 1.63571e-139
0.5125 -3.78859e-139 -5.14612e-141 4.03986e-138
0.516667 -9.1605e-138 -1.23451e-139 9.68319e-137
0.520833 -2.15041e-136 -2.87547e-138 2.25349e-135
0.525 -4.90313e-135 -6.50602e-137 5.09413e-134
0.529167 -1.08632e-133 -1.43053e-135 1.11903e-132
0.533333 -2.33971e-132 -3.05799e-134 2.38977e-131
0.5375 -4.90066e-131 -6.35779e-133 4.96347e-130
0.541667 -9.98647e-130 -1.28611e-131 1.003e-128
0.545833 -1.98062e-128 -2.53234e-130 1.97276e-127
0.55 -3.82461e-127 -4.8551e-129 3.77804e-126
0.554167 -7.19334e-126 -9.06711e-128 7.04754e-125
0.558333 -1.31822e-124 -1.65002e-126 1.28099e-123
0.5625 -2.35456e-123 -2.92692e-125 2.26956e-122
0.566667 -4.10063e-122 -5.06274e-124 3.9208e-121
0.570833 -6.96552e-121 -8.54195e-123 6.60683e-120
0.575 -1.15442e-119 -1.40627e-121 1.08627e-118
0.579167 -1.86732e-118 -2.25974e-120 1.74321e-117
0.583333 -2.94888e-117 -3.54538e-119 2.73127e-116
0.5875 -4.54791e-116 -5.43271e-118 4.17941e-115
0.591667 -6.85195e-115 -8.13298e-117 6.24788e-114
0.595833 -1.00877e-113 -1.18984e-115 9.12737e-113
0.6 -1.45169e-112 -1.70161e-114 1.3034e-111
0.604167 -2.04257e-111 -2.37948e-113 1.81992e-110
0.608333 -2.81077e-110 -3.25447e-112 2.48536e-109
0.6125 -3.78385e-109 -4.35478e-111 3.32052e-108
0.616667 -4.98448e-108 -5.7024e-110 4.34126e-107
0.620833 -6.4268e-107 -7.30913e-109 5.55562e-106
0.625 -8.11278e-106 -9.17276e-108 6.96089e-105
0.629167 -1.00289e-104 -1.12738e-106 8.54126e-104
0.633333 -1.21436e-103 -1.3573e-105 1.02662e-102
0.6375 -1.44066e-102 -1.60113e-104 1.20901e-101
0.641667 -1.67491e-101 -1.85107e-103 1.39535e-100
0.645833 -1.90872e-100 -2.09778e-102 1.5786e-99
0.65 -2.13259e-99 -2.33098e-101 1.75102e-98
0.654167 -2.3366e-98 -2.5401e-100 1.90474e-97
0.658333 -2.51112e-97 -2.71514e-99 2.03236e-96
0.6625 -2.64756e-96 -2.84743e-98 2.12754e-95
0.666667 -2.73912e-95 -2.93038e-97 2.18552e-94
0.670833 -2.78133e-94 -2.96e-96 2.20354e-93
0.675 -2.7724e-93 -2.93523e-95 2.18104e-92
0.679167 -2.71334e-92 -2.858e-94 2.11966e-91
0.683333 -2.60786e-91 -2.73296e-93 2.02307e-90
0.6875 -2.46192e-90 -2.56705e-92 1.89662e-89
0.691667 -2.28326e-89 -2.36891e-91 1.74684e-88
0.695833 -2.08069e-88 -2.14809e-90 1.58092e-87
0.7 -1.8634e-87 -1.91436e-89 1.40613e-86
0.704167 -1.64032e-86 -1.67702e-88 1.22935e-85
0.708333 -1.41953e-85 -1.44433e-87 1.05666e-84
0.7125 -1.20791e-84 -1.22316e-86 8.9305e-84
0.716667 -1.01079e-83 -1.01873e-85 7.42282e-83
0.720833 -8.31958e-83 -8.34573e-85 6.06854e-82
0.725 -6.73629e-82 -6.72616e-84 4.88079e-81
0.729167 -5.36645e-81 -5.33378e-83 3.86238e-80
0.733333 -4.20695e-80 -4.16231e-82 3.00777e-79
0.7375 -3.24584e-79 -3.1969e-81 2.30527e-78
0.741667 -2.46507e-78 -2.41703e-80 1.73922e-77
0.745833 -1.84304e-77 -1.79911e-79 1.29181e-76
0.75 -1.35678e-76 -1.31861e-78 9.44764e-76
0.754167 -9.8358e-76 -9.51737e-78 6.8043e-75
0.758333 -7.02259e-75 -6.76582e-77 4.82659e-74
0.7625 -4.93889e-74 -4.73788e-76 3.3725e-73
0.766667 -3.42188e-73 -3.26863e-75 2.32153e-72
0.770833 -2.33592e-72 -2.22188e-74 1.57458e-71
0.775 -1.57132e-71 -1.48834e-73 1.05239e-70
0.779167 -1.04169e-70 -9.82579e-73 6.9321e-70
0.783333 -6.80664e-70 -6.39393e-72 4.50073e-69
0.7875 -4.38431e-69 -4.10162e-71 2.8806e-68
0.791667 -2.78416e-68 -2.59407e-70 1.81768e-67
0.795833 -1.74326e-67 -1.61769e-69 1.13092e-66
0.8 -1.07636e-66 -9.94829e-69 6.93877e-66
0.804167 -6.55425e-66 -6.03376e-68 4.19868e-65
0.808333 -3.9365e-65 -3.60962e-67 2.50595e-64
0.8125 -2.33221e-64 -2.13018e-66 1.47539e-63
0.816667 -1.36313e-63 -1.24022e-65 8.56965e-63
0.820833 -7.86081e-63 -7.12446e-65 4.91119e-62
0.825 -4.47303e-62 -4.03852e-64 2.77729e-61
0.829167 -2.5118e-61 -2.25919e-63 1.54992e-60
0.833333 -1.39206e-60 -1.24734e-62 8.53685e-60
0.8375 -7.61492e-60 -6.79774e-62 4.64114e-59
0.841667 -4.11195e-59 -3.65703e-61 2.49077e-58
0.845833 -2.19202e-58 -1.94232e-60 1.31966e-57
0.85 -1.15371e-57 -1.01854e-59 6.90326e-57
0.854167 -5.99578e-57 -5.27404e-59 3.56572e-56
0.858333 -3.077e-56 -2.69682e-58 1.81877e-55
0.8625 -1.55948e-55 -1.36189e-57 9.16194e-55
0.866667 -7.80625e-55 -6.79288e-57 4.55838e-54
0.870833 -3.85966e-54 -3.34673e-56 2.24019e-53
0.875 -1.88512e-53 -1.62884e-55 1.08754e-52
0.879167 -9.09586e-53 -7.83183e-55 5.21586e-52
0.883333 -4.33611e-52 -3.72057e-54 2.47152e-51
0.8875 -2.04241e-51 -1.74643e-53 1.15716e-50
0.891667 -9.50614e-51 -8.10068e-53 5.35359e-50
0.895833 -4.37237e-50 -3.71324e-52 2.44767e-49
0.9 -1.98753e-49 -1.6822e-51 1.10599e-48
0.904167 -8.92951e-49 -7.53232e-51 4.9393e-48
0.908333 -3.9654e-48 -3.33377e-50 2.18038e-47
0.9125 -1.7407e-47 -1.45857e-49 9.51439e-47
0.916667 -7.55385e-47 -6.30867e-49 4.10431e-46
0.920833 -3.24078e-46 -2.69769e-48 1.75041e-45
0.925 -1.37466e-45 -1.14057e-47 7.38087e-45
0.929167 -5.7655e-45 -4.76818e-47 3.07732e-44
0.933333 -2.39111e-44 -1.97113e-46 1.26871e-43
0.9375 -9.8064e-44 -8.05811e-46 5.17255e-43
0.941667 -3.97737e-43 -3.25789e-45 2.08557e-42
0.945833 -1.59545e-42 -1.30271e-44 8.31666e-42
0.95 -6.32995e-42 -5.15226e-44 3.28022e-41
0.954167 -2.4841e-41 -2.01561e-43 1.27971e-40
0.958333 -9.64305e-41 -7.80011e-43 4.93857e-40
0.9625 -3.70307e-40 -2.9861e-42 1.88536e-39
0.966667 -1.40681e-39 -1.13094e-41 7.12054e-39
0.970833 -5.28755e-39 -4.23773e-41 2.66062e-38
0.975 -1.96629e-38 -1.5711e-40 9.83614e-38
0.979167 -7.23489e-38 -5.76338e-40 3.598e-37
0.983333 -2.6341e-37 -2.09205e-39 1.30231e-36
0.9875 -9.49007e-37 -7.51467e-39 4.66451e-36
0.991667 -3.38348e-36 -2.67124e-38 1.65331e-35
0.995833 -1.19381e-35 -9.39724e-38 5.79939e-35
1 -4.16874e-35 -3.27185e-37 2.0133e-34
1.00417 -1.44076e-34 -1.12748e-36 6.91752e-34
1.00833 -4.92849e-34 -3.84564e-36 2.3525e-33
1.0125 -1.66875e-33 -1.29834e-35 7.91888e-33
1.01667 -5.59295e-33 -4.33899e-35 2.63858e-32
1.02083 -1.85559e-32 -1.43544e-34 8.70295e-32
1.025 -6.09437e-32 -4.70106e-34 2.84165e-31
1.02917 -1.98153e-31 -1.52419e-33 9.18538e-31
1.03333 -6.37842e-31 -4.89245e-33 2.93944e-30
1.0375 -2.03274e-30 -1.55481e-32 9.31294e-30
1.04167 -6.4139e-30 -4.89224e-32 2.92133e-29
1.04583 -2.00378e-29 -1.52416e-31 9.07316e-29
1.05 -6.19839e-29 -4.70177e-31 2.79021e-28
1.05417 -1.89856e-28 -1.43619e-30 8.4963e-28
1.05833 -5.75834e-28 -4.34411e-30 2.56182e-27
1.0625 -1.72947e-27 -1.30118e-29 7.64908e-27
1.06667 -5.14381e-27 -3.85952e-29 2.26163e-26
1.07083 -1.51504e-26 -1.13371e-28 6.62216e-26
1.075 -4.41919e-26 -3.29806e-28 1.92023e-25
1.07917 -1.27659e-25 -9.50191e-28 5.51438e-25
1.08333 -3.65227e-25 -2.71126e-27 1.56833e-24
1.0875 -1.03487e-24 -7.66212e-27 4.41761e-24
1.09167 -2.90424e-24 -2.14464e-26 1.23241e-23
1.09583 -8.07256e-24 -5.94564e-26 3.40529e-23
1.1 -2.22245e-23 -1.63264e-25 9.31942e-23
1.10417 -6.0604e-23 -4.44054e-25 2.52621e-22
1.10833 -1.63693e-22 -1.19632e-24 6.78272e-22
1.1125 -4.3795e-22 -3.19248e-24 1.80385e-21
1.11667 -1.16063e-21 -8.43896e-24 4.75186e-21
1.12083 -3.04678e-21 -2.20971e-23 1.23995e-20
1.125 -7.92277e-21 -5.73158e-23 3.20496e-20
1.12917 -2.04082e-20 -1.47269e-22 8.20598e-20
1.13333 -5.20753e-20 -3.74843e-22 2.08127e-19
1.1375 -1.31632e-19 -9.45143e-22 5.22907e-19
1.14167 -3.29608e-19 -2.36079e-21 1.30143e-18
1.14583 -8.17608e-19 -5.84162e-21 3.20863e-18
1.15 -2.00913e-18 -1.43195e-20 7.83657e-18
1.15417 -4.89087e-18 -3.47734e-20 1.89602e-17
1.15833 -1.17947e-17 -8.36545e-20 4.54433e-17
1.1625 -2.81777e-17 -1.99369e-19 1.07897e-16
1.16667 -6.6688e-17 -4.70709e-19 2.53783e-16
1.17083 -1.56356e-16 -1.10097e-18 5.9133e-16
1.175 -3.63163e-16 -2.5511e-18 1.36493e-15
1.17917 -8.35625e-16 -5.85605e-18 3.12106e-15
1.18333 -1.90477e-15 -1.3317e-17 7.06977e-15
1.1875 -4.30123e-15 -3.00009e-17 1.58641e-14
1.19167 -9.62187e-15 -6.6955e-17 3.5264e-14
1.19583 -2.13225e-14 -1.4803e-16 7.76513e-14
1.2 -4.68088e-14 -3.24212e-16 1.6938e-13
1.20417 -1.01794e-13 -7.03424e-16 3.65989e-13
1.20833 -2.19287e-13 -1.51185e-15 7.83356e-13
1.2125 -4.6795e-13 -3.21885e-15 1.66085e-12
1.21667 -9.8917e-13 -6.78861e-15 3.48796e-12
1.22083 -2.0712e-12 -1.41822e-14 7.25566e-12
1.225 -4.29577e-12 -2.93483e-14 1.49498e-11
1.22917 -8.82514e-12 -6.0157e-14 3.05098e-11
1.23333 -1.79577e-11 -1.22136e-13 6.16703e-11
1.2375 -3.61927e-11 -2.45609e-13 1.23462e-10
1.24167 -7.22464e-11 -4.89189e-13 2.44793e-10
1.24583 -1.42832e-10 -9.64997e-13 4.80682e-10
1.25 -2.79662e-10 -1.88529e-12 9.34751e-10
1.25417 -5.4228e-10 -3.6477e-12 1.8001e-09
1.25833 -1.04131e-09 -6.98927e-12 3.43275e-09
1.2625 -1.98011e-09 -1.32616e-11 6.48207e-09
1.26667 -3.72842e-09 -2.49171e-11 1.21197e-08
1.27083 -6.95138e-09 -4.63566e-11 2.24364e-08
1.275 -1.28323e-08 -8.5392e-11 4.11223e-08
1.27917 -2.34532e-08 -1.55737e-10 7.46169e-08
1.28333 -4.24365e-08 -2.81197e-10 1.34032e-07
1.2875 -7.60132e-08 -5.02627e-10 2.38321e-07
1.29167 -1.34779e-07 -8.89346e-10 4.19439e-07
1.29583 -2.36543e-07 -1.55759e-09 7.30629e-07
1.3 -4.10884e-07 -2.7e-09 1.25954e-06
1.30417 -7.06344e-07 -4.63196e-09 2.14871e-06
1.30833 -1.20161e-06 -7.86361e-09 3.62708e-06
1.3125 -2.02266e-06 -1.32098e-08 6.05768e-06
1.31667 -3.36861e-06 -2.19555e-08 1.00088e-05
1.32083 -5.55014e-06 -3.61012e-08 1.63584e-05
1.325 -9.04554e-06 -5.87195e-08 2.64441e-05
1.32917 -1.45812e-05 -9.44659e-08 4.2276e-05
1.33333 -2.32446e-05 -1.50295e-07 6.68309e-05
1.3375 -3.66408e-05 -2.36447e-07 0.000104452
1.34167 -5.71031e-05 -3.67774e-07 0.000161381
1.34583 -8.79706e-05 -5.65479e-07 0.000246436
1.35 -0.000133945 -8.5935e-07 0.000371878
1.35417 -0.000201535 -1.29052e-06 0.000554444
1.35833 -0.000299588 -1.91475e-06 0.000816555
1.3625 -0.000439902 -2.80626e-06 0.00118765
1.36667 -0.000637891 -4.06171e-06 0.00170553
1.37083 -0.000913249 -5.80429e-06 0.00241759
1.375 -0.00129053 -8.18714e-06 0.00338171
1.37917 -0.00179949 -1.13954e-05 0.00466635
1.38333 -0.00247513 -1.56459e-05 0.00634975
1.3875 -0.00335703 -2.11831e-05 0.00851733
1.39167 -0.00448795 -2.82701e-05 0.0112572
1.39583 -0.00591131 -3.71721e-05 0.014653
1.4 -0.00766735 -4.81335e-05 0.0187739
1.40417 -0.00978787 -6.13441e-05 0.0236616
1.40833 -0.0122895 -7.68984e-05 0.0293146
1.4125 -0.0151656 -9.47462e-05 0.0356711
1.41667 -0.0183778 -0.00011464 0.0425909
1.42083 -0.0218473 -0.000136084 0.0498409
1.425 -0.0254475 -0.00015829 0.0570839
1.42917 -0.0289999 -0.000180154 0.0638779
1.43333 -0.0322744 -0.000200261 0.0696862
1.4375 -0.0349962 -0.00021693 0.0739033
1.44167 -0.0368598 -0.0002283 0.0758975
1.44583 -0.0375521 -0.000232475 0.075069
1.45 -0.0367829 -0.000227712 0.0709218
1.45417 -0.0343213 -0.000212637 0.0631405
1.45833 -0.0300339 -0.000186483 0.0516635
1.4625 -0.02392 -0.000149292 0.0367388
1.46667 -0.0161367 -0.000102068 0.018949
1.47083 -0.00700765 -4.68195e-05 -0.000806364
1.475 0.00299058 1.35313e-05 -0.02138
1.47917 0.0132682 7.53943e-05 -0.0414985
1.48333 0.0231874 0.000134913 -0.0599269
1.4875 0.0321472 0.000188483 -0.0756582
1.49167 0.0396788 0.000233327 -0.0880979
1.49583 0.0455347 0.000268032 -0.0972087
1.5 0.0497546 0.00029294 -0.103579
1.50417 0.0526904 0.000310295 -0.108387
1.50833 0.0549772 0.000324058 -0.113243
1.5125 0.0574441 0.000339363 -0.119926
1.51667 0.0609713 0.000361649 -0.130023
1.52083 0.0663097 0.000395571 -0.144557
1.525 0.0738936 0.000443859 -0.163645
1.52917 0.0836788 0.000506331 -0.186267
1.53333 0.0950439 0.000579288 -0.210215
1.5375 0.106782 0.000655429 -0.232246
1.54167 0.117195 0.000724403 -0.248433
1.54583 0.124294 0.00077395 -0.254692
1.55 0.126061 0.000791502 -0.247372
1.55417 0.120759 0.000765995 -0.223846
1.55833 0.107207 0.000689612 -0.182978
1.5625 0.0850077 0.000559159 -0.125393
1.56667 0.0546567 0.000376875 -0.0535302
1.57083 0.0175447 0.000150557 0.0285558
1.575 -0.0241584 -0.000106993 0.115563
1.57917 -0.0677057 -0.000379079 0.201444
1.58333 -0.110032 -0.000646608 0.279957
1.5875 -0.148034 -0.00088979 0.345211
1.59167 -0.178839 -0.00108989 0.392177
1.59583 -0.200056 -0.00123091 0.417141
1.6 -0.209994 -0.00130117 0.41808
1.60417 -0.207844 -0.00129461 0.394954
1.60833 -0.193801 -0.00121177 0.349838
1.6125 -0.169118 -0.0010602 0.286858
1.61667 -0.136045 -0.000854095 0.211841
1.62083 -0.0976249 -0.000612953 0.13168
1.625 -0.0573538 -0.000359315 0.0534414
1.62917 -0.0187201 -0.000115755 -0.0166326
1.63333 0.0152896 9.83365e-05 -0.0740245
1.6375 0.0426181 0.000269522 -0.116522
1.64167 0.0623857 0.000391921 -0.144297
1.64583 0.0748798 0.00046719 -0.159428
1.65 0.0812748 0.000502791 -0.164994
1.65417 0.083151 0.000509014 -0.163982
1.65833 0.0819556 0.0004956 -0.158374
1.6625 0.0785771 0.000469034 -0.14871
1.66667 0.0731779 0.000431371 -0.134287
1.67083 0.0653463 0.000380992 -0.11393
1.675 0.0545136 0.000314971 -0.0870318
1.67917 0.0404776 0.000232137 -0.0544662
1.68333 0.0238233 0.000135595 -0.0189638
1.6875 0.00605498 3.36019e-05 0.015243
1.69167 -0.0106407 -6.1683e-05 0.0434394
1.69583 -0.0239431 -0.000137278 0.0617675
1.7 -0.0320676 -0.000183196 0.0683945
1.70417 -0.0343102 -0.000195576 0.0640577
1.70833 -0.031254 -0.000177895 0.0517625
1.7125 -0.0245504 -0.000139731 0.0357357
1.71667 -0.0163526 -9.35016e-05 0.0200325
1.72083 -0.00861661 -5.04226e-05 0.00733291
1.725 -0.00253885 -1.72232e-05 -0.00161828
1.72917 0.0016599 5.13091e-06 -0.00774665
1.73333 0.00454069 2.03107e-05 -0.0127262
1.7375 0.00695187 3.36937e-05 -0.0178428
1.74167 0.00946857 4.89831e-05 -0.023166
1.74583 0.0120227 6.58955e-05 -0.0274027
1.75 0.0138894 7.99466e-05 -0.0284919
1.75417 0.0140327 8.44286e-05 -0.024665
1.75833 0.01165 7.37032e-05 -0.0154825
1.7625 0.00666383 4.63446e-05 -0.00236664
1.76667 -6.75008e-05 6.71809e-06 0.0116318
1.77083 -0.00692877 -3.57725e-05 0.022769
1.775 -0.0120573 -6.95608e-05 0.0278839
1.77917 -0.0139851 -8.48433e-05 0.0255178
1.78333 -0.0121634 -7.70572e-05 0.0164502
1.7875 -0.00716993 -4.85995e-05 0.00346018
1.79167 -0.000525715 -8.15313e-06 -0.00958651
1.79583 0.00580357 3.21235e-05 -0.0189833
1.8 0.0100392 6.05362e-05 -0.0223293
1.80417 0.0111346 6.95583e-05 -0.0192038
1.80833 0.00905956 5.80605e-05 -0.0111732
1.8125 0.00474524 3.13679e-05 -0.00116555
1.81667 -0.000274884 -8.13652e-07 0.00755805
1.82083 -0.00439672 -2.78473e-05 0.0124834
1.825 -0.00647038 -4.17825e-05 0.0126136
1.82917 -0.00614323 -3.98753e-05 0.00867462
1.83333 -0.00390859 -2.51302e-05 0.00269299
1.8375 -0.000848803 -4.69884e-06 -0.00288483
1.84167 0.0018254 1.32051e-05 -0.00617833
1.84583 0.00325448 2.26073e-05 -0.00655498
1.85 0.00322999 2.191e-05 -0.00471813
1.85417 0.0021882 1.39733e-05 -0.00217674
1.85833 0.000908909 4.18243e-06 -0.000372085
1.8625 7.46445e-05 -2.49549e-06 8.03879e-05
1.86667 -7.90265e-05 -3.95489e-06 -0.000374572
1.87083 0.000166021 -1.63892e-06 -0.000649864
1.875 0.000256836 8.40217e-07 0.00016125
1.87917 -0.000213588 3.00683e-07 0.00206344
1.88333 -0.00117632 -3.76359e-06 0.0040163
1.8875 -0.00206495 -8.69963e-06 0.00451854
1.89167 -0.00214593 -1.03549e-05 0.00261085
1.89583 -0.0010201 -5.9301e-06 -0.00132011
1.9 0.00101771 3.75727e-06 -0.00549977
1.90417 0.00302047 1.41521e-05 -0.00762382
1.90833 0.0038628 1.92977e-05 -0.00618943
1.9125 0.00290288 1.53898e-05 -0.00151702
1.91667 0.000437469 3.41128e-06 0.00421402
1.92083 -0.00235877 -1.09086e-05 0.00804357
1.925 -0.00402746 -2.00301e-05 0.00786748
1.92917 -0.00364063 -1.88582e-05 0.00368468
1.93333 -0.00135905 -7.80692e-06 -0.00232147
1.9375 0.0016176 7.24941e-06 -0.00697288
1.94167 0.00370811 1.82341e-05 -0.00788829
1.94583 0.00384176 1.9458e-05 -0.00481594
1.95 0.00205592 1.07949e-05 0.000294325
1.95417 -0.000560861 -2.47271e-06 0.00451269
1.95833 -0.0025406 -1.29985e-05 0.00567723
1.9625 -0.00290294 -1.57933e-05 0.00358367
1.96667 -0.00168219 -1.09768e-05 -9.02004e-05
1.97083 0.000194196 -3.25355e-06 -0.00300461
1.975 0.0015624 1.3336e-06 -0.00367021
1.97917 0.00176112 -9.1971e-07 -0.00225249
1.98333 0.000969155 -9.72858e-06 -0.000195824
1.9875 -4.75605e-05 -2.21493e-05 0.000973503
1.99167 -0.00055548 -3.57418e-05 0.000753918
1.99583 -0.000373181 -5.11908e-05 -0.000112327
2 7.82544e-05 -7.25225e-05 -0.000414267
2.00417 0.000201039 -0.000104913 0.00040944
2.00833 -0.000231796 -0.000151911 0.00172012
2.0125 -0.000852315 -0.000214319 0.00216646
2.01667 -0.00098992 -0.000291646 0.000856955
2.02083 -0.000262214 -0.000384911 -0.00171586
2.025 0.00100992 -0.000498288 -0.00380512
2.02917 0.0019318 -0.000637695 -0.00361892
2.03333 0.00167019 -0.000806577 -0.00076719
2.0375 0.000143295 -0.00100136 0.00317931
2.04167 -0.00177891 -0.00120956 0.00557213
2.04583 -0.00278532 -0.00141181 0.00450749
2.05 -0.0020391 -0.00158656 0.000313281
2.05417 0.000150256 -0.00171408 -0.00444692
2.05833 0.00242678 -0.00177722 -0.00659609
2.0625 0.00325918 -0.00175913 -0.00454264
2.06667 0.00201099 -0.00164067 0.000496954
2.07083 -0.000552498 -0.00140167 0.00519623
2.075 -0.00272299 -0.00102748 0.00634384
2.07917 -0.00299904 -0.000518983 0.00307897
2.08333 -0.0011387 9.90613e-05 -0.0024518
2.0875 0.00163753 0.0007763 -0.00652854
2.09167 0.00346352 0.00144361 -0.00641317
2.09583 0.00310907 0.00202602 -0.00223591
2.1 0.000827804 0.00245656 0.0031224
2.10417 -0.0018298 0.00268679 0.00606562
2.10833 -0.00310538 0.00269224 0.00478109
2.1125 -0.0022479 0.0024745 0.000428376
2.11667 5.23746e-06 0.00206226 -0.00379388
2.12083 0.00200493 0.00151156 -0.004979
2.125 0.0023854 0.000902852 -0.00253325
2.12917 0.00100585 0.000331711 0.00154394
2.13333 -0.00102341 -0.000107726 0.0042414
2.1375 -0.00220719 -0.000342934 0.0037465
2.14167 -0.00175582 -0.000339544 0.000651901
2.14583 -9.92231e-05 -0.000107148 -0.00265679
2.15 0.00151424 0.000308406 -0.00386773
2.15417 0.00198274 0.000842773 -0.00240769
2.15833 0.00113345 0.00143286 0.000309235
2.1625 -0.000241666 0.00203014 0.00212529
2.16667 -0.00106684 0.00260308 0.00182441
2.17083 -0.000813499 0.00312979 -5.05242e-05
2.175 0.000158492 0.00358656 -0.00179987
2.17917 0.000969399 0.00393881 -0.00200668
2.18333 0.00095571 0.00413929 -0.000623531
2.1875 0.000171162 0.00413455 0.0011206
2.19167 -0.000722631 0.00387774 0.00182891
2.19583 -0.00104251 0.00334335 0.00109532
2.2 -0.000641878 0.00253869 -0.00023275
2.20417 1.05335e-05 0.00150742 -0.000850755
2.20833 0.000267173 0.000322056 -0.000139269
2.2125 -0.000134226 -0.000932998 0.00131634
2.21667 -0.000854709 -0.00218241 0.0022459
2.22083 -0.00125583 -0.00337549 0.00179368
2.225 -0.000952692 -0.00448802 0.00026264
2.22917 -0.000148311 -0.00550778 -0.00112108
2.23333 0.000530896 -0.00640984 -0.00122766
2.2375 0.000560135 -0.0071349 1.89182e-05
2.24167 -3.5675e-05 -0.00758455 0.00154006
2.24583 -0.000684628 -0.00764053 0.00195318
2.25 -0.000725712 -0.00720245 0.000694151
2.25417 4.55593e-05 -0.00622871 -0.0014908
2.25833 0.00118467 -0.00476211 -0.00308527
2.2625 0.00191902 -0.00292898 -0.00295956
2.26667 0.00173526 -0.000913458 -0.00124354
2.27083 0.000775546 0.00108039 0.000762866
2.275 -0.000265717 0.00286255 0.00157482
2.27917 -0.000666404 0.00427731 0.000650315
2.28333 -0.00022106 0.00521098 -0.00119737
2.2875 0.000608993 0.0055957 -0.00241505
2.29167 0.00105302 0.00541734 -0.00189129
2.29583 0.000625917 0.00472692 0.000180186
2.3 -0.000486663 0.00364557 0.00240508
2.30417 -0.00154442 0.00235084 0.00319654
2.30833 -0.00179009 0.00104115 0.00195402
2.3125 -0.00101568 -0.000110916 -0.000457852
2.31667 0.000262947 -0.000995419 -0.0023046
2.32083 0.00116343 -0.00157426 -0.00224341
2.325 0.0010775 -0.001861 -0.000335937
2.32917 0.000128556 -0.00188812 0.00195567
2.33333 -0.000902416 -0.00168633 0.00283356
2.3375 -0.00114998 -0.00128949 0.00153637
2.34167 -0.000326322 -0.000756853 -0.00101428
2.34583 0.00102906 -0.000186762 -0.00283653
2.35 0.00192914 0.000300663 -0.00237847
2.35417 0.00169344 0.000610471 0.00023538
2.35833 0.000510149 0.000719996 0.0032058
2.3625 -0.000651709 0.000688285 0.00439869
2.36667 -0.000756995 0.00061231 0.00304529
2.37083 0.000481787 0.000554866 0.000454415
2.375 0.00234168 0.000496892 -0.000914094
2.37917 0.00363081 0.000356378 0.000626959
2.38333 0.00364825 6.83967e-05 0.00458569
2.3875 0.00280119 -0.000330923 0.00860138
2.39167 0.00234416 -0.00068733 0.0103272
2.39583 0.00339725 -0.00080692 0.00941392
2.4 0.00601508 -0.000586137 0.00793543
2.40417 0.00908951 -0.000100949 0.00880406
2.40833 0.0112178 0.000418466 0.013393
2.4125 0.0118596 0.000721835 0.0203298
2.41667 0.0118183 0.000692709 0.0265364
2.42083 0.0126027 0.000412315 0.029732
2.425 0.0151542 8.709e-05 0.0303281
2.42917 0.0189911 -0.000103566 0.0310707
2.43333 0.022515 -0.000121678 0.0346553
2.4375 0.0242584 -6.20726e-05 0.041292
2.44167 0.0240378 -3.80623e-05 0.0483131
2.44583 0.023021 -6.71164e-05 0.0522196
2.45 0.0226277 -6.01417e-05 0.051462
2.45417 0.0231906 7.58481e-05 0.0475715
2.45833 0.0235411 0.000317804 0.0436387
2.4625 0.0219068 0.000508368 0.0414309
2.46667 0.0173745 0.000471735 0.0396579
2.47083 0.0106609 0.000172126 0.0349364
2.475 0.00351631 -0.00022702 0.0246618
2.47917 -0.0027289 -0.00046942 0.00931375
2.48333 -0.00821116 -0.000401853 -0.00781567
2.4875 -0.0142556 -9.86278e-05 -0.0232408
2.49167 -0.0220177 0.00019387 -0.0359669
2.49583 -0.0312454 0.000250771 -0.0479079
2.5 -0.0402646 4.05276e-05 -0.0617112
2.50417 -0.0472182 -0.000265906 -0.0779556
2.50833 -0.0514875 -0.000448419 -0.094232
2.5125 -0.0540679 -0.000415917 -0.106933
2.51667 -0.0565986 -0.00025888 -0.114176
2.52083 -0.0599246 -0.000145215 -0.117286
2.525 -0.0634584 -0.000166814 -0.119591
2.52917 -0.0658642 -0.000276115 -0.123614
2.53333 -0.0664016 -0.000355704 -0.129161
2.5375 -0.0656873 -0.000338458 -0.133891
2.54167 -0.0651797 -0.000260511 -0.135698
2.54583 -0.0658398 -0.000208604 -0.134666
2.55 -0.0671443 -0.00022907 -0.132799
2.55417 -0.0672927 -0.000291734 -0.131795
2.55833 -0.0643898 -0.000332383 -0.130887
2.5625 -0.0575618 -0.000315164 -0.126692
2.56667 -0.0470961 -0.00024853 -0.115177
2.57083 -0.0336169 -0.00015329 -0.094077
2.575 -0.0171662 -3.63212e-05 -0.0637826
2.57917 0.00290192 9.55375e-05 -0.0262208
2.58333 0.0270863 0.000210657 0.0169928
2.5875 0.0546936 0.000268735 0.0653179
2.59167 0.0835021 0.000275353 0.118293
2.59583 0.110434 0.000306095 0.173777
2.6 0.132694 0.000445568 0.227129
2.60417 0.148521 0.000683768 0.272196
2.60833 0.157095 0.000884656 0.30345
2.6125 0.157929 0.00088893 0.317694
2.61667 0.150454 0.000669897 0.314281
2.62083 0.134251 0.000381558 0.294057
2.625 0.109758 0.000228196 0.258249
2.62917 0.0787856 0.000269733 0.208324
2.63333 0.0443457 0.000360371 0.146825
2.6375 0.00981926 0.000293872 0.0781961
2.64167 -0.0219676 1.44933e-05 0.00859513
2.64583 -0.0491728 -0.000322951 -0.0554723
2.65 -0.0707216 -0.000506142 -0.108879
2.65417 -0.0858255 -0.000469418 -0.148844
2.65833 -0.0937754 -0.000336766 -0.174656
2.6625 -0.0942297 -0.00027124 -0.186643
2.66667 -0.0877121 -0.000307407 -0.18538
2.67083 -0.0757972 -0.000347617 -0.171774
2.675 -0.0607145 -0.00030397 -0.147757
2.67917 -0.0445955 -0.000202747 -0.116716
2.68333 -0.0289027 -0.000129897 -0.0829977
2.6875 -0.0144027 -0.000103199 -0.0506412
2.69167 -0.00156989 -4.89945e-05 -0.0222195
2.69583 0.0090448 7.96624e-05 0.00139153
2.7 0.0168493 0.000203681 0.0202818
2.70417 0.0215846 0.000190816 0.0345599
2.70833 0.0236261 3.31242e-05 0.04402
2.7125 0.0238635 -9.95153e-05 0.0485848
2.71667 0.0232019 -3.30366e-05 0.0489213
2.72083 0.0220704 0.000192401 0.046474
2.725 0.0203059 0.000333351 0.0427439
2.72917 0.0174557 0.000207399 0.038378
2.73333 0.0132217 -8.14602e-05 0.0328537
2.7375 0.00772095 -0.000236849 0.0250565
2.74167 0.0014417 -0.000101183 0.0143278
2.74583 -0.00497539 0.000154718 0.00121547
2.75 -0.0109158 0.000219072 -0.0125682
2.75417 -0.0158059 -1.146e-06 -0.0248589
2.75833 -0.019018 -0.000269201 -0.0338517
2.7625 -0.0198444 -0.000292826 -0.0384718
2.76667 -0.017703 -6.13539e-05 -0.038221
2.77083 -0.0125497 0.000154486 -0.032896
2.775 -0.00523221 0.00013328 -0.0226812
2.77917 0.00257026 -4.20168e-05 -0.0086946
2.78333 0.00894235 -0.000110132 0.00654629
2.7875 0.0125509 3.22234e-05 0.0194742
2.79167 0.0131247 0.000210752 0.0268197
2.79583 0.0112724 0.000212498 0.0271987
2.8 0.00788339 6.47559e-05 0.0217503
2.80417 0.00369751 -8.92889e-06 0.0132676
2.80833 -0.000629636 0.000109075 0.00451869
2.8125 -0.00425626 0.00027545 -0.00288593
2.81667 -0.00623775 0.000286793 -0.00835088
2.82083 -0.00610147 0.000166746 -0.0114794
2.825 -0.00437369 0.00014623 -0.0117862
2.82917 -0.00238959 0.000351201 -0.00935427
2.83333 -0.00137398 0.000615027 -0.00554094
2.8375 -0.00155757 0.000681928 -0.0025548
2.84167 -0.00212843 0.000545694 -0.00189989
2.84583 -0.00202798 0.000469722 -0.00307084
2.85 -0.000814242 0.000644759 -0.00387701
2.85417 0.0011499 0.000928315 -0.00225749
2.85833 0.00316655 0.00101623 0.00201184
2.8625 0.0047004 0.000828301 0.00718341
2.86667 0.00543081 0.000600267 0.0108953
2.87083 0.00502535 0.000561694 0.0116467
2.875 0.00313273 0.000631869 0.00923054
2.87917 -0.00023304 0.000538165 0.00423707
2.88333 -0.0042922 0.000187607 -0.00242405
2.8875 -0.00758398 -0.000215761 -0.00943193
2.89167 -0.00862739 -0.00045515 -0.0148135
2.89583 -0.00674763 -0.000577978 -0.0163237
2.9 -0.00251885 -0.00078134 -0.0125846
2.90417 0.00245997 -0.00108982 -0.00423992
2.90833 0.00632466 -0.00130747 0.00585891
2.9125 0.0078032 -0.00131681 0.0137965
2.91667 0.00668326 -0.00126961 0.0164948
2.92083 0.00366723 -0.00135602 0.0132268
2.925 -0.000158901 -0.00147886 0.00580183
2.92917 -0.00375466 -0.00135355 -0.00263209
2.93333 -0.0061979 -0.000950777 -0.00924777
2.9375 -0.00666528 -0.00063577 -0.0124966
2.94167 -0.00474434 -0.000718223 -0.0119854
2.94583 -0.000991833 -0.000993648 -0.00798004
2.95 0.00295073 -0.000977696 -0.00142589
2.95417 0.00518593 -0.000604943 0.00562561
2.95833 0.00484288 -0.000423067 0.0102648
2.9625 0.00263767 -0.000902695 0.0102476
2.96667 0.000124127 -0.00172837 0.00576303
2.97083 -0.00160437 -0.00209725 -0.000410095
2.975 -0.00244877 -0.00174261 -0.00488798
2.97917 -0.00271278 -0.00132387 -0.00609889
2.98333 -0.0023537 -0.00156188 -0.00487049
2.9875 -0.00110599 -0.00220238 -0.00287789
2.99167 0.000757678 -0.00224386 -0.000909881
2.99583 0.00220267 -0.00123284 0.00117378
