0 0 0 0
0.00416667 0 0 0
0.00833333 0 0 0
0.0125 0 0 0
0.0166667 0 0 0
0.0208333 0 0 0
0.025 0 0 0
0.0291667 0 0 0
0.0333333 0 0 0
0.0375 0 0 0
0.0416667 0 0 0
0.0458333 0 0 0
0.05 0 0 0
0.0541667 0 0 0
0.0583333 0 0 0
0.0625 0 0 0
0.0666667 0 0 0
0.0708333 0 0 0
0.075 0 0 0
0.0791667 0 0 0
0.0833333 0 0 0
0.0875 0 0 0
0.0916667 0 0 0
0.0958333 0 0 0
0.1 0 0 0
0.104167 0 0 0
0.108333 0 0 0
0.1125 0 0 0
0.116667 0 0 0
0.120833 0 0 0
0.125 0 0 0
0.129167 0 0 0
0.133333 0 0 0
0.1375 0 0 0
0.141667 0 0 0
0.145833 0 0 0
0.15 0 0 0
0.154167 0 0 0
0.158333 0 0 0
0.1625 0 0 0
0.166667 0 0 0
0.170833 0 0 0
0.175 0 0 0
0.179167 0 0 0
0.183333 0 0 0
0.1875 0 0 0
0.191667 0 0 0
0.195833 0 0 5.73116e-322
0.2 -1.84538e-319 -8.28548e-321 5.25079e-318
0.204167 -1.07761e-315 -4.78509e-317 3.00067e-314
0.208333 -5.25163e-312 -2.27301e-313 1.43236e-310
0.2125 -2.15234e-308 -9.07655e-310 5.75236e-307
0.216667 -7.46861e-305 -3.06757e-306 1.9567e-303
0.220833 -2.20822e-301 -8.83041e-303 5.67333e-300
0.225 -5.59655e-298 -2.178e-299 1.41054e-296
0.229167 -1.22274e-294 -4.6283e-296 3.02427e-293
0.233333 -2.31529e-291 -8.51669e-293 5.6216e-290
0.2375 -3.81891e-288 -1.36328e-289 9.10544e-287
0.241667 -5.51346e-285 -1.90581e-286 1.2913e-283
0.245833 -6.99916e-282 -2.33399e-283 1.61072e-280
0.25 -7.8469e-279 -2.50882e-280 1.77487e-277
0.254167 -7.8018e-276 -2.36698e-277 1.73489e-274
0.258333 -6.90686e-273 -1.9538e-274 1.51035e-271
0.2625 -5.46576e-270 -1.39798e-271 1.17562e-268
0.266667 -3.8812e-267 -8.47841e-269 8.21279e-266
0.270833 -2.4825e-264 -4.1103e-266 5.16885e-263
0.275 -1.43585e-261 -1.28397e-263 2.94203e-260
0.279167 -7.5404e-259 1.5744e-261 1.52052e-257
0.283333 -3.61121e-256 6.50552e-258 7.16629e-255
0.2875 -1.58485e-253 6.4594e-255 3.09465e-252
0.291667 -6.40885e-251 4.65409e-252 1.231e-249
0.295833 -2.40278e-248 2.78847e-249 4.5379e-247
0.3 -8.40956e-246 1.45578e-246 1.5607e-244
0.304167 -2.7677e-243 6.76996e-244 5.04396e-242
0.308333 -8.62609e-241 2.83921e-241 1.54272e-239
0.3125 -2.56123e-238 1.08226e-238 4.49294e-237
0.316667 -7.27339e-236 3.77006e-236 1.2513e-234
0.320833 -1.97823e-233 1.20512e-233 3.33849e-232
0.325 -5.14745e-231 3.54643e-231 8.52685e-230
0.329167 -1.27773e-228 9.63453e-229 2.0794e-227
0.333333 -3.0145e-226 2.42209e-226 4.8244e-225
0.3375 -6.73502e-224 5.64692e-224 1.06099e-222
0.341667 -1.42063e-221 1.22337e-221 2.20479e-220
0.345833 -2.8227e-219 2.46738e-219 4.319e-218
0.35 -5.27556e-217 4.64095e-217 7.96304e-216
0.354167 -9.26782e-215 8.1544e-215 1.38068e-213
0.358333 -1.53011e-212 1.34055e-212 2.25067e-211
0.3625 -2.37471e-210 2.0651e-210 3.45e-209
0.366667 -3.46644e-208 2.98541e-208 4.97542e-207
0.370833 -4.76292e-206 4.05587e-206 6.75548e-205
0.375 -6.16547e-204 5.18525e-204 8.64319e-203
0.379167 -7.52645e-202 6.24646e-202 1.04304e-200
0.383333 -8.67348e-200 7.09948e-200 1.18843e-198
0.3875 -9.4457e-198 7.62222e-198 1.27983e-196
0.391667 -9.73141e-196 7.73951e-196 1.30404e-194
0.395833 -9.49466e-194 7.44084e-194 1.25848e-192
0.4 -8.78214e-192 6.78095e-192 1.15153e-190
0.404167 -7.70881e-190 5.86389e-190 1.00004e-188
0.408333 -6.42805e-188 4.81684e-188 8.2512e-187
0.4125 -5.09688e-186 3.76236e-186 6.47437e-185
0.416667 -3.84666e-184 2.79707e-184 4.8359e-183
0.420833 -2.76581e-182 1.98111e-182 3.44162e-181
0.425 -1.89636e-180 1.33806e-180 2.33587e-179
0.429167 -1.24097e-178 8.62561e-179 1.51329e-177
0.433333 -7.75755e-177 5.31171e-177 9.36611e-176
0.4375 -4.63631e-175 3.12732e-175 5.5427e-174
0.441667 -2.65132e-173 1.76183e-173 3.1388e-172
0.445833 -1.4519e-171 9.50494e-172 1.70228e-170
0.45 -7.61967e-170 4.91439e-170 8.84831e-169
0.454167 -3.83516e-168 2.43696e-168 4.41138e-167
0.458333 -1.85267e-166 1.15986e-166 2.11102e-165
0.4625 -8.59582e-165 5.30209e-165 9.70331e-164
0.466667 -3.83312e-163 2.32956e-163 4.28706e-162
0.470833 -1.64394e-161 9.84421e-162 1.8218e-160
0.475 -6.78538e-160 4.00358e-160 7.45123e-159
0.479167 -2.69706e-158 1.56803e-158 2.93506e-157
0.483333 -1.03301e-156 5.91792e-157 1.11414e-155
0.4875 -3.81491e-155 2.15354e-155 4.07805e-154
0.491667 -1.35919e-153 7.56067e-154 1.44017e-152
0.495833 -4.67456e-152 2.56237e-152 4.90989e-151
0.5 -1.55278e-150 8.3876e-151 1.61684e-149
0.504167 -4.98454e-149 2.65329e-149 5.1456e-148
0.508333 -1.54709e-147 8.11547e-148 1.58347e-146
0.5125 -4.64521e-146 2.4013e-146 4.71422e-145
0.516667 -1.34994e-144 6.87708e-145 1.35849e-143
0.520833 -3.79887e-143 1.90721e-143 3.79106e-142
0.525 -1.03571e-141 5.12433e-142 1.02502e-140
0.529167 -2.73692e-140 1.33451e-140 2.68641e-139
0.533333 -7.01343e-139 3.3702e-139 6.8278e-138
0.5375 -1.74355e-137 8.25709e-138 1.68364e-136
0.541667 -4.20691e-136 1.96348e-136 4.02965e-135
0.545833 -9.85602e-135 4.53353e-135 9.3652e-134
0.55 -2.243e-133 1.01681e-133 2.11437e-132
0.554167 -4.96048e-132 2.21621e-132 4.63908e-131
0.558333 -1.06649e-130 4.69594e-131 9.89565e-130
0.5625 -2.22995e-129 9.67701e-130 2.05298e-128
0.566667 -4.53632e-128 1.94014e-128 4.14397e-127
0.570833 -8.98141e-127 3.78579e-127 8.14144e-126
0.575 -1.73131e-125 7.19234e-126 1.55738e-124
0.579167 -3.25047e-124 1.33084e-124 2.90169e-123
0.583333 -5.94581e-123 2.39927e-123 5.2677e-122
0.5875 -1.06002e-121 4.2157e-122 9.32072e-121
0.591667 -1.84249e-120 7.22181e-121 1.60798e-119
0.595833 -3.12333e-119 1.20656e-119 2.70555e-118
0.6 -5.16529e-118 1.96658e-118 4.44132e-117
0.604167 -8.33623e-117 3.12806e-117 7.11517e-116
0.608333 -1.31334e-115 4.85703e-116 1.11277e-114
0.6125 -2.02042e-114 7.36421e-115 1.69944e-113
0.616667 -3.03596e-113 1.09061e-113 2.53519e-112
0.620833 -4.4572e-112 1.57807e-112 3.69525e-111
0.625 -6.3953e-111 2.23159e-111 5.26412e-110
0.629167 -8.97041e-110 3.085e-110 7.33123e-109
0.633333 -1.23036e-108 4.1703e-109 9.9842e-108
0.6375 -1.65059e-107 5.51396e-108 1.32999e-106
0.641667 -2.16641e-106 7.13275e-107 1.7334e-105
0.645833 -2.7826e-105 9.02938e-106 2.2109e-104
0.65 -3.49846e-104 1.11886e-104 2.76039e-103
0.654167 -4.30649e-103 1.35742e-103 3.37449e-102
0.658333 -5.19153e-102 1.61279e-102 4.04004e-101
0.6625 -6.13049e-101 1.87703e-101 4.7381e-100
0.666667 -7.09288e-100 2.14039e-100 5.44457e-99
0.670833 -8.04221e-99 2.39188e-99 6.13144e-98
0.675 -8.93821e-98 2.62005e-98 6.76857e-97
0.679167 -9.73962e-97 2.81382e-97 7.32589e-96
0.683333 -1.04074e-95 2.96343e-96 7.77582e-95
0.6875 -1.0908e-94 3.06121e-95 8.09553e-94
0.691667 -1.12159e-93 3.1023e-94 8.26888e-93
0.695833 -1.13163e-92 3.08498e-93 8.28778e-92
0.7 -1.12057e-91 3.01084e-92 8.15278e-91
0.704167 -1.08923e-90 2.88451e-91 7.87289e-90
0.708333 -1.03952e-89 2.71325e-90 7.46458e-89
0.7125 -9.7423e-89 2.50624e-89 6.95028e-88
0.716667 -8.96774e-88 2.27379e-88 6.35628e-87
0.720833 -8.10916e-87 2.02653e-87 5.71066e-86
0.725 -7.20473e-86 1.77462e-86 5.04115e-85
0.729167 -6.29049e-85 1.52716e-85 4.37328e-84
0.733333 -5.39821e-84 1.2917e-84 3.72902e-83
0.7375 -4.55394e-83 1.07403e-83 3.12582e-82
0.741667 -3.77719e-82 8.78042e-83 2.57624e-81
0.745833 -3.08081e-81 7.0588e-82 2.08802e-80
0.75 -2.47141e-80 5.58127e-81 1.66447e-79
0.754167 -1.95019e-79 4.34099e-80 1.3052e-78
0.758333 -1.51401e-78 3.32175e-79 1.00695e-77
0.7625 -1.15655e-77 2.5011e-78 7.64417e-77
0.766667 -8.69456e-77 1.85331e-77 5.71099e-76
0.770833 -6.43346e-76 1.35169e-76 4.19966e-75
0.775 -4.68616e-75 9.70482e-76 3.04019e-74
0.779167 -3.36067e-74 6.86018e-75 2.16686e-73
0.783333 -2.37318e-73 4.7751e-74 1.52078e-72
0.7875 -1.65041e-72 3.27331e-73 1.05115e-71
0.791667 -1.13049e-71 2.21009e-72 7.15626e-71
0.795833 -7.62802e-71 1.46996e-71 4.79938e-70
0.8 -5.07089e-70 9.6323e-71 3.17116e-69
0.804167 -3.32153e-69 6.21928e-70 2.06462e-68
0.808333 -2.14402e-68 3.95721e-69 1.32466e-67
0.8125 -1.36398e-67 2.4816e-68 8.37661e-67
0.816667 -8.55325e-67 1.53397e-67 5.2213e-66
0.820833 -5.28746e-66 9.34762e-67 3.20841e-65
0.825 -3.2226e-65 5.61605e-66 1.9438e-64
0.829167 -1.93669e-64 3.32703e-65 1.16121e-63
0.833333 -1.14777e-63 1.9437e-64 6.84104e-63
0.8375 -6.70874e-63 1.11994e-63 3.97492e-62
0.841667 -3.8678e-62 6.36501e-63 2.27812e-61
0.845833 -2.19974e-61 3.56854e-62 1.288e-60
0.85 -1.23427e-60 1.97385e-61 7.1844e-60
0.854167 -6.83312e-60 1.07725e-60 3.95406e-59
0.858333 -3.73291e-59 5.80146e-60 2.14743e-58
0.8625 -2.01251e-58 3.08335e-59 1.15097e-57
0.866667 -1.07086e-57 1.61739e-58 6.08855e-57
0.870833 -5.62432e-57 8.3744e-58 3.17918e-56
0.875 -2.91605e-56 4.28037e-57 1.63873e-55
0.879167 -1.49261e-55 2.15992e-56 8.3393e-55
0.883333 -7.54333e-55 1.07613e-55 4.19008e-54
0.8875 -3.76431e-54 5.29413e-55 2.07886e-53
0.891667 -1.85503e-53 2.57201e-54 1.01853e-52
0.895833 -9.02808e-53 1.23405e-53 4.92841e-52
0.9 -4.33968e-52 5.84803e-53 2.35538e-51
0.904167 -2.06051e-51 2.73743e-52 1.11192e-50
0.908333 -9.66449e-51 1.26581e-51 5.18533e-50
0.9125 -4.47824e-50 5.78253e-51 2.38895e-49
0.916667 -2.05019e-49 2.60992e-50 1.08743e-48
0.920833 -9.27412e-49 1.16394e-49 4.89087e-48
0.925 -4.14549e-48 5.12929e-49 2.17371e-47
0.929167 -1.8312e-47 2.23379e-48 9.54718e-47
0.933333 -7.99438e-47 9.61432e-48 4.1442e-46
0.9375 -3.44948e-46 4.08992e-47 1.77799e-45
0.941667 -1.47121e-45 1.71974e-46 7.53999e-45
0.945833 -6.20261e-45 7.1481e-46 3.16079e-44
0.95 -2.58515e-44 2.93717e-45 1.30988e-43
0.954167 -1.06521e-43 1.19318e-44 5.36673e-43
0.958333 -4.33963e-43 4.79239e-44 2.17399e-42
0.9625 -1.7481e-42 1.90323e-43 8.70767e-42
0.966667 -6.96309e-42 7.47401e-43 3.44882e-41
0.970833 -2.74276e-41 2.90244e-42 1.3508e-40
0.975 -1.06844e-40 1.11467e-41 5.23222e-40
0.979167 -4.11634e-40 4.23382e-41 2.0044e-39
0.983333 -1.56856e-39 1.59053e-40 7.5947e-39
0.9875 -5.91208e-39 5.91016e-40 2.84635e-38
0.991667 -2.20423e-38 2.17235e-39 1.05522e-37
0.995833 -8.12963e-38 7.89873e-39 3.86987e-37
1 -2.96625e-37 2.84121e-38 1.40401e-36
1.00417 -1.07075e-36 1.01109e-37 5.03956e-36
1.00833 -3.82418e-36 3.55993e-37 1.7897e-35
1.0125 -1.35137e-35 1.24016e-36 6.28863e-35
1.01667 -4.72522e-35 4.27482e-36 2.18646e-34
1.02083 -1.63493e-34 1.45809e-35 7.52239e-34
1.025 -5.59792e-34 4.92147e-35 2.56107e-33
1.02917 -1.89682e-33 1.64389e-34 8.6289e-33
1.03333 -6.36082e-33 5.43415e-34 2.87726e-32
1.0375 -2.1111e-32 1.77784e-33 9.4953e-32
1.04167 -6.93476e-32 5.75671e-33 3.10144e-31
1.04583 -2.25475e-31 1.84499e-32 1.00268e-30
1.05 -7.25651e-31 5.85283e-32 3.20864e-30
1.05417 -2.31172e-30 1.83784e-31 1.01638e-29
1.05833 -7.29018e-30 5.71266e-31 3.18701e-29
1.0625 -2.27589e-29 1.7578e-30 9.89283e-29
1.06667 -7.03383e-29 5.35448e-30 3.04006e-28
1.07083 -2.15216e-28 1.61472e-29 9.24872e-28
1.075 -6.51947e-28 4.82081e-29 2.7857e-27
1.07917 -1.95533e-27 1.42496e-28 8.3072e-27
1.08333 -5.80647e-27 4.17021e-28 2.45276e-26
1.0875 -1.70727e-26 1.20836e-27 7.17051e-26
1.09167 -4.97051e-26 3.46682e-27 2.07563e-25
1.09583 -1.43292e-25 9.84861e-27 5.94935e-25
1.1 -4.0905e-25 2.77036e-26 1.68856e-24
1.10417 -1.15631e-24 7.71664e-26 4.74577e-24
1.10833 -3.23691e-24 2.12843e-25 1.32083e-23
1.1125 -8.97331e-24 5.81351e-25 3.64039e-23
1.11667 -2.46349e-23 1.57245e-24 9.93621e-23
1.12083 -6.69782e-23 4.21193e-24 2.6858e-22
1.125 -1.80348e-22 1.11728e-23 7.18977e-22
1.12917 -4.80941e-22 2.9351e-23 1.90614e-21
1.13333 -1.27023e-21 7.63613e-23 5.00492e-21
1.1375 -3.3227e-21 1.96752e-22 1.30152e-20
1.14167 -8.60846e-21 5.02074e-22 3.35216e-20
1.14583 -2.20898e-20 1.26889e-21 8.55111e-20
1.15 -5.61428e-20 3.17606e-21 2.16048e-19
1.15417 -1.41332e-19 7.87355e-21 5.40646e-19
1.15833 -3.52397e-19 1.93318e-20 1.34003e-18
1.1625 -8.70315e-19 4.70105e-20 3.28974e-18
1.16667 -2.129e-18 1.13225e-19 7.99936e-18
1.17083 -5.15864e-18 2.70096e-19 1.92663e-17
1.175 -1.2381e-17 6.38148e-19 4.59614e-17
1.17917 -2.94333e-17 1.49332e-18 1.08603e-16
1.18333 -6.93085e-17 3.46109e-18 2.54183e-16
1.1875 -1.61659e-16 7.9451e-18 5.89257e-16
1.19167 -3.7349e-16 1.80639e-17 1.35307e-15
1.19583 -8.54721e-16 4.0677e-17 3.07743e-15
1.2 -1.93747e-15 9.07206e-17 6.93281e-15
1.20417 -4.35017e-15 2.00392e-16 1.54697e-14
1.20833 -9.67473e-15 4.38397e-16 3.41902e-14
1.2125 -2.13122e-14 9.49866e-16 7.48456e-14
1.21667 -4.6502e-14 2.03825e-15 1.62282e-13
1.22083 -1.005e-13 4.3316e-15 3.48507e-13
1.225 -2.1513e-13 9.11644e-15 7.41277e-13
1.22917 -4.56116e-13 1.90011e-14 1.56161e-12
1.23333 -9.57812e-13 3.92195e-14 3.25821e-12
1.2375 -1.99209e-12 8.01644e-14 6.73277e-12
1.24167 -4.10347e-12 1.62258e-13 1.37786e-11
1.24583 -8.37143e-12 3.25211e-13 2.79258e-11
1.25 -1.69139e-11 6.45418e-13 5.60508e-11
1.25417 -3.38431e-11 1.2683e-12 1.1141e-10
1.25833 -6.70608e-11 2.46768e-12 2.19289e-10
1.2625 -1.31591e-10 4.75362e-12 4.27411e-10
1.26667 -2.55697e-10 9.0659e-12 8.24895e-10
1.27083 -4.91987e-10 1.7117e-11 1.57636e-09
1.275 -9.37331e-10 3.19927e-11 2.98265e-09
1.27917 -1.76818e-09 5.91913e-11 5.58751e-09
1.28333 -3.30242e-09 1.08398e-10 1.03629e-08
1.2875 -6.10651e-09 1.9648e-10 1.90271e-08
1.29167 -1.11785e-08 3.52465e-10 3.45835e-08
1.29583 -2.02574e-08 6.25726e-10 6.22219e-08
1.3 -3.63385e-08 1.09923e-09 1.10808e-07
1.30417 -6.45216e-08 1.91071e-09 1.95308e-07
1.30833 -1.13389e-07 3.28595e-09 3.40695e-07
1.3125 -1.97212e-07 5.59047e-09 5.8813e-07
1.31667 -3.39437e-07 9.40833e-09 1.00464e-06
1.32083 -5.78115e-07 1.56605e-08 1.69799e-06
1.325 -9.74233e-07 2.57795e-08 2.83933e-06
1.32917 -1.62429e-06 4.19631e-08 4.69685e-06
1.33333 -2.67903e-06 6.75342e-08 7.68537e-06
1.3375 -4.37077e-06 1.07443e-07 1.24378e-05
1.34167 -7.05272e-06 1.68952e-07 1.99063e-05
1.34583 -1.12544e-05 2.62546e-07 3.15032e-05
1.35 -1.77584e-05 4.03107e-07 4.92921e-05
1.35417 -2.77038e-05 6.11396e-07 7.62424e-05
1.35833 -4.27236e-05 9.15828e-07 0.000116559
1.3625 -6.51213e-05 1.35453e-06 0.000176099
1.36667 -9.80918e-05 1.97759e-06 0.000262877
1.37083 -0.000145989 2.84919e-06 0.00038766
1.375 -0.000214635 4.04957e-06 0.000564628
1.37917 -0.000311664 5.67597e-06 0.00081207
1.38333 -0.00044687 7.8422e-06 0.00115303
1.3875 -0.000632527 1.06759e-05 0.00161581
1.39167 -0.000883622 1.43125e-05 0.0022342
1.39583 -0.00121792 1.88849e-05 0.00304721
1.4 -0.00165578 2.45076e-05 0.00409811
1.40417 -0.00221955 3.12556e-05 0.0054326
1.40833 -0.00293256 3.91364e-05 0.0070957
1.4125 -0.00381737 4.8058e-05 0.00912746
1.41667 -0.00489347 5.77926e-05 0.0115572
1.42083 -0.00617419 6.7942e-05 0.0143964
1.425 -0.00766303 7.79087e-05 0.0176309
1.42917 -0.00934956 8.6879e-05 0.0212128
1.43333 -0.0112053 9.38282e-05 0.0250526
1.4375 -0.0131802 9.75532e-05 0.0290145
1.44167 -0.0151998 9.67408e-05 0.0329137
1.44583 -0.0171654 9.00748e-05 0.0365203
1.45 -0.0189555 7.63797e-05 0.0395682
1.45417 -0.0204319 5.47926e-05 0.0417723
1.45833 -0.0214488 2.49466e-05 0.0428521
1.4625 -0.0218651 -1.28607e-05 0.0425612
1.46667 -0.0215604 -5.75435e-05 0.0407195
1.47083 -0.0204513 -0.000107184 0.0372454
1.475 -0.0185067 -0.0001591 0.0321801
1.47917 -0.0157603 -0.00021004 0.0257019
1.48333 -0.0123155 -0.00025652 0.018122
1.4875 -0.00834192 -0.000295256 0.00986129
1.49167 -0.00406113 -0.000323674 0.0014049
1.49583 0.000277714 -0.000340388 -0.0067598
1.5 0.00443106 -0.000345581 -0.0142165
1.50417 0.00819837 -0.000341176 -0.0206922
1.50833 0.0114579 -0.000330718 -0.0261154
1.5125 0.0141943 -0.000318945 -0.0306466
1.51667 0.0165103 -0.000311036 -0.0346697
1.52083 0.0186185 -0.000311643 -0.0387387
1.525 0.02081 -0.000323844 -0.043483
1.52917 0.0234033 -0.000348204 -0.0494813
1.53333 0.0266778 -0.000382158 -0.0571249
1.5375 0.0308053 -0.000419873 -0.0664942
1.54167 0.0357895 -0.000452705 -0.0772748
1.54583 0.041429 -0.000470231 -0.0887342
1.55 0.0473116 -0.000461729 -0.0997703
1.55417 0.0528456 -0.000417879 -0.10903
1.55833 0.0573259 -0.000332392 -0.11508
1.5625 0.0600253 -0.000203264 -0.11661
1.56667 0.060297 -3.34283e-05 -0.112623
1.57083 0.0576709 0.000169305 -0.102595
1.575 0.0519284 0.000393001 -0.086567
1.57917 0.0431441 0.000622868 -0.0651664
1.58333 0.0316906 0.000842824 -0.0395617
1.5875 0.0182083 0.00103708 -0.011357
1.59167 0.00354886 0.00119155 0.0175476
1.59583 -0.0112995 0.00129499 0.0451148
1.6 -0.0252931 0.00133986 0.0693329
1.60417 -0.0374166 0.00132288 0.0883782
1.60833 -0.0467654 0.0012455 0.100773
1.6125 -0.0526255 0.00111405 0.105536
1.61667 -0.0545484 0.000939555 0.102312
1.62083 -0.0524125 0.000737093 0.091453
1.625 -0.0464605 0.000524428 0.0740348
1.62917 -0.0372969 0.000319994 0.051767
1.63333 -0.025834 0.000140416 0.0267983
1.6375 -0.0131842 -1.96105e-06 0.00143166
1.64167 -0.000509894 -0.000100949 -0.0222021
1.64583 0.0111408 -0.000157213 -0.0424388
1.65 0.0209767 -0.000177484 -0.0582689
1.65417 0.0285453 -0.000172373 -0.0693641
1.65833 0.0337321 -0.000153379 -0.0759321
1.6625 0.0366738 -0.000129979 -0.0784445
1.66667 0.0376148 -0.000107767 -0.0773259
1.67083 0.0367525 -8.829e-05 -0.0727125
1.675 0.0341269 -7.06611e-05 -0.064369
1.67917 0.0295952 -5.43301e-05 -0.0518001
1.68333 0.0229032 -4.18993e-05 -0.0345213
1.6875 0.0138319 -4.07328e-05 -0.0123941
1.69167 0.00236505 -6.24746e-05 0.0140997
1.69583 -0.0111836 -0.00012033 0.0437513
1.7 -0.0261348 -0.000224843 0.0747297
1.70417 -0.0415156 -0.000379554 0.104868
1.70833 -0.0562158 -0.000578098 0.132023
1.7125 -0.0691732 -0.000803863 0.154396
1.71667 -0.0795235 -0.00103247 0.170685
1.72083 -0.0866685 -0.00123631 0.18007
1.725 -0.0902511 -0.0013898 0.182059
1.72917 -0.0900698 -0.00147354 0.176301
1.73333 -0.0859888 -0.00147651 0.162506
1.7375 -0.0779036 -0.00139599 0.140519
1.74167 -0.0657902 -0.00123569 0.110555
1.74583 -0.0498295 -0.00100371 0.0734957
1.75 -0.0305521 -0.000711019 0.0311096
1.75417 -0.00893668 -0.000371396 -0.0139197
1.75833 0.0135987 -2.333e-06 -0.0582235
1.7625 0.0353324 0.000373997 -0.0981952
1.76667 0.0544775 0.000730846 -0.130543
1.77083 0.069461 0.00103887 -0.152798
1.775 0.0791676 0.00126995 -0.163656
1.77917 0.0830883 0.00140204 -0.16307
1.78333 0.0813452 0.00142363 -0.152129
1.7875 0.0746051 0.00133647 -0.132759
1.79167 0.0639202 0.00115576 -0.107376
1.79583 0.0505442 0.000907513 -0.0785401
1.8 0.0357656 0.000623975 -0.0486918
1.80417 0.020783 0.000338067 -0.0199803
1.80833 0.00662846 7.82277e-05 0.00582626
1.8125 -0.00586694 -0.000135312 0.0273683
1.81667 -0.0160798 -0.000292187 0.04369
1.82083 -0.0235883 -0.000391373 0.0542332
1.825 -0.0281676 -0.000438904 0.0588481
1.82917 -0.0297964 -0.000444641 0.0578248
1.83333 -0.0286718 -0.000419118 0.0519214
1.8375 -0.0252213 -0.000371357 0.0423469
1.84167 -0.0200879 -0.000308176 0.0306553
1.84583 -0.0140694 -0.000234841 0.0185319
1.85 -0.00800417 -0.000156372 0.00750523
1.85417 -0.00262624 -7.85289e-05 -0.00133601
1.85833 0.00157056 -7.74056e-06 -0.00751893
1.8625 0.00440749 5.01221e-05 -0.0111839
1.86667 0.0060042 9.14729e-05 -0.0129018
1.87083 0.00667558 0.000116181 -0.013389
1.875 0.00678559 0.000127338 -0.0132414
1.87917 0.00662015 0.000129539 -0.0127921
1.88333 0.00632692 0.000126513 -0.0121226
1.8875 0.00593112 0.0001194 -0.0111728
1.89167 0.0053951 0.000106715 -0.00985077
1.89583 0.00467134 8.60419e-05 -0.0080687
1.9 0.00371585 5.64494e-05 -0.00570827
1.90417 0.00246937 2.01099e-05 -0.00259567
1.90833 0.000848734 -1.79641e-05 0.00142291
1.9125 -0.00120818 -5.19646e-05 0.00628329
1.91667 -0.00364008 -7.78271e-05 0.0114756
1.92083 -0.00615513 -9.45801e-05 0.0159569
1.925 -0.0082052 -0.000103553 0.0183485
1.92917 -0.00910593 -0.000105962 0.0174202
1.93333 -0.00829201 -0.000100638 0.0126831
1.9375 -0.00560679 -8.38029e-05 0.00479713
1.94167 -0.00147831 -5.15718e-05 -0.00445926
1.94583 0.00313415 -3.98808e-06 -0.0127112
1.95 0.00703297 5.19764e-05 -0.0178076
1.95417 0.00920093 0.000102822 -0.0185797
1.95833 0.00916042 0.00013292 -0.0151987
1.9625 0.00711317 0.000131102 -0.00899798
1.96667 0.00381062 9.60932e-05 -0.00188723
1.97083 0.000236999 3.77817e-05 0.00433364
1.975 -0.00273342 -2.65302e-05 0.00845897
1.97917 -0.00455878 -7.90803e-05 0.0100226
1.98333 -0.00507638 -0.000108358 0.00917258
1.9875 -0.00442066 -0.000112502 0.00645746
1.99167 -0.00290775 -9.83846e-05 0.00266725
1.99583 -0.000955241 -7.77334e-05 -0.00125811
2 0.000963797 -6.28987e-05 -0.00434812
2.00417 0.00238266 -6.42729e-05 -0.00582948
2.00833 0.00295542 -8.97007e-05 -0.00541881
2.0125 0.00259552 -0.000144726 -0.0035078
2.01667 0.00154992 -0.000232336 -0.00105874
2.02083 0.000324211 -0.000351965 0.00082246
2.025 -0.000544655 -0.000498805 0.00144706
2.02917 -0.000762829 -0.000664799 0.000915827
2.03333 -0.000439626 -0.000841495 5.10684e-05
2.0375 -2.05181e-05 -0.00102314 -0.000107956
2.04167 -1.41339e-05 -0.00120749 0.00103834
2.04583 -0.000669103 -0.00139272 0.00324115
2.05 -0.00179881 -0.00157146 0.00550098
2.05417 -0.00286647 -0.0017252 0.00661617
2.05833 -0.00328113 -0.00182325 0.00584566
2.0625 -0.00272395 -0.00182799 0.00328982
2.06667 -0.00131094 -0.00170509 -0.000209662
2.07083 0.0004896 -0.00143433 -0.00353667
2.075 0.00210895 -0.00101636 -0.00580985
2.07917 0.0031293 -0.00047342 -0.0066379
2.08333 0.00339326 0.00015498 -0.00605163
2.0875 0.00295186 0.000818086 -0.00428408
2.09167 0.00194782 0.00145883 -0.00164232
2.09583 0.00055525 0.00201737 0.00142674
2.1 -0.000983036 0.00243525 0.0042002
2.10417 -0.00229204 0.00266247 0.00571028
2.10833 -0.0028937 0.00266768 0.00507419
2.1125 -0.00238335 0.0024484 0.00199913
2.11667 -0.000678319 0.00203685 -0.00286373
2.12083 0.00182877 0.00149744 -0.00801815
2.125 0.00435265 0.000915841 -0.0117145
2.12917 0.00603436 0.00038278 -0.0127484
2.13333 0.00633788 -2.22671e-05 -0.0110237
2.1375 0.00530194 -0.000243168 -0.00756093
2.14167 0.00350421 -0.000253035 -0.00396753
2.14583 0.00176657 -5.42781e-05 -0.00168733
2.15 0.000776224 0.00032576 -0.0014383
2.15417 0.000825472 0.000842176 -0.00307663
2.15833 0.00177498 0.00144161 -0.00584512
2.1625 0.00320251 0.00207127 -0.00877144
2.16667 0.00461065 0.00268541 -0.0109856
2.17083 0.00558005 0.00324667 -0.0118738
2.175 0.00583526 0.00372195 -0.0111282
2.17917 0.00526005 0.00407525 -0.00877953
2.18333 0.00390656 0.00426271 -0.00521629
2.1875 0.0019986 0.00423473 -0.00111768
2.19167 -0.000109105 0.00394687 0.00275383
2.19583 -0.00203973 0.00337577 0.0058418
2.2 -0.00353732 0.00253258 0.00800843
2.20417 -0.00456329 0.0014664 0.00952952
2.20833 -0.00528039 0.000254121 0.0108709
2.2125 -0.00593141 -0.0010197 0.0124007
2.21667 -0.0066951 -0.00228437 0.0142325
2.22083 -0.00761524 -0.00349561 0.0162807
2.225 -0.0086367 -0.00463277 0.0184366
2.22917 -0.00969584 -0.00568162 0.0206804
2.23333 -0.0107734 -0.00661078 0.0230203
2.2375 -0.0118602 -0.00735437 0.0253162
2.24167 -0.012872 -0.00781134 0.0271709
2.24583 -0.0136047 -0.00786565 0.0280297
2.25 -0.0137948 -0.00742142 0.0274616
2.25417 -0.0132611 -0.00644002 0.025429
2.25833 -0.0120285 -0.00496404 0.0223425
2.2625 -0.0103368 -0.00311792 0.0188456
2.26667 -0.00851795 -0.00108557 0.0154725
2.27083 -0.00682359 0.000925385 0.0124079
2.275 -0.00531647 0.00271884 0.00949104
2.27917 -0.0038887 0.00413453 0.00641597
2.28333 -0.00237254 0.00505963 0.002954
2.2875 -0.000650885 0.00543348 -0.000961255
2.29167 0.0013078 0.00525251 -0.0053048
2.29583 0.00349153 0.00457632 -0.0100751
2.3 0.0059016 0.00352849 -0.0153216
2.30417 0.00855999 0.00228245 -0.0210504
2.30833 0.0114566 0.00102906 -0.0270919
2.3125 0.0144849 -6.5334e-05 -0.033052
2.31667 0.0174265 -0.000892635 -0.0384031
2.32083 0.020008 -0.00141262 -0.0426622
2.325 0.0219951 -0.00163606 -0.0455452
2.32917 0.0232648 -0.00159568 -0.047008
2.33333 0.0238139 -0.00132655 -0.0471644
2.3375 0.0237071 -0.000868938 -0.0461344
2.34167 0.0229981 -0.000286545 -0.0439048
2.34583 0.0216678 0.000322197 -0.0402698
2.35 0.0196085 0.000840116 -0.0348892
2.35417 0.0166648 0.00117378 -0.0274592
2.35833 0.0127202 0.00129647 -0.0179333
2.3625 0.00779693 0.00125764 -0.00667953
2.36667 0.00211879 0.0011442 0.00553747
2.37083 -0.00390823 0.00101552 0.0177699
2.375 -0.00980159 0.000859426 0.0291835
2.37917 -0.015138 0.000607986 0.0392399
2.38333 -0.0196315 0.000209385 0.0476316
2.3875 -0.0230991 -0.000295279 0.0540294
2.39167 -0.0253473 -0.00075527 0.0578751
2.39583 -0.0260893 -0.000981397 0.0584564
2.4 -0.0249931 -0.000866683 0.0552873
2.40417 -0.0218624 -0.00047198 0.0485456
2.40833 -0.0168293 -6.67878e-06 0.0392245
2.4125 -0.0104051 0.000293586 0.0288336
2.41667 -0.00332654 0.000311989 0.0188252
2.42083 0.00371208 0.000115316 0.0101359
2.425 0.0102573 -0.000108562 0.00314205
2.42917 0.0161014 -0.000191963 -0.00201965
2.43333 0.0211262 -9.84444e-05 -0.00510479
2.4375 0.0251484 7.94352e-05 -0.00572294
2.44167 0.0279117 0.000224573 -0.00363634
2.44583 0.0292259 0.000305537 0.000904829
2.45 0.0291108 0.000393038 0.00713811
2.45417 0.0277954 0.000568217 0.0141351
2.45833 0.0255589 0.000809431 0.0212167
2.4625 0.0225606 0.000970569 0.0280467
2.46667 0.0188265 0.00088641 0.0342993
2.47083 0.0144196 0.000522887 0.0392205
2.475 0.00963464 3.78101e-05 0.0415589
2.47917 0.00500902 -0.000315651 0.0400648
2.48333 0.00108021 -0.000375898 0.0342525
2.4875 -0.00194823 -0.000198226 0.0248347
2.49167 -0.00436526 -1.05835e-05 0.0134417
2.49583 -0.00678297 -3.2607e-05 0.00178663
2.5 -0.00974207 -0.000307085 -0.00912753
2.50417 -0.0133767 -0.000681394 -0.0192087
2.50833 -0.0173766 -0.000946166 -0.0288215
2.5125 -0.0212489 -0.00100537 -0.038131
2.51667 -0.0246534 -0.000933755 -0.0468036
2.52083 -0.0275528 -0.000885977 -0.0542643
2.525 -0.0301008 -0.000953695 -0.0602048
2.52917 -0.0324148 -0.00110143 -0.0648456
2.53333 -0.0344607 -0.00122578 -0.0687154
2.5375 -0.0361449 -0.00126481 -0.0721727
2.54167 -0.0375014 -0.00124882 -0.0751288
2.54583 -0.0387604 -0.00125438 -0.0772341
2.55 -0.0401933 -0.00132156 -0.0783476
2.55417 -0.041834 -0.00141929 -0.0788292
2.55833 -0.0433096 -0.00148133 -0.0793304
2.5625 -0.0439372 -0.00146078 -0.0801974
2.56667 -0.0430328 -0.00134532 -0.080958
2.57083 -0.0401989 -0.00113379 -0.0803252
2.575 -0.0353817 -0.000821706 -0.0767472
2.57917 -0.0286853 -0.000421238 -0.0691057
2.58333 -0.0201424 1.77036e-05 -0.0570695
2.5875 -0.00967613 0.000433124 -0.0409244
2.59167 0.00268247 0.000812462 -0.0211419
2.59583 0.0164957 0.00121599 0.00185821
2.6 0.0308012 0.00170965 0.0275109
2.60417 0.044301 0.00225693 0.0546659
2.60833 0.0557334 0.00269004 0.0813551
2.6125 0.0641609 0.00282134 0.105066
2.61667 0.0690029 0.00260792 0.123401
2.62083 0.0698843 0.00220258 0.134673
2.625 0.0665323 0.0018202 0.138062
2.62917 0.0588845 0.00153799 0.133355
2.63333 0.0473359 0.00123209 0.120643
2.6375 0.0328769 0.00072432 0.10034
2.64167 0.0169409 -5.59203e-06 0.0735196
2.64583 0.00102647 -0.000763009 0.0421888
2.65 -0.0136491 -0.00129939 0.00913476
2.65417 -0.0262488 -0.00152504 -0.022672
2.65833 -0.0361876 -0.00155594 -0.0507342
2.6625 -0.0429853 -0.00156024 -0.0733284
2.66667 -0.0462863 -0.00158399 -0.0893674
2.67083 -0.0460227 -0.0015421 -0.0981194
2.675 -0.0425386 -0.00135987 -0.0991398
2.67917 -0.036523 -0.00108016 -0.0924956
2.68333 -0.0287786 -0.000810418 -0.0790337
2.6875 -0.0199907 -0.000591535 -0.0603901
2.69167 -0.0106328 -0.000367239 -0.0386607
2.69583 -0.00101464 -9.56128e-05 -0.0159206
2.7 0.00861725 0.000152493 0.00615346
2.70417 0.0180037 0.00026037 0.0264339
2.70833 0.0268422 0.00023366 0.0442991
2.7125 0.0347951 0.000247109 0.0594925
2.71667 0.0415352 0.000470124 0.0719644
2.72083 0.0468078 0.00085253 0.0817574
2.725 0.0504477 0.00114049 0.0889634
2.72917 0.0523074 0.00114317 0.0937129
2.73333 0.0521507 0.000957902 0.0960853
2.7375 0.049648 0.000876098 0.095896
2.74167 0.0445535 0.00105445 0.0925062
2.74583 0.0369506 0.0013289 0.0849279
2.75 0.0273357 0.00140279 0.0723307
2.75417 0.016435 0.00120128 0.0546799
2.75833 0.00491698 0.000972447 0.0330184
2.7625 -0.00671742 0.00100454 0.00914935
2.76667 -0.0179751 0.00128794 -0.015004
2.77083 -0.0281652 0.0015236 -0.0378246
2.775 -0.036447 0.00146671 -0.057968
2.77917 -0.0421548 0.0011917 -0.0741629
2.78333 -0.0450987 0.000968521 -0.0852944
2.7875 -0.0455402 0.000921196 -0.0908135
2.79167 -0.0438825 0.000899997 -0.0910114
2.79583 -0.0404116 0.000713187 -0.0867512
2.8 -0.035327 0.000401098 -0.0788271
2.80417 -0.0289404 0.000189115 -0.0675834
2.80833 -0.0217301 0.000184401 -0.0531808
2.8125 -0.0141458 0.000223376 -0.0362049
2.81667 -0.00640418 7.99798e-05 -0.017942
2.82083 0.0014389 -0.000236873 -3.34153e-05
2.825 0.00916886 -0.000495116 0.0161064
2.82917 0.0161785 -0.000551513 0.0295292
2.83333 0.0215817 -0.000547535 0.0395443
2.8375 0.0245873 -0.000717973 0.0454862
2.84167 0.0248227 -0.00106097 0.0468494
2.84583 0.0224201 -0.00131887 0.0436821
2.85 0.0179292 -0.00131399 0.0367996
2.85417 0.012195 -0.00119941 0.0275827
2.85833 0.00621042 -0.00127856 0.0175534
2.8625 0.000887739 -0.00161424 0.00803709
2.86667 -0.00319325 -0.0019363 -7.00951e-06
2.87083 -0.00588882 -0.0019696 -0.00609357
2.875 -0.00736822 -0.00175046 -0.010274
2.87917 -0.00789848 -0.00152427 -0.0130225
2.88333 -0.00772104 -0.00138713 -0.014913
2.8875 -0.0070336 -0.00117188 -0.0162895
2.89167 -0.00595646 -0.00072366 -0.0171579
2.89583 -0.00446659 -0.00016013 -0.0172792
2.9 -0.00244858 0.000259159 -0.0162865
2.90417 6.90652e-05 0.000464106 -0.0138009
2.90833 0.00270655 0.000623599 -0.00969647
2.9125 0.00484558 0.000844247 -0.00448292
2.91667 0.00602573 0.000977299 0.000596449
2.92083 0.00622377 0.000847013 0.0040963
2.925 0.00572072 0.000571648 0.00524898
2.92917 0.004759 0.000456623 0.0044101
2.93333 0.00344215 0.000546799 0.00264083
2.9375 0.00196932 0.00048841 0.000902506
2.94167 0.000787583 -1.32218e-05 -0.00030033
2.94583 0.000310176 -0.000727065 -0.000657465
2.95 0.000459243 -0.00112974 0.000166994
2.95417 0.00063191 -0.00111301 0.00218427
2.95833 0.000229335 -0.00119165 0.00458496
2.9625 -0.00082455 -0.00182328 0.00596582
2.96667 -0.00216009 -0.00270006 0.00535143
2.97083 -0.00346846 -0.00304001 0.00300844
2.975 -0.00473874 -0.00260145 0.000157686
2.97917 -0.00594202 -0.00206738 -0.00205288
2.98333 -0.0066873 -0.00217849 -0.00313745
2.9875 -0.00644862 -0.00269506 -0.00293717
2.99167 -0.00515983 -0.00262331 -0.00113472
2.99583 -0.00339185 -0.00151119 0.00248851
