0 0 0 0
0.00416667 0 0 0
0.00833333 0 0 0
0.0125 0 0 0
0.0166667 0 0 0
0.0208333 0 0 0
0.025 0 0 0
0.0291667 0 0 0
0.0333333 0 0 0
0.0375 0 0 0
0.0416667 0 0 0
0.0458333 0 0 0
0.05 0 0 0
0.0541667 0 0 0
0.0583333 0 0 0
0.0625 0 0 0
0.0666667 0 0 0
0.0708333 0 0 0
0.075 0 0 0
0.0791667 0 0 0
0.0833333 0 0 0
0.0875 0 0 0
0.0916667 0 0 0
0.0958333 0 0 0
0.1 0 0 0
0.104167 0 0 0
0.108333 0 0 0
0.1125 0 0 0
0.116667 0 0 0
0.120833 0 0 0
0.125 -1.82804e-322 3.78948e-321 8.18173e-321
0.129167 -2.0713e-316 2.85593e-315 6.08258e-315
0.133333 -1.00455e-310 1.3401e-309 2.85475e-309
0.1375 -3.2105e-305 4.14804e-304 8.83831e-304
0.141667 -6.93329e-300 8.68414e-299 1.85076e-298
0.145833 -1.03514e-294 1.25803e-293 2.68173e-293
0.15 -1.091e-289 1.28762e-288 2.74546e-288
0.154167 -8.27439e-285 9.49104e-284 2.02417e-283
0.158333 -4.59593e-280 5.12734e-279 1.09379e-278
0.1625 -1.9001e-275 2.0632e-274 4.40247e-274
0.166667 -5.93523e-271 6.27688e-270 1.33972e-269
0.170833 -1.42026e-266 1.46383e-265 3.12521e-265
0.175 -2.63716e-262 2.65056e-261 5.66038e-261
0.179167 -3.84511e-258 3.77086e-257 8.0551e-257
0.183333 -4.4514e-254 4.26181e-253 9.1065e-253
0.1875 -4.13408e-250 3.86607e-249 8.26335e-249
0.191667 -3.10983e-246 2.84208e-245 6.07653e-245
0.195833 -1.91195e-242 1.70841e-241 3.65382e-241
0.2 -9.68857e-239 8.46814e-238 1.81168e-237
0.204167 -4.07862e-235 3.48854e-234 7.46581e-234
0.208333 -1.437e-231 1.20329e-230 2.576e-230
0.2125 -4.26691e-228 3.49931e-227 7.49388e-227
0.216667 -1.07482e-224 8.63624e-224 1.85011e-223
0.220833 -2.311e-221 1.82e-220 3.9003e-220
0.225 -4.2662e-218 3.29417e-217 7.06201e-217
0.229167 -6.79903e-215 5.14913e-214 1.10427e-213
0.233333 -9.40325e-212 6.98694e-211 1.49896e-210
0.2375 -1.13415e-208 8.27064e-208 1.77502e-207
0.241667 -1.19853e-205 8.58043e-205 1.84222e-204
0.245833 -1.11465e-202 7.83633e-202 1.68312e-201
0.25 -9.16126e-200 6.32656e-199 1.35939e-198
0.254167 -6.68087e-197 4.53316e-196 9.74433e-196
0.258333 -4.33927e-194 2.8937e-193 6.22276e-193
0.2625 -2.51926e-191 1.65154e-190 3.55303e-190
0.266667 -1.31187e-188 8.4565e-188 1.82006e-187
0.270833 -6.14743e-186 3.89744e-185 8.39193e-185
0.275 -2.60037e-183 1.62183e-182 3.49364e-182
0.279167 -9.95883e-181 6.11168e-180 1.31712e-179
0.283333 -3.46298e-178 2.09158e-177 4.50958e-177
0.2875 -1.09632e-175 6.51818e-175 1.406e-174
0.291667 -3.16814e-173 1.85456e-172 4.00224e-172
0.295833 -8.37776e-171 4.82946e-170 1.04271e-169
0.3 -2.03209e-168 1.1538e-167 2.49231e-167
0.304167 -4.5315e-166 2.53467e-165 5.47778e-165
0.308333 -9.31052e-164 5.13127e-163 1.10948e-162
0.3125 -1.76625e-161 9.59283e-161 2.07519e-160
0.316667 -3.09991e-159 1.65944e-158 3.59163e-158
0.320833 -5.04322e-157 2.66138e-156 5.76313e-156
0.325 -7.61963e-155 3.96449e-154 8.58942e-154
0.329167 -1.07104e-152 5.49514e-152 1.19119e-151
0.333333 -1.40302e-150 7.09944e-150 1.53977e-149
0.3375 -1.71567e-148 8.56329e-148 1.85826e-147
0.341667 -1.96156e-146 9.65868e-146 2.0971e-145
0.345833 -2.10009e-144 1.02028e-143 2.21646e-143
0.35 -2.10853e-142 1.01085e-141 2.19719e-141
0.354167 -1.98815e-140 9.40668e-140 2.04579e-139
0.358333 -1.76296e-138 8.23309e-138 1.79157e-137
0.3625 -1.47209e-136 6.78642e-136 1.47761e-135
0.366667 -1.15899e-134 5.27502e-134 1.1492e-133
0.370833 -8.6142e-133 3.87122e-132 8.4387e-132
0.375 -6.05145e-131 2.68553e-130 5.85753e-130
0.379167 -4.02266e-129 1.76306e-128 3.84781e-128
0.383333 -2.53315e-127 1.09659e-126 2.39472e-126
0.3875 -1.51276e-125 6.46889e-125 1.41353e-124
0.391667 -8.57615e-124 3.62303e-123 7.92163e-123
0.395833 -4.62027e-122 1.92845e-121 4.21913e-121
0.4 -2.36766e-120 9.76481e-120 2.13772e-119
0.404167 -1.1552e-118 4.7081e-118 1.03136e-117
0.408333 -5.3713e-117 2.16348e-116 4.74237e-116
0.4125 -2.38217e-115 9.48346e-115 2.08014e-114
0.416667 -1.00857e-113 3.96883e-113 8.71108e-113
0.420833 -4.07989e-112 1.58708e-111 3.48575e-111
0.425 -1.57814e-110 6.06918e-110 1.33388e-109
0.429167 -5.84173e-109 2.22122e-108 4.88506e-108
0.433333 -2.07092e-107 7.786e-107 1.71351e-106
0.4375 -7.03612e-106 2.61588e-105 5.76088e-105
0.441667 -2.29278e-104 8.42975e-104 1.85774e-103
0.445833 -7.17057e-103 2.60738e-102 5.75011e-102
0.45 -2.15378e-101 7.74603e-101 1.70945e-100
0.454167 -6.21709e-100 2.21169e-99 4.88438e-99
0.458333 -1.72581e-98 6.0732e-98 1.34218e-97
0.4625 -4.60982e-97 1.60482e-96 3.54922e-96
0.466667 -1.18556e-95 4.08331e-95 9.03718e-95
0.470833 -2.93744e-94 1.00099e-93 2.217e-93
0.475 -7.01561e-93 2.3655e-92 5.243e-92
0.479167 -1.61605e-91 5.39182e-91 1.19595e-90
0.483333 -3.59227e-90 1.18604e-89 2.63271e-89
0.4875 -7.70972e-89 2.51909e-88 5.59594e-88
0.491667 -1.5984e-87 5.16879e-87 1.14907e-86
0.495833 -3.20277e-86 1.02506e-85 2.28055e-85
0.5 -6.20539e-85 1.9658e-84 4.37683e-84
0.504167 -1.16311e-83 3.64719e-83 8.1267e-83
0.508333 -2.11e-82 6.54949e-82 1.4605e-81
0.5125 -3.70634e-81 1.13889e-80 2.54164e-80
0.516667 -6.30668e-80 1.91853e-79 4.2849e-79
0.520833 -1.04e-78 3.13221e-78 7.00113e-78
0.525 -1.66274e-77 4.95806e-77 1.10911e-76
0.529167 -2.57838e-76 7.61245e-76 1.70425e-75
0.533333 -3.87947e-75 1.13412e-74 2.54108e-74
0.5375 -5.66594e-74 1.64016e-73 3.67784e-73
0.541667 -8.03526e-73 2.30335e-72 5.16917e-72
0.545833 -1.10693e-71 3.14226e-71 7.05764e-71
0.55 -1.4818e-70 4.16572e-70 9.36405e-70
0.554167 -1.92822e-69 5.36848e-69 1.20777e-68
0.558333 -2.43987e-68 6.72782e-68 1.51484e-67
0.5625 -3.00308e-67 8.20166e-67 1.84823e-66
0.566667 -3.59664e-66 9.72912e-66 2.19427e-65
0.570833 -4.19268e-65 1.12338e-64 2.53575e-64
0.575 -4.75868e-64 1.26297e-63 2.85325e-63
0.579167 -5.26031e-63 1.38294e-62 3.12692e-62
0.583333 -5.66491e-62 1.47531e-61 3.33862e-61
0.5875 -5.94507e-61 1.53377e-60 3.47387e-60
0.591667 -6.08168e-60 1.55436e-59 3.52352e-59
0.595833 -6.06613e-59 1.53596e-58 3.48478e-58
0.6 -5.90115e-58 1.48032e-57 3.36144e-57
0.604167 -5.60032e-57 1.39185e-56 3.16328e-56
0.608333 -5.18619e-56 1.27703e-55 2.90484e-55
0.6125 -4.68763e-55 1.14365e-54 2.60368e-54
0.616667 -4.13648e-54 9.99921e-54 2.27844e-53
0.620833 -3.56439e-53 8.5374e-53 1.94704e-52
0.625 -2.99996e-52 7.11988e-52 1.62518e-51
0.629167 -2.46672e-51 5.80102e-51 1.32529e-50
0.633333 -1.98197e-50 4.61866e-50 1.05609e-49
0.6375 -1.55645e-49 3.59418e-49 8.22555e-49
0.641667 -1.1949e-48 2.73432e-48 6.26315e-48
0.645833 -8.96952e-48 2.034e-47 4.6631e-47
0.65 -6.58476e-47 1.47976e-46 3.39544e-46
0.654167 -4.72854e-46 1.05307e-45 2.41847e-45
0.658333 -3.3221e-45 7.33214e-45 1.68536e-44
0.6625 -2.28392e-44 4.99565e-44 1.1493e-43
0.666667 -1.53676e-43 3.33135e-43 7.67079e-43
0.670833 -1.01221e-42 2.17466e-42 5.01175e-42
0.675 -6.52747e-42 1.3899e-41 3.20595e-41
0.679167 -4.12198e-41 8.69891e-41 2.00824e-40
0.683333 -2.54932e-40 5.33226e-40 1.23208e-39
0.6875 -1.54444e-39 3.20178e-39 7.40443e-39
0.691667 -9.16671e-39 1.88353e-38 4.35959e-38
0.695833 -5.33112e-38 1.08573e-37 2.51516e-37
0.7 -3.03844e-37 6.13343e-37 1.42206e-36
0.704167 -1.69736e-36 3.39611e-36 7.88068e-36
0.708333 -9.29504e-36 1.84339e-35 4.28119e-35
0.7125 -4.99046e-35 9.81001e-35 2.28024e-34
0.716667 -2.62725e-34 5.11915e-34 1.19089e-33
0.720833 -1.35641e-33 2.61974e-33 6.09944e-33
0.725 -6.86854e-33 1.31494e-32 3.06404e-32
0.729167 -3.41174e-32 6.47437e-32 1.50986e-31
0.733333 -1.66257e-31 3.12739e-31 7.29913e-31
0.7375 -7.94921e-31 1.48221e-30 3.46215e-30
0.741667 -3.72958e-30 6.89342e-30 1.61143e-29
0.745833 -1.71726e-29 3.14631e-29 7.36065e-29
0.75 -7.76067e-29 1.40947e-28 3.29993e-28
0.754167 -3.44266e-28 6.19791e-28 1.45219e-27
0.758333 -1.49922e-27 2.67555e-27 6.27358e-27
0.7625 -6.40996e-27 1.13397e-26 2.66086e-26
0.766667 -2.69095e-26 4.719e-26 1.10812e-25
0.770833 -1.10932e-25 1.92841e-25 4.53151e-25
0.775 -4.491e-25 7.73908e-25 1.81984e-24
0.779167 -1.78569e-24 3.05039e-24 7.17786e-24
0.783333 -6.97398e-24 1.18095e-23 2.78074e-23
0.7875 -2.67547e-23 4.49112e-23 1.05819e-22
0.791667 -1.00832e-22 1.67786e-22 3.95585e-22
0.795833 -3.73342e-22 6.1584e-22 1.45283e-21
0.8 -1.35817e-21 2.22085e-21 5.24233e-21
0.804167 -4.85481e-21 7.86936e-21 1.85862e-20
0.808333 -1.70524e-20 2.74003e-20 6.47509e-20
0.8125 -5.88603e-20 9.37546e-20 2.21672e-19
0.816667 -1.99667e-19 3.15265e-19 7.45782e-19
0.820833 -6.6567e-19 1.0419e-18 2.46587e-18
0.825 -2.18125e-18 3.38431e-18 8.01324e-18
0.829167 -7.02525e-18 1.08049e-17 2.55943e-17
0.833333 -2.22408e-17 3.39081e-17 8.03515e-17
0.8375 -6.92126e-17 1.046e-16 2.47957e-16
0.841667 -2.11731e-16 3.17189e-16 7.52154e-16
0.845833 -6.36737e-16 9.45539e-16 2.24283e-15
0.85 -1.88246e-15 2.77094e-15 6.57441e-15
0.854167 -5.47132e-15 7.98312e-15 1.89451e-14
0.858333 -1.56339e-14 2.26112e-14 5.36694e-14
0.8625 -4.39196e-14 6.29631e-14 1.49469e-13
0.866667 -1.21303e-13 1.72372e-13 4.09234e-13
0.870833 -3.29389e-13 4.63946e-13 1.10153e-12
0.875 -8.79372e-13 1.22769e-12 2.91486e-12
0.879167 -2.30814e-12 3.19398e-12 7.58297e-12
0.883333 -5.95627e-12 8.16942e-12 1.93935e-11
0.8875 -1.51114e-11 2.0543e-11 4.87596e-11
0.891667 -3.76917e-11 5.07854e-11 1.20516e-10
0.895833 -9.24246e-11 1.23427e-10 2.92816e-10
0.9 -2.22802e-10 2.9489e-10 6.99356e-10
0.904167 -5.27987e-10 6.92591e-10 1.64187e-09
0.908333 -1.22994e-09 1.59898e-09 3.78877e-09
0.9125 -2.8163e-09 3.62855e-09 8.5931e-09
0.916667 -6.3385e-09 8.09331e-09 1.91545e-08
0.920833 -1.4021e-08 1.77416e-08 4.19593e-08
0.925 -3.04806e-08 3.8221e-08 9.03215e-08
0.929167 -6.51162e-08 8.09131e-08 1.91039e-07
0.933333 -1.36689e-07 1.68308e-07 3.96988e-07
0.9375 -2.81913e-07 3.43963e-07 8.10424e-07
0.941667 -5.71198e-07 6.90548e-07 1.62508e-06
0.945833 -1.13683e-06 1.36175e-06 3.20044e-06
0.95 -2.2222e-06 2.63732e-06 6.18947e-06
0.954167 -4.26565e-06 5.01563e-06 1.17527e-05
0.958333 -8.03954e-06 9.36507e-06 2.1907e-05
0.9625 -1.48745e-05 1.71649e-05 4.00785e-05
0.966667 -2.70107e-05 3.08765e-05 7.19496e-05
0.970833 -4.81297e-05 5.44974e-05 0.000126716
0.975 -8.41344e-05 9.4358e-05 0.000218884
0.979167 -0.000144245 0.000160221 0.000370721
0.983333 -0.000242477 0.000266727 0.000615457
0.9875 -0.000399523 0.000435193 0.00100119
0.991667 -0.000644998 0.000695669 0.00159525
0.995833 -0.00101988 0.00108907 0.00248861
1 -0.00157878 0.00166893 0.00379916
1.00417 -0.00239143 0.00250228 0.00567264
1.00833 -0.00354255 0.00366856 0.00827916
1.0125 -0.00512888 0.00525577 0.0118029
1.01667 -0.00725208 0.00735252 0.0164226
1.02083 -0.0100063 0.0100352 0.0222818
1.025 -0.01346 0.0133497 0.0294473
1.02917 -0.017631 0.0172889 0.0378591
1.03333 -0.0224589 0.0217678 0.047278
1.0375 -0.0277763 0.0265998 0.0572394
1.04167 -0.0332862 0.0314813 0.067027
1.04583 -0.0385524 0.0359907 0.0756828
1.05 -0.0430124 0.0396078 0.0820644
1.05417 -0.0460185 0.04176 0.0849599
1.05833 -0.0469089 0.0418935 0.0832553
1.0625 -0.0451078 0.0395657 0.0761372
1.06667 -0.0402383 0.0345419 0.063296
1.07083 -0.0322301 0.0268797 0.0450851
1.075 -0.0213946 0.0169759 0.022585
1.07917 -0.00844066 0.00555638 -0.0024649
1.08333 0.00558509 -0.00640214 -0.0278802
1.0875 0.0194378 -0.0178128 -0.0513684
1.09167 0.0318729 -0.02766 -0.0709235
1.09583 0.0418636 -0.0351801 -0.0851863
1.1 0.0487854 -0.039998 -0.0936716
1.10417 0.0525138 -0.0421776 -0.0967899
1.10833 0.0534042 -0.0421691 -0.0956504
1.1125 0.0521556 -0.0406669 -0.0917021
1.11667 0.0496001 -0.0384222 -0.0863352
1.12083 0.04649 -0.0360759 -0.0805904
1.125 0.0433618 -0.0340715 -0.0750913
1.12917 0.0405318 -0.0326814 -0.0702287
1.13333 0.0382223 -0.0321287 -0.0665122
1.1375 0.0367583 -0.0327412 -0.064903
1.14167 0.0367265 -0.0350444 -0.0669165
1.14583 0.0389847 -0.0397136 -0.0743444
1.15 0.0444584 -0.0473556 -0.0886049
1.15417 0.0537531 -0.0581718 -0.109909
1.15833 0.0667059 -0.0716203 -0.136569
1.1625 0.0820624 -0.0862301 -0.164793
1.16667 0.0974508 -0.099683 -0.189149
1.17083 0.109729 -0.109189 -0.203661
1.175 0.115639 -0.112066 -0.203196
1.17917 0.112573 -0.106341 -0.184696
1.18333 0.0991836 -0.0911829 -0.147812
1.1875 0.0756424 -0.0670248 -0.0947611
1.19167 0.0434771 -0.0353751 -0.0295535
1.19583 0.00510049 0.00156432 0.0430292
1.2 -0.0367363 0.0412929 0.118232
1.20417 -0.0793322 0.0812637 0.191621
1.20833 -0.120148 0.118949 0.258912
1.2125 -0.156695 0.151799 0.315644
1.21667 -0.186397 0.177246 0.357113
1.22083 -0.206628 0.192883 0.378831
1.225 -0.215039 0.196835 0.377434
1.22917 -0.210081 0.188205 0.351685
1.23333 -0.191518 0.167409 0.303116
1.2375 -0.160691 0.13625 0.235997
1.24167 -0.120392 0.0976613 0.156655
1.24583 -0.0744096 0.0552399 0.0724295
1.25 -0.0269285 0.01272 -0.00934238
1.25417 0.0180172 -0.026452 -0.0820799
1.25833 0.0569237 -0.0593903 -0.140441
1.2625 0.087053 -0.0839329 -0.180682
1.26667 0.10661 -0.0987686 -0.201003
1.27083 0.114915 -0.10356 -0.201812
1.275 0.11251 -0.0990094 -0.185685
1.27917 0.101099 -0.0867863 -0.156868
1.28333 0.0832288 -0.069259 -0.120376
1.2875 0.0617841 -0.0490954 -0.0810378
1.29167 0.0394787 -0.028858 -0.0428933
1.29583 0.0185517 -0.0107201 -0.00910447
1.3 0.000725884 0.00366675 0.017815
1.30417 -0.0126983 0.0132309 0.0359077
1.30833 -0.0208378 0.0175633 0.0441304
1.3125 -0.0234329 0.0170396 0.0430208
1.31667 -0.0211467 0.0128597 0.0350949
1.32083 -0.0156466 0.00683089 0.0243625
1.325 -0.00920145 0.0008333 0.0148634
1.32917 -0.00383499 -0.0038621 0.00888699
1.33333 -0.000449515 -0.00706174 0.00597489
1.3375 0.00151279 -0.00957152 0.00350564
1.34167 0.00355174 -0.0125261 -0.00131001
1.34583 0.00695615 -0.0164684 -0.00920819
1.35 0.0117165 -0.020747 -0.0179232
1.35417 0.0162531 -0.0236658 -0.0232876
1.35833 0.0182305 -0.0233714 -0.021807
1.3625 0.0160061 -0.018974 -0.0130705
1.36667 0.00978859 -0.0112063 -0.000368387
1.37083 0.00172189 -0.00218587 0.0109643
1.375 -0.00520395 0.00559292 0.0164445
1.37917 -0.00873484 0.0104318 0.0147251
1.38333 -0.00843272 0.0120789 0.00788412
1.3875 -0.00562637 0.0115437 -0.000254805
1.39167 -0.00238835 0.0103163 -0.00644281
1.39583 -0.000318461 0.00956438 -0.00937753
1.4 6.38293e-05 0.00978654 -0.00945531
1.40417 -0.000928148 0.0109859 -0.00754307
1.40833 -0.00282573 0.0130377 -0.00405783
1.4125 -0.005435 0.0158631 0.000853856
1.41667 -0.0086818 0.0193006 0.00640312
1.42083 -0.012143 0.0229107 0.0106618
1.425 -0.014868 0.0260463 0.0113225
1.42917 -0.0158462 0.0282639 0.00738483
1.43333 -0.0148472 0.0297756 0.000418887
1.4375 -0.0129103 0.0314879 -0.00586729
1.44167 -0.0119129 0.0344321 -0.00779422
1.44583 -0.0133527 0.0388843 -0.00420459
1.45 -0.0171657 0.0438045 0.00257442
1.45417 -0.0215018 0.0470861 0.00815256
1.45833 -0.0237332 0.0465613 0.00897755
1.4625 -0.0220572 0.0411424 0.00466293
1.46667 -0.016578 0.0313487 -0.00192542
1.47083 -0.00910875 0.0188806 -0.00683588
1.475 -0.00186998 0.0055742 -0.00780282
1.47917 0.00393775 -0.00750919 -0.00558847
1.48333 0.00865713 -0.0202483 -0.00301886
1.4875 0.0134882 -0.032858 -0.00261136
1.49167 0.019213 -0.0450679 -0.00469374
1.49583 0.0253575 -0.0557656 -0.00740588
1.5 0.030417 -0.0633843 -0.00842128
1.50417 0.0329048 -0.0667262 -0.00688963
1.50833 0.0323586 -0.0655856 -0.00402242
1.5125 0.0295215 -0.0607279 -0.0019239
1.51667 0.0256223 -0.0533011 -0.00171871
1.52083 0.021403 -0.0441922 -0.0025749
1.525 0.016718 -0.0338342 -0.00245234
1.52917 0.0110181 -0.0225547 3.63015e-05
1.53333 0.0042734 -0.0110728 0.00420979
1.5375 -0.00250125 -0.000614719 0.00758692
1.54167 -0.00765029 0.00756783 0.00773429
1.54583 -0.00997648 0.0129562 0.00427639
1.55 -0.00968876 0.0161815 -0.000572341
1.55417 -0.00839513 0.0186718 -0.00350357
1.55833 -0.00803812 0.021674 -0.00259105
1.5625 -0.00950643 0.025312 0.00115908
1.56667 -0.0119678 0.0283896 0.00447702
1.57083 -0.0134766 0.0291466 0.00432297
1.575 -0.0124517 0.026482 0.000327693
1.57917 -0.00892243 0.0207882 -0.00477311
1.58333 -0.00457623 0.013798 -0.00717087
1.5875 -0.00153846 0.00755667 -0.00498178
1.59167 -0.000815308 0.00326799 0.000157998
1.59583 -0.0016216 0.000836004 0.00425799
1.6 -0.00213738 -0.000630431 0.00407991
1.60417 -0.00109078 -0.00183267 -0.000258639
1.60833 0.00112786 -0.00265077 -0.00531968
1.6125 0.00276164 -0.00237018 -0.0070698
1.61667 0.00218159 -0.000528655 -0.00413375
1.62083 -0.000648165 0.00239475 0.00107807
1.625 -0.00398262 0.00510588 0.00432249
1.62917 -0.00559965 0.00639751 0.00297687
1.63333 -0.00455936 0.00609366 -0.00184396
1.6375 -0.00196832 0.00521006 -0.00624262
1.64167 -9.28164e-05 0.00512132 -0.00674627
1.64583 -0.000524886 0.00635817 -0.00308752
1.65 -0.00289168 0.00800995 0.00171575
1.65417 -0.00514914 0.00826012 0.00395709
1.65833 -0.00519443 0.00568366 0.00227109
1.6625 -0.00246882 0.00031688 -0.00141662
1.66667 0.00171863 -0.00631531 -0.00368799
1.67083 0.00532055 -0.0122068 -0.00253262
1.675 0.00712798 -0.0161113 0.0011143
1.67917 0.00750375 -0.0180948 0.00437154
1.68333 0.00777574 -0.0190948 0.00493928
1.6875 0.00893328 -0.0199876 0.00295305
1.69167 0.010785 -0.0209848 0.000687521
1.69583 0.012245 -0.0217806 0.000521012
1.7 0.0124048 -0.0221655 0.00296461
1.70417 0.0114076 -0.0224351 0.00635459
1.70833 0.0103716 -0.0231826 0.00832091
1.7125 0.010457 -0.0246789 0.00770737
1.71667 0.0118859 -0.0264417 0.00538012
1.72083 0.0137288 -0.0274288 0.00338555
1.725 0.0146102 -0.0267344 0.00326338
1.72917 0.0137445 -0.0242364 0.00490267
1.73333 0.0114828 -0.0206908 0.00677883
1.7375 0.00898228 -0.0172167 0.00726833
1.74167 0.00730478 -0.014565 0.00593287
1.74583 0.00666409 -0.0126715 0.00377466
1.75 0.00636424 -0.0107501 0.00233147
1.75417 0.00540564 -0.0078139 0.00239261
1.75833 0.0032394 -0.00327096 0.00337569
1.7625 9.43436e-05 0.00276473 0.00384071
1.76667 -0.00331622 0.00961823 0.00269592
1.77083 -0.00641349 0.0165427 9.96576e-05
1.775 -0.00918498 0.0232036 -0.00268099
1.77917 -0.0121042 0.0297855 -0.00433581
1.78333 -0.0156309 0.0366175 -0.00461053
1.7875 -0.0197087 0.0436109 -0.00450127
1.79167 -0.0236679 0.0499953 -0.00534963
1.79583 -0.0266185 0.0546065 -0.00759034
1.8 -0.0280168 0.056484 -0.0102541
1.80417 -0.027933 0.055271 -0.0117256
1.80833 -0.0267914 0.0511393 -0.0111496
1.8125 -0.0248291 0.0444613 -0.00922345
1.81667 -0.0218152 0.0356592 -0.00758133
1.82083 -0.0173597 0.0253495 -0.00725902
1.825 -0.0115505 0.0144623 -0.00767095
1.82917 -0.00524768 0.00399621 -0.00715326
1.83333 0.000379451 -0.00546083 -0.00464237
1.8375 0.00472573 -0.0139221 -0.000864619
1.84167 0.00817269 -0.0216024 0.00221543
1.84583 0.0115492 -0.0282675 0.003232
1.85 0.0150894 -0.0330251 0.00271671
1.85417 0.0179515 -0.0348597 0.00249464
1.85833 0.0188776 -0.0334568 0.0037496
1.8625 0.0174089 -0.0295441 0.00576442
1.86667 0.0144227 -0.0244295 0.00668822
1.87083 0.0113965 -0.0191779 0.00553733
1.875 0.00912464 -0.0141469 0.00327854
1.87917 0.00719834 -0.00918691 0.00181067
1.88333 0.00474993 -0.00418613 0.0019609
1.8875 0.00160308 0.000571537 0.00270314
1.89167 -0.00142275 0.00447416 0.00242661
1.89583 -0.00332284 0.00694731 0.000777546
1.9 -0.00388433 0.00785549 -0.000997411
1.90417 -0.00379386 0.00769741 -0.00150435
1.90833 -0.00387611 0.0073874 -0.00071876
1.9125 -0.00435382 0.0076115 0.000114338
1.91667 -0.00482516 0.00819164 -5.96237e-05
1.92083 -0.00479427 0.00813245 -0.00100446
1.925 -0.00411778 0.00650488 -0.00158467
1.92917 -0.00300993 0.00337937 -0.00106114
1.93333 -0.0017607 -0.000174518 0.000146268
1.9375 -0.000513927 -0.00300527 0.000941639
1.94167 0.000700002 -0.0046664 0.000700952
1.94583 0.00175573 -0.00532875 -8.30549e-05
1.95 0.0023365 -0.00527185 -0.000315762
1.95417 0.00218082 -0.00478243 0.000495168
1.95833 0.00149385 -0.00437916 0.00159916
1.9625 0.000983399 -0.00462084 0.00173542
1.96667 0.00126999 -0.00546454 0.000559243
1.97083 0.00221232 -0.00609023 -0.000870763
1.975 0.00296784 -0.00567657 -0.00122618
1.97917 0.00283719 -0.00431969 -0.000400244
1.98333 0.00200788 -0.00303318 0.000403377
1.9875 0.00140869 -0.00287153 6.05634e-05
1.99167 0.00185334 -0.00408465 -0.00125274
1.99583 0.00329796 -0.00593336 -0.00230597
2 0.00482538 -0.00719634 -0.00210375
2.00417 0.00538515 -0.0071153 -0.000877331
2.00833 0.00476895 -0.00613454 7.81322e-05
2.0125 0.0039122 -0.00552369 -0.000376947
2.01667 0.00394593 -0.00594452 -0.00191203
2.02083 0.00480039 -0.00661379 -0.00276334
2.025 0.00512916 -0.00633066 -0.00162718
2.02917 0.00398122 -0.00504781 0.000464448
2.03333 0.00214529 -0.00366363 0.000997216
2.0375 0.00113998 -0.00240307 -0.000846017
2.04167 0.00107655 -0.000538858 -0.00276625
2.04583 0.000516347 0.00196438 -0.00213025
2.05 -0.00132575 0.00379742 0.000463694
2.05417 -0.00329155 0.00419041 0.0018965
2.05833 -0.00389909 0.00437493 0.00071927
2.0625 -0.00342113 0.00585225 -0.00106119
2.06667 -0.0033273 0.00802103 -0.000947499
2.07083 -0.00418444 0.00921109 0.000881133
2.075 -0.00528777 0.0095529 0.00245819
2.07917 -0.00609362 0.0106945 0.00279525
2.08333 -0.00669717 0.0126602 0.00232768
2.0875 -0.00692033 0.0134523 0.00159021
2.09167 -0.0063897 0.0125259 0.00110965
2.09583 -0.0057852 0.0121137 0.00185199
2.1 -0.00640919 0.0135347 0.00385078
2.10417 -0.00787378 0.0145854 0.00494998
2.10833 -0.00793671 0.012989 0.0032404
2.1125 -0.00580365 0.0104206 0.00054868
2.11667 -0.00388402 0.00992158 0.000684215
2.12083 -0.00443534 0.0106846 0.00373013
2.125 -0.00590595 0.00925673 0.00525889
2.12917 -0.00510922 0.00541402 0.00271496
2.13333 -0.00214202 0.00252045 -0.00060446
2.1375 -0.000115648 0.00155555 -0.00055229
2.14167 -0.000111666 -0.000580203 0.00161945
2.14583 0.000257052 -0.00512457 0.00166747
2.15 0.00244996 -0.00852059 -0.000832867
2.15417 0.00453121 -0.00850232 -0.00247995
2.15833 0.0048789 -0.008792 -0.00214346
2.1625 0.00527968 -0.0131907 -0.00232297
2.16667 0.00760921 -0.018404 -0.00390516
2.17083 0.00993381 -0.0185427 -0.00432541
2.175 0.00940367 -0.0146715 -0.00266759
2.17917 0.0073023 -0.013155 -0.00211305
2.18333 0.00715437 -0.0149775 -0.00446472
2.1875 0.00861905 -0.0140684 -0.0061786
2.19167 0.00777188 -0.007881 -0.00376312
2.19583 0.00382478 -0.00235354 -3.1349e-05
2.2 0.000956251 -0.0024623 -0.000138087
2.20417 0.00176458 -0.00412456 -0.00328638
2.20833 0.00310384 -0.00123331 -0.00382012
2.2125 0.0013079 0.00398708 -0.000164938
2.21667 -0.00186624 0.00476458 0.00286588
2.22083 -0.00232344 0.00119063 0.00182679
2.225 -0.000321355 -8.72722e-07 -0.000401201
2.22917 0.000316539 0.00337018 7.23562e-05
2.23333 -0.00136944 0.00576839 0.00207226
2.2375 -0.00237455 0.0037076 0.00219911
2.24167 -0.00127478 0.00142718 0.000781618
2.24583 -0.000505459 0.00299456 0.000738771
2.25 -0.00164975 0.0048351 0.00205825
2.25417 -0.00231211 0.00188097 0.00186905
2.25833 -0.000307712 -0.00300968 -0.000132356
2.2625 0.00197739 -0.00282275 -0.000623267
2.26667 0.000929323 0.00218484 0.00177635
2.27083 -0.00228949 0.00430271 0.00363101
2.275 -0.00307635 0.000342043 0.00185041
2.27917 -0.000424927 -0.00340032 -0.00110053
2.28333 0.00144377 -0.00129771 -0.000659958
2.2875 -0.000378995 0.00275868 0.00268617
2.29167 -0.00305811 0.00211498 0.0039131
2.29583 -0.00268396 -0.00161627 0.00118214
2.3 -0.000450229 -0.00161529 -0.00131722
2.30417 -0.000370034 0.0022141 -2.5789e-05
2.30833 -0.00245818 0.00284494 0.00246134
2.3125 -0.00280907 -0.00163171 0.00189004
2.31667 -0.000433301 -0.00402612 -0.000689893
2.32083 0.000868954 3.41885e-05 -0.00107588
2.325 -0.000938435 0.00407883 0.000744961
2.32917 -0.00232452 0.000972046 0.000847121
2.33333 -4.57346e-05 -0.00516124 -0.00135858
2.3375 0.00311926 -0.0055018 -0.00195201
2.34167 0.00283397 -0.000814146 0.000213208
2.34583 0.000470214 0.000573564 0.000935288
2.35 0.000613631 -0.00278768 -0.00195854
2.35417 0.00303807 -0.00359684 -0.00419164
2.35833 0.003136 0.000851815 -0.00204927
2.3625 6.00813e-05 0.00399726 0.000988891
2.36667 -0.00174196 0.00199692 -0.000161359
2.37083 -0.000271551 0.000621383 -0.00370929
2.375 0.000663875 0.00472103 -0.00410656
2.37917 -0.00174702 0.00924445 -0.00115023
2.38333 -0.00447181 0.00784789 0.000387632
2.3875 -0.00399842 0.00371125 -0.00102199
2.39167 -0.00209037 0.00372417 -0.00210704
2.39583 -0.00216502 0.00695666 -0.00123512
2.4 -0.00352024 0.00745763 -0.000450157
2.40417 -0.00352605 0.00504678 -0.000548014
2.40833 -0.00274196 0.0045818 0.000288211
2.4125 -0.00328128 0.00639157 0.00187678
2.41667 -0.00415941 0.00597259 0.00138529
2.42083 -0.00292255 0.00272879 -0.00115191
2.425 -0.0005588 0.00108456 -0.00175917
2.42917 -0.000211654 0.00233236 0.000902041
2.43333 -0.00170932 0.00257152 0.00269814
2.4375 -0.00178775 1.01999e-05 0.000595734
2.44167 0.000384875 -0.00224885 -0.00227517
2.44583 0.00211915 -0.00244006 -0.00168778
2.45 0.00199491 -0.00306566 0.00111574
2.45417 0.00177693 -0.00543124 0.00202888
2.45833 0.00272051 -0.00699782 0.000652893
2.4625 0.00366328 -0.00687121 -0.000118317
2.46667 0.00403084 -0.00835438 0.000544709
2.47083 0.00520808 -0.0124875 0.000953062
2.475 0.00717832 -0.0143566 0.00106035
2.47917 0.00721336 -0.0106197 0.00248596
2.48333 0.00440228 -0.00611795 0.00422248
2.4875 0.00236212 -0.00690045 0.00311479
2.49167 0.00402525 -0.0101659 -0.000100605
2.49583 0.00631589 -0.00865919 -0.000265821
2.5 0.0045275 -0.00321046 0.0038953
2.50417 0.000366608 -0.00194578 0.00600274
2.50833 -4.16481e-05 -0.00635026 0.00137383
2.5125 0.00384159 -0.00787816 -0.00429806
2.51667 0.00539247 -0.00218609 -0.00270629
2.52083 0.00132839 0.00292868 0.00355954
2.525 -0.002727 0.000674576 0.00432424
2.52917 -0.00144681 -0.00252571 -0.00197632
2.53333 0.00139862 0.00199971 -0.00572872
2.5375 -0.000336465 0.00922988 -0.00190411
2.54167 -0.00450978 0.00843424 0.00225129
2.54583 -0.00478836 0.00238354 0.000126156
2.55 -0.00207665 0.00335358 -0.00374785
2.55417 -0.00259324 0.0115856 -0.00314738
2.55833 -0.00620534 0.0144655 -0.00104462
2.5625 -0.00674852 0.00888393 -0.00238458
2.56667 -0.00395428 0.00688208 -0.00393796
2.57083 -0.00439646 0.0136846 -0.00122952
2.575 -0.00879918 0.0174756 0.00129297
2.57917 -0.00935115 0.0100278 -0.00210672
2.58333 -0.0033934 0.001523 -0.00644236
2.5875 0.000873881 0.00286269 -0.00344599
2.59167 -0.00203476 0.00705147 0.00336575
2.59583 -0.00540615 0.00239755 0.00357396
2.6 -0.00170678 -0.00682766 -0.00274302
2.60417 0.00485062 -0.00845068 -0.00506111
2.60833 0.00563937 -0.00327235 0.000578431
2.6125 0.00137066 -0.0023305 0.006232
2.61667 -0.000276311 -0.00794561 0.0051457
2.62083 0.0030767 -0.01188 0.000540291
2.625 0.00661232 -0.0103776 -0.00110759
2.62917 0.00673623 -0.00860981 0.00148412
2.63333 0.00493019 -0.0101279 0.00487277
2.6375 0.00387222 -0.0115892 0.00533468
2.64167 0.0041201 -0.00916617 0.00204099
2.64583 0.00444704 -0.00383628 -0.00162469
2.65 0.00326944 0.000743287 -0.00125998
2.65417 0.000409383 0.00239516 0.00229174
2.65833 -0.00212485 0.00253584 0.00335089
2.6625 -0.00270857 0.00472018 -8.69078e-05
2.66667 -0.00265514 0.00930849 -0.00332916
2.67083 -0.00363947 0.011275 -0.00282471
2.675 -0.00432303 0.00756505 -0.00104908
2.67917 -0.00317889 0.00363789 -0.000786512
2.68333 -0.00230059 0.00574443 -0.00091263
2.6875 -0.00372834 0.00990313 -0.000724645
2.69167 -0.00470704 0.00785736 -0.00183134
2.69583 -0.00219588 0.00136697 -0.00314806
2.7 0.000780488 -0.000521283 -0.0010855
2.70417 -0.000246267 0.0029532 0.00298125
2.70833 -0.00294058 0.00337467 0.00307966
2.7125 -0.00169881 -0.00204269 -0.00126008
2.71667 0.00271993 -0.00643554 -0.00326966
2.72083 0.00447526 -0.00548476 0.000203434
2.725 0.00217468 -0.00318402 0.00392329
2.72917 0.000172161 -0.00342711 0.00299793
2.73333 0.00107079 -0.00453928 -0.000594341
2.7375 0.00286419 -0.00411149 -0.0025129
2.74167 0.00314404 -0.00266754 -0.0013923
2.74583 0.00172662 -0.0015299 0.00142218
2.75 -0.0001668 -0.00156594 0.00298037
2.75417 -0.000563159 -0.00325426 0.000514385
2.75833 0.0015996 -0.0050133 -0.00395687
2.7625 0.00395518 -0.00437502 -0.00419141
2.76667 0.00313232 -0.00272224 0.000865654
2.77083 0.000425192 -0.0037628 0.0037967
2.775 0.000284918 -0.00614399 8.25139e-05
2.77917 0.00275002 -0.0049296 -0.00424039
2.78333 0.00342044 -0.00126675 -0.00270333
2.7875 0.00137661 -0.00120236 0.00139875
2.79167 0.000222848 -0.00404427 0.00210597
2.79583 0.00082282 -0.00300523 0.000490243
2.8 0.00039156 0.00157243 5.23117e-05
2.80417 -0.000929584 0.00217005 -5.23666e-05
2.80833 -0.000336708 -0.00141698 -0.000628566
2.8125 0.000893121 -0.00103523 0.000947864
2.81667 -0.00102473 0.00459792 0.00415051
2.82083 -0.00449378 0.00743464 0.00378972
2.825 -0.00451513 0.00491153 -0.000196413
2.82917 -0.00185215 0.0036145 -0.000792458
2.83333 -0.00181921 0.00617159 0.00401302
2.8375 -0.00477382 0.00752663 0.00719962
2.84167 -0.00604675 0.00586173 0.00476015
2.84583 -0.00442007 0.00516153 0.00169777
2.85 -0.0030906 0.00626974 0.00241061
2.85417 -0.00342035 0.00633244 0.00467781
2.85833 -0.00425886 0.00615816 0.00584453
2.8625 -0.00544181 0.00803217 0.00610727
2.86667 -0.00651944 0.00908893 0.00470179
2.87083 -0.00531631 0.00645348 0.00130588
2.875 -0.0023611 0.00418843 6.14796e-05
2.87917 -0.00192576 0.00579552 0.00352213
2.88333 -0.00449433 0.00640315 0.00581025
2.8875 -0.00450806 0.00175939 0.00122219
2.89167 0.000214811 -0.00300567 -0.00502492
2.89583 0.00418713 -0.00292086 -0.00491865
2.9 0.00371403 -0.00244886 -0.0011194
2.90417 0.00276886 -0.00613982 -0.00152255
2.90833 0.00505157 -0.00978141 -0.00584006
2.9125 0.00809844 -0.00956039 -0.00816074
2.91667 0.00936361 -0.00980758 -0.00756787
2.92083 0.0104746 -0.0135397 -0.00677325
2.925 0.0121357 -0.0157657 -0.00571377
2.92917 0.0122753 -0.013388 -0.00428679
2.93333 0.0114615 -0.0112141 -0.00507902
2.9375 0.0127119 -0.0121346 -0.00724073
2.94167 0.0149338 -0.0119423 -0.00535734
2.94583 0.0142196 -0.00859917 0.000667985
2.95 0.0116156 -0.0060736 0.00372642
2.95417 0.0116843 -0.00568355 0.00169966
2.95833 0.0141187 -0.00398858 0.00143413
2.9625 0.0146981 -0.000928157 0.00669941
2.96667 0.0131733 0.000122959 0.0126144
2.97083 0.0125792 0.000277811 0.0154527
2.975 0.0127847 0.0030054 0.0178161
2.97917 0.0118366 0.00593321 0.0215296
2.98333 0.0108484 0.00494026 0.0250396
2.9875 0.0110207 0.00312564 0.0290057
2.99167 0.00961674 0.00543216 0.0351815
2.99583 0.00499033 0.00871726 0.040203
