0 0 0 0
0.00416667 0 0 0
0.00833333 0 0 0
0.0125 0 0 0
0.0166667 0 0 0
0.0208333 0 0 0
0.025 0 0 0
0.0291667 0 0 0
0.0333333 0 0 0
0.0375 0 0 0
0.0416667 0 0 0
0.0458333 0 0 0
0.05 0 0 0
0.0541667 0 0 0
0.0583333 0 0 0
0.0625 0 0 0
0.0666667 0 0 0
0.0708333 0 0 0
0.075 0 0 0
0.0791667 0 0 0
0.0833333 0 0 0
0.0875 0 0 0
0.0916667 0 0 0
0.0958333 0 0 0
0.1 0 0 0
0.104167 0 0 0
0.108333 0 0 0
0.1125 0 0 0
0.116667 0 0 0
0.120833 0 0 0
0.125 0 0 0
0.129167 0 0 0
0.133333 0 0 0
0.1375 0 0 0
0.141667 0 0 0
0.145833 0 0 0
0.15 0 0 0
0.154167 0 0 0
0.158333 0 0 0
0.1625 0 0 0
0.166667 0 0 0
0.170833 0 0 0
0.175 0 0 0
0.179167 0 0 0
0.183333 0 0 0
0.1875 0 0 0
0.191667 -2.94463e-321 4.49254e-320 6.03748e-320
0.195833 -1.03784e-316 1.48628e-315 1.99843e-315
0.2 -2.78814e-312 3.90721e-311 5.25317e-311
0.204167 -6.01419e-308 8.25099e-307 1.10924e-306
0.208333 -1.0509e-303 1.41206e-302 1.89819e-302
0.2125 -1.49996e-299 1.97473e-298 2.65437e-298
0.216667 -1.7625e-295 2.27439e-294 3.05694e-294
0.220833 -1.71756e-291 2.17329e-290 2.92085e-290
0.225 -1.3978e-287 1.73491e-286 2.33152e-286
0.229167 -9.56269e-284 1.16464e-282 1.56504e-282
0.233333 -5.53368e-280 6.6153e-279 8.88903e-279
0.2375 -2.72456e-276 3.19812e-275 4.29707e-275
0.241667 -1.14774e-272 1.32324e-271 1.77783e-271
0.245833 -4.15855e-269 4.71049e-268 6.32837e-268
0.25 -1.30248e-265 1.44993e-264 1.94781e-264
0.254167 -3.54314e-262 3.87739e-261 5.20855e-261
0.258333 -8.40934e-259 9.04906e-258 1.21551e-257
0.2625 -1.74887e-255 1.85098e-254 2.48619e-254
0.266667 -3.20001e-252 3.33202e-251 4.47527e-251
0.270833 -5.17176e-249 5.29924e-248 7.11713e-248
0.275 -7.4103e-246 7.47362e-245 1.0037e-244
0.279167 -9.44679e-243 9.37991e-242 1.25966e-241
0.283333 -1.07512e-239 1.0512e-238 1.41163e-238
0.2875 -1.09588e-236 1.05536e-235 1.41716e-235
0.291667 -1.00356e-233 9.52094e-233 1.27845e-232
0.295833 -8.28121e-231 7.7413e-230 1.03945e-229
0.3 -6.17508e-228 5.68895e-227 7.63849e-227
0.304167 -4.17228e-225 3.78892e-224 5.08718e-224
0.308333 -2.56106e-222 2.29294e-221 3.07852e-221
0.3125 -1.43175e-219 1.264e-218 1.69702e-218
0.316667 -7.30733e-217 6.36247e-216 8.54189e-216
0.320833 -3.4127e-214 2.93105e-213 3.93497e-213
0.325 -1.46166e-211 1.23851e-210 1.66269e-210
0.329167 -5.75349e-209 4.81043e-208 6.45783e-208
0.333333 -2.08565e-206 1.72091e-205 2.31023e-205
0.3375 -6.97643e-204 5.68175e-203 7.62733e-203
0.341667 -2.15741e-201 1.7345e-200 2.32842e-200
0.345833 -6.17918e-199 4.90492e-198 6.58435e-198
0.35 -1.64209e-196 1.28711e-195 1.7278e-195
0.354167 -4.05571e-194 3.13951e-193 4.21442e-193
0.358333 -9.3251e-192 7.12987e-191 9.57099e-191
0.3625 -1.99914e-189 1.50994e-188 2.02691e-188
0.366667 -4.00218e-187 2.98648e-186 4.00899e-186
0.370833 -7.49303e-185 5.52481e-184 7.41642e-184
0.375 -1.31384e-182 9.57306e-182 1.28508e-181
0.379167 -2.16047e-180 1.55581e-179 2.08853e-179
0.383333 -3.33621e-178 2.37472e-177 3.18786e-177
0.3875 -4.84414e-176 3.40858e-175 4.57579e-175
0.391667 -6.62185e-174 4.60659e-173 6.18415e-173
0.395833 -8.53224e-172 5.86887e-171 7.87883e-171
0.4 -1.03747e-169 7.0567e-169 9.47365e-169
0.404167 -1.19181e-167 8.017e-167 1.07631e-166
0.408333 -1.29488e-165 8.61506e-165 1.15663e-164
0.4125 -1.33202e-163 8.76599e-163 1.17692e-162
0.416667 -1.29864e-161 8.45443e-161 1.13512e-160
0.420833 -1.20116e-159 7.73644e-159 1.03875e-158
0.425 -1.05504e-157 6.72342e-157 9.02765e-157
0.429167 -8.80831e-156 5.5544e-155 7.45824e-155
0.433333 -6.99638e-154 4.36593e-153 5.86262e-153
0.4375 -5.29168e-152 3.26807e-151 4.38858e-151
0.441667 -3.81439e-150 2.3316e-149 3.13115e-149
0.445833 -2.62259e-148 1.58681e-147 2.13105e-147
0.45 -1.72132e-146 1.03099e-145 1.38466e-145
0.454167 -1.07934e-144 6.40004e-144 8.59591e-144
0.458333 -6.47071e-143 3.79877e-142 5.10239e-142
0.4625 -3.71166e-141 2.15753e-140 2.89807e-140
0.466667 -2.03854e-139 1.17337e-138 1.57621e-138
0.470833 -1.07278e-137 6.11486e-137 8.21463e-137
0.475 -5.41303e-136 3.05566e-135 4.10517e-135
0.479167 -2.62058e-134 1.46514e-133 1.96848e-133
0.483333 -1.21804e-132 6.74511e-132 9.06296e-132
0.4875 -5.43885e-131 2.98339e-130 4.00884e-130
0.491667 -2.33454e-129 1.26855e-128 1.70469e-128
0.495833 -9.63839e-128 5.18845e-127 6.97279e-127
0.5 -3.82974e-126 2.04248e-125 2.74509e-125
0.504167 -1.46535e-124 7.74301e-124 1.04074e-123
0.508333 -5.4021e-123 2.82837e-122 3.80191e-122
0.5125 -1.91984e-121 9.96024e-121 1.33897e-120
0.516667 -6.58082e-120 3.38328e-119 4.54855e-119
0.520833 -2.17684e-118 1.10908e-117 1.4912e-117
0.525 -6.95224e-117 3.51044e-116 4.72031e-116
0.529167 -2.14479e-115 1.07336e-114 1.44342e-114
0.533333 -6.3946e-114 3.17189e-113 4.26584e-113
0.5375 -1.84338e-112 9.06332e-112 1.21902e-111
0.541667 -5.14017e-111 2.50518e-110 3.36981e-110
0.545833 -1.38708e-109 6.70148e-109 9.0153e-109
0.55 -3.62385e-108 1.73568e-107 2.33519e-107
0.554167 -9.17e-107 4.35429e-106 5.85888e-106
0.558333 -2.24841e-105 1.0585e-104 1.42441e-104
0.5625 -5.34395e-104 2.49441e-103 3.35703e-103
0.566667 -1.23169e-102 5.7005e-102 7.6727e-102
0.570833 -2.75398e-101 1.26385e-100 1.70129e-100
0.575 -5.97585e-100 2.71942e-99 3.66108e-99
0.579167 -1.25886e-98 5.68087e-98 7.64886e-98
0.583333 -2.57544e-97 1.15256e-96 1.55202e-96
0.5875 -5.11883e-96 2.27184e-95 3.05958e-95
0.591667 -9.88745e-95 4.35212e-94 5.86191e-94
0.595833 -1.85668e-93 8.10549e-93 1.09187e-92
0.6 -3.39056e-92 1.4681e-91 1.97789e-91
0.604167 -6.02316e-91 2.58681e-90 3.48551e-90
0.608333 -1.0412e-89 4.4355e-89 5.97726e-89
0.6125 -1.75197e-88 7.40326e-88 9.97793e-88
0.616667 -2.87037e-87 1.20319e-86 1.62185e-86
0.620833 -4.58026e-86 1.90459e-85 2.56765e-85
0.625 -7.1205e-85 2.9373e-84 3.96045e-84
0.629167 -1.07874e-83 4.41465e-83 5.95325e-83
0.633333 -1.59306e-82 6.4679e-82 8.72336e-82
0.6375 -2.29386e-81 9.23985e-81 1.24637e-80
0.641667 -3.22135e-80 1.2874e-79 1.73685e-79
0.645833 -4.41321e-79 1.74993e-78 2.36121e-78
0.65 -5.89964e-78 2.3211e-77 3.13238e-77
0.654167 -7.69764e-77 3.00497e-76 4.0559e-76
0.658333 -9.80516e-76 3.79806e-75 5.12716e-75
0.6625 -1.2196e-74 4.6877e-74 6.32914e-74
0.666667 -1.48165e-73 5.65112e-73 7.63114e-73
0.670833 -1.75848e-72 6.65552e-72 8.98893e-72
0.675 -2.03933e-71 7.65945e-71 1.03465e-70
0.679167 -2.31148e-70 8.61539e-70 1.16398e-69
0.683333 -2.56114e-69 9.47336e-69 1.28011e-68
0.6875 -2.77466e-68 1.01853e-67 1.37655e-67
0.691667 -2.93972e-67 1.07096e-66 1.44766e-66
0.695833 -3.04653e-66 1.1015e-65 1.4892e-65
0.7 -3.08883e-65 1.10839e-64 1.49878e-64
0.704167 -3.06446e-64 1.09139e-63 1.47606e-63
0.708333 -2.97553e-63 1.05178e-62 1.42275e-62
0.7125 -2.82815e-62 9.92216e-62 1.34242e-61
0.716667 -2.63177e-61 9.16433e-61 1.24012e-60
0.720833 -2.39813e-60 8.28863e-60 1.12183e-59
0.725 -2.14019e-59 7.3422e-59 9.93922e-59
0.729167 -1.87093e-58 6.37091e-58 8.62602e-58
0.733333 -1.60236e-57 5.41601e-57 7.33453e-57
0.7375 -1.3447e-56 4.51158e-56 6.1109e-56
0.741667 -1.10593e-55 3.68312e-55 4.98974e-55
0.745833 -8.91506e-55 2.94718e-54 3.9935e-54
0.75 -7.04505e-54 2.31188e-53 3.13328e-53
0.754167 -5.45846e-53 1.77809e-52 2.41032e-52
0.758333 -4.14708e-52 1.34102e-51 1.8182e-51
0.7625 -3.09002e-51 9.91895e-51 1.34512e-50
0.766667 -2.25833e-50 7.19626e-50 9.76093e-50
0.770833 -1.6191e-49 5.12171e-49 6.94846e-49
0.775 -1.13889e-48 3.57639e-48 4.85299e-48
0.779167 -7.86072e-48 2.45049e-47 3.32589e-47
0.783333 -5.3244e-47 1.64775e-46 2.23685e-46
0.7875 -3.53963e-46 1.08745e-45 1.47655e-45
0.791667 -2.30981e-45 7.04472e-45 9.56738e-45
0.795833 -1.4797e-44 4.48022e-44 6.08584e-44
0.8 -9.30678e-44 2.79746e-43 3.80084e-43
0.804167 -5.7478e-43 1.71517e-42 2.33086e-42
0.808333 -3.48598e-42 1.0327e-41 1.4037e-41
0.8125 -2.07642e-41 6.10672e-41 8.30239e-41
0.816667 -1.21483e-40 3.54693e-40 4.82328e-40
0.820833 -6.98181e-40 2.02372e-39 2.75255e-39
0.825 -3.94199e-39 1.13434e-38 1.5432e-38
0.829167 -2.18674e-38 6.247e-38 8.5005e-38
0.833333 -1.19193e-37 3.38043e-37 4.60087e-37
0.8375 -6.38435e-37 1.79756e-36 2.44707e-36
0.841667 -3.36071e-36 9.39381e-36 1.27908e-35
0.845833 -1.73871e-35 4.82484e-35 6.57106e-35
0.85 -8.84186e-35 2.4358e-34 3.31809e-34
0.854167 -4.41989e-34 1.20878e-33 1.64699e-33
0.858333 -2.17201e-33 5.89711e-33 8.03666e-33
0.8625 -1.04937e-32 2.82841e-32 3.85543e-32
0.866667 -4.98473e-32 1.33379e-31 1.8185e-31
0.870833 -2.32824e-31 6.18453e-31 8.43383e-31
0.875 -1.06934e-30 2.81984e-30 3.84623e-30
0.879167 -4.82987e-30 1.26435e-29 1.72493e-29
0.883333 -2.1454e-29 5.57521e-29 7.60775e-29
0.8875 -9.37265e-29 2.41786e-28 3.30002e-28
0.891667 -4.02734e-28 1.03133e-27 1.40791e-27
0.895833 -1.70216e-27 4.32701e-27 5.90818e-27
0.9 -7.07666e-27 1.78574e-26 2.43878e-26
0.904167 -2.89417e-26 7.24952e-26 9.90265e-26
0.908333 -1.16441e-25 2.89522e-25 3.95557e-25
0.9125 -4.60881e-25 1.1375e-24 1.5544e-24
0.916667 -1.79471e-24 4.39676e-24 6.00937e-24
0.920833 -6.87599e-24 1.67203e-23 2.28572e-23
0.925 -2.59195e-23 6.25601e-23 8.55375e-23
0.929167 -9.61351e-23 2.30307e-22 3.14952e-22
0.933333 -3.50842e-22 8.34225e-22 1.14103e-21
0.9375 -1.25987e-21 2.97328e-21 4.06747e-21
0.941667 -4.4518e-21 1.04273e-20 1.42671e-20
0.945833 -1.54792e-20 3.59836e-20 4.92422e-20
0.95 -5.2963e-20 1.2219e-19 1.67238e-19
0.954167 -1.78325e-19 4.08293e-19 5.58903e-19
0.958333 -5.90839e-19 1.34251e-18 1.83799e-18
0.9625 -1.92641e-18 4.3438e-18 5.94778e-18
0.966667 -6.18091e-18 1.38304e-17 1.89398e-17
0.970833 -1.95154e-17 4.33319e-17 5.93473e-17
0.975 -6.06352e-17 1.33595e-16 1.82991e-16
0.979167 -1.85391e-16 4.05298e-16 5.55212e-16
0.983333 -5.57783e-16 1.20992e-15 1.6576e-15
0.9875 -1.65138e-15 3.55409e-15 4.86954e-15
0.991667 -4.81091e-15 1.02726e-14 1.40757e-14
0.995833 -1.37909e-14 2.92149e-14 4.00331e-14
1 -3.88987e-14 8.17493e-14 1.12026e-13
1.00417 -1.07954e-13 2.25064e-13 3.08428e-13
1.00833 -2.94771e-13 6.09611e-13 8.35425e-13
1.0125 -7.91877e-13 1.62445e-12 2.22618e-12
1.01667 -2.09285e-12 4.25837e-12 5.83568e-12
1.02083 -5.44126e-12 1.0981e-11 1.50479e-11
1.025 -1.39162e-11 2.78532e-11 3.81668e-11
1.02917 -3.50084e-11 6.94886e-11 9.52123e-11
1.03333 -8.66209e-11 1.70501e-10 2.33596e-10
1.0375 -2.10785e-10 4.11414e-10 5.63595e-10
1.04167 -5.04415e-10 9.76189e-10 1.33709e-09
1.04583 -1.18694e-09 2.27745e-09 3.11892e-09
1.05 -2.74609e-09 5.22374e-09 7.15239e-09
1.05417 -6.24601e-09 1.17783e-08 1.61233e-08
1.05833 -1.3965e-08 2.61036e-08 3.5724e-08
1.0625 -3.06886e-08 5.68563e-08 7.77878e-08
1.06667 -6.62753e-08 1.2169e-07 1.66435e-07
1.07083 -1.40637e-07 2.55897e-07 3.49862e-07
1.075 -2.93192e-07 5.28614e-07 7.22422e-07
1.07917 -6.00393e-07 1.0725e-06 1.46505e-06
1.08333 -1.20745e-06 2.13677e-06 2.91737e-06
1.0875 -2.38433e-06 4.17955e-06 5.70324e-06
1.09167 -4.62202e-06 8.02448e-06 1.09431e-05
1.09583 -8.79354e-06 1.51187e-05 2.06035e-05
1.1 -1.64154e-05 2.79449e-05 3.80544e-05
1.10417 -3.00589e-05 5.06596e-05 6.89294e-05
1.10833 -5.39758e-05 9.00435e-05 0.000122406
1.1125 -9.50133e-05 0.000156865 0.000213031
1.11667 -0.000163898 0.000267746 0.000363214
1.12083 -0.000276943 0.000447568 0.000606422
1.125 -0.000458193 0.000732386 0.00099101
1.12917 -0.000741885 0.00117259 0.00158433
1.13333 -0.00117496 0.00183583 0.00247644
1.1375 -0.00181904 0.00280885 0.00378218
1.14167 -0.0027511 0.00419688 0.00563992
1.14583 -0.00406147 0.006119 0.00820459
1.15 -0.00584784 0.00869746 0.0116327
1.15417 -0.00820366 0.0120394 0.016057
1.15833 -0.0111999 0.0162098 0.0215497
1.1625 -0.0148599 0.0211971 0.0280763
1.16667 -0.0191292 0.026874 0.0354437
1.17083 -0.0238439 0.0329611 0.0432532
1.175 -0.0287048 0.0390016 0.0508714
1.17917 -0.0332661 0.0443616 0.0574341
1.18333 -0.0369484 0.0482655 0.0619011
1.1875 -0.0390857 0.0498753 0.0631687
1.19167 -0.039008 0.048414 0.060239
1.19583 -0.0361566 0.0433189 0.0524277
1.2 -0.0302141 0.0343996 0.0395704
1.20417 -0.0212247 0.0219619 0.022179
1.20833 -0.00966871 0.00685775 0.0014915
1.2125 0.00353745 -0.00957284 -0.0206244
1.21667 0.0171368 -0.0256771 -0.0419242
1.22083 0.0297182 -0.0397601 -0.0601588
1.225 0.0399617 -0.050395 -0.0734873
1.22917 0.0468847 -0.0566914 -0.0808206
1.23333 0.0500217 -0.0584443 -0.0819942
1.2375 0.0494814 -0.0561141 -0.0777117
1.24167 0.0458613 -0.0506412 -0.0692774
1.24583 0.0400482 -0.0431652 -0.0582186
1.25 0.0329825 -0.0347553 -0.0459463
1.25417 0.0254781 -0.0262643 -0.0335936
1.25833 0.0181725 -0.0183603 -0.022091
1.2625 0.0116185 -0.0117047 -0.0124134
1.26667 0.00645108 -0.00715648 -0.00582389
1.27083 0.00350852 -0.00584292 -0.00390464
1.275 0.00378726 -0.00898105 -0.00824369
1.27917 0.00818116 -0.0174553 -0.0198234
1.28333 0.017074 -0.0313036 -0.0383511
1.2875 0.0299628 -0.0493617 -0.0618792
1.29167 0.0453237 -0.0692952 -0.0869959
1.29583 0.0608537 -0.0880943 -0.109628
1.3 0.0740518 -0.102877 -0.126177
1.30417 0.0829179 -0.111665 -0.134499
1.30833 0.0864535 -0.113763 -0.134247
1.3125 0.0847155 -0.109559 -0.126395
1.31667 0.0783944 -0.0998424 -0.112197
1.32083 0.0681459 -0.085045 -0.0921702
1.325 0.0540647 -0.0648501 -0.0657252
1.32917 0.0356315 -0.0384493 -0.0317084
1.33333 0.012202 -0.00534304 0.0103967
1.3375 -0.016217 0.0337545 0.0593021
1.34167 -0.0483553 0.0764398 0.111491
1.34583 -0.0816098 0.118882 0.161834
1.35 -0.112592 0.156709 0.204941
1.35417 -0.138007 0.186054 0.236502
1.35833 -0.155396 0.204253 0.253963
1.3625 -0.163416 0.20994 0.25634
1.36667 -0.16163 0.202746 0.243596
1.37083 -0.150156 0.182999 0.216246
1.375 -0.129523 0.151772 0.175572
1.37917 -0.100887 0.111224 0.124233
1.38333 -0.066363 0.0648251 0.0666058
1.3875 -0.0290769 0.0170614 0.00830592
1.39167 0.00731575 -0.027447 -0.0450816
1.39583 0.0394792 -0.0649939 -0.089344
1.4 0.0651258 -0.0933874 -0.122214
1.40417 0.0831718 -0.111767 -0.142871
1.40833 0.0932896 -0.119898 -0.150923
1.4125 0.09531 -0.117618 -0.145884
1.41667 0.0890695 -0.105016 -0.12776
1.42083 0.0749319 -0.0832844 -0.098395
1.425 0.0545882 -0.0554933 -0.0623653
1.42917 0.031368 -0.0264477 -0.0263293
1.43333 0.00953547 -0.00133081 0.00319523
1.4375 -0.0072187 0.0162045 0.0223932
1.44167 -0.017202 0.0253136 0.0313744
1.44583 -0.0211137 0.0277558 0.0332204
1.45 -0.0211394 0.0263626 0.0315532
1.45417 -0.0193952 0.0232655 0.0283691
1.45833 -0.0168159 0.0190804 0.0235891
1.4625 -0.0131879 0.0134534 0.0163716
1.46667 -0.00810755 0.00630208 0.00686593
1.47083 -0.00194835 -0.00138241 -0.00313149
1.475 0.00398957 -0.00782896 -0.0110872
1.47917 0.00820893 -0.0115385 -0.0152911
1.48333 0.00992695 -0.0121371 -0.0156758
1.4875 0.00938033 -0.0103359 -0.0133085
1.49167 0.00735433 -0.0071677 -0.00924551
1.49583 0.0044931 -0.00330929 -0.00397342
1.5 0.00109105 0.000882807 0.0020651
1.50417 -0.0024982 0.00480011 0.00759275
1.50833 -0.00539916 0.00726297 0.0104915
1.5125 -0.00638099 0.00703183 0.00907595
1.51667 -0.00471221 0.00385399 0.00367096
1.52083 -0.000984638 -0.000928702 -0.00304621
1.525 0.00295315 -0.00495302 -0.00755981
1.52917 0.00509944 -0.00631935 -0.00785085
1.53333 0.00463765 -0.0048462 -0.00467627
1.5375 0.00241857 -0.00206135 -0.000736824
1.54167 0.000186476 5.58441e-05 0.00152281
1.54583 -0.000781573 0.00051436 0.00160013
1.55 -0.000478795 -0.00023712 0.000783612
1.55417 0.000181051 -0.00109271 0.000543281
1.55833 0.000414542 -0.00146696 0.00108277
1.5625 0.000298686 -0.00177042 0.00134445
1.56667 0.000556715 -0.0028328 0.000282871
1.57083 0.0017064 -0.00491919 -0.00193329
1.575 0.00343736 -0.00730339 -0.00392265
1.57917 0.00479172 -0.00877901 -0.00420684
1.58333 0.00493925 -0.00862653 -0.00237921
1.5875 0.00384084 -0.00720762 0.000610323
1.59167 0.00228299 -0.00574578 0.00310349
1.59583 0.00134606 -0.00551586 0.00369244
1.6 0.00174963 -0.00702229 0.00191939
1.60417 0.0034551 -0.00963771 -0.00145337
1.60833 0.00564247 -0.0118589 -0.00462926
1.6125 0.00703967 -0.0120727 -0.00554597
1.61667 0.00655525 -0.00951536 -0.00316159
1.62083 0.0040134 -0.00491033 0.00145518
1.625 0.000515346 -0.00024148 0.00534063
1.62917 -0.00205936 0.00244463 0.00555538
1.63333 -0.00233532 0.00253031 0.00162315
1.6375 -0.000622767 0.00143956 -0.00364766
1.64167 0.00110258 0.00166205 -0.00609661
1.64583 0.00066938 0.0047596 -0.00360434
1.65 -0.00245236 0.00995754 0.00196974
1.65417 -0.00656335 0.0146203 0.00621113
1.65833 -0.00905046 0.0163441 0.00585508
1.6625 -0.00855283 0.0149254 0.0015105
1.66667 -0.00608155 0.0125052 -0.00302708
1.67083 -0.00410405 0.0117898 -0.00415797
1.675 -0.00445416 0.0139435 -0.00141367
1.67917 -0.0069526 0.0179436 0.00257846
1.68333 -0.00985784 0.0217619 0.00470258
1.6875 -0.0115266 0.0241136 0.00388766
1.69167 -0.011674 0.0252201 0.00143232
1.69583 -0.0112455 0.0261659 -0.000610927
1.7 -0.0113323 0.0277182 -0.00108138
1.70417 -0.0122885 0.0296933 -5.88414e-05
1.70833 -0.0136777 0.031145 0.00172247
1.7125 -0.0147195 0.0308966 0.00333724
1.71667 -0.0146386 0.0279617 0.0037766
1.72083 -0.0128216 0.0218643 0.00233294
1.725 -0.00907785 0.0129753 -0.00057195
1.72917 -0.0039928 0.00259545 -0.00310777
1.73333 0.00115807 -0.00762473 -0.00327959
1.7375 0.00525874 -0.0167442 -0.000970061
1.74167 0.0083518 -0.0251115 0.00141446
1.74583 0.0116457 -0.0336674 0.00094681
1.75 0.016198 -0.0424262 -0.00277388
1.75417 0.0214515 -0.0496785 -0.00676835
1.75833 0.0252719 -0.0529858 -0.00736606
1.7625 0.0257438 -0.0512215 -0.0039738
1.76667 0.0230315 -0.0456424 8.54449e-05
1.77083 0.0193012 -0.0387796 0.000847687
1.775 0.0166186 -0.0321682 -0.00216627
1.77917 0.0149428 -0.0252279 -0.00539531
1.78333 0.0123662 -0.0164723 -0.00498508
1.7875 0.00740235 -0.00576129 -0.000890129
1.79167 0.000887214 0.00484055 0.00309491
1.79583 -0.00458512 0.0125879 0.00340856
1.8 -0.00712851 0.0164122 0.000455284
1.80417 -0.00730483 0.0176678 -0.0020344
1.80833 -0.00730672 0.0185404 -0.00119415
1.8125 -0.0085389 0.0198663 0.00193617
1.81667 -0.0102566 0.0206571 0.00380776
1.82083 -0.0106707 0.0196753 0.00245722
1.825 -0.00915445 0.0171356 -0.000394634
1.82917 -0.00700638 0.0145569 -0.00151633
1.83333 -0.00594365 0.0129965 4.62338e-05
1.8375 -0.00613113 0.0118141 0.00199853
1.84167 -0.00606338 0.00948589 0.00168409
1.84583 -0.00441955 0.00552736 -0.000690336
1.85 -0.0016762 0.00122684 -0.00237171
1.85417 0.000437877 -0.0016794 -0.00150847
1.85833 0.000953333 -0.00275261 0.000515999
1.8625 0.000665629 -0.00290718 0.000800478
1.86667 0.000913309 -0.00284832 -0.00136207
1.87083 0.00170543 -0.00203717 -0.00342826
1.875 0.00163408 0.000396764 -0.00268692
1.87917 -0.000230074 0.00399124 0.000240517
1.88333 -0.00284464 0.00682239 0.00193657
1.8875 -0.00410778 0.0072941 0.000312413
1.89167 -0.00320059 0.00576496 -0.0027038
1.89583 -0.00152444 0.00406986 -0.003358
1.9 -0.00104724 0.00351402 -0.000606772
1.90417 -0.00201738 0.00363401 0.00251936
1.90833 -0.00275359 0.00296461 0.00245473
1.9125 -0.0016977 0.00074664 -0.000668161
1.91667 0.000741682 -0.00232578 -0.00312369
1.92083 0.00268216 -0.00497946 -0.00188671
1.925 0.00296248 -0.00683566 0.00189892
1.92917 0.00251523 -0.00892915 0.00420625
1.93333 0.00337557 -0.0126036 0.00263164
1.9375 0.00637339 -0.0177082 -0.000917475
1.94167 0.00998501 -0.0220565 -0.00228097
1.94583 0.0116878 -0.0232283 0.000382075
1.95 0.0105618 -0.0211938 0.00446307
1.95417 0.00837567 -0.0186873 0.00566452
1.95833 0.00776015 -0.0183857 0.0028261
1.9625 0.00928468 -0.0199574 -0.000574972
1.96667 0.010816 -0.0207276 -0.000286241
1.97083 0.0101456 -0.0193161 0.0036563
1.975 0.00784213 -0.0175154 0.00674077
1.97917 0.00667318 -0.0177758 0.0052859
1.98333 0.0080967 -0.0196154 0.00097697
1.9875 0.0102299 -0.0198928 -0.0011139
1.99167 0.0100216 -0.016648 0.00126077
1.99583 0.00693584 -0.011372 0.00486397
2 0.00345964 -0.00689772 0.00516813
2.00417 0.00193794 -0.00408581 0.00190017
2.00833 0.00193383 -0.00157093 -0.00104412
2.0125 0.00126089 0.00190719 -0.000707775
2.01667 -0.00113851 0.00622597 0.00161074
2.02083 -0.00425406 0.0108055 0.00254297
2.025 -0.00665895 0.0155511 0.000777396
2.02917 -0.00816552 0.0205259 -0.00199155
2.03333 -0.00967346 0.0256268 -0.00349752
2.0375 -0.0120278 0.0310056 -0.00318139
2.04167 -0.0152921 0.0368908 -0.00223775
2.04583 -0.0186703 0.0423933 -0.0022509
2.05 -0.0209064 0.045437 -0.00379687
2.05417 -0.0212299 0.0448853 -0.00581496
2.05833 -0.0201957 0.0420721 -0.0064693
2.0625 -0.0191163 0.0390049 -0.00519739
2.06667 -0.0183328 0.0354793 -0.0036241
2.07083 -0.016625 0.0294655 -0.00360926
2.075 -0.0129053 0.0203497 -0.0046566
2.07917 -0.00792191 0.0101449 -0.00452165
2.08333 -0.00337966 0.000930188 -0.00248305
2.0875 0.000277891 -0.00736463 -0.000440944
2.09167 0.00404159 -0.0155475 -3.84137e-05
2.09583 0.00826829 -0.0228152 -0.000247821
2.1 0.0117337 -0.0273975 0.000756789
2.10417 0.0133045 -0.0289381 0.00252306
2.10833 0.0134774 -0.0286814 0.00309898
2.1125 0.0133816 -0.0275078 0.00231939
2.11667 0.0130619 -0.0252238 0.00205489
2.12083 0.011822 -0.021764 0.00301624
2.125 0.00972868 -0.0176336 0.00354245
2.12917 0.00756889 -0.0129411 0.00240348
2.13333 0.00553706 -0.00739063 0.000845459
2.1375 0.0031544 -0.00159516 0.000535353
2.14167 0.000480985 0.00298264 0.00105866
2.14583 -0.00172404 0.00586347 0.00102673
2.15 -0.00314328 0.00788379 0.000379955
2.15417 -0.00407873 0.00919142 -0.000134504
2.15833 -0.00440035 0.00874183 -0.000644695
2.1625 -0.00367087 0.00678335 -0.00137797
2.16667 -0.00259913 0.00574365 -0.00127131
2.17083 -0.00271969 0.00679626 0.000296792
2.175 -0.00387632 0.00742437 0.00130291
2.17917 -0.00379503 0.00497772 -0.000406566
2.18333 -0.00148966 0.00117034 -0.00285644
2.1875 0.000652993 -0.000260668 -0.00191532
2.19167 0.000226525 0.000472049 0.00199581
2.19583 -0.00120563 -0.000441326 0.00341325
2.2 -0.000276861 -0.00391995 -6.5668e-05
2.20417 0.00276506 -0.00622945 -0.00341549
2.20833 0.00415881 -0.00514997 -0.00142077
2.2125 0.00243521 -0.00362688 0.0031854
2.21667 0.000652664 -0.00457496 0.00372366
2.22083 0.00146792 -0.00586713 -0.00033915
2.225 0.00314962 -0.00432107 -0.0030004
2.22917 0.00280657 -0.00162943 -0.00109579
2.23333 0.00103003 -0.00160969 0.00169516
2.2375 0.000390052 -0.0036269 0.00147478
2.24167 0.0011423 -0.00407175 -0.000480589
2.24583 0.00167788 -0.00323875 -0.00136716
2.25 0.0019958 -0.00475856 -0.00139536
2.25417 0.00319757 -0.00811 -0.00156489
2.25833 0.00422549 -0.00820813 -0.000777245
2.2625 0.00298178 -0.00420162 0.00118354
2.26667 0.000708723 -0.00221154 0.00125487
2.27083 0.00110581 -0.00580155 -0.00201663
2.275 0.00419283 -0.00958066 -0.0042673
2.27917 0.00532255 -0.00739349 -0.00123988
2.28333 0.00225432 -0.00205966 0.00342406
2.2875 -0.000918203 -0.000481866 0.00262792
2.29167 -4.01145e-05 -0.00240977 -0.00292403
2.29583 0.00245938 -0.00161603 -0.00499111
2.3 0.00149167 0.00312751 -0.000273473
2.30417 -0.00252444 0.00615428 0.00444073
2.30833 -0.00445771 0.00470393 0.00265434
2.3125 -0.00255249 0.00326325 -0.00240554
2.31667 -0.000680561 0.00569041 -0.00342454
2.32083 -0.00197753 0.00928154 0.000332492
2.325 -0.00467462 0.0101465 0.00342703
2.32917 -0.00574643 0.00932479 0.00274889
2.33333 -0.00510099 0.00953242 0.000382131
2.3375 -0.00426032 0.0100701 -0.000844647
2.34167 -0.00375281 0.00934125 -0.000241898
2.34583 -0.00374588 0.00900143 0.00171096
2.35 -0.00484979 0.0109936 0.00360389
2.35417 -0.00643926 0.0130977 0.00310353
2.35833 -0.00640361 0.0120454 2.75092e-05
2.3625 -0.00437686 0.00900858 -0.00177064
2.36667 -0.00295892 0.0074759 0.000718935
2.37083 -0.00376474 0.00743826 0.00427363
2.375 -0.00463251 0.00630799 0.00347992
2.37917 -0.00316411 0.0041021 -0.000803789
2.38333 -0.000746774 0.00282695 -0.00245459
2.3875 -8.81882e-05 0.00186582 0.000405331
2.39167 -0.000675233 -0.000903048 0.00281125
2.39583 -5.77089e-05 -0.00425977 0.00120406
2.4 0.00179959 -0.00536017 -0.00154929
2.40417 0.00303381 -0.00562687 -0.00191207
2.40833 0.00365393 -0.00876881 -0.00109474
2.4125 0.00498519 -0.013113 -0.0013068
2.41667 0.00615237 -0.0131266 -0.00140982
2.42083 0.00531465 -0.00952752 -0.000371905
2.425 0.00399566 -0.00964621 -0.000654799
2.42917 0.0054257 -0.0148797 -0.00342544
2.43333 0.00830076 -0.0165756 -0.00450585
2.4375 0.00756754 -0.00979673 -0.000800356
2.44167 0.0028315 -0.00273475 0.00287894
2.44583 0.000221028 -0.00421323 0.00040509
2.45 0.00289546 -0.00883819 -0.00485563
2.45417 0.00533186 -0.00544969 -0.00417997
2.45833 0.00188125 0.00408921 0.0023386
2.4625 -0.0037381 0.00734801 0.00503393
2.46667 -0.00401929 0.0015842 -0.000131315
2.47083 0.000352524 -0.00200769 -0.00488652
2.475 0.00178278 0.00281322 -0.00178069
2.47917 -0.00185598 0.00724801 0.00412582
2.48333 -0.00420553 0.00299149 0.00378773
2.4875 -0.00130266 -0.00338499 -0.0015343
2.49167 0.00208988 -0.00161563 -0.00322257
2.49583 0.000768002 0.00492873 0.000621897
2.5 -0.00253936 0.00526558 0.00327868
2.50417 -0.00239653 -0.000592938 0.00118115
2.50833 0.000267336 -0.00228163 -0.00115227
2.5125 0.000557442 0.00281795 0.000122861
2.51667 -0.0016487 0.00543907 0.00208418
2.52083 -0.00200952 0.000827345 0.00129868
2.525 0.000202854 -0.00312745 -1.91321e-05
2.52917 0.000918484 0.000178734 0.00121325
2.53333 -0.00119631 0.00462788 0.00280397
2.5375 -0.00219733 0.00216 0.0013242
2.54167 8.83246e-05 -0.00323064 -0.00117433
2.54583 0.0019821 -0.00246925 -0.000375576
2.55 0.000221286 0.00300199 0.00250644
2.55417 -0.00228213 0.00384431 0.00237032
2.55833 -0.00127009 -0.00130989 -0.00107277
2.5625 0.00169949 -0.00401917 -0.00254826
2.56667 0.00195909 -0.000604992 5.94656e-05
2.57083 -0.000488135 0.00224785 0.00223193
2.575 -0.0012907 -0.000419445 0.000322525
2.57917 0.00081543 -0.00372492 -0.00267829
2.58333 0.00223126 -0.00217657 -0.00237675
2.5875 0.000868238 0.000778731 5.58269e-05
2.59167 -0.000542479 -0.000783317 0.000427824
2.59583 0.000613484 -0.00489772 -0.0015911
2.6 0.00255801 -0.00529274 -0.0026497
2.60417 0.00239888 -0.00182048 -0.00150472
2.60833 0.000725099 0.000186292 -0.000388196
2.6125 -1.07032e-05 -0.000734605 -0.000768197
2.61667 0.000323119 -0.000597206 -0.0013732
2.62083 -5.25061e-05 0.00240865 -0.000978863
2.625 -0.00142535 0.00512421 -0.000286495
2.62917 -0.00238273 0.00538819 -0.000167148
2.63333 -0.00249871 0.00545301 -0.000200629
2.6375 -0.00284183 0.00746774 0.000166205
2.64167 -0.00384366 0.00967516 0.000611788
2.64583 -0.0045671 0.00945261 0.000765817
2.65 -0.00428747 0.00724858 0.000786411
2.65417 -0.00339327 0.00532902 0.000717478
2.65833 -0.00254986 0.00458691 0.000392194
2.6625 -0.00201725 0.0042992 0.000116913
2.66667 -0.00180224 0.00360593 0.000295412
2.67083 -0.00162326 0.00204074 0.00040783
2.675 -0.000902559 -0.000215833 -0.000318342
2.67917 0.000401014 -0.00195314 -0.00129253
2.68333 0.00131421 -0.00205915 -0.00115651
2.6875 0.00109436 -0.00131548 -7.52763e-05
2.69167 0.000494686 -0.0015381 0.000266723
2.69583 0.000728514 -0.00280229 -0.000656349
2.7 0.00160366 -0.00345749 -0.00125328
2.70417 0.00194741 -0.00318169 -0.000306728
2.70833 0.00162372 -0.00367682 0.00109928
2.7125 0.00170052 -0.00549859 0.00126593
2.71667 0.00254265 -0.00662835 0.000379201
2.72083 0.00315857 -0.00574362 3.27076e-05
2.725 0.00288545 -0.00481434 0.000860701
2.72917 0.00251514 -0.00629703 0.00186204
2.73333 0.00302701 -0.00916376 0.00193364
2.7375 0.00406896 -0.0101537 0.00115495
2.74167 0.00451345 -0.00833987 0.000435403
2.74583 0.00399038 -0.00606442 0.000438636
2.75 0.00309858 -0.0052849 0.00100032
2.75417 0.00239843 -0.00518771 0.00134938
2.75833 0.00191031 -0.00415513 0.00089062
2.7625 0.00151067 -0.00234441 -7.84539e-05
2.76667 0.00118571 -0.00104492 -0.000567886
2.77083 0.000804456 -0.000513018 -5.05183e-05
2.775 0.000141785 0.000150978 0.000745683
2.77917 -0.000681534 0.00134667 0.000612089
2.78333 -0.00116735 0.00242855 -0.000565023
2.7875 -0.00111199 0.00291353 -0.00151099
2.79167 -0.00103026 0.00334125 -0.00115804
2.79583 -0.00158303 0.00456677 -0.000111028
2.8 -0.00272458 0.00660372 9.7058e-05
2.80417 -0.0037273 0.00841852 -0.000934882
2.80833 -0.0040022 0.00880727 -0.00193366
2.8125 -0.00365057 0.00763082 -0.001689
2.81667 -0.00324033 0.00627946 -0.00063565
2.82083 -0.0032375 0.00641606 -0.00018149
2.825 -0.0036098 0.00790302 -0.000874485
2.82917 -0.00384724 0.00866043 -0.00181676
2.83333 -0.00349613 0.0072613 -0.00179196
2.8375 -0.00276544 0.00486967 -0.000614991
2.84167 -0.00228942 0.00345644 0.000637955
2.84583 -0.00210534 0.00280275 0.000720326
2.85 -0.0013943 0.000981366 -0.000292044
2.85417 0.000276813 -0.00239489 -0.000829191
2.85833 0.00199792 -0.00535377 0.000288937
2.8625 0.00260654 -0.00640838 0.00204657
2.86667 0.00237515 -0.00644188 0.0023394
2.87083 0.00259163 -0.00689134 0.000940384
2.875 0.00353979 -0.00750822 3.08716e-05
2.87917 0.0040109 -0.00710265 0.00119151
2.88333 0.00311859 -0.00559811 0.0031379
2.8875 0.0016493 -0.00419596 0.00352338
2.89167 0.00103543 -0.00384577 0.00211187
2.89583 0.00154764 -0.00419953 0.000883763
2.9 0.00204594 -0.00387683 0.00134526
2.90417 0.00130484 -0.00169059 0.00282738
2.90833 -0.000681426 0.00190522 0.00350492
2.9125 -0.00263407 0.00482941 0.00250994
2.91667 -0.00331238 0.00571378 0.000944371
2.92083 -0.00302989 0.0058322 0.000810388
2.925 -0.00338101 0.00727793 0.00261547
2.92917 -0.00500544 0.00950293 0.00433515
2.93333 -0.00632422 0.00969369 0.00373804
2.9375 -0.00550513 0.00691182 0.00158058
2.94167 -0.00316186 0.0036772 0.000898108
2.94583 -0.00166717 0.0024503 0.00273262
2.95 -0.00186525 0.00248602 0.00443876
2.95417 -0.00204631 0.00161947 0.0033927
2.95833 -0.000620065 -0.000368549 0.000749861
2.9625 0.00163375 -0.0019141 -0.00025609
2.96667 0.00288134 -0.00230002 0.00121656
2.97083 0.00283864 -0.00250654 0.00275633
2.975 0.00301827 -0.00370686 0.00209472
2.97917 0.00471657 -0.0059082 -0.000138496
2.98333 0.00747382 -0.00795206 -0.00134239
2.9875 0.00958258 -0.008548 8.43232e-05
2.99167 0.00999467 -0.00775989 0.00293722
2.99583 0.00968887 -0.007336 0.0044644
