0 0 0 0
0.00416667 0 0 0
0.00833333 0 0 0
0.0125 0 0 0
0.0166667 0 0 0
0.0208333 0 0 0
0.025 0 0 0
0.0291667 0 0 0
0.0333333 0 0 0
0.0375 0 0 0
0.0416667 0 0 0
0.0458333 0 0 0
0.05 0 0 0
0.0541667 0 0 0
0.0583333 0 0 0
0.0625 0 0 0
0.0666667 0 0 0
0.0708333 0 0 0
0.075 0 0 0
0.0791667 0 0 0
0.0833333 0 0 0
0.0875 0 0 0
0.0916667 0 0 0
0.0958333 0 0 0
0.1 0 0 0
0.104167 0 0 0
0.108333 0 0 0
0.1125 0 0 0
0.116667 0 0 0
0.120833 0 0 0
0.125 0 0 0
0.129167 0 0 0
0.133333 0 0 0
0.1375 0 0 0
0.141667 0 0 0
0.145833 0 0 0
0.15 0 0 0
0.154167 0 0 0
0.158333 0 0 0
0.1625 0 0 0
0.166667 0 0 0
0.170833 0 0 0
0.175 0 0 0
0.179167 0 0 0
0.183333 0 0 0
0.1875 -1.36856e-321 0 4.60766e-320
0.191667 -1.69689e-317 1.80164e-318 5.01923e-316
0.195833 -1.54187e-313 1.87909e-314 4.45893e-312
0.2 -1.15781e-309 1.58685e-310 3.2751e-308
0.204167 -7.24159e-306 1.09675e-306 2.00455e-304
0.208333 -3.79995e-302 6.26308e-303 1.02978e-300
0.2125 -1.68413e-298 2.98044e-299 4.47003e-297
0.216667 -6.3434e-295 1.19114e-295 1.6497e-293
0.220833 -2.04234e-291 4.02668e-292 5.20635e-290
0.225 -5.65123e-288 1.15907e-288 1.41266e-286
0.229167 -1.35073e-284 2.85844e-285 3.31223e-283
0.233333 -2.8021e-281 6.0745e-282 6.74298e-280
0.2375 -5.06827e-278 1.11842e-278 1.19728e-276
0.241667 -8.02724e-275 1.79316e-275 1.86218e-273
0.245833 -1.11786e-271 2.51559e-272 2.54744e-270
0.25 -1.37411e-268 3.10196e-269 3.0771e-267
0.254167 -1.4966e-265 3.37652e-266 3.29427e-264
0.258333 -1.44944e-262 3.2577e-263 3.137e-261
0.2625 -1.25257e-259 2.79664e-260 2.66626e-258
0.266667 -9.6906e-257 2.14408e-257 2.02936e-255
0.270833 -6.73337e-254 1.47315e-254 1.38759e-252
0.275 -4.21478e-251 9.10122e-252 8.54939e-250
0.279167 -2.38374e-248 5.07201e-249 4.76054e-247
0.283333 -1.22155e-245 2.55744e-246 2.40243e-244
0.2875 -5.6874e-243 1.17014e-243 1.10178e-241
0.291667 -2.41217e-240 4.8717e-241 4.60391e-239
0.295833 -9.343e-238 1.85049e-238 1.75726e-236
0.3 -3.31287e-235 6.42928e-236 6.14153e-234
0.304167 -1.07789e-232 2.04816e-233 1.96996e-231
0.308333 -3.22536e-230 5.99663e-231 5.81236e-229
0.3125 -8.89512e-228 1.61721e-228 1.58089e-226
0.316667 -2.2657e-225 4.02605e-226 3.97199e-224
0.320833 -5.34078e-223 9.27134e-224 9.23725e-222
0.325 -1.16734e-220 1.97889e-221 1.99225e-219
0.329167 -2.37026e-218 3.92233e-219 3.99229e-217
0.333333 -4.47897e-216 7.23294e-217 7.44656e-215
0.3375 -7.89042e-214 1.24308e-214 1.29508e-212
0.341667 -1.29804e-211 1.99455e-212 2.10365e-210
0.345833 -1.99732e-209 2.99268e-210 3.19658e-208
0.35 -2.87907e-207 4.20569e-208 4.55101e-206
0.354167 -3.89368e-205 5.54422e-206 6.07985e-204
0.358333 -4.94768e-203 6.86612e-204 7.6326e-202
0.3625 -5.91545e-201 7.9996e-202 9.01686e-200
0.366667 -6.6636e-199 8.78029e-200 1.00376e-197
0.370833 -7.08167e-197 9.09099e-198 1.05431e-195
0.375 -7.10919e-195 8.89064e-196 1.0462e-193
0.379167 -6.74987e-193 8.22268e-194 9.81993e-192
0.383333 -6.06846e-191 7.2007e-192 8.72891e-190
0.3875 -5.17212e-189 5.97752e-190 7.35648e-188
0.391667 -4.1836e-187 4.70913e-188 5.88465e-186
0.395833 -3.21508e-185 3.52458e-186 4.4728e-184
0.4 -2.34989e-183 2.50887e-184 3.23369e-182
0.404167 -1.63515e-181 1.70018e-182 2.22596e-180
0.408333 -1.08429e-179 1.09797e-180 1.46037e-178
0.4125 -6.85851e-178 6.76361e-179 9.13995e-177
0.416667 -4.14196e-176 3.97799e-177 5.46213e-175
0.420833 -2.39037e-174 2.23582e-175 3.11964e-173
0.425 -1.31943e-172 1.20193e-173 1.70431e-171
0.429167 -6.97157e-171 6.18526e-172 8.9137e-170
0.433333 -3.52905e-169 3.04951e-170 4.46672e-168
0.4375 -1.71281e-167 1.4416e-168 2.14627e-166
0.441667 -7.97674e-166 6.5394e-167 9.89642e-165
0.445833 -3.5672e-164 2.84864e-165 4.38225e-163
0.45 -1.53297e-162 1.19251e-163 1.8649e-161
0.454167 -6.33508e-161 4.80086e-162 7.63239e-160
0.458333 -2.5193e-159 1.85998e-160 3.00615e-158
0.4625 -9.64734e-158 6.93946e-159 1.14023e-156
0.466667 -3.55975e-156 2.49489e-157 4.16768e-155
0.470833 -1.26645e-154 8.64894e-156 1.46888e-153
0.475 -4.34694e-153 2.89287e-154 4.99498e-152
0.479167 -1.44034e-151 9.34137e-153 1.63983e-150
0.483333 -4.60985e-150 2.91382e-151 5.20038e-149
0.4875 -1.42592e-148 8.78482e-150 1.594e-147
0.491667 -4.26512e-147 2.56131e-148 4.72496e-146
0.495833 -1.23432e-145 7.22582e-147 1.35518e-144
0.5 -3.45792e-144 1.97349e-145 3.76284e-143
0.504167 -9.38239e-143 5.22068e-144 1.01198e-141
0.508333 -2.46684e-141 1.33839e-142 2.63747e-140
0.5125 -6.28794e-140 3.32671e-141 6.66449e-139
0.516667 -1.55461e-138 8.02097e-140 1.6335e-137
0.520833 -3.72977e-137 1.87681e-138 3.88548e-136
0.525 -8.68732e-136 4.26377e-137 8.97299e-135
0.529167 -1.96527e-134 9.40885e-136 2.01275e-133
0.533333 -4.31997e-133 2.0176e-134 4.38718e-132
0.5375 -9.23085e-132 4.20603e-133 9.29627e-131
0.541667 -1.91815e-130 8.52758e-132 1.91574e-129
0.545833 -3.87773e-129 1.68217e-130 3.84096e-128
0.55 -7.62948e-128 3.22976e-129 7.4953e-127
0.554167 -1.46151e-126 6.03803e-128 1.42413e-125
0.558333 -2.72683e-125 1.09953e-126 2.63561e-124
0.5625 -4.95705e-124 1.95101e-125 4.75274e-123
0.566667 -8.78315e-123 3.3745e-124 8.3539e-122
0.570833 -1.51737e-121 5.69124e-123 1.43175e-120
0.575 -2.55677e-120 9.36263e-122 2.39347e-119
0.579167 -4.20335e-119 1.50289e-120 3.90402e-118
0.583333 -6.74444e-118 2.35469e-119 6.21527e-117
0.5875 -1.05652e-116 3.60209e-118 9.66075e-116
0.591667 -1.61632e-115 5.38176e-117 1.46655e-114
0.595833 -2.41561e-114 7.85552e-116 2.17497e-113
0.6 -3.5278e-113 1.12056e-114 3.15212e-112
0.604167 -5.03599e-112 1.56252e-113 4.46556e-111
0.608333 -7.02899e-111 2.13047e-112 6.18577e-110
0.6125 -9.59508e-110 2.84118e-111 8.38062e-109
0.616667 -1.28136e-108 3.70696e-110 1.11082e-107
0.620833 -1.67446e-107 4.73309e-109 1.44081e-106
0.625 -2.14176e-106 5.91551e-108 1.82928e-105
0.629167 -2.6821e-105 7.23887e-107 2.27393e-104
0.633333 -3.28921e-104 8.67537e-106 2.76825e-103
0.6375 -3.9512e-103 1.01847e-104 3.30117e-102
0.641667 -4.6504e-102 1.17154e-103 3.85718e-101
0.645833 -5.36387e-101 1.32073e-102 4.41686e-100
0.65 -6.06447e-100 1.45955e-101 4.95791e-99
0.654167 -6.72249e-99 1.58149e-100 5.4566e-98
0.658333 -7.30783e-98 1.68056e-99 5.88952e-97
0.6625 -7.7922e-97 1.75175e-98 6.23542e-96
0.666667 -8.1515e-96 1.7915e-97 6.47696e-95
0.670833 -8.36779e-95 1.79793e-96 6.60218e-94
0.675 -8.43081e-94 1.77104e-95 6.60543e-93
0.679167 -8.33871e-93 1.71266e-94 6.48783e-92
0.683333 -8.09814e-92 1.62623e-93 6.25701e-91
0.6875 -7.72345e-91 1.51651e-92 5.92635e-90
0.691667 -7.23534e-90 1.38913e-91 5.51369e-89
0.695833 -6.65899e-89 1.25013e-90 5.03978e-88
0.7 -6.02197e-88 1.10549e-89 4.52661e-87
0.704167 -5.35213e-87 9.60769e-89 3.99581e-86
0.708333 -4.67571e-86 8.20777e-88 3.46722e-85
0.7125 -4.01584e-85 6.89358e-87 2.95786e-84
0.716667 -3.39145e-84 5.69312e-86 2.48122e-83
0.720833 -2.81675e-83 4.62393e-85 2.04699e-82
0.725 -2.30108e-82 3.694e-84 1.66112e-81
0.729167 -1.84929e-81 2.90319e-83 1.32613e-80
0.733333 -1.46231e-80 2.24498e-82 1.0417e-79
0.7375 -1.13788e-79 1.70834e-81 8.05251e-79
0.741667 -8.71458e-79 1.27945e-80 6.12664e-78
0.745833 -6.56975e-78 9.43236e-80 4.58856e-77
0.75 -4.87605e-77 6.8459e-79 3.38344e-76
0.754167 -3.56341e-76 4.8923e-78 2.45656e-75
0.758333 -2.56449e-75 3.44292e-77 1.75649e-74
0.7625 -1.81776e-74 2.38632e-76 1.237e-73
0.766667 -1.26919e-73 1.62921e-75 8.58142e-73
0.770833 -8.73031e-73 1.09579e-74 5.86505e-72
0.775 -5.91703e-72 7.26162e-74 3.94969e-71
0.779167 -3.95187e-71 4.74187e-73 2.62113e-70
0.783333 -2.60124e-70 3.05161e-72 1.71435e-69
0.7875 -1.68768e-69 1.93563e-71 1.10523e-68
0.791667 -1.07941e-68 1.21026e-70 7.02424e-68
0.795833 -6.80638e-68 7.46024e-70 4.40138e-67
0.8 -4.23188e-67 4.53408e-69 2.7194e-66
0.804167 -2.59469e-66 2.71729e-68 1.65691e-65
0.808333 -1.569e-65 1.60599e-67 9.95679e-65
0.8125 -9.35823e-65 9.36163e-67 5.90172e-64
0.816667 -5.50608e-64 5.38282e-66 3.45083e-63
0.820833 -3.19608e-63 3.05324e-65 1.99068e-62
0.825 -1.83047e-62 1.70863e-64 1.13307e-61
0.829167 -1.03448e-61 9.43444e-64 6.36406e-61
0.833333 -5.76955e-61 5.14047e-63 3.52758e-60
0.8375 -3.17587e-60 2.76408e-62 1.92986e-59
0.841667 -1.72555e-59 1.4669e-61 1.04214e-58
0.845833 -9.25501e-59 7.68404e-61 5.55545e-58
0.85 -4.90064e-58 3.97335e-60 2.92377e-57
0.854167 -2.56209e-57 2.02834e-59 1.51928e-56
0.858333 -1.32264e-56 1.02229e-58 7.79553e-56
0.8625 -6.74268e-56 5.08744e-58 3.95004e-55
0.866667 -3.39472e-55 2.50004e-57 1.97671e-54
0.870833 -1.68809e-54 1.21325e-56 9.77035e-54
0.875 -8.29167e-54 5.81497e-56 4.7702e-53
0.879167 -4.02327e-53 2.75275e-55 2.3007e-52
0.883333 -1.92861e-52 1.28719e-54 1.09626e-51
0.8875 -9.13415e-52 5.94572e-54 5.161e-51
0.891667 -4.27453e-51 2.71321e-53 2.40078e-50
0.895833 -1.97668e-50 1.22323e-52 1.10358e-49
0.9 -9.03328e-50 5.44894e-52 5.01328e-49
0.904167 -4.07989e-49 2.39838e-51 2.2508e-48
0.908333 -1.82127e-48 1.04317e-50 9.98802e-48
0.9125 -8.03634e-48 4.48383e-50 4.38109e-47
0.916667 -3.50532e-47 1.9047e-49 1.89965e-46
0.920833 -1.51152e-46 7.99672e-49 8.14302e-46
0.925 -6.44382e-46 3.31841e-48 3.45101e-45
0.929167 -2.71611e-45 1.36114e-47 1.44605e-44
0.933333 -1.13202e-44 5.51893e-47 5.99138e-44
0.9375 -4.66543e-44 2.2121e-46 2.45472e-43
0.941667 -1.90145e-43 8.76549e-46 9.94575e-43
0.945833 -7.66413e-43 3.43389e-45 3.98528e-42
0.95 -3.05527e-42 1.33001e-44 1.5794e-41
0.954167 -1.20468e-41 5.09332e-44 6.19105e-41
0.958333 -4.69846e-41 1.92859e-43 2.40048e-40
0.9625 -1.81269e-40 7.22084e-43 9.20701e-40
0.966667 -6.91831e-40 2.67337e-42 3.49341e-39
0.970833 -2.61222e-39 9.78744e-42 1.31134e-38
0.975 -9.7583e-39 3.54347e-41 4.87011e-38
0.979167 -3.60676e-38 1.26867e-40 1.78954e-37
0.983333 -1.31905e-37 4.49202e-40 6.50647e-37
0.9875 -4.77338e-37 1.57294e-39 2.34084e-36
0.991667 -1.70937e-36 5.44718e-39 8.33381e-36
0.995833 -6.0577e-36 1.86562e-38 2.93616e-35
1 -2.12454e-35 6.3193e-38 1.02376e-34
1.00417 -7.37438e-35 2.11696e-37 3.53285e-34
1.00833 -2.53344e-34 7.01384e-37 1.20663e-33
1.0125 -8.61462e-34 2.29823e-36 4.0791e-33
1.01667 -2.8995e-33 7.4477e-36 1.36495e-32
1.02083 -9.66025e-33 2.3869e-35 4.52111e-32
1.025 -3.18603e-32 7.56519e-35 1.48242e-31
1.02917 -1.04022e-31 2.37118e-34 4.81181e-31
1.03333 -3.36224e-31 7.34941e-34 1.54623e-30
1.0375 -1.07592e-30 2.25248e-33 4.91911e-30
1.04167 -3.40872e-30 6.82598e-33 1.54938e-29
1.04583 -1.06925e-29 2.04519e-32 4.83177e-29
1.05 -3.32095e-29 6.05797e-32 1.49192e-28
1.05417 -1.02129e-28 1.77379e-31 4.56129e-28
1.05833 -3.10997e-28 5.13343e-31 1.38086e-27
1.0625 -9.37773e-28 1.46818e-30 4.13944e-27
1.06667 -2.80018e-27 4.14897e-30 1.22879e-26
1.07083 -8.28006e-27 1.15826e-29 3.61221e-26
1.075 -2.42467e-26 3.19352e-29 1.05157e-25
1.07917 -7.03163e-26 8.69375e-29 3.03166e-25
1.08333 -2.01955e-25 2.33596e-28 8.65599e-25
1.0875 -5.74457e-25 6.19246e-28 2.44768e-24
1.09167 -1.61837e-24 1.61873e-27 6.85496e-24
1.09583 -4.51567e-24 4.16991e-27 1.90142e-23
1.1 -1.24797e-23 1.05772e-26 5.22375e-23
1.10417 -3.41609e-23 2.6392e-26 1.42144e-22
1.10833 -9.26209e-23 6.46934e-26 3.83108e-22
1.1125 -2.48742e-22 1.5552e-25 1.02275e-21
1.11667 -6.61697e-22 3.6579e-25 2.70449e-21
1.12083 -1.74359e-21 8.39007e-25 7.08386e-21
1.125 -4.55108e-21 1.86762e-24 1.83794e-20
1.12917 -1.17672e-20 4.00448e-24 4.72365e-20
1.13333 -3.01387e-20 8.16738e-24 1.20258e-19
1.1375 -7.64677e-20 1.5477e-23 3.03278e-19
1.14167 -1.92192e-19 2.5851e-23 7.57647e-19
1.14583 -4.78523e-19 3.22013e-23 1.87497e-18
1.15 -1.18027e-18 8.72853e-25 4.59652e-18
1.15417 -2.88389e-18 -1.87959e-22 1.11628e-17
1.15833 -6.9806e-18 -9.10778e-22 2.68549e-17
1.1625 -1.67389e-17 -3.26699e-21 6.40014e-17
1.16667 -3.97636e-17 -1.03106e-20 1.51101e-16
1.17083 -9.35763e-17 -3.02125e-20 3.53395e-16
1.175 -2.18157e-16 -8.41865e-20 8.1878e-16
1.17917 -5.03845e-16 -2.25933e-19 1.87926e-15
1.18333 -1.15278e-15 -5.8843e-19 4.27288e-15
1.1875 -2.61287e-15 -1.49456e-18 9.62418e-15
1.19167 -5.8669e-15 -3.71434e-18 2.14741e-14
1.19583 -1.30502e-14 -9.05385e-18 4.74647e-14
1.2 -2.87564e-14 -2.16835e-17 1.03927e-13
1.20417 -6.27716e-14 -5.1091e-17 2.25414e-13
1.20833 -1.35736e-13 -1.18557e-16 4.84311e-13
1.2125 -2.90755e-13 -2.71161e-16 1.03075e-12
1.21667 -6.1695e-13 -6.11685e-16 2.17301e-12
1.22083 -1.29676e-12 -1.36163e-15 4.53773e-12
1.225 -2.69987e-12 -2.99232e-15 9.38594e-12
1.22917 -5.56798e-12 -6.49428e-15 1.92296e-11
1.23333 -1.13739e-11 -1.39238e-14 3.90215e-11
1.2375 -2.30129e-11 -2.94982e-14 7.84278e-11
1.24167 -4.6118e-11 -6.17644e-14 1.56119e-10
1.24583 -9.15362e-11 -1.27838e-13 3.07784e-10
1.25 -1.7994e-10 -2.61594e-13 6.00936e-10
1.25417 -3.50314e-10 -5.29293e-13 1.16195e-09
1.25833 -6.75414e-10 -1.05903e-12 2.22488e-09
1.2625 -1.28957e-09 -2.09558e-12 4.21858e-09
1.26667 -2.4382e-09 -4.10122e-12 7.92048e-09
1.27083 -4.56477e-09 -7.93892e-12 1.47245e-08
1.275 -8.46204e-09 -1.52008e-11 2.71024e-08
1.27917 -1.55316e-08 -2.87903e-11 4.93897e-08
1.28333 -2.8224e-08 -5.39395e-11 8.91042e-08
1.2875 -5.07759e-08 -9.99668e-11 1.59136e-07
1.29167 -9.04286e-08 -1.83271e-10 2.8133e-07
1.29583 -1.59417e-07 -3.3237e-10 4.92283e-07
1.3 -2.78173e-07 -5.96253e-10 8.52573e-07
1.30417 -4.80412e-07 -1.05807e-09 1.46128e-06
1.30833 -8.21101e-07 -1.85719e-09 2.47846e-06
1.3125 -1.38876e-06 -3.22437e-09 4.15948e-06
1.31667 -2.32416e-06 -5.5368e-09 6.90663e-06
1.32083 -3.84833e-06 -9.40321e-09 1.13454e-05
1.325 -6.30379e-06 -1.57933e-08 1.84352e-05
1.32917 -1.02142e-05 -2.62311e-08 2.96283e-05
1.33333 -1.63695e-05 -4.30801e-08 4.70912e-05
1.3375 -2.59439e-05 -6.99548e-08 7.40102e-05
1.34167 -4.06582e-05 -1.12304e-07 0.000115001
1.34583 -6.29958e-05 -1.78226e-07 0.000176645
1.35 -9.6485e-05 -2.79572e-07 0.000268178
1.35417 -0.000146057 -4.3342e-07 0.000402338
1.35833 -0.000218484 -6.63988e-07 0.000596381
1.3625 -0.000322901 -1.00504e-06 0.000873239
1.36667 -0.000471395 -1.50284e-06 0.00126277
1.37083 -0.000679621 -2.21958e-06 0.00180298
1.375 -0.000967409 -3.23724e-06 0.00254112
1.37917 -0.00135925 -4.66163e-06 0.00353429
1.38333 -0.00188457 -6.62614e-06 0.00484939
1.3875 -0.00257755 -9.29474e-06 0.00656193
1.39167 -0.00347645 -1.28632e-05 0.00875334
1.39583 -0.004622 -1.75578e-05 0.0115062
1.4 -0.00605483 -2.36294e-05 0.0148971
1.40417 -0.00781169 -3.13431e-05 0.0189869
1.40833 -0.00992027 -4.09598e-05 0.0238087
1.4125 -0.0123928 -5.27114e-05 0.0293526
1.41667 -0.0152188 -6.67662e-05 0.0355508
1.42083 -0.018357 -8.31879e-05 0.0422614
1.425 -0.0217279 -0.000101888 0.0492561
1.42917 -0.0252078 -0.000122576 0.0562123
1.43333 -0.028626 -0.000144713 0.0627138
1.4375 -0.0317655 -0.00016748 0.0682625
1.44167 -0.0343709 -0.000189756 0.0723037
1.44583 -0.0361622 -0.000210135 0.0742656
1.45 -0.0368556 -0.000226975 0.073612
1.45417 -0.0361913 -0.000238489 0.0699049
1.45833 -0.0339652 -0.000242879 0.0628696
1.4625 -0.0300612 -0.000238511 0.0524544
1.46667 -0.0244798 -0.000224103 0.0388737
1.47083 -0.0173571 -0.000198929 0.0226231
1.475 -0.00896911 -0.000162985 0.00445797
1.47917 0.000283019 -0.000117101 -0.0146703
1.48333 0.00990884 -6.29637e-05 -0.0337185
1.4875 0.0193843 -3.02301e-06 -0.0516871
1.49167 0.0282216 5.97192e-05 -0.0677705
1.49583 0.0360442 0.000122038 -0.0814966
1.5 0.0426539 0.000180892 -0.0928285
1.50417 0.0480767 0.000233863 -0.102203
1.50833 0.0525739 0.00027955 -0.110482
1.5125 0.0566109 0.000317842 -0.118819
1.51667 0.0607803 0.00035001 -0.128442
1.52083 0.0656879 0.000378556 -0.140385
1.525 0.0718162 0.000406817 -0.155209
1.52917 0.0793875 0.000438356 -0.172774
1.53333 0.0882549 0.000476206 -0.192093
1.5375 0.0978427 0.000522096 -0.211326
1.54167 0.107156 0.000575773 -0.227923
1.54583 0.114866 0.000634563 -0.238894
1.55 0.119457 0.000693262 -0.241196
1.55417 0.119426 0.000744413 -0.232144
1.55833 0.11349 0.000778965 -0.209815
1.5625 0.100783 0.000787243 -0.173356
1.56667 0.0810004 0.000760125 -0.123174
1.57083 0.0544796 0.000690275 -0.060972
1.575 0.0222056 0.000573295 0.0103413
1.57917 -0.014249 0.000408652 0.0868646
1.58333 -0.0528392 0.000200273 0.16399
1.5875 -0.0911997 -4.32754e-05 0.236743
1.59167 -0.126822 -0.000309078 0.300164
1.59583 -0.157245 -0.000580655 0.349699
1.6 -0.180262 -0.000839218 0.381626
1.60417 -0.194121 -0.00106535 0.393448
1.60833 -0.197727 -0.00124096 0.384246
1.6125 -0.1908 -0.00135133 0.354889
1.61667 -0.173968 -0.00138693 0.308051
1.62083 -0.148743 -0.00134478 0.247963
1.625 -0.11738 -0.00122898 0.179903
1.62917 -0.0825927 -0.00105034 0.109483
1.63333 -0.04719 -0.000824954 0.0418765
1.6375 -0.0136903 -0.000572129 -0.018856
1.64167 0.0159942 -0.000311845 -0.0701551
1.64583 0.0407233 -6.23881e-05 -0.110981
1.65 0.0601036 0.000161459 -0.141464
1.65417 0.0742878 0.000349321 -0.16232
1.65833 0.083671 0.000495197 -0.174241
1.6625 0.0885974 0.000596697 -0.177504
1.66667 0.0891865 0.000653979 -0.171936
1.67083 0.08535 0.000668828 -0.157267
1.675 0.0769924 0.000644219 -0.133731
1.67917 0.0643152 0.000584424 -0.102635
1.68333 0.0480876 0.000495439 -0.0666402
1.6875 0.0297511 0.000385322 -0.0295625
1.69167 0.0112765 0.000264006 0.00432092
1.69583 -0.00521127 0.000142367 0.0312463
1.7 -0.0179282 3.06698e-05 0.0488948
1.70417 -0.025874 -6.31902e-05 0.0569297
1.70833 -0.0290548 -0.000134994 0.0569231
1.7125 -0.0283948 -0.000184534 0.0516809
1.71667 -0.0253591 -0.000214749 0.0442113
1.72083 -0.0214271 -0.000229923 0.0367262
1.725 -0.017615 -0.0002336 0.0300538
1.72917 -0.0142278 -0.000227057 0.0236776
1.73333 -0.0109289 -0.000208985 0.016353
1.7375 -0.00708321 -0.000176573 0.00701606
1.74167 -0.00221621 -0.000127607 -0.00442165
1.74583 0.00361655 -6.27123e-05 -0.0167481
1.75 0.00971411 1.32377e-05 -0.0277436
1.75417 0.0149233 9.12622e-05 -0.0349735
1.75833 0.0180611 0.00016009 -0.036747
1.7625 0.0183883 0.000209101 -0.0328368
1.76667 0.0159331 0.000231362 -0.0246557
1.77083 0.0115283 0.000225652 -0.0148107
1.775 0.00654227 0.000196704 -0.00620856
1.77917 0.00240901 0.000153561 -0.0010576
1.78333 0.00013767 0.000106639 -0.000142721
1.7875 -1.36681e-05 6.45523e-05 -0.00263046
1.79167 0.00141395 3.18266e-05 -0.00645576
1.79583 0.00331786 8.25893e-06 -0.00912941
1.8 0.00446072 -9.936e-06 -0.00866592
1.80417 0.00392944 -2.77312e-05 -0.00430569
1.80833 0.00146579 -4.86209e-05 0.00320993
1.8125 -0.00244071 -7.27354e-05 0.0118939
1.81667 -0.0067234 -9.64725e-05 0.019204
1.82083 -0.0101103 -0.000113789 0.0229285
1.825 -0.0115677 -0.00011865 0.0219594
1.82917 -0.0106612 -0.000107672 0.016675
1.83333 -0.00770402 -8.18755e-05 0.0087863
1.8375 -0.00363579 -4.67985e-05 0.000695976
1.84167 0.0003277 -1.08235e-05 -0.00539039
1.84583 0.00314061 1.7686e-05 -0.00824612
1.85 0.00429166 3.33277e-05 -0.00797735
1.85417 0.00393722 3.5483e-05 -0.00580473
1.85833 0.00275021 2.82422e-05 -0.00338731
1.8625 0.00156084 1.84441e-05 -0.00202002
1.86667 0.000964213 1.26647e-05 -0.00209762
1.87083 0.00108565 1.44695e-05 -0.00309689
1.875 0.00161151 2.31281e-05 -0.00404893
1.87917 0.00205003 3.43138e-05 -0.00420296
1.88333 0.0020601 4.23718e-05 -0.00347876
1.8875 0.00164989 4.30114e-05 -0.00243818
1.89167 0.0011283 3.51242e-05 -0.00180796
1.89583 0.000847499 2.09336e-05 -0.00187868
1.9 0.000911373 4.57805e-06 -0.00220035
1.90417 0.00105489 -9.97506e-06 -0.00181879
1.90833 0.000795641 -2.05259e-05 5.64938e-05
1.9125 -0.000220476 -2.69839e-05 0.00337347
1.91667 -0.0019004 -3.0491e-05 0.00702443
1.92083 -0.00364002 -3.20784e-05 0.00931608
1.925 -0.00459764 -3.18053e-05 0.00890701
1.92917 -0.00417072 -2.89141e-05 0.00566304
1.93333 -0.00239223 -2.27919e-05 0.000876359
1.9375 1.45089e-05 -1.39606e-05 -0.0033481
1.94167 0.0019884 -4.30201e-06 -0.00522235
1.94583 0.00270335 3.73164e-06 -0.00425968
1.95 0.00202383 8.43652e-06 -0.00151228
1.95417 0.000563378 9.81127e-06 0.00109265
1.95833 -0.000694997 9.45898e-06 0.00191277
1.9625 -0.000984967 9.44982e-06 0.000529004
1.96667 -0.000188032 1.08704e-05 -0.00210797
1.97083 0.00115045 1.30131e-05 -0.00437758
1.975 0.00221097 1.37275e-05 -0.00504402
1.97917 0.0024255 1.06539e-05 -0.0039634
1.98333 0.00179218 2.44974e-06 -0.00200732
1.9875 0.000789671 -1.08557e-05 -0.000322525
1.99167 -1.60903e-05 -2.86043e-05 0.000498083
1.99583 -0.000371222 -5.07665e-05 0.000724846
2 -0.000449627 -7.87642e-05 0.00108426
2.00417 -0.000618029 -0.00011526 0.00199173
2.00833 -0.00105322 -0.000163136 0.00306352
2.0125 -0.0015303 -0.000224549 0.00333859
2.01667 -0.00157088 -0.000300908 0.00208307
2.02083 -0.000855651 -0.000393848 -0.000440527
2.025 0.000420056 -0.00050629 -0.00289415
2.02917 0.00155669 -0.000642313 -0.00365012
2.03333 0.00177664 -0.000805118 -0.00195226
2.0375 0.000792186 -0.000993671 0.0013896
2.04167 -0.000902584 -0.00119966 0.00435426
2.04583 -0.00227133 -0.00140658 0.00497119
2.05 -0.00239062 -0.00159155 0.00266409
2.05417 -0.00108677 -0.00172914 -0.00127638
2.05833 0.000901673 -0.00179517 -0.00448086
2.0625 0.00238128 -0.00176905 -0.00505887
2.06667 0.00249017 -0.00163439 -0.00286193
2.07083 0.00127423 -0.00137933 0.000439801
2.075 -0.000355875 -0.000998475 0.00253817
2.07917 -0.0012661 -0.000497046 0.0021007
2.08333 -0.00089058 0.000103725 -0.000327009
2.0875 0.000388108 0.000763014 -0.00277106
2.09167 0.00154013 0.00142144 -0.0032983
2.09583 0.00165063 0.00200806 -0.001433
2.1 0.000588108 0.00245201 0.00150983
2.10417 -0.000906548 0.00269586 0.00340934
2.10833 -0.0017713 0.002707 0.00290855
2.1125 -0.00140551 0.00248477 0.000410183
2.11667 -0.000107512 0.00206222 -0.00222887
2.12083 0.0011512 0.00150279 -0.00306628
2.125 0.0014421 0.000892092 -0.00148801
2.12917 0.000554494 0.000325518 0.00136829
2.13333 -0.000863935 -0.000107458 0.00346746
2.1375 -0.00179161 -0.000339462 0.00335195
2.14167 -0.0015729 -0.000337916 0.00114677
2.14583 -0.000367715 -0.000109896 -0.00161206
2.15 0.00100199 0.000303152 -0.00314071
2.15417 0.00166735 0.000839491 -0.00266269
2.15833 0.00131768 0.00143482 -0.00084387
2.1625 0.000359311 0.00203668 0.000840674
2.16667 -0.000450973 0.00261013 0.00125057
2.17083 -0.000584476 0.00313311 0.000346437
2.175 -8.66632e-05 0.00358507 -0.000946128
2.17917 0.000539882 0.00393539 -0.00156824
2.18333 0.000775317 0.00413845 -0.00113966
2.1875 0.000473404 0.00413881 -0.000127602
2.19167 -9.12182e-05 0.00388554 0.000676945
2.19583 -0.000512459 0.00335007 0.000863679
2.2 -0.000603238 0.00253998 0.00067956
2.20417 -0.000509286 0.00150224 0.000684035
2.20833 -0.000514106 0.000313409 0.00113945
2.2125 -0.000733637 -0.000940305 0.00170868
2.21667 -0.00098521 -0.00218497 0.00174245
2.22083 -0.000951379 -0.00337326 0.000906122
2.225 -0.000492758 -0.00448381 -0.000417159
2.22917 0.000173747 -0.00550494 -0.00133447
2.23333 0.000605484 -0.0064101 -0.00113147
2.2375 0.000483521 -0.00713785 0.000112306
2.24167 -0.000103949 -0.00758891 0.00150312
2.24583 -0.000688951 -0.00764568 0.00196236
2.25 -0.000760022 -0.00720898 0.00103428
2.25417 -0.000153391 -0.00623732 -0.000754588
2.25833 0.000807121 -0.00477212 -0.0022699
2.2625 0.00153573 -0.00293774 -0.00259546
2.26667 0.00160666 -0.00091747 -0.00168287
2.27083 0.00105241 0.00108331 -0.000339909
2.275 0.000316099 0.0028717 0.000416
2.27917 -9.71648e-05 0.00428943 0.000132994
2.28333 1.52841e-06 0.00522233 -0.000760439
2.2875 0.000363581 0.00560449 -0.00132675
2.29167 0.000522673 0.00542473 -0.000879421
2.29583 0.00017989 0.00473583 0.00045264
2.3 -0.000543054 0.00365798 0.00178669
2.30417 -0.00117657 0.00236573 0.00213379
2.30833 -0.00125018 0.00105438 0.00115576
2.3125 -0.000656715 -0.000104405 -0.000532722
2.31667 0.000239606 -0.000998685 -0.00175868
2.32083 0.000841356 -0.00158672 -0.00162089
2.325 0.000741136 -0.00187914 -0.000165685
2.32917 2.74279e-05 -0.00190795 0.00159597
2.33333 -0.000756927 -0.00170563 0.00238069
2.3375 -0.000991622 -0.00130813 0.00156722
2.34167 -0.000432746 -0.000775067 -0.000303717
2.34583 0.000587808 -0.000202957 -0.00186683
2.35 0.00138248 0.000290447 -0.00191099
2.35417 0.00141026 0.00061062 -0.000301055
2.35833 0.000699241 0.000732151 0.00186966
2.3625 -0.000140177 0.000709466 0.00307122
2.36667 -0.000351057 0.000636102 0.00252256
2.37083 0.000394032 0.000575107 0.00086126
2.375 0.00172201 0.000511214 -0.000275393
2.37917 0.00283189 0.000366862 0.000500546
2.38333 0.00313046 7.87801e-05 0.00320383
2.3875 0.0027404 -0.000319248 0.00640644
2.39167 0.00245496 -0.000677197 0.00835323
2.39583 0.00313656 -0.00080346 0.00841971
2.4 0.00501823 -0.000592537 0.00772182
2.40417 0.00748132 -0.000115484 0.00831395
2.40833 0.00952516 0.000401418 0.011559
2.4125 0.0105773 0.000707381 0.0169858
2.41667 0.0109836 0.00068122 0.0226129
2.42083 0.0117482 0.000399096 0.026527
2.425 0.0137047 6.65148e-05 0.0284331
2.42917 0.0167899 -0.000132664 0.029863
2.43333 0.020034 -0.000153854 0.0328253
2.4375 0.0222957 -8.83052e-05 0.0380075
2.44167 0.0231353 -5.15974e-05 0.0440549
2.44583 0.0230865 -6.72527e-05 0.0485667
2.45 0.0230859 -5.06715e-05 0.0499738
2.45417 0.0235484 9.23603e-05 0.0486882
2.45833 0.0238916 0.000345107 0.0465167
2.4625 0.0229408 0.000556547 0.0448442
2.46667 0.0198782 0.000551872 0.0431849
2.47083 0.0149176 0.000289738 0.0394069
2.475 0.00911069 -7.46539e-05 0.0314789
2.47917 0.00344812 -0.000290251 0.0192381
2.48333 -0.00195569 -0.000203364 0.0046316
2.4875 -0.00787126 0.000115513 -0.0097932
2.49167 -0.0151404 0.000422049 -0.0228374
2.49583 -0.023756 0.000488532 -0.0353425
2.5 -0.0326562 0.000277322 -0.0490422
2.50417 -0.0404276 -4.49854e-05 -0.0646234
2.50833 -0.046318 -0.000257034 -0.080739
2.5125 -0.0506875 -0.00026164 -0.0948607
2.51667 -0.0545293 -0.000143167 -0.105218
2.52083 -0.0585139 -6.81388e-05 -0.112114
2.525 -0.0624105 -0.00013247 -0.117487
2.52917 -0.0653819 -0.000294166 -0.123145
2.53333 -0.0668489 -0.000437971 -0.129264
2.5375 -0.0671126 -0.000493712 -0.134448
2.54167 -0.0671504 -0.00049189 -0.137199
2.54583 -0.0677495 -0.000515471 -0.137391
2.55 -0.0687293 -0.000611028 -0.136366
2.55417 -0.0689197 -0.000750674 -0.135534
2.55833 -0.0668907 -0.000870364 -0.134723
2.5625 -0.0617907 -0.000929782 -0.131722
2.56667 -0.0536018 -0.00092971 -0.123418
2.57083 -0.0426754 -0.000884152 -0.107567
2.575 -0.0290562 -0.000797263 -0.0837548
2.57917 -0.0122667 -0.00067702 -0.0529464
2.58333 0.0082173 -0.000557007 -0.0162466
2.5875 0.0321895 -0.000477464 0.0258583
2.59167 0.0582919 -0.000430707 0.0730652
2.59583 0.0842966 -0.000339616 0.124049
2.6 0.107861 -0.000121195 0.175623
2.60417 0.127179 0.000209869 0.223086
2.60833 0.141112 0.000512667 0.261585
2.6125 0.148855 0.000626202 0.287533
2.61667 0.149602 0.000526324 0.299149
2.62083 0.142597 0.000371882 0.296012
2.625 0.127605 0.000371183 0.278278
2.62917 0.105405 0.000585593 0.246394
2.63333 0.0778835 0.000868809 0.201545
2.6375 0.0475835 0.00101385 0.146366
2.64167 0.0170072 0.000964458 0.0851368
2.64583 -0.0118659 0.000873198 0.023087
2.65 -0.0376037 0.000945245 -0.0348305
2.65417 -0.059037 0.00123218 -0.0849332
2.65833 -0.0750542 0.00158984 -0.125011
2.6625 -0.084743 0.00183227 -0.153837
2.66667 -0.0877788 0.00190319 -0.170625
2.67083 -0.0846947 0.00188224 -0.175001
2.675 -0.0767485 0.00184374 -0.167483
2.67917 -0.0654481 0.00175247 -0.149931
2.68333 -0.0520968 0.00151915 -0.125364
2.6875 -0.0376719 0.00113041 -0.0971371
2.69167 -0.0230276 0.000674249 -0.0680105
2.69583 -0.00911615 0.000222392 -0.0397749
2.7 0.00305861 -0.000270969 -0.0135658
2.70417 0.0127439 -0.000899925 0.00958066
2.70833 0.019713 -0.00163317 0.0285335
2.7125 0.0242467 -0.0022632 0.0424048
2.71667 0.0268247 -0.00258178 0.0510337
2.72083 0.0277793 -0.00260025 0.0550781
2.725 0.0271645 -0.00254167 0.0555562
2.72917 0.0248841 -0.00258013 0.0531898
2.73333 0.0209228 -0.00261832 0.0480781
2.7375 0.0154966 -0.00238187 0.0399435
2.74167 0.00905167 -0.00174778 0.028732
2.74583 0.00216129 -0.000929182 0.0151098
2.75 -0.00458633 -0.000282829 0.00051462
2.75417 -0.0106378 5.48124e-05 -0.0132497
2.75833 -0.0154465 0.000281744 -0.0245858
2.7625 -0.0184306 0.000659026 -0.0324702
2.76667 -0.0190425 0.00117629 -0.0364289
2.77083 -0.017023 0.00155367 -0.0362758
2.775 -0.0127291 0.00157215 -0.0319951
2.77917 -0.00724263 0.00132613 -0.024023
2.78333 -0.00203798 0.0010939 -0.013711
2.7875 0.0016701 0.000998875 -0.00338389
2.79167 0.00344633 0.000889517 0.00440556
2.79583 0.00363242 0.000578914 0.0081015
2.8 0.00288806 0.000123584 0.00793127
2.80417 0.00174691 -0.000222832 0.00556535
2.80833 0.000568285 -0.000315901 0.00291873
2.8125 -0.000235664 -0.000279719 0.00112177
2.81667 -0.000156566 -0.000308807 0.000434625
2.82083 0.00105186 -0.000381864 0.000852064
2.825 0.00295829 -0.00028112 0.002467
2.82917 0.00453223 9.66995e-05 0.00510106
2.83333 0.00481364 0.000555449 0.00775649
2.8375 0.00362607 0.000807921 0.00883685
2.84167 0.00168026 0.000821314 0.00727886
2.84583 -5.06821e-06 0.00084358 0.00360506
2.85 -0.000798924 0.00106401 -0.000225576
2.85417 -0.000684368 0.00135042 -0.00218235
2.85833 1.00265e-05 0.00141448 -0.0015704
2.8625 0.000928328 0.00119027 0.000690041
2.86667 0.00172097 0.000921467 0.00295116
2.87083 0.0019256 0.000837935 0.00392019
2.875 0.00104377 0.000853463 0.00307017
2.87917 -0.0011022 0.000687916 0.000416165
2.88333 -0.00403467 0.000243569 -0.00370822
2.8875 -0.00666398 -0.000272843 -0.0085185
2.89167 -0.00775988 -0.000631571 -0.0125926
2.89583 -0.00657881 -0.000858103 -0.0141436
2.9 -0.00329199 -0.00112502 -0.0118414
2.90417 0.00101627 -0.00143944 -0.00571544
2.90833 0.00480786 -0.00160344 0.00250055
2.9125 0.00680042 -0.0015157 0.00992698
2.91667 0.00652913 -0.00135716 0.0138202
2.92083 0.00441405 -0.00134975 0.0129133
2.925 0.00135951 -0.00141973 0.00799916
2.92917 -0.00170202 -0.00129043 0.00135953
2.93333 -0.00396156 -0.000923564 -0.00452554
2.9375 -0.00469778 -0.00066253 -0.00800978
2.94167 -0.00346674 -0.00079002 -0.00844746
2.94583 -0.000577571 -0.00107881 -0.00585474
2.95 0.00269577 -0.00103454 -0.000863983
2.95417 0.0047038 -0.000598966 0.00492027
2.95833 0.00452099 -0.000342031 0.00901102
2.9625 0.00255288 -0.000763063 0.00924182
2.96667 3.3535e-05 -0.00156971 0.00537706
2.97083 -0.00203611 -0.00196673 -0.000487915
2.975 -0.00338684 -0.00167651 -0.00540993
2.97917 -0.00405363 -0.00133437 -0.00767477
2.98333 -0.00381746 -0.0016343 -0.00750199
2.9875 -0.00238909 -0.00230316 -0.00595303
2.99167 -0.00010266 -0.00233526 -0.00359453
2.99583 0.00192949 -0.00128834 -0.000491451
