0 0 0 0
0.00416667 0 0 0
0.00833333 0 0 0
0.0125 0 0 0
0.0166667 0 0 0
0.0208333 0 0 0
0.025 0 0 0
0.0291667 0 0 0
0.0333333 0 0 0
0.0375 0 0 0
0.0416667 0 0 0
0.0458333 0 0 0
0.05 0 0 0
0.0541667 0 0 0
0.0583333 0 0 0
0.0625 0 0 0
0.0666667 0 0 0
0.0708333 0 0 0
0.075 0 0 0
0.0791667 0 0 0
0.0833333 0 0 0
0.0875 0 0 0
0.0916667 0 0 0
0.0958333 0 0 0
0.1 0 0 0
0.104167 0 0 0
0.108333 0 0 0
0.1125 0 0 0
0.116667 0 0 0
0.120833 0 0 0
0.125 -1.82804e-322 3.78948e-321 8.18173e-321
0.129167 -2.0713e-316 2.85593e-315 6.08258e-315
0.133333 -1.00455e-310 1.3401e-309 2.85475e-309
0.1375 -3.2105e-305 4.14804e-304 8.83831e-304
0.141667 -6.93329e-300 8.68414e-299 1.85076e-298
0.145833 -1.03514e-294 1.25803e-293 2.68173e-293
0.15 -1.091e-289 1.28762e-288 2.74546e-288
0.154167 -8.27439e-285 9.49104e-284 2.02417e-283
0.158333 -4.59593e-280 5.12734e-279 1.09379e-278
0.1625 -1.9001e-275 2.0632e-274 4.40247e-274
0.166667 -5.93523e-271 6.27688e-270 1.33972e-269
0.170833 -1.42026e-266 1.46383e-265 3.12521e-265
0.175 -2.63716e-262 2.65056e-261 5.66038e-261
0.179167 -3.84511e-258 3.77086e-257 8.0551e-257
0.183333 -4.4514e-254 4.26181e-253 9.1065e-253
0.1875 -4.13408e-250 3.86607e-249 8.26335e-249
0.191667 -3.10983e-246 2.84208e-245 6.07653e-245
0.195833 -1.91195e-242 1.70841e-241 3.65382e-241
0.2 -9.68857e-239 8.46814e-238 1.81168e-237
0.204167 -4.07862e-235 3.48854e-234 7.46581e-234
0.208333 -1.437e-231 1.20329e-230 2.576e-230
0.2125 -4.26691e-228 3.49931e-227 7.49388e-227
0.216667 -1.07482e-224 8.63624e-224 1.85011e-223
0.220833 -2.311e-221 1.82e-220 3.9003e-220
0.225 -4.2662e-218 3.29417e-217 7.06201e-217
0.229167 -6.79903e-215 5.14913e-214 1.10427e-213
0.233333 -9.40325e-212 6.98694e-211 1.49896e-210
0.2375 -1.13415e-208 8.27064e-208 1.77502e-207
0.241667 -1.19853e-205 8.58043e-205 1.84222e-204
0.245833 -1.11465e-202 7.83633e-202 1.68312e-201
0.25 -9.16126e-200 6.32656e-199 1.35939e-198
0.254167 -6.68087e-197 4.53316e-196 9.74433e-196
0.258333 -4.33927e-194 2.8937e-193 6.22276e-193
0.2625 -2.51926e-191 1.65154e-190 3.55303e-190
0.266667 -1.31187e-188 8.4565e-188 1.82006e-187
0.270833 -6.14743e-186 3.89744e-185 8.39193e-185
0.275 -2.60037e-183 1.62183e-182 3.49364e-182
0.279167 -9.95883e-181 6.11168e-180 1.31712e-179
0.283333 -3.46298e-178 2.09158e-177 4.50958e-177
0.2875 -1.09632e-175 6.51818e-175 1.406e-174
0.291667 -3.16814e-173 1.85456e-172 4.00224e-172
0.295833 -8.37776e-171 4.82946e-170 1.04271e-169
0.3 -2.03209e-168 1.1538e-167 2.49231e-167
0.304167 -4.5315e-166 2.53467e-165 5.47778e-165
0.308333 -9.31052e-164 5.13127e-163 1.10948e-162
0.3125 -1.76625e-161 9.59283e-161 2.07519e-160
0.316667 -3.09991e-159 1.65944e-158 3.59163e-158
0.320833 -5.04322e-157 2.66138e-156 5.76313e-156
0.325 -7.61963e-155 3.96449e-154 8.58942e-154
0.329167 -1.07104e-152 5.49514e-152 1.19119e-151
0.333333 -1.40302e-150 7.09944e-150 1.53977e-149
0.3375 -1.71567e-148 8.56329e-148 1.85826e-147
0.341667 -1.96156e-146 9.65868e-146 2.0971e-145
0.345833 -2.10009e-144 1.02028e-143 2.21646e-143
0.35 -2.10853e-142 1.01085e-141 2.19719e-141
0.354167 -1.98815e-140 9.40668e-140 2.04579e-139
0.358333 -1.76296e-138 8.23309e-138 1.79157e-137
0.3625 -1.47209e-136 6.78642e-136 1.47761e-135
0.366667 -1.15899e-134 5.27502e-134 1.1492e-133
0.370833 -8.6142e-133 3.87122e-132 8.4387e-132
0.375 -6.05145e-131 2.68553e-130 5.85753e-130
0.379167 -4.02266e-129 1.76306e-128 3.84781e-128
0.383333 -2.53315e-127 1.09659e-126 2.39472e-126
0.3875 -1.51276e-125 6.46889e-125 1.41353e-124
0.391667 -8.57615e-124 3.62303e-123 7.92163e-123
0.395833 -4.62027e-122 1.92845e-121 4.21913e-121
0.4 -2.36766e-120 9.76481e-120 2.13772e-119
0.404167 -1.1552e-118 4.7081e-118 1.03136e-117
0.408333 -5.3713e-117 2.16348e-116 4.74237e-116
0.4125 -2.38217e-115 9.48346e-115 2.08014e-114
0.416667 -1.00857e-113 3.96883e-113 8.71108e-113
0.420833 -4.07989e-112 1.58708e-111 3.48575e-111
0.425 -1.57814e-110 6.06918e-110 1.33388e-109
0.429167 -5.84173e-109 2.22122e-108 4.88506e-108
0.433333 -2.07092e-107 7.786e-107 1.71351e-106
0.4375 -7.03612e-106 2.61588e-105 5.76088e-105
0.441667 -2.29278e-104 8.42975e-104 1.85774e-103
0.445833 -7.17057e-103 2.60738e-102 5.75011e-102
0.45 -2.15378e-101 7.74603e-101 1.70945e-100
0.454167 -6.21709e-100 2.21169e-99 4.88438e-99
0.458333 -1.72581e-98 6.0732e-98 1.34218e-97
0.4625 -4.60982e-97 1.60482e-96 3.54922e-96
0.466667 -1.18556e-95 4.08331e-95 9.03718e-95
0.470833 -2.93744e-94 1.00099e-93 2.217e-93
0.475 -7.01561e-93 2.3655e-92 5.243e-92
0.479167 -1.61605e-91 5.39182e-91 1.19595e-90
0.483333 -3.59227e-90 1.18604e-89 2.63271e-89
0.4875 -7.70972e-89 2.51909e-88 5.59594e-88
0.491667 -1.5984e-87 5.16879e-87 1.14907e-86
0.495833 -3.20277e-86 1.02506e-85 2.28055e-85
0.5 -6.20539e-85 1.9658e-84 4.37683e-84
0.504167 -1.16311e-83 3.64719e-83 8.1267e-83
0.508333 -2.11e-82 6.54949e-82 1.4605e-81
0.5125 -3.70634e-81 1.13889e-80 2.54164e-80
0.516667 -6.30668e-80 1.91853e-79 4.2849e-79
0.520833 -1.04e-78 3.13221e-78 7.00113e-78
0.525 -1.66274e-77 4.95806e-77 1.10911e-76
0.529167 -2.57838e-76 7.61245e-76 1.70425e-75
0.533333 -3.87947e-75 1.13412e-74 2.54108e-74
0.5375 -5.6659e-74 1.64015e-73 3.67784e-73
0.541667 -8.03524e-73 2.30334e-72 5.16917e-72
0.545833 -1.10693e-71 3.14226e-71 7.05764e-71
0.55 -1.4818e-70 4.16572e-70 9.36405e-70
0.554167 -1.92822e-69 5.36848e-69 1.20777e-68
0.558333 -2.43987e-68 6.72782e-68 1.51484e-67
0.5625 -3.00308e-67 8.20166e-67 1.84823e-66
0.566667 -3.59664e-66 9.72912e-66 2.19427e-65
0.570833 -4.19268e-65 1.12338e-64 2.53575e-64
0.575 -4.75868e-64 1.26297e-63 2.85325e-63
0.579167 -5.26031e-63 1.38294e-62 3.12692e-62
0.583333 -5.66491e-62 1.47531e-61 3.33862e-61
0.5875 -5.94507e-61 1.53377e-60 3.47387e-60
0.591667 -6.08168e-60 1.55436e-59 3.52352e-59
0.595833 -6.06613e-59 1.53596e-58 3.48478e-58
0.6 -5.90115e-58 1.48032e-57 3.36144e-57
0.604167 -5.60032e-57 1.39185e-56 3.16328e-56
0.608333 -5.18619e-56 1.27704e-55 2.90484e-55
0.6125 -4.68763e-55 1.14365e-54 2.60368e-54
0.616667 -4.13648e-54 9.99921e-54 2.27844e-53
0.620833 -3.56439e-53 8.53741e-53 1.94705e-52
0.625 -2.99996e-52 7.11989e-52 1.62518e-51
0.629167 -2.46673e-51 5.80103e-51 1.32529e-50
0.633333 -1.98197e-50 4.61867e-50 1.05609e-49
0.6375 -1.55646e-49 3.59419e-49 8.22558e-49
0.641667 -1.1949e-48 2.73433e-48 6.26318e-48
0.645833 -8.96955e-48 2.034e-47 4.66311e-47
0.65 -6.58478e-47 1.47977e-46 3.39545e-46
0.654167 -4.72855e-46 1.05307e-45 2.41848e-45
0.658333 -3.32211e-45 7.33217e-45 1.68537e-44
0.6625 -2.28392e-44 4.99566e-44 1.1493e-43
0.666667 -1.53676e-43 3.33136e-43 7.6708e-43
0.670833 -1.01221e-42 2.17467e-42 5.01176e-42
0.675 -6.52748e-42 1.3899e-41 3.20596e-41
0.679167 -4.12199e-41 8.69892e-41 2.00824e-40
0.683333 -2.54933e-40 5.33226e-40 1.23208e-39
0.6875 -1.54444e-39 3.20178e-39 7.40443e-39
0.691667 -9.16672e-39 1.88353e-38 4.35959e-38
0.695833 -5.33112e-38 1.08573e-37 2.51516e-37
0.7 -3.03844e-37 6.13343e-37 1.42206e-36
0.704167 -1.69736e-36 3.39611e-36 7.88068e-36
0.708333 -9.29504e-36 1.84339e-35 4.28119e-35
0.7125 -4.99046e-35 9.81001e-35 2.28024e-34
0.716667 -2.62725e-34 5.11915e-34 1.19089e-33
0.720833 -1.35641e-33 2.61974e-33 6.09944e-33
0.725 -6.86854e-33 1.31494e-32 3.06404e-32
0.729167 -3.41174e-32 6.47437e-32 1.50986e-31
0.733333 -1.66257e-31 3.12739e-31 7.29913e-31
0.7375 -7.94921e-31 1.48221e-30 3.46215e-30
0.741667 -3.72958e-30 6.89342e-30 1.61143e-29
0.745833 -1.71726e-29 3.14631e-29 7.36065e-29
0.75 -7.76067e-29 1.40947e-28 3.29993e-28
0.754167 -3.44266e-28 6.19792e-28 1.45219e-27
0.758333 -1.49922e-27 2.67555e-27 6.27358e-27
0.7625 -6.40997e-27 1.13397e-26 2.66086e-26
0.766667 -2.69095e-26 4.719e-26 1.10812e-25
0.770833 -1.10932e-25 1.92841e-25 4.53152e-25
0.775 -4.491e-25 7.73908e-25 1.81985e-24
0.779167 -1.78569e-24 3.05039e-24 7.17787e-24
0.783333 -6.97399e-24 1.18095e-23 2.78074e-23
0.7875 -2.67548e-23 4.49113e-23 1.05819e-22
0.791667 -1.00832e-22 1.67787e-22 3.95585e-22
0.795833 -3.73342e-22 6.15841e-22 1.45284e-21
0.8 -1.35818e-21 2.22086e-21 5.24234e-21
0.804167 -4.85482e-21 7.86938e-21 1.85863e-20
0.808333 -1.70525e-20 2.74004e-20 6.4751e-20
0.8125 -5.88604e-20 9.37548e-20 2.21673e-19
0.816667 -1.99667e-19 3.15266e-19 7.45784e-19
0.820833 -6.65672e-19 1.04191e-18 2.46588e-18
0.825 -2.18125e-18 3.38432e-18 8.01326e-18
0.829167 -7.02527e-18 1.0805e-17 2.55944e-17
0.833333 -2.22408e-17 3.39082e-17 8.03517e-17
0.8375 -6.92128e-17 1.046e-16 2.47958e-16
0.841667 -2.11731e-16 3.17189e-16 7.52156e-16
0.845833 -6.36739e-16 9.45541e-16 2.24283e-15
0.85 -1.88246e-15 2.77095e-15 6.57442e-15
0.854167 -5.47133e-15 7.98314e-15 1.89452e-14
0.858333 -1.56339e-14 2.26112e-14 5.36695e-14
0.8625 -4.39197e-14 6.29632e-14 1.49469e-13
0.866667 -1.21303e-13 1.72372e-13 4.09235e-13
0.870833 -3.29389e-13 4.63946e-13 1.10153e-12
0.875 -8.79373e-13 1.22769e-12 2.91486e-12
0.879167 -2.30814e-12 3.19398e-12 7.58298e-12
0.883333 -5.95628e-12 8.16943e-12 1.93935e-11
0.8875 -1.51114e-11 2.0543e-11 4.87596e-11
0.891667 -3.76917e-11 5.07854e-11 1.20516e-10
0.895833 -9.24247e-11 1.23427e-10 2.92816e-10
0.9 -2.22802e-10 2.9489e-10 6.99357e-10
0.904167 -5.27987e-10 6.92592e-10 1.64187e-09
0.908333 -1.22994e-09 1.59898e-09 3.78877e-09
0.9125 -2.8163e-09 3.62855e-09 8.5931e-09
0.916667 -6.3385e-09 8.09331e-09 1.91545e-08
0.920833 -1.4021e-08 1.77416e-08 4.19593e-08
0.925 -3.04806e-08 3.8221e-08 9.03215e-08
0.929167 -6.5116e-08 8.09131e-08 1.91039e-07
0.933333 -1.36689e-07 1.68307e-07 3.96988e-07
0.9375 -2.81913e-07 3.43962e-07 8.10424e-07
0.941667 -5.71198e-07 6.90548e-07 1.62508e-06
0.945833 -1.13683e-06 1.36175e-06 3.20044e-06
0.95 -2.2222e-06 2.63732e-06 6.18947e-06
0.954167 -4.26565e-06 5.01563e-06 1.17527e-05
0.958333 -8.03953e-06 9.36506e-06 2.1907e-05
0.9625 -1.48745e-05 1.71649e-05 4.00785e-05
0.966667 -2.70106e-05 3.08765e-05 7.19496e-05
0.970833 -4.81297e-05 5.44974e-05 0.000126716
0.975 -8.41344e-05 9.43579e-05 0.000218884
0.979167 -0.000144245 0.000160221 0.000370721
0.983333 -0.000242477 0.000266727 0.000615457
0.9875 -0.000399523 0.000435193 0.00100119
0.991667 -0.000644998 0.000695669 0.00159525
0.995833 -0.00101988 0.00108907 0.00248861
1 -0.00157878 0.00166893 0.00379916
1.00417 -0.00239143 0.00250228 0.00567264
1.00833 -0.00354255 0.00366856 0.00827916
1.0125 -0.00512888 0.00525577 0.0118029
1.01667 -0.00725208 0.00735252 0.0164226
1.02083 -0.0100063 0.0100352 0.0222818
1.025 -0.01346 0.0133497 0.0294473
1.02917 -0.017631 0.0172889 0.0378591
1.03333 -0.0224589 0.0217678 0.047278
1.0375 -0.0277763 0.0265998 0.0572394
1.04167 -0.0332862 0.0314813 0.067027
1.04583 -0.0385524 0.0359907 0.0756828
1.05 -0.0430124 0.0396078 0.0820644
1.05417 -0.0460185 0.04176 0.0849599
1.05833 -0.0469089 0.0418935 0.0832553
1.0625 -0.0451078 0.0395657 0.0761372
1.06667 -0.0402383 0.0345419 0.063296
1.07083 -0.0322301 0.0268797 0.0450851
1.075 -0.0213946 0.0169759 0.0225849
1.07917 -0.00844066 0.00555638 -0.00246491
1.08333 0.00558509 -0.00640214 -0.0278802
1.0875 0.0194378 -0.0178128 -0.0513684
1.09167 0.0318729 -0.02766 -0.0709235
1.09583 0.0418636 -0.0351801 -0.0851863
1.1 0.0487854 -0.039998 -0.0936716
1.10417 0.0525138 -0.0421776 -0.0967899
1.10833 0.0534042 -0.0421691 -0.0956504
1.1125 0.0521556 -0.0406669 -0.0917021
1.11667 0.0496001 -0.0384222 -0.0863352
1.12083 0.04649 -0.0360759 -0.0805904
1.125 0.0433618 -0.0340715 -0.0750913
1.12917 0.0405318 -0.0326814 -0.0702287
1.13333 0.0382223 -0.0321287 -0.0665122
1.1375 0.0367583 -0.0327412 -0.064903
1.14167 0.0367265 -0.0350444 -0.0669165
1.14583 0.0389847 -0.0397136 -0.0743444
1.15 0.0444584 -0.0473556 -0.0886049
1.15417 0.0537531 -0.0581718 -0.109909
1.15833 0.0667059 -0.0716203 -0.136569
1.1625 0.0820624 -0.0862301 -0.164793
1.16667 0.0974508 -0.099683 -0.189149
1.17083 0.109729 -0.109189 -0.203661
1.175 0.115639 -0.112066 -0.203196
1.17917 0.112573 -0.106341 -0.184696
1.18333 0.0991836 -0.0911828 -0.147812
1.1875 0.0756424 -0.0670248 -0.0947611
1.19167 0.0434771 -0.0353751 -0.0295536
1.19583 0.00510048 0.00156435 0.0430292
1.2 -0.0367363 0.041293 0.118232
1.20417 -0.0793322 0.0812638 0.191621
1.20833 -0.120148 0.118949 0.258912
1.2125 -0.156695 0.151799 0.315644
1.21667 -0.186397 0.177246 0.357113
1.22083 -0.206629 0.192884 0.378831
1.225 -0.21504 0.196837 0.377434
1.22917 -0.210082 0.188207 0.351685
1.23333 -0.191519 0.167413 0.303116
1.2375 -0.160693 0.136256 0.235998
1.24167 -0.120395 0.0976715 0.156656
1.24583 -0.0744152 0.0552561 0.0724306
1.25 -0.0269373 0.0127453 -0.00934063
1.25417 0.0180034 -0.0264127 -0.0820772
1.25833 0.0569024 -0.0593303 -0.140437
1.2625 0.0870205 -0.0838424 -0.180676
1.26667 0.106561 -0.0986339 -0.200994
1.27083 0.114842 -0.103362 -0.201798
1.275 0.112403 -0.0987227 -0.185664
1.27917 0.100945 -0.0863765 -0.156838
1.28333 0.0830104 -0.0686814 -0.120334
1.2875 0.0614773 -0.048293 -0.0809792
1.29167 0.0390542 -0.0277598 -0.0428127
1.29583 0.0179731 -0.00923989 -0.00899545
1.3 -5.08448e-05 0.0056308 0.0179601
1.30417 -0.0137246 0.0157948 0.0360979
1.30833 -0.0221716 0.0208543 0.0443753
1.3125 -0.0251372 0.0211903 0.0433307
1.31667 -0.0232861 0.0179994 0.0354801
1.32083 -0.0182826 0.0130735 0.0248318
1.325 -0.0123861 0.00826228 0.0154234
1.32917 -0.00760325 0.00478837 0.0095404
1.33333 -0.00481018 0.00277798 0.00671889
1.3375 -0.00341349 0.00133932 0.00433031
1.34167 -0.00186892 -0.000763635 -0.000423104
1.34583 0.00116377 -0.00418452 -0.00828693
1.35 0.00573012 -0.00838265 -0.0170052
1.35417 0.0103042 -0.0117609 -0.0224192
1.35833 0.0125969 -0.0125394 -0.0210416
1.3625 0.0109976 -0.0098626 -0.012465
1.36667 0.00572599 -0.00444622 2.07684e-05
1.37083 -0.00108929 0.00166662 0.0110869
1.375 -0.00650261 0.00611413 0.0162617
1.37917 -0.00833235 0.0073793 0.0142146
1.38333 -0.00623555 0.00542168 0.00704392
1.3875 -0.00164845 0.00146615 -0.00140516
1.39167 0.00325049 -0.00281022 -0.00786366
1.39583 0.00677334 -0.00611324 -0.0110139
1.4 0.00834577 -0.00790397 -0.0112446
1.40417 0.0082715 -0.00823898 -0.00942487
1.40833 0.00705977 -0.00739861 -0.00598444
1.4125 0.00499116 -0.00568852 -0.00109169
1.41667 0.00225827 -0.00352527 0.00443663
1.42083 -0.000588813 -0.00157473 0.00864345
1.425 -0.00249315 -0.000621721 0.00919708
1.42917 -0.00238782 -0.00110636 0.00508388
1.43333 -6.08706e-05 -0.00264089 -0.00212381
1.4375 0.00334291 -0.00396875 -0.00869753
1.44167 0.00575522 -0.00356551 -0.0109196
1.44583 0.00542192 -0.000580425 -0.00758066
1.45 0.00211768 0.00452029 -0.000948192
1.45417 -0.00258678 0.0101158 0.00464598
1.45833 -0.00628978 0.0143589 0.0056982
1.4625 -0.00732514 0.0162652 0.00185307
1.46667 -0.00582101 0.01622 -0.00401533
1.47083 -0.00349496 0.0155633 -0.00797206
1.475 -0.00236148 0.0155813 -0.00779213
1.47917 -0.00332498 0.0166438 -0.0042989
1.48333 -0.00568205 0.0180901 -0.00039486
1.4875 -0.00783293 0.0188783 0.00131667
1.49167 -0.00857986 0.0184477 0.000418629
1.49583 -0.00798579 0.0171193 -0.00131518
1.5 -0.00717161 0.015761 -0.00163482
1.50417 -0.00729458 0.015032 0.000250563
1.50833 -0.008577 0.014836 0.00309466
1.5125 -0.0101615 0.014411 0.00478975
1.51667 -0.0108629 0.012955 0.00424314
1.52083 -0.0101536 0.0102513 0.00235363
1.525 -0.00854891 0.0067759 0.0012566
1.52917 -0.0070733 0.00320433 0.00245049
1.53333 -0.0062614 -0.000259478 0.00536437
1.5375 -0.00554621 -0.0041514 0.00760931
1.54167 -0.00359084 -0.00935096 0.00681292
1.54583 0.00064592 -0.0163053 0.00262432
1.55 0.00694331 -0.0244929 -0.00274917
1.55417 0.0137584 -0.0325919 -0.00602473
1.55833 0.0191954 -0.0392736 -0.00530263
1.5625 0.0223063 -0.0440328 -0.00160147
1.56667 0.0237118 -0.0473989 0.00181748
1.57083 0.0250123 -0.0503258 0.00193937
1.575 0.0273937 -0.0532059 -0.00157857
1.57917 0.0305023 -0.055281 -0.00599267
1.58333 0.0325164 -0.0549564 -0.00752209
1.5875 0.0314344 -0.0508422 -0.00435323
1.59167 0.0266238 -0.0427585 0.00177251
1.59583 0.0194067 -0.0319345 0.00674508
1.6 0.0121678 -0.0202267 0.00721978
1.60417 0.00663713 -0.00894017 0.003246
1.60833 0.00268995 0.00184369 -0.00175426
1.6125 -0.0013633 0.0129231 -0.00371309
1.61667 -0.00721172 0.0249076 -0.0011864
1.62083 -0.0149636 0.0373027 0.00349481
1.625 -0.0228491 0.0484996 0.00615512
1.62917 -0.0284672 0.0566883 0.00421539
1.63333 -0.0305636 0.0609562 -0.00118977
1.6375 -0.029882 0.0616836 -0.00615567
1.64167 -0.028398 0.0599367 -0.00719957
1.64583 -0.0275926 0.0563994 -0.00403076
1.65 -0.0272185 0.0507767 0.000370334
1.65417 -0.0255811 0.0422068 0.00233883
1.65833 -0.0210792 0.0303574 0.000538275
1.6625 -0.0137031 0.0162845 -0.00310537
1.66667 -0.00525449 0.00229479 -0.00521066
1.67083 0.00185936 -0.00914707 -0.00383723
1.675 0.0062361 -0.0166603 -8.64634e-06
1.67917 0.00820371 -0.0204316 0.00330924
1.68333 0.0091735 -0.0216655 0.0037578
1.6875 0.0102798 -0.0215378 0.00145522
1.69167 0.0114822 -0.0205053 -0.00129577
1.69583 0.0118136 -0.0184256 -0.00205196
1.7 0.0104443 -0.0152088 -0.000219487
1.70417 0.00758053 -0.0113148 0.00261501
1.70833 0.00443383 -0.00764149 0.00413189
1.7125 0.00233213 -0.00494771 0.0031871
1.71667 0.00175421 -0.00337125 0.000622525
1.72083 0.00208147 -0.00247287 -0.00156098
1.725 0.00222414 -0.00173797 -0.00186758
1.72917 0.0015612 -0.00107088 -0.000428492
1.73333 0.000419739 -0.00085987 0.00124722
1.7375 -0.000258293 -0.00158672 0.00158467
1.74167 0.000256344 -0.00332628 0.000210965
1.74583 0.00184655 -0.00553475 -0.0018117
1.75 0.00359982 -0.00727406 -0.00290845
1.75417 0.00446878 -0.00770801 -0.00228084
1.75833 0.00400159 -0.00655236 -0.00052161
1.7625 0.00258997 -0.00421686 0.000914453
1.76667 0.00109269 -0.00156645 0.000927384
1.77083 0.000175754 0.000552638 -0.000327266
1.775 -0.000106778 0.00172711 -0.00159352
1.77917 -0.00019795 0.00206256 -0.00159843
1.78333 -0.000533327 0.00190728 -0.00016134
1.7875 -0.00109316 0.00148146 0.00161758
1.79167 -0.00139999 0.000771036 0.00228295
1.79583 -0.000977961 -0.000217491 0.00130152
1.8 0.000115297 -0.00115042 -0.000424682
1.80417 0.00118183 -0.00143145 -0.00131765
1.80833 0.00137672 -0.000691115 -0.000544304
1.8125 0.000439745 0.000756633 0.00117512
1.81667 -0.000987818 0.00202322 0.00217958
1.82083 -0.00182757 0.00232703 0.00141851
1.825 -0.0014772 0.00164183 -0.000498381
1.82917 -0.000356103 0.000682531 -0.00182311
1.83333 0.000470037 0.000239502 -0.00134865
1.8375 0.000282064 0.000514771 0.000374404
1.84167 -0.000626473 0.00107619 0.00154793
1.84583 -0.00128065 0.00138506 0.000927135
1.85 -0.00103273 0.0012966 -0.000893761
1.85417 -0.000212604 0.00105395 -0.00207261
1.85833 0.000265055 0.000895836 -0.00142782
1.8625 -8.22003e-05 0.000780894 0.000321284
1.86667 -0.000771375 0.000513131 0.00132144
1.87083 -0.000900725 5.41192e-05 0.000568587
1.875 -0.000177147 -0.000376041 -0.0010276
1.87917 0.00072872 -0.000509788 -0.00166414
1.88333 0.000909465 -0.000287408 -0.000627211
1.8875 0.000215671 0.000112918 0.00095963
1.89167 -0.000597529 0.000441559 0.00142936
1.89583 -0.000713239 0.000535366 0.000414721
1.9 -0.000113419 0.000380845 -0.00083016
1.90417 0.000479639 0.000133405 -0.000910919
1.90833 0.000435479 6.59112e-05 0.000177083
1.9125 -0.000146228 0.000350457 0.0011598
1.91667 -0.000629532 0.00080158 0.000970997
1.92083 -0.000546108 0.000950837 -0.000127225
1.925 -2.96854e-05 0.000540979 -0.000939712
1.92917 0.000389882 -9.96148e-05 -0.000662061
1.93333 0.000340806 -0.000383071 0.000323288
1.9375 -3.46754e-05 -0.00020332 0.000915812
1.94167 -0.000232909 -0.000121696 0.000461901
1.94583 8.90679e-05 -0.000643267 -0.000562815
1.95 0.000715836 -0.00148084 -0.00103767
1.95417 0.00104337 -0.00181436 -0.000401601
1.95833 0.000703741 -0.00123995 0.000671353
1.9625 -2.96697e-05 -0.000181384 0.00095738
1.96667 -0.000553963 0.000680373 8.16114e-05
1.97083 -0.000612971 0.00109029 -0.000982148
1.975 -0.00051604 0.00118001 -0.000999191
1.97917 -0.000657555 0.00101114 8.36844e-05
1.98333 -0.000973491 0.0004594 0.00106961
1.9875 -0.000993014 -0.000500787 0.000881118
1.99167 -0.000382284 -0.00159567 -0.000264181
1.99583 0.000621683 -0.00232962 -0.00113536
2 0.00129269 -0.00222847 -0.000780439
2.00417 0.000992612 -0.0012282 0.0005139
2.00833 -0.00013994 1.6381e-05 0.00142681
2.0125 -0.00108761 0.000523162 0.0008439
2.01667 -0.000883832 5.25841e-05 -0.000842274
2.02083 0.000187735 -0.000479922 -0.00180754
2.025 0.000724513 -0.000177725 -0.000724828
2.02917 -6.93495e-05 0.000503223 0.00135147
2.03333 -0.00117402 0.000386111 0.00186026
2.0375 -0.000975594 -0.000534281 -5.31622e-05
2.04167 0.000478042 -0.000906577 -0.00209676
2.04583 0.00140455 -6.34678e-05 -0.001618
2.05 0.000700342 0.000914551 0.000807248
2.05417 -0.000571702 0.00095102 0.00206303
2.05833 -0.000756425 0.000667924 0.000680185
2.0625 0.000180561 0.00107741 -0.00136182
2.06667 0.000995107 0.00152867 -0.00157668
2.07083 0.00111716 0.000752764 -0.000125622
2.075 0.00103273 -0.000545599 0.00106511
2.07917 0.00100151 -0.000329665 0.00104912
2.08333 0.00075509 0.00142566 0.000286246
2.0875 0.000495396 0.00239433 -0.000687628
2.09167 0.000771722 0.00161768 -0.00135858
2.09583 0.00110447 0.0010771 -0.000772155
2.1 0.00029914 0.00210483 0.00110459
2.10417 -0.00127768 0.00270443 0.00212478
2.10833 -0.00148638 0.000844197 0.000389522
2.1125 0.000364471 -0.00163755 -0.00227026
2.11667 0.00181617 -0.00163865 -0.00204665
2.12083 0.000614811 4.78106e-05 0.00114305
2.125 -0.00166788 -9.6694e-06 0.00287881
2.12917 -0.00183917 -0.00201274 0.000620888
2.13333 1.57211e-07 -0.00263359 -0.00231697
2.1375 0.000756347 -0.00103566 -0.00178127
2.14167 -0.000588101 -0.000540527 0.000964957
2.14583 -0.00154828 -0.00257914 0.00165066
2.15 -0.000583371 -0.00364336 -0.000185561
2.15417 0.000385201 -0.0013506 -0.00117874
2.15833 -0.000320261 0.000737589 -0.000230182
2.1625 -0.000977252 -0.00117742 0.000132796
2.16667 0.00030976 -0.00409293 -0.0010039
2.17083 0.00176248 -0.00264492 -0.0011027
2.175 0.000776396 0.0016055 0.000732536
2.17917 -0.00116321 0.00213243 0.00131747
2.18333 -0.000512899 -0.00173936 -0.00113182
2.1875 0.00218001 -0.00331639 -0.00303716
2.19167 0.00265911 0.000526817 -0.000874616
2.19583 -0.000136944 0.00407884 0.00255657
2.2 -0.0021042 0.00220978 0.00209363
2.20417 -0.000528826 -0.00126343 -0.00148131
2.20833 0.00159854 -0.000269181 -0.00250952
2.2125 0.000635667 0.00328392 0.000618794
2.21667 -0.00181541 0.0030685 0.00315122
2.22083 -0.00187003 -0.000644705 0.00170042
2.225 0.000144714 -0.00143449 -0.000827148
2.22917 0.000577004 0.00224105 -0.000558652
2.23333 -0.00121734 0.00434536 0.00128751
2.2375 -0.00200604 0.0014231 0.00127529
2.24167 -0.00040717 -0.00173328 -0.00027438
2.24583 0.000857531 -0.000412582 -0.000425242
2.25 -0.000102114 0.00203003 0.000828266
2.25417 -0.000973558 0.000148075 0.000611529
2.25833 0.000631971 -0.00386016 -0.00140312
2.2625 0.00264498 -0.00337752 -0.0019138
2.26667 0.00161527 0.00151318 0.000467091
2.27083 -0.00141352 0.00365342 0.00234134
2.275 -0.00212022 0.000257602 0.000657561
2.27917 0.000323118 -0.00251742 -0.00211457
2.28333 0.00179725 0.000366632 -0.0014554
2.2875 -0.000298371 0.00449491 0.00208468
2.29167 -0.00288166 0.00323887 0.00343938
2.29583 -0.00208711 -0.00119471 0.00078072
2.3 0.000570611 -0.00130289 -0.00165011
2.30417 0.000734943 0.00320942 -0.000245586
2.30833 -0.00169546 0.00486007 0.0024029
2.3125 -0.00258112 0.00101437 0.0019962
2.31667 -0.000584827 -0.00153084 -0.000473017
2.32083 0.00065989 0.0018373 -0.000824804
2.325 -0.00102361 0.00526779 0.000983246
2.32917 -0.00240341 0.00205508 0.0010816
2.33333 -0.000408851 -0.00380529 -0.00108277
2.3375 0.00229851 -0.00403438 -0.00160083
2.34167 0.00168921 0.000164712 0.000629345
2.34583 -0.0006344 0.000520912 0.00136946
2.35 -0.000118715 -0.00395016 -0.00155015
2.35417 0.00277808 -0.00555505 -0.00381514
2.35833 0.00326302 -0.00167815 -0.00167411
2.3625 0.000542925 0.00061015 0.00139596
2.36667 -0.000691759 -0.00295579 0.000279208
2.37083 0.00172965 -0.00644446 -0.00326777
2.375 0.0038687 -0.00423664 -0.00369859
2.37917 0.00249692 -0.000516369 -0.000774628
2.38333 0.000217341 -0.0012948 0.000776202
2.3875 0.000410867 -0.00382931 -0.000560443
2.39167 0.00157121 -0.00209126 -0.00154038
2.39583 0.000725619 0.00232912 -0.00057828
2.4 -0.00111263 0.00341162 0.000254615
2.40417 -0.00131647 0.00137772 0.00017539
2.40833 -0.000677762 0.00149851 0.0010384
2.4125 -0.001526 0.00416187 0.00268619
2.41667 -0.00289414 0.00459071 0.0022706
2.42083 -0.00216979 0.00190893 -0.000223055
2.425 -0.000180049 0.00054034 -0.000867451
2.42917 -5.15711e-05 0.00203621 0.0016608
2.43333 -0.00172959 0.00273868 0.00325151
2.4375 -0.0020654 0.000843157 0.000910306
2.44167 -0.000226815 -0.000780485 -0.00220683
2.44583 0.00119258 -0.000548829 -0.00187063
2.45 0.00083625 -0.000858118 0.000669006
2.45417 0.000398787 -0.00265278 0.00130835
2.45833 0.000963426 -0.00306453 -0.00033125
2.4625 0.00123807 -0.00119515 -0.00133181
2.46667 0.000689936 -0.000718965 -0.000855756
2.47083 0.000916388 -0.00319699 -0.000606531
2.475 0.00215481 -0.00407872 -0.000653685
2.47917 0.00182316 -7.6364e-05 0.000613902
2.48333 -0.00100601 0.00414445 0.00220834
2.4875 -0.00283194 0.00275157 0.0010133
2.49167 -0.000833256 -0.00131454 -0.00219957
2.49583 0.00186177 -0.000718012 -0.00226022
2.5 0.000527668 0.00380663 0.00209494
2.50417 -0.00316351 0.00424669 0.00446215
2.50833 -0.00313989 -0.000849989 0.000139037
2.5125 0.00111981 -0.00308281 -0.00519271
2.51667 0.00306407 0.00159969 -0.00323775
2.52083 -0.000443574 0.00514562 0.00339488
2.525 -0.00365627 0.000760654 0.00450467
2.52917 -0.00125674 -0.00481355 -0.00149039
2.53333 0.00281149 -0.00241958 -0.00497387
2.5375 0.00215265 0.00328327 -0.000892757
2.54167 -0.00126548 0.00157873 0.00353547
2.54583 -0.00109855 -0.00508828 0.00170993
2.55 0.00193222 -0.00486818 -0.00185817
2.55417 0.00183008 0.00225977 -0.000989295
2.55833 -0.00117229 0.00382551 0.00129971
2.5625 -0.00100884 -0.00286303 3.98965e-05
2.56667 0.00235046 -0.00533786 -0.00153617
2.57083 0.00209917 0.00182786 0.00106707
2.575 -0.00258656 0.00674946 0.00342286
2.57917 -0.00383847 0.00100003 -0.000192922
2.58333 0.00113792 -0.00539496 -0.0047897
2.5875 0.00425631 -0.0016033 -0.00209727
2.59167 8.75186e-05 0.00528731 0.00436916
2.59583 -0.00461063 0.0033426 0.00418686
2.6 -0.00220797 -0.00353488 -0.00257731
2.60417 0.00323078 -0.00346504 -0.00541017
2.60833 0.00319545 0.00275387 -0.00034568
2.6125 -0.00161205 0.00440936 0.00471259
2.61667 -0.00365731 -0.000401496 0.00308082
2.62083 -0.000738958 -0.00325704 -0.00194247
2.625 0.0022592 -0.000612809 -0.00382448
2.62917 0.00185243 0.00188342 -0.00126652
2.63333 -0.000256788 0.000246655 0.00226868
2.6375 -0.00119754 -0.00233735 0.00301809
2.64167 -0.000347287 -0.00191637 0.00011185
2.64583 0.00100633 0.00077931 -0.00310163
2.65 0.00116243 0.00233596 -0.00225038
2.65417 -0.000182655 0.00083649 0.00179558
2.65833 -0.0011693 -0.00194203 0.00333685
2.6625 -0.000373264 -0.00201167 0.000358394
2.66667 0.000674342 0.00129979 -0.0024545
2.67083 0.000170794 0.00295092 -0.00156799
2.675 -0.000491094 -0.000457365 0.000505009
2.67917 0.000425998 -0.0038857 0.000928864
2.68333 0.00104586 -0.00127231 0.000785688
2.6875 -0.000602782 0.00353117 0.000771128
2.69167 -0.00186823 0.00250956 -0.000685594
2.69583 0.00014491 -0.00252292 -0.00243027
2.7 0.00238808 -0.00275055 -0.000799793
2.70417 0.000532755 0.00226232 0.00288626
2.70833 -0.00289826 0.00395972 0.00268634
2.7125 -0.00222399 -0.000325376 -0.00185629
2.71667 0.00172288 -0.00356163 -0.00397082
2.72083 0.00299253 -0.00148845 -0.000511857
2.725 0.000200013 0.00157229 0.00326619
2.72917 -0.00214515 0.00139037 0.00244519
2.73333 -0.00126712 -0.000374902 -0.00101924
2.7375 0.000846346 -0.000928677 -0.00279537
2.74167 0.00160364 -0.000261027 -0.00151314
2.74583 0.00055834 0.000628141 0.00148821
2.75 -0.00122985 0.000830524 0.00325226
2.75417 -0.00176769 -0.00038647 0.000989145
2.75833 0.000138174 -0.00164837 -0.00331059
2.7625 0.00223483 -0.00054112 -0.0034265
2.76667 0.00118875 0.00154157 0.00168732
2.77083 -0.00169642 0.000778194 0.00461279
2.775 -0.00192047 -0.0016717 0.00083209
2.77917 0.000634984 -0.000957357 -0.00361565
2.78333 0.0015975 0.00193496 -0.00225258
2.7875 -3.51923e-05 0.00127244 0.00164521
2.79167 -0.000802324 -0.00205226 0.00214047
2.79583 8.0098e-05 -0.00135142 0.000319322
2.8 -0.000110296 0.00271913 -0.000320041
2.80417 -0.00107984 0.0023995 -0.000638846
2.80833 7.77496e-05 -0.0024663 -0.00146178
2.8125 0.00204264 -0.00343371 -0.000177601
2.81667 0.000878542 0.00106698 0.00268428
2.82083 -0.00195381 0.00307305 0.0019379
2.825 -0.00148577 -7.34329e-05 -0.00247146
2.82917 0.00157201 -0.00188409 -0.00351645
2.83333 0.00194872 0.000288996 0.000834993
2.8375 -0.000733094 0.00146835 0.00359214
2.84167 -0.00184912 -0.00017733 0.000779802
2.84583 -0.000171806 -0.000826721 -0.00257339
2.85 0.00118978 0.000163239 -0.00205322
2.85417 0.000972517 -0.00012798 0.000131028
2.85833 0.000344522 -0.000766899 0.00133708
2.8625 -0.000618247 0.00074583 0.00177513
2.86667 -0.00159722 0.00170686 0.000693382
2.87083 -0.000509762 -0.00068513 -0.00221813
2.875 0.00208227 -0.00231293 -0.00280319
2.87917 0.00189473 0.000406661 0.0015057
2.88333 -0.00157783 0.00264093 0.00483652
2.8875 -0.00278064 2.00223e-05 0.00147422
2.89167 0.000533233 -0.002602 -0.00339864
2.89583 0.00301418 -0.00052309 -0.0018294
2.9 0.00110513 0.00172795 0.00344526
2.90417 -0.0011717 -0.000232398 0.00445853
2.90833 -0.000172209 -0.00198498 0.00145152
2.9125 0.00156741 0.000272526 0.00031304
2.91667 0.00153315 0.00189282 0.0019487
2.92083 0.00152617 -0.000585416 0.00364383
2.925 0.00247166 -0.00244552 0.00547729
2.92917 0.00241771 -0.000535284 0.00758545
2.93333 0.00188515 0.000613241 0.00741311
2.9375 0.0037443 -0.00164162 0.00582589
2.94167 0.00677475 -0.00301358 0.00824779
2.94583 0.00701851 -0.00149642 0.0147854
2.95 0.00552131 -0.00106169 0.0183238
2.95417 0.00684404 -0.00294551 0.0167096
2.95833 0.0106607 -0.00359061 0.0167407
2.9625 0.0127306 -0.00284819 0.0221358
2.96667 0.0128048 -0.00404303 0.0279349
2.97083 0.0139466 -0.00601564 0.0302844
2.975 0.016053 -0.00521714 0.0316526
2.97917 0.0171531 -0.00390995 0.033787
2.98333 0.0182871 -0.00613847 0.0351099
2.9875 0.0205854 -0.00882698 0.0362695
2.99167 0.0212932 -0.00711286 0.039045
2.99583 0.0187455 -0.00412353 0.0402095
