0 0 0 0
0.00416667 0 0 0
0.00833333 0 0 0
0.0125 0 0 0
0.0166667 0 0 0
0.0208333 0 0 0
0.025 0 0 0
0.0291667 0 0 0
0.0333333 0 0 0
0.0375 0 0 0
0.0416667 0 0 0
0.0458333 0 0 0
0.05 0 0 0
0.0541667 0 0 0
0.0583333 0 0 0
0.0625 0 0 0
0.0666667 0 0 0
0.0708333 0 0 0
0.075 0 0 0
0.0791667 0 0 0
0.0833333 0 0 0
0.0875 0 0 0
0.0916667 0 0 0
0.0958333 0 0 0
0.1 0 0 0
0.104167 0 0 0
0.108333 0 0 0
0.1125 0 0 0
0.116667 0 0 0
0.120833 0 0 0
0.125 0 0 0
0.129167 0 0 0
0.133333 0 0 0
0.1375 0 0 0
0.141667 0 0 0
0.145833 0 0 0
0.15 0 0 0
0.154167 0 0 0
0.158333 0 0 0
0.1625 0 0 0
0.166667 0 0 0
0.170833 0 0 0
0.175 0 0 0
0.179167 0 0 0
0.183333 0 0 0
0.1875 0 0 0
0.191667 -2.94463e-321 4.49254e-320 6.03748e-320
0.195833 -1.03784e-316 1.48628e-315 1.99843e-315
0.2 -2.78814e-312 3.90721e-311 5.25317e-311
0.204167 -6.01419e-308 8.25099e-307 1.10924e-306
0.208333 -1.0509e-303 1.41206e-302 1.89819e-302
0.2125 -1.49996e-299 1.97473e-298 2.65437e-298
0.216667 -1.7625e-295 2.27439e-294 3.05694e-294
0.220833 -1.71756e-291 2.17329e-290 2.92085e-290
0.225 -1.3978e-287 1.73491e-286 2.33152e-286
0.229167 -9.56269e-284 1.16464e-282 1.56504e-282
0.233333 -5.53368e-280 6.6153e-279 8.88903e-279
0.2375 -2.72456e-276 3.19812e-275 4.29707e-275
0.241667 -1.14774e-272 1.32324e-271 1.77783e-271
0.245833 -4.15855e-269 4.71049e-268 6.32837e-268
0.25 -1.30248e-265 1.44993e-264 1.94781e-264
0.254167 -3.54314e-262 3.87739e-261 5.20855e-261
0.258333 -8.40934e-259 9.04906e-258 1.21551e-257
0.2625 -1.74887e-255 1.85098e-254 2.48619e-254
0.266667 -3.20001e-252 3.33202e-251 4.47527e-251
0.270833 -5.17176e-249 5.29924e-248 7.11713e-248
0.275 -7.4103e-246 7.47362e-245 1.0037e-244
0.279167 -9.44679e-243 9.37991e-242 1.25966e-241
0.283333 -1.07512e-239 1.0512e-238 1.41163e-238
0.2875 -1.09588e-236 1.05536e-235 1.41716e-235
0.291667 -1.00356e-233 9.52094e-233 1.27845e-232
0.295833 -8.28121e-231 7.7413e-230 1.03945e-229
0.3 -6.17508e-228 5.68895e-227 7.63849e-227
0.304167 -4.17228e-225 3.78892e-224 5.08718e-224
0.308333 -2.56106e-222 2.29294e-221 3.07852e-221
0.3125 -1.43175e-219 1.264e-218 1.69702e-218
0.316667 -7.30733e-217 6.36247e-216 8.54189e-216
0.320833 -3.4127e-214 2.93105e-213 3.93497e-213
0.325 -1.46166e-211 1.23851e-210 1.66269e-210
0.329167 -5.75349e-209 4.81043e-208 6.45783e-208
0.333333 -2.08565e-206 1.72091e-205 2.31023e-205
0.3375 -6.97643e-204 5.68175e-203 7.62733e-203
0.341667 -2.15741e-201 1.7345e-200 2.32842e-200
0.345833 -6.17918e-199 4.90492e-198 6.58435e-198
0.35 -1.64209e-196 1.28711e-195 1.7278e-195
0.354167 -4.05571e-194 3.13951e-193 4.21442e-193
0.358333 -9.3251e-192 7.12987e-191 9.57099e-191
0.3625 -1.99914e-189 1.50994e-188 2.02691e-188
0.366667 -4.00218e-187 2.98648e-186 4.00899e-186
0.370833 -7.49303e-185 5.52481e-184 7.41642e-184
0.375 -1.31384e-182 9.57306e-182 1.28508e-181
0.379167 -2.16047e-180 1.55581e-179 2.08853e-179
0.383333 -3.33621e-178 2.37472e-177 3.18786e-177
0.3875 -4.84414e-176 3.40858e-175 4.57579e-175
0.391667 -6.62185e-174 4.60659e-173 6.18415e-173
0.395833 -8.53224e-172 5.86887e-171 7.87883e-171
0.4 -1.03747e-169 7.0567e-169 9.47365e-169
0.404167 -1.19181e-167 8.017e-167 1.07631e-166
0.408333 -1.29488e-165 8.61506e-165 1.15663e-164
0.4125 -1.33202e-163 8.76599e-163 1.17692e-162
0.416667 -1.29864e-161 8.45443e-161 1.13512e-160
0.420833 -1.20116e-159 7.73644e-159 1.03875e-158
0.425 -1.05504e-157 6.72342e-157 9.02765e-157
0.429167 -8.80831e-156 5.5544e-155 7.45824e-155
0.433333 -6.99638e-154 4.36593e-153 5.86262e-153
0.4375 -5.29168e-152 3.26807e-151 4.38858e-151
0.441667 -3.81439e-150 2.3316e-149 3.13115e-149
0.445833 -2.62259e-148 1.58681e-147 2.13105e-147
0.45 -1.72132e-146 1.03099e-145 1.38466e-145
0.454167 -1.07934e-144 6.40004e-144 8.59591e-144
0.458333 -6.47071e-143 3.79877e-142 5.10239e-142
0.4625 -3.71166e-141 2.15753e-140 2.89807e-140
0.466667 -2.03854e-139 1.17337e-138 1.57621e-138
0.470833 -1.07278e-137 6.11486e-137 8.21463e-137
0.475 -5.41303e-136 3.05566e-135 4.10517e-135
0.479167 -2.62058e-134 1.46514e-133 1.96848e-133
0.483333 -1.21804e-132 6.74511e-132 9.06296e-132
0.4875 -5.43885e-131 2.98339e-130 4.00884e-130
0.491667 -2.33454e-129 1.26855e-128 1.70469e-128
0.495833 -9.63839e-128 5.18845e-127 6.97279e-127
0.5 -3.82974e-126 2.04248e-125 2.74509e-125
0.504167 -1.46535e-124 7.74301e-124 1.04074e-123
0.508333 -5.4021e-123 2.82837e-122 3.80191e-122
0.5125 -1.91984e-121 9.96024e-121 1.33897e-120
0.516667 -6.58082e-120 3.38328e-119 4.54855e-119
0.520833 -2.17684e-118 1.10908e-117 1.4912e-117
0.525 -6.95224e-117 3.51044e-116 4.72031e-116
0.529167 -2.14479e-115 1.07336e-114 1.44342e-114
0.533333 -6.3946e-114 3.17189e-113 4.26584e-113
0.5375 -1.84337e-112 9.06326e-112 1.21902e-111
0.541667 -5.14016e-111 2.50517e-110 3.36981e-110
0.545833 -1.38708e-109 6.70148e-109 9.0153e-109
0.55 -3.62385e-108 1.73568e-107 2.33519e-107
0.554167 -9.16999e-107 4.35429e-106 5.85888e-106
0.558333 -2.24841e-105 1.0585e-104 1.42441e-104
0.5625 -5.34395e-104 2.49441e-103 3.35703e-103
0.566667 -1.23169e-102 5.7005e-102 7.6727e-102
0.570833 -2.75398e-101 1.26385e-100 1.70129e-100
0.575 -5.97585e-100 2.71942e-99 3.66108e-99
0.579167 -1.25886e-98 5.68087e-98 7.64886e-98
0.583333 -2.57544e-97 1.15256e-96 1.55202e-96
0.5875 -5.11883e-96 2.27184e-95 3.05958e-95
0.591667 -9.88745e-95 4.35212e-94 5.86191e-94
0.595833 -1.85668e-93 8.10549e-93 1.09187e-92
0.6 -3.39056e-92 1.4681e-91 1.97789e-91
0.604167 -6.02316e-91 2.58681e-90 3.48551e-90
0.608333 -1.0412e-89 4.4355e-89 5.97727e-89
0.6125 -1.75197e-88 7.40327e-88 9.97794e-88
0.616667 -2.87037e-87 1.20319e-86 1.62185e-86
0.620833 -4.58027e-86 1.90459e-85 2.56766e-85
0.625 -7.12051e-85 2.93731e-84 3.96046e-84
0.629167 -1.07875e-83 4.41466e-83 5.95327e-83
0.633333 -1.59306e-82 6.46792e-82 8.72339e-82
0.6375 -2.29387e-81 9.23988e-81 1.24638e-80
0.641667 -3.22136e-80 1.28741e-79 1.73686e-79
0.645833 -4.41322e-79 1.74994e-78 2.36122e-78
0.65 -5.89967e-78 2.32111e-77 3.13239e-77
0.654167 -7.69767e-77 3.00498e-76 4.05592e-76
0.658333 -9.80519e-76 3.79807e-75 5.12718e-75
0.6625 -1.2196e-74 4.68771e-74 6.32916e-74
0.666667 -1.48166e-73 5.65113e-73 7.63115e-73
0.670833 -1.75849e-72 6.65553e-72 8.98894e-72
0.675 -2.03934e-71 7.65947e-71 1.03466e-70
0.679167 -2.31148e-70 8.6154e-70 1.16398e-69
0.683333 -2.56115e-69 9.47337e-69 1.28011e-68
0.6875 -2.77466e-68 1.01853e-67 1.37655e-67
0.691667 -2.93972e-67 1.07096e-66 1.44766e-66
0.695833 -3.04653e-66 1.1015e-65 1.4892e-65
0.7 -3.08884e-65 1.10839e-64 1.49879e-64
0.704167 -3.06446e-64 1.09139e-63 1.47606e-63
0.708333 -2.97553e-63 1.05178e-62 1.42275e-62
0.7125 -2.82815e-62 9.92216e-62 1.34242e-61
0.716667 -2.63177e-61 9.16433e-61 1.24012e-60
0.720833 -2.39813e-60 8.28863e-60 1.12183e-59
0.725 -2.14019e-59 7.3422e-59 9.93922e-59
0.729167 -1.87093e-58 6.37091e-58 8.62602e-58
0.733333 -1.60236e-57 5.41601e-57 7.33453e-57
0.7375 -1.3447e-56 4.51158e-56 6.1109e-56
0.741667 -1.10593e-55 3.68312e-55 4.98974e-55
0.745833 -8.91506e-55 2.94718e-54 3.9935e-54
0.75 -7.04506e-54 2.31188e-53 3.13328e-53
0.754167 -5.45846e-53 1.77809e-52 2.41032e-52
0.758333 -4.14708e-52 1.34102e-51 1.8182e-51
0.7625 -3.09003e-51 9.91896e-51 1.34512e-50
0.766667 -2.25833e-50 7.19626e-50 9.76095e-50
0.770833 -1.61911e-49 5.12171e-49 6.94847e-49
0.775 -1.13889e-48 3.5764e-48 4.853e-48
0.779167 -7.86074e-48 2.45049e-47 3.32589e-47
0.783333 -5.32441e-47 1.64775e-46 2.23685e-46
0.7875 -3.53964e-46 1.08746e-45 1.47655e-45
0.791667 -2.30981e-45 7.04474e-45 9.5674e-45
0.795833 -1.4797e-44 4.48023e-44 6.08586e-44
0.8 -9.30681e-44 2.79747e-43 3.80085e-43
0.804167 -5.74781e-43 1.71518e-42 2.33086e-42
0.808333 -3.48599e-42 1.0327e-41 1.40371e-41
0.8125 -2.07643e-41 6.10674e-41 8.30242e-41
0.816667 -1.21483e-40 3.54694e-40 4.82329e-40
0.820833 -6.98183e-40 2.02373e-39 2.75256e-39
0.825 -3.942e-39 1.13435e-38 1.54321e-38
0.829167 -2.18674e-38 6.24702e-38 8.50053e-38
0.833333 -1.19193e-37 3.38044e-37 4.60088e-37
0.8375 -6.38437e-37 1.79756e-36 2.44708e-36
0.841667 -3.36072e-36 9.39383e-36 1.27909e-35
0.845833 -1.73872e-35 4.82485e-35 6.57108e-35
0.85 -8.84188e-35 2.4358e-34 3.3181e-34
0.854167 -4.4199e-34 1.20879e-33 1.64699e-33
0.858333 -2.17202e-33 5.89712e-33 8.03668e-33
0.8625 -1.04937e-32 2.82842e-32 3.85544e-32
0.866667 -4.98474e-32 1.3338e-31 1.8185e-31
0.870833 -2.32825e-31 6.18454e-31 8.43384e-31
0.875 -1.06935e-30 2.81984e-30 3.84623e-30
0.879167 -4.82988e-30 1.26435e-29 1.72493e-29
0.883333 -2.14541e-29 5.57522e-29 7.60776e-29
0.8875 -9.37266e-29 2.41786e-28 3.30002e-28
0.891667 -4.02734e-28 1.03133e-27 1.40791e-27
0.895833 -1.70216e-27 4.32701e-27 5.90818e-27
0.9 -7.07666e-27 1.78574e-26 2.43878e-26
0.904167 -2.89417e-26 7.24953e-26 9.90265e-26
0.908333 -1.16441e-25 2.89522e-25 3.95557e-25
0.9125 -4.60881e-25 1.1375e-24 1.5544e-24
0.916667 -1.79471e-24 4.39676e-24 6.00937e-24
0.920833 -6.87599e-24 1.67203e-23 2.28572e-23
0.925 -2.59195e-23 6.25601e-23 8.55375e-23
0.929167 -9.61348e-23 2.30307e-22 3.14952e-22
0.933333 -3.50841e-22 8.34223e-22 1.14103e-21
0.9375 -1.25987e-21 2.97327e-21 4.06747e-21
0.941667 -4.4518e-21 1.04273e-20 1.42671e-20
0.945833 -1.54792e-20 3.59836e-20 4.92422e-20
0.95 -5.2963e-20 1.2219e-19 1.67238e-19
0.954167 -1.78325e-19 4.08293e-19 5.58903e-19
0.958333 -5.90839e-19 1.3425e-18 1.83799e-18
0.9625 -1.92641e-18 4.3438e-18 5.94778e-18
0.966667 -6.18091e-18 1.38304e-17 1.89398e-17
0.970833 -1.95154e-17 4.33319e-17 5.93473e-17
0.975 -6.06352e-17 1.33595e-16 1.82991e-16
0.979167 -1.85391e-16 4.05298e-16 5.55212e-16
0.983333 -5.57783e-16 1.20992e-15 1.6576e-15
0.9875 -1.65138e-15 3.55409e-15 4.86954e-15
0.991667 -4.81091e-15 1.02726e-14 1.40757e-14
0.995833 -1.37909e-14 2.92149e-14 4.00331e-14
1 -3.88987e-14 8.17493e-14 1.12026e-13
1.00417 -1.07954e-13 2.25064e-13 3.08428e-13
1.00833 -2.94771e-13 6.09611e-13 8.35425e-13
1.0125 -7.91877e-13 1.62445e-12 2.22618e-12
1.01667 -2.09285e-12 4.25837e-12 5.83568e-12
1.02083 -5.44126e-12 1.0981e-11 1.50479e-11
1.025 -1.39162e-11 2.78532e-11 3.81668e-11
1.02917 -3.50084e-11 6.94886e-11 9.52123e-11
1.03333 -8.66209e-11 1.70501e-10 2.33596e-10
1.0375 -2.10785e-10 4.11414e-10 5.63595e-10
1.04167 -5.04415e-10 9.76189e-10 1.33709e-09
1.04583 -1.18694e-09 2.27745e-09 3.11892e-09
1.05 -2.74609e-09 5.22374e-09 7.15239e-09
1.05417 -6.24601e-09 1.17783e-08 1.61233e-08
1.05833 -1.3965e-08 2.61036e-08 3.5724e-08
1.0625 -3.06887e-08 5.68563e-08 7.77878e-08
1.06667 -6.62753e-08 1.2169e-07 1.66436e-07
1.07083 -1.40637e-07 2.55897e-07 3.49862e-07
1.075 -2.93192e-07 5.28614e-07 7.22423e-07
1.07917 -6.00393e-07 1.0725e-06 1.46505e-06
1.08333 -1.20745e-06 2.13677e-06 2.91737e-06
1.0875 -2.38433e-06 4.17956e-06 5.70324e-06
1.09167 -4.62202e-06 8.02449e-06 1.09431e-05
1.09583 -8.79354e-06 1.51187e-05 2.06035e-05
1.1 -1.64154e-05 2.79449e-05 3.80544e-05
1.10417 -3.0059e-05 5.06596e-05 6.89294e-05
1.10833 -5.39758e-05 9.00435e-05 0.000122406
1.1125 -9.50134e-05 0.000156865 0.000213031
1.11667 -0.000163898 0.000267746 0.000363214
1.12083 -0.000276943 0.000447568 0.000606422
1.125 -0.000458193 0.000732386 0.00099101
1.12917 -0.000741885 0.00117259 0.00158433
1.13333 -0.00117496 0.00183583 0.00247644
1.1375 -0.00181904 0.00280885 0.00378218
1.14167 -0.0027511 0.00419688 0.00563992
1.14583 -0.00406147 0.006119 0.00820459
1.15 -0.00584784 0.00869746 0.0116327
1.15417 -0.00820366 0.0120394 0.016057
1.15833 -0.0111999 0.0162098 0.0215497
1.1625 -0.0148599 0.0211971 0.0280763
1.16667 -0.0191292 0.026874 0.0354437
1.17083 -0.0238439 0.0329611 0.0432532
1.175 -0.0287048 0.0390016 0.0508714
1.17917 -0.0332661 0.0443616 0.0574341
1.18333 -0.0369484 0.0482655 0.0619011
1.1875 -0.0390857 0.0498753 0.0631687
1.19167 -0.039008 0.048414 0.060239
1.19583 -0.0361566 0.0433189 0.0524277
1.2 -0.0302141 0.0343996 0.0395704
1.20417 -0.0212247 0.0219619 0.022179
1.20833 -0.00966871 0.00685775 0.0014915
1.2125 0.00353745 -0.00957284 -0.0206244
1.21667 0.0171368 -0.0256771 -0.0419242
1.22083 0.0297182 -0.0397601 -0.0601588
1.225 0.0399617 -0.050395 -0.0734873
1.22917 0.0468847 -0.0566914 -0.0808206
1.23333 0.0500217 -0.0584443 -0.0819942
1.2375 0.0494814 -0.0561141 -0.0777117
1.24167 0.0458613 -0.0506412 -0.0692774
1.24583 0.0400482 -0.0431652 -0.0582186
1.25 0.0329825 -0.0347553 -0.0459463
1.25417 0.0254781 -0.0262643 -0.0335936
1.25833 0.0181725 -0.0183603 -0.022091
1.2625 0.0116185 -0.0117047 -0.0124134
1.26667 0.00645109 -0.00715648 -0.0058239
1.27083 0.00350852 -0.00584292 -0.00390464
1.275 0.00378726 -0.00898105 -0.00824369
1.27917 0.00818116 -0.0174553 -0.0198234
1.28333 0.017074 -0.0313036 -0.0383511
1.2875 0.0299628 -0.0493617 -0.0618791
1.29167 0.0453237 -0.0692952 -0.0869959
1.29583 0.0608537 -0.0880943 -0.109628
1.3 0.0740518 -0.102877 -0.126177
1.30417 0.082918 -0.111665 -0.134499
1.30833 0.0864535 -0.113763 -0.134247
1.3125 0.0847155 -0.109559 -0.126395
1.31667 0.0783944 -0.0998424 -0.112197
1.32083 0.0681459 -0.085045 -0.0921702
1.325 0.0540647 -0.06485 -0.0657252
1.32917 0.0356315 -0.0384492 -0.0317084
1.33333 0.012202 -0.00534301 0.0103967
1.3375 -0.016217 0.0337545 0.0593021
1.34167 -0.0483553 0.0764398 0.111491
1.34583 -0.0816098 0.118882 0.161834
1.35 -0.112592 0.156709 0.204941
1.35417 -0.138007 0.186054 0.236502
1.35833 -0.155396 0.204253 0.253963
1.3625 -0.163416 0.20994 0.25634
1.36667 -0.16163 0.202746 0.243596
1.37083 -0.150156 0.182999 0.216246
1.375 -0.129523 0.151772 0.175572
1.37917 -0.100887 0.111224 0.124233
1.38333 -0.066363 0.0648251 0.0666058
1.3875 -0.0290768 0.0170614 0.00830588
1.39167 0.00731577 -0.027447 -0.0450816
1.39583 0.0394792 -0.0649939 -0.089344
1.4 0.0651258 -0.0933874 -0.122214
1.40417 0.0831718 -0.111767 -0.142871
1.40833 0.0932896 -0.119898 -0.150923
1.4125 0.0953099 -0.117617 -0.145884
1.41667 0.0890694 -0.105016 -0.12776
1.42083 0.0749319 -0.0832844 -0.098395
1.425 0.0545882 -0.0554933 -0.0623653
1.42917 0.031368 -0.0264477 -0.0263294
1.43333 0.00953547 -0.0013308 0.00319523
1.4375 -0.0072187 0.0162045 0.0223932
1.44167 -0.017202 0.0253136 0.0313744
1.44583 -0.0211137 0.0277558 0.0332204
1.45 -0.0211395 0.0263627 0.0315532
1.45417 -0.0193953 0.0232656 0.0283691
1.45833 -0.0168159 0.0190806 0.0235891
1.4625 -0.013188 0.0134537 0.0163716
1.46667 -0.00810772 0.00630266 0.00686595
1.47083 -0.00194865 -0.00138145 -0.00313144
1.475 0.00398907 -0.00782742 -0.0110871
1.47917 0.00820813 -0.011536 -0.015291
1.48333 0.00992569 -0.0121332 -0.0156757
1.4875 0.00937834 -0.0103299 -0.0133082
1.49167 0.00735121 -0.00715826 -0.00924512
1.49583 0.00448827 -0.00329479 -0.00397279
1.5 0.00108364 0.000904839 0.00206608
1.50417 -0.00250943 0.0048332 0.00759421
1.50833 -0.00541597 0.00731211 0.0104937
1.5125 -0.00640585 0.00710398 0.00907906
1.51667 -0.00474859 0.00395872 0.0036755
1.52083 -0.00103729 -0.000778421 -0.00303966
1.525 0.00287783 -0.00473993 -0.00755046
1.52917 0.00499297 -0.00602086 -0.00783768
1.53333 0.00448897 -0.00443325 -0.00465799
1.5375 0.00221357 -0.00149733 -0.000711781
1.54167 -9.25904e-05 0.000816222 0.00155668
1.54583 -0.0011565 0.00152576 0.00164534
1.55 -0.000975741 0.00108969 0.000843135
1.55417 -0.000468519 0.000623165 0.000620531
1.55833 -0.000422372 0.000719449 0.00118152
1.5625 -0.000763601 0.000972991 0.00146874
1.56667 -0.000770826 0.000554694 0.000436761
1.57083 7.40912e-05 -0.000806193 -0.00174594
1.575 0.00146424 -0.00239724 -0.00369864
1.57917 0.00244915 -0.00303575 -0.0039441
1.58333 0.00221077 -0.00203712 -0.0020774
1.5875 0.000727403 0.000190302 0.000949198
1.59167 -0.00119157 0.00236512 0.00347453
1.59583 -0.00243795 0.00314538 0.00408735
1.6 -0.00226039 0.00195406 0.00232613
1.60417 -0.000663719 -0.00065419 -0.00105062
1.60833 0.00156521 -0.00324203 -0.00424989
1.6125 0.00318345 -0.0042471 -0.00521225
1.61667 0.00312094 -0.00293389 -0.00289747
1.62083 0.00121173 -2.3277e-05 0.00162567
1.625 -0.00144779 0.00253854 0.00539526
1.62917 -0.00299958 0.00277944 0.00547585
1.63333 -0.00210667 0.000189618 0.00139704
1.6375 0.000867487 -0.00367414 -0.00402529
1.64167 0.00388356 -0.00617812 -0.00662226
1.64583 0.00470305 -0.00562275 -0.00426607
1.65 0.0027336 -0.00267046 0.00119123
1.65417 -0.00037412 0.000111988 0.00534022
1.65833 -0.00203394 0.000333186 0.00491801
1.6625 -0.000884873 -0.00225906 0.000531581
1.66667 0.00209028 -0.00562757 -0.00402926
1.67083 0.0044766 -0.00720663 -0.00517363
1.675 0.00450755 -0.0059808 -0.00244361
1.67917 0.00243026 -0.00309412 0.00152303
1.68333 3.78662e-05 -0.000631762 0.00360247
1.6875 -0.00100794 0.000160449 0.00272036
1.69167 -0.000450631 -0.000343229 0.000178403
1.69583 0.000682642 -0.000792132 -0.00196045
1.7 0.00116773 -6.14579e-05 -0.0025181
1.70417 0.000478549 0.00207027 -0.00155159
1.70833 -0.00113733 0.00505215 0.000230065
1.7125 -0.00307744 0.00802806 0.00192564
1.71667 -0.00470381 0.010197 0.0025453
1.72083 -0.00547227 0.0110895 0.00139194
1.725 -0.00517523 0.0108827 -0.00111332
1.72917 -0.00428773 0.0104908 -0.00315311
1.73333 -0.0038871 0.0110174 -0.00275725
1.7375 -0.00482119 0.0127499 0.000157224
1.74167 -0.00673525 0.014642 0.00314323
1.74583 -0.00809471 0.0150745 0.0032306
1.75 -0.00753102 0.0134292 -2.26964e-05
1.75417 -0.00533037 0.0109283 -0.00367296
1.75833 -0.0034147 0.00966922 -0.00407654
1.7625 -0.0035579 0.0106015 -0.000656189
1.76667 -0.00553261 0.0124662 0.00326158
1.77083 -0.00719222 0.0129092 0.0037222
1.775 -0.00657405 0.0107473 0.000268566
1.77917 -0.00390176 0.00707024 -0.00350479
1.78333 -0.00133594 0.00399464 -0.00370131
1.7875 -0.00066681 0.00235391 -0.000228354
1.79167 -0.00138408 0.00076399 0.00316673
1.79583 -0.00120548 -0.00293395 0.00296444
1.8 0.00149441 -0.00938424 -0.000399112
1.80417 0.00597324 -0.0170057 -0.00317568
1.80833 0.0099505 -0.0235705 -0.00249606
1.8125 0.0120159 -0.0283235 0.000589742
1.81667 0.0129587 -0.0323605 0.00251451
1.82083 0.0146163 -0.0369513 0.00129405
1.825 0.0176222 -0.041767 -0.00136824
1.82917 0.020614 -0.0450175 -0.00225155
1.83333 0.0217415 -0.0452801 -0.000405613
1.8375 0.0206723 -0.0428582 0.00187433
1.84167 0.0187696 -0.039114 0.00192818
1.84583 0.0173044 -0.0346647 -5.01669e-05
1.85 0.015893 -0.0286947 -0.00133345
1.85417 0.0130551 -0.0202269 -0.000108008
1.85833 0.0081925 -0.00972423 0.00219875
1.8625 0.00252254 0.00104624 0.00264525
1.86667 -0.00223352 0.010752 0.000498394
1.87083 -0.00580013 0.0196311 -0.00170229
1.875 -0.00947331 0.0285689 -0.00122502
1.87917 -0.014211 0.0373179 0.00134942
1.88333 -0.0190797 0.0441939 0.00265417
1.8875 -0.0220843 0.0477011 0.000648756
1.89167 -0.0224387 0.0480742 -0.00270335
1.89583 -0.0214725 0.0468315 -0.00363123
1.9 -0.0210011 0.0449081 -0.00109208
1.90417 -0.0211099 0.041609 0.00187219
1.90833 -0.0200339 0.0355469 0.00168262
1.9125 -0.0162838 0.0264254 -0.00153631
1.91667 -0.0105149 0.0157347 -0.00405922
1.92083 -0.00499958 0.00570948 -0.00285665
1.925 -0.00134857 -0.00236744 0.000929608
1.92917 0.000966866 -0.00888813 0.00326531
1.93333 0.0037127 -0.014931 0.00172673
1.9375 0.0076295 -0.0204569 -0.00180913
1.94167 0.0112745 -0.0236643 -0.00321498
1.94583 0.0123222 -0.0226363 -0.000674261
1.95 0.0100918 -0.017818 0.00319783
1.95417 0.00656833 -0.0123019 0.00411922
1.95833 0.00454024 -0.00899153 0.000963971
1.9625 0.00467467 -0.00769696 -0.00274667
1.96667 0.00490069 -0.0058692 -0.00271894
1.97083 0.00306928 -0.00229283 0.0010386
1.975 -0.000170966 0.00102081 0.00402169
1.97917 -0.00194844 0.00137752 0.00253785
1.98333 -0.00069394 -0.000950108 -0.0017506
1.9875 0.00179908 -0.00292839 -0.00379554
1.99167 0.00251661 -0.00255414 -0.00136434
1.99583 0.000886967 -0.00110976 0.00230693
2 -0.000713972 -0.00108347 0.00270835
2.00417 -0.000110386 -0.00292574 -0.000403531
2.00833 0.00206956 -0.00489278 -0.00309992
2.0125 0.00347209 -0.00547663 -0.00239741
2.01667 0.00293999 -0.00475101 0.000417561
2.02083 0.00147866 -0.00345435 0.00197043
2.025 0.000602406 -0.00198279 0.000926682
2.02917 0.000643453 -0.000594758 -0.00105385
2.03333 0.000843693 0.000409687 -0.00174391
2.0375 0.000431442 0.00122073 -0.000622271
2.04167 -0.000698137 0.00237701 0.00108259
2.04583 -0.00191492 0.00351879 0.00175518
2.05 -0.00222227 0.0032006 0.00078784
2.05417 -0.00114517 0.000881876 -0.000793395
2.05833 0.000492825 -0.00164879 -0.00118946
2.0625 0.00118343 -0.00212522 0.000128613
2.06667 0.000486255 -0.000704405 0.00151413
2.07083 -0.000377495 0.000416404 0.00110505
2.075 -0.000216744 0.000226443 -0.000581179
2.07917 0.000431333 9.80188e-05 -0.00125801
2.08333 0.000183171 0.00125034 -0.000148873
2.0875 -0.000990565 0.00263815 0.000905151
2.09167 -0.00164685 0.00255097 0.000317032
2.09583 -0.00102855 0.0011791 -0.000834611
2.1 -0.000108308 0.000120319 -0.000676162
2.10417 2.42789e-05 -3.97462e-06 0.000386246
2.10833 -0.000283671 8.74079e-05 0.0004435
2.1125 -0.000154889 2.36861e-05 -0.000637206
2.11667 0.000228828 0.000257681 -0.000973378
2.12083 6.83065e-05 0.000803807 0.000129795
2.125 -0.000535982 0.000954102 0.000968119
2.12917 -0.000711638 0.000535016 0.000250994
2.13333 -0.000260819 0.000163371 -0.000837373
2.1375 0.000156357 -2.74978e-05 -0.000678619
2.14167 0.000233701 -0.000550379 0.00028431
2.14583 0.000295739 -0.00111378 0.00065093
2.15 0.000334655 -0.00062524 0.000356048
2.15417 -2.54615e-05 0.000709218 0.00013758
2.15833 -0.000454002 0.00108912 -0.000148308
2.1625 -0.000151239 2.86218e-06 -0.000745438
2.16667 0.000511202 -0.000521573 -0.000597707
2.17083 0.000154006 0.000778371 0.000926379
2.175 -0.00113369 0.00179965 0.00182895
2.17917 -0.0012767 0.00029456 -1.2247e-05
2.18333 0.000538039 -0.00192085 -0.00259742
2.1875 0.0018994 -0.00137552 -0.00178493
2.19167 0.000541174 0.00125996 0.00200213
2.19583 -0.00175982 0.00180718 0.00329543
2.2 -0.00147881 -0.000743925 -0.000304143
2.20417 0.00116298 -0.00249588 -0.00375549
2.20833 0.00232128 -0.00100775 -0.00182109
2.2125 0.000428357 0.000850161 0.00278301
2.21667 -0.00148385 4.35147e-05 0.0033799
2.22083 -0.000701248 -0.00146913 -0.00057674
2.225 0.00111296 -0.000501992 -0.00310514
2.22917 0.00104944 0.00153445 -0.00105862
2.23333 -0.00044164 0.00126278 0.00187505
2.2375 -0.000987398 -0.000373032 0.00179648
2.24167 -0.000451991 0.000160956 -2.18579e-05
2.24583 -0.000382787 0.00209687 -0.000789084
2.25 -0.000549656 0.00120641 -0.00073566
2.25417 0.000412839 -0.00231315 -0.000877729
2.25833 0.00156592 -0.00317978 -0.000117226
2.2625 0.000691395 7.76069e-05 0.0017818
2.26667 -0.00126171 0.00197154 0.0017887
2.27083 -0.000863764 -0.000873603 -0.00152349
2.275 0.00185813 -0.00351714 -0.00378538
2.27917 0.00249648 -0.000664721 -0.000757396
2.28333 -0.000789897 0.00411195 0.0038904
2.2875 -0.00359137 0.00374442 0.00304182
2.29167 -0.0017229 -0.000979776 -0.00259618
2.29583 0.00210444 -0.00291839 -0.0047603
2.3 0.00237778 -0.00010269 -0.000125208
2.30417 -0.000797458 0.00195479 0.00452942
2.30833 -0.00232294 5.40744e-05 0.00268927
2.3125 -0.00021737 -0.00197104 -0.0024519
2.31667 0.00194351 -0.000643821 -0.00360752
2.32083 0.00117444 0.00146878 -4.51876e-05
2.325 -0.000843743 0.000982066 0.0028227
2.32917 -0.001324 -0.000604249 0.00192655
2.33333 -0.000369557 -0.000515881 -0.000617358
2.3375 0.0004958 0.000170504 -0.00197228
2.34167 0.000930412 -0.000645845 -0.00146339
2.34583 0.000989164 -0.00152867 0.000408606
2.35 0.000137215 -0.000272271 0.00222446
2.35417 -0.00114325 0.0014777 0.00166141
2.35833 -0.00100743 0.000922908 -0.00144084
2.3625 0.000715638 -0.000752183 -0.00321225
2.36667 0.00144972 -0.000530632 -0.000644749
2.37083 -0.000186664 0.000947913 0.00302033
2.375 -0.00174994 0.000749579 0.00234804
2.37917 -0.000710183 -0.000927411 -0.00181094
2.38333 0.00143473 -0.0014972 -0.00332146
2.3875 0.0017026 -0.00100435 -0.000281943
2.39167 0.000360504 -0.00140002 0.00236104
2.39583 -0.000188704 -0.00180926 0.00104718
2.4 0.000274356 -2.13954e-05 -0.00137829
2.40417 0.000183634 0.00200921 -0.00140974
2.40833 -0.000222141 0.000421312 -0.000283325
2.4125 0.000429977 -0.00289289 -0.000220972
2.41667 0.00114984 -0.00206171 -8.67245e-05
2.42083 -5.73368e-05 0.00236449 0.00114893
2.425 -0.0017314 0.00292917 0.00101435
2.42917 -0.000570495 -0.00207663 -0.0016735
2.43333 0.00226848 -0.00426913 -0.0027499
2.4375 0.00184734 0.00123721 0.000879919
2.44167 -0.00221924 0.00642543 0.004418
2.44583 -0.0038958 0.00274729 0.00176015
2.45 -0.00015617 -0.0041652 -0.00370639
2.45417 0.00336568 -0.00299746 -0.00324651
2.45833 0.000949301 0.00451128 0.00304958
2.4625 -0.00374475 0.00609106 0.00551678
2.46667 -0.00328241 -0.000810883 0.000123191
2.47083 0.0015701 -0.00487768 -0.0048492
2.475 0.00317417 7.6715e-05 -0.00193611
2.47917 -0.000558485 0.00500018 0.00381159
2.48333 -0.00314449 0.00124372 0.00335148
2.4875 -0.000464264 -0.004878 -0.00205771
2.49167 0.00282639 -0.00313941 -0.00380103
2.49583 0.00152827 0.0032567 1.91096e-05
2.5 -0.00171485 0.00356492 0.00268039
2.50417 -0.00157422 -0.00206833 0.000609817
2.50833 0.000968654 -0.00333157 -0.00168671
2.5125 0.00105285 0.00220798 -0.000380058
2.51667 -0.00135646 0.00511546 0.00159673
2.52083 -0.00184622 0.000614784 0.000811267
2.525 0.000312779 -0.00326844 -0.000509499
2.52917 0.000984173 0.000247065 0.000734411
2.53333 -0.00124246 0.00510526 0.00236307
2.5375 -0.00244075 0.00311625 0.000946571
2.54167 -0.000369524 -0.0019773 -0.00147718
2.54583 0.00140753 -0.00129792 -0.000610446
2.55 -0.000292497 0.0037263 0.00232065
2.55417 -0.00257829 0.0039991 0.00221505
2.55833 -0.00131074 -0.00152438 -0.00120529
2.5625 0.00180879 -0.0042153 -0.00265304
2.56667 0.0020407 -0.000469887 -6.55104e-06
2.57083 -0.000564338 0.00275103 0.00221226
2.575 -0.00152533 0.000220406 0.000348251
2.57917 0.00053571 -0.00324008 -0.00261399
2.58333 0.00203409 -0.00195769 -0.00227926
2.5875 0.000792066 0.000876373 0.000187584
2.59167 -0.000570045 -0.000568232 0.000599235
2.59583 0.000533343 -0.00450586 -0.00137829
2.6 0.00241662 -0.00500032 -0.00240421
2.60417 0.00233827 -0.00213134 -0.00124466
2.60833 0.00097636 -0.00115321 -0.000131276
2.6125 0.000731557 -0.00318396 -0.00052041
2.61667 0.00157365 -0.00388921 -0.00112531
2.62083 0.00157469 -0.00137992 -0.000714917
2.625 0.00042689 0.000942786 1.3362e-06
2.62917 -0.000339467 0.000585168 0.000134862
2.63333 -0.000156799 -0.000287877 9.31944e-05
2.6375 -7.48386e-05 0.000785997 0.000433827
2.64167 -0.000683848 0.00258865 0.000856132
2.64583 -0.00128941 0.00287454 0.00101325
2.65 -0.00131673 0.00201031 0.00107154
2.65417 -0.0010903 0.00175723 0.00106045
2.65833 -0.00103147 0.00242535 0.00078511
2.6625 -0.00114028 0.00300808 0.000529485
2.66667 -0.00131163 0.00277431 0.000695084
2.67083 -0.00133635 0.00157962 0.000778268
2.675 -0.000784249 -0.000215755 2.49297e-05
2.67917 0.000311621 -0.00150836 -0.00097123
2.68333 0.00103089 -0.00141208 -0.000868157
2.6875 0.000726415 -0.000744856 0.000146553
2.69167 0.000154192 -0.00103245 0.00037846
2.69583 0.000388875 -0.00192776 -0.000686408
2.7 0.00105604 -0.0015993 -0.00143142
2.70417 0.000922227 2.84878e-06 -0.000618894
2.70833 -8.34904e-06 0.000625087 0.000669438
2.7125 -0.000420132 -0.000674928 0.00072242
2.71667 0.000205502 -0.0017584 -0.000284542
2.72083 0.000798955 -0.000750939 -0.000752403
2.725 0.000441871 0.000901519 -2.64413e-05
2.72917 -0.000291823 0.000765467 0.000912016
2.73333 -0.000402049 -0.000692968 0.000962505
2.7375 3.33227e-05 -0.000968681 0.000187794
2.74167 0.000222715 0.00046879 -0.000523691
2.74583 -5.14142e-05 0.00150653 -0.000513853
2.75 -0.000321519 0.000817885 7.02603e-05
2.75417 -0.000322616 -0.000255898 0.000485677
2.75833 -0.000262998 -2.69093e-05 0.000154201
2.7625 -0.000281271 0.00103227 -0.000634671
2.76667 -0.000241055 0.00131871 -0.000918846
2.77083 -0.00013727 0.000587827 -0.000199669
2.775 -0.000209667 4.15221e-05 0.000782618
2.77917 -0.000474286 0.0003332 0.000824439
2.78333 -0.000536171 0.000722351 -0.000179251
2.7875 -0.000136204 0.000325412 -0.00095617
2.79167 0.000391034 -0.000656347 -0.000453764
2.79583 0.0005197 -0.00128293 0.000707504
2.8 0.000233436 -0.00101673 0.000993437
2.80417 1.12776e-05 -0.000294098 1.88037e-05
2.80833 0.000181693 -9.16745e-05 -0.000923142
2.8125 0.000564084 -0.000837215 -0.000615813
2.81667 0.000740947 -0.00167871 0.000490819
2.82083 0.000492547 -0.00130106 0.000961215
2.825 -5.03418e-06 0.000244395 0.00022568
2.82917 -0.000298006 0.00126792 -0.000821008
2.83333 -0.00011682 0.000686491 -0.000949043
2.8375 0.000179377 -0.000287856 4.36244e-05
2.84167 -5.35743e-05 0.000107517 0.00108981
2.84583 -0.000748873 0.001421 0.000943368
2.85 -0.000976808 0.00163188 -0.000319812
2.85417 -0.000256683 0.000337132 -0.00112271
2.85833 0.000517302 -0.000621405 -0.000272794
2.8625 0.000250642 -8.37361e-05 0.00122327
2.86667 -0.000635233 0.000706078 0.00126039
2.87083 -0.0007014 0.000203957 -0.000395589
2.875 0.000363543 -0.00105191 -0.00156489
2.87917 0.00120335 -0.0013527 -0.000652822
2.88333 0.000696273 -0.00024341 0.001084
2.8875 -0.000526656 0.00103765 0.00132636
2.89167 -0.000995491 0.00113513 -0.0001515
2.89583 -0.000244921 -5.21623e-05 -0.00138314
2.9 0.000782451 -0.00130266 -0.000893506
2.90417 0.000915109 -0.00121424 0.000615594
2.90833 3.12957e-05 0.000152403 0.00129756
2.9125 -0.000779652 0.00101779 0.000278101
2.91667 -0.000418441 0.000117886 -0.00133659
2.92083 0.000749808 -0.00125154 -0.00153507
2.925 0.00111275 -0.000878573 0.000203043
2.92917 -3.17388e-05 0.000938842 0.00187186
2.93333 -0.00122033 0.00160192 0.00126465
2.9375 -0.000710116 0.000129352 -0.000835986
2.94167 0.00091874 -0.00132486 -0.00137438
2.94583 0.00146941 -0.000814136 0.000701581
2.95 0.000328505 0.000548258 0.0027495
2.95417 -0.000641159 0.00056571 0.00214934
2.95833 0.000148865 -0.000724949 6.72312e-05
2.9625 0.00179612 -0.00144948 -0.000247595
2.96667 0.00233529 -0.000757447 0.00205682
2.97083 0.00144379 0.000260206 0.00456197
2.975 0.000709967 0.000189637 0.00496929
2.97917 0.00155988 -0.00117086 0.00385951
2.98333 0.00363482 -0.00271308 0.00377705
2.9875 0.00525758 -0.00308215 0.00627234
2.99167 0.00535638 -0.00225753 0.0101052
2.99583 0.00487622 -0.00194304 0.0125076
