0 0 0 0
0.00416667 0 0 0
0.00833333 0 0 0
0.0125 0 0 0
0.0166667 0 0 0
0.0208333 0 0 0
0.025 0 0 0
0.0291667 0 0 0
0.0333333 0 0 0
0.0375 0 0 0
0.0416667 0 0 0
0.0458333 0 0 0
0.05 0 0 0
0.0541667 0 0 0
0.0583333 0 0 0
0.0625 0 0 0
0.0666667 0 0 0
0.0708333 0 0 0
0.075 0 0 0
0.0791667 0 0 0
0.0833333 0 0 0
0.0875 0 0 0
0.0916667 0 0 0
0.0958333 0 0 0
0.1 0 0 0
0.104167 0 0 0
0.108333 0 0 0
0.1125 0 0 0
0.116667 0 0 0
0.120833 0 0 0
0.125 -1.82804e-322 3.78948e-321 8.18173e-321
0.129167 -2.0713e-316 2.85593e-315 6.08258e-315
0.133333 -1.00455e-310 1.3401e-309 2.85475e-309
0.1375 -3.2105e-305 4.14804e-304 8.83831e-304
0.141667 -6.93329e-300 8.68414e-299 1.85076e-298
0.145833 -1.03514e-294 1.25803e-293 2.68173e-293
0.15 -1.091e-289 1.28762e-288 2.74546e-288
0.154167 -8.27439e-285 9.49104e-284 2.02417e-283
0.158333 -4.59593e-280 5.12734e-279 1.09379e-278
0.1625 -1.9001e-275 2.0632e-274 4.40247e-274
0.166667 -5.93523e-271 6.27688e-270 1.33972e-269
0.170833 -1.42026e-266 1.46383e-265 3.12521e-265
0.175 -2.63716e-262 2.65056e-261 5.66038e-261
0.179167 -3.84511e-258 3.77086e-257 8.0551e-257
0.183333 -4.4514e-254 4.26181e-253 9.1065e-253
0.1875 -4.13408e-250 3.86607e-249 8.26335e-249
0.191667 -3.10983e-246 2.84208e-245 6.07653e-245
0.195833 -1.91195e-242 1.70841e-241 3.65382e-241
0.2 -9.68857e-239 8.46814e-238 1.81168e-237
0.204167 -4.07862e-235 3.48854e-234 7.46581e-234
0.208333 -1.437e-231 1.20329e-230 2.576e-230
0.2125 -4.26691e-228 3.49931e-227 7.49388e-227
0.216667 -1.07482e-224 8.63624e-224 1.85011e-223
0.220833 -2.311e-221 1.82e-220 3.9003e-220
0.225 -4.2662e-218 3.29417e-217 7.06201e-217
0.229167 -6.79903e-215 5.14913e-214 1.10427e-213
0.233333 -9.40325e-212 6.98694e-211 1.49896e-210
0.2375 -1.13415e-208 8.27064e-208 1.77502e-207
0.241667 -1.19853e-205 8.58043e-205 1.84222e-204
0.245833 -1.11465e-202 7.83633e-202 1.68312e-201
0.25 -9.16126e-200 6.32656e-199 1.35939e-198
0.254167 -6.68087e-197 4.53316e-196 9.74433e-196
0.258333 -4.33927e-194 2.8937e-193 6.22276e-193
0.2625 -2.51926e-191 1.65154e-190 3.55303e-190
0.266667 -1.31187e-188 8.4565e-188 1.82006e-187
0.270833 -6.14743e-186 3.89744e-185 8.39193e-185
0.275 -2.60037e-183 1.62183e-182 3.49364e-182
0.279167 -9.95883e-181 6.11168e-180 1.31712e-179
0.283333 -3.46298e-178 2.09158e-177 4.50958e-177
0.2875 -1.09632e-175 6.51818e-175 1.406e-174
0.291667 -3.16814e-173 1.85456e-172 4.00224e-172
0.295833 -8.37776e-171 4.82946e-170 1.04271e-169
0.3 -2.03209e-168 1.1538e-167 2.49231e-167
0.304167 -4.5315e-166 2.53467e-165 5.47778e-165
0.308333 -9.31052e-164 5.13127e-163 1.10948e-162
0.3125 -1.76625e-161 9.59283e-161 2.07519e-160
0.316667 -3.09991e-159 1.65944e-158 3.59163e-158
0.320833 -5.04322e-157 2.66138e-156 5.76313e-156
0.325 -7.61963e-155 3.96449e-154 8.58942e-154
0.329167 -1.07104e-152 5.49514e-152 1.19119e-151
0.333333 -1.40302e-150 7.09944e-150 1.53977e-149
0.3375 -1.71567e-148 8.56329e-148 1.85826e-147
0.341667 -1.96156e-146 9.65868e-146 2.0971e-145
0.345833 -2.10009e-144 1.02028e-143 2.21646e-143
0.35 -2.10853e-142 1.01085e-141 2.19719e-141
0.354167 -1.98815e-140 9.40668e-140 2.04579e-139
0.358333 -1.76296e-138 8.23309e-138 1.79157e-137
0.3625 -1.47209e-136 6.78642e-136 1.47761e-135
0.366667 -1.15899e-134 5.27502e-134 1.1492e-133
0.370833 -8.6142e-133 3.87122e-132 8.4387e-132
0.375 -6.05145e-131 2.68553e-130 5.85753e-130
0.379167 -4.02266e-129 1.76306e-128 3.84781e-128
0.383333 -2.53315e-127 1.09659e-126 2.39472e-126
0.3875 -1.51276e-125 6.46889e-125 1.41353e-124
0.391667 -8.57615e-124 3.62303e-123 7.92163e-123
0.395833 -4.62027e-122 1.92845e-121 4.21913e-121
0.4 -2.36766e-120 9.76481e-120 2.13772e-119
0.404167 -1.1552e-118 4.7081e-118 1.03136e-117
0.408333 -5.3713e-117 2.16348e-116 4.74237e-116
0.4125 -2.38217e-115 9.48346e-115 2.08014e-114
0.416667 -1.00857e-113 3.96883e-113 8.71108e-113
0.420833 -4.07989e-112 1.58708e-111 3.48575e-111
0.425 -1.57814e-110 6.06918e-110 1.33388e-109
0.429167 -5.84173e-109 2.22122e-108 4.88506e-108
0.433333 -2.07092e-107 7.786e-107 1.71351e-106
0.4375 -7.03612e-106 2.61588e-105 5.76088e-105
0.441667 -2.29278e-104 8.42975e-104 1.85774e-103
0.445833 -7.17057e-103 2.60738e-102 5.75011e-102
0.45 -2.15378e-101 7.74603e-101 1.70945e-100
0.454167 -6.21709e-100 2.21169e-99 4.88438e-99
0.458333 -1.72581e-98 6.0732e-98 1.34218e-97
0.4625 -4.60982e-97 1.60482e-96 3.54922e-96
0.466667 -1.18556e-95 4.08331e-95 9.03718e-95
0.470833 -2.93744e-94 1.00099e-93 2.217e-93
0.475 -7.01561e-93 2.3655e-92 5.243e-92
0.479167 -1.61605e-91 5.39182e-91 1.19595e-90
0.483333 -3.59227e-90 1.18604e-89 2.63271e-89
0.4875 -7.70972e-89 2.51909e-88 5.59594e-88
0.491667 -1.5984e-87 5.16879e-87 1.14907e-86
0.495833 -3.20277e-86 1.02506e-85 2.28055e-85
0.5 -6.20539e-85 1.9658e-84 4.37683e-84
0.504167 -1.16311e-83 3.64719e-83 8.1267e-83
0.508333 -2.11e-82 6.54949e-82 1.4605e-81
0.5125 -3.70634e-81 1.13889e-80 2.54164e-80
0.516667 -6.30668e-80 1.91853e-79 4.2849e-79
0.520833 -1.04e-78 3.13221e-78 7.00113e-78
0.525 -1.66274e-77 4.95806e-77 1.10911e-76
0.529167 -2.57838e-76 7.61245e-76 1.70425e-75
0.533333 -3.87947e-75 1.13412e-74 2.54108e-74
0.5375 -5.6659e-74 1.64015e-73 3.67784e-73
0.541667 -8.03524e-73 2.30334e-72 5.16917e-72
0.545833 -1.10693e-71 3.14226e-71 7.05764e-71
0.55 -1.4818e-70 4.16572e-70 9.36405e-70
0.554167 -1.92822e-69 5.36848e-69 1.20777e-68
0.558333 -2.43987e-68 6.72782e-68 1.51484e-67
0.5625 -3.00308e-67 8.20166e-67 1.84823e-66
0.566667 -3.59664e-66 9.72912e-66 2.19427e-65
0.570833 -4.19268e-65 1.12338e-64 2.53575e-64
0.575 -4.75868e-64 1.26297e-63 2.85325e-63
0.579167 -5.26031e-63 1.38294e-62 3.12692e-62
0.583333 -5.66491e-62 1.47531e-61 3.33862e-61
0.5875 -5.94507e-61 1.53377e-60 3.47387e-60
0.591667 -6.08168e-60 1.55436e-59 3.52352e-59
0.595833 -6.06613e-59 1.53596e-58 3.48478e-58
0.6 -5.90115e-58 1.48032e-57 3.36144e-57
0.604167 -5.60032e-57 1.39185e-56 3.16328e-56
0.608333 -5.18619e-56 1.27704e-55 2.90484e-55
0.6125 -4.68763e-55 1.14365e-54 2.60368e-54
0.616667 -4.13648e-54 9.99921e-54 2.27844e-53
0.620833 -3.56439e-53 8.53741e-53 1.94705e-52
0.625 -2.99996e-52 7.11989e-52 1.62518e-51
0.629167 -2.46673e-51 5.80103e-51 1.32529e-50
0.633333 -1.98197e-50 4.61867e-50 1.05609e-49
0.6375 -1.55646e-49 3.59419e-49 8.22558e-49
0.641667 -1.1949e-48 2.73433e-48 6.26318e-48
0.645833 -8.96955e-48 2.034e-47 4.66311e-47
0.65 -6.58478e-47 1.47977e-46 3.39545e-46
0.654167 -4.72855e-46 1.05307e-45 2.41848e-45
0.658333 -3.32211e-45 7.33217e-45 1.68537e-44
0.6625 -2.28392e-44 4.99566e-44 1.1493e-43
0.666667 -1.53676e-43 3.33136e-43 7.6708e-43
0.670833 -1.01221e-42 2.17467e-42 5.01176e-42
0.675 -6.52748e-42 1.3899e-41 3.20596e-41
0.679167 -4.12199e-41 8.69892e-41 2.00824e-40
0.683333 -2.54933e-40 5.33226e-40 1.23208e-39
0.6875 -1.54444e-39 3.20178e-39 7.40443e-39
0.691667 -9.16672e-39 1.88353e-38 4.35959e-38
0.695833 -5.33112e-38 1.08573e-37 2.51516e-37
0.7 -3.03844e-37 6.13343e-37 1.42206e-36
0.704167 -1.69736e-36 3.39611e-36 7.88068e-36
0.708333 -9.29504e-36 1.84339e-35 4.28119e-35
0.7125 -4.99046e-35 9.81001e-35 2.28024e-34
0.716667 -2.62725e-34 5.11915e-34 1.19089e-33
0.720833 -1.35641e-33 2.61974e-33 6.09944e-33
0.725 -6.86854e-33 1.31494e-32 3.06404e-32
0.729167 -3.41174e-32 6.47437e-32 1.50986e-31
0.733333 -1.66257e-31 3.12739e-31 7.29913e-31
0.7375 -7.94921e-31 1.48221e-30 3.46215e-30
0.741667 -3.72958e-30 6.89342e-30 1.61143e-29
0.745833 -1.71726e-29 3.14631e-29 7.36065e-29
0.75 -7.76067e-29 1.40947e-28 3.29994e-28
0.754167 -3.44266e-28 6.19792e-28 1.45219e-27
0.758333 -1.49922e-27 2.67555e-27 6.27358e-27
0.7625 -6.40997e-27 1.13397e-26 2.66086e-26
0.766667 -2.69095e-26 4.719e-26 1.10812e-25
0.770833 -1.10932e-25 1.92841e-25 4.53152e-25
0.775 -4.491e-25 7.73908e-25 1.81985e-24
0.779167 -1.78569e-24 3.05039e-24 7.17787e-24
0.783333 -6.97399e-24 1.18095e-23 2.78074e-23
0.7875 -2.67548e-23 4.49113e-23 1.05819e-22
0.791667 -1.00832e-22 1.67787e-22 3.95585e-22
0.795833 -3.73343e-22 6.15841e-22 1.45284e-21
0.8 -1.35818e-21 2.22086e-21 5.24234e-21
0.804167 -4.85482e-21 7.86938e-21 1.85863e-20
0.808333 -1.70525e-20 2.74004e-20 6.4751e-20
0.8125 -5.88605e-20 9.37549e-20 2.21673e-19
0.816667 -1.99667e-19 3.15266e-19 7.45784e-19
0.820833 -6.65672e-19 1.04191e-18 2.46588e-18
0.825 -2.18125e-18 3.38432e-18 8.01326e-18
0.829167 -7.02527e-18 1.0805e-17 2.55944e-17
0.833333 -2.22408e-17 3.39082e-17 8.03517e-17
0.8375 -6.92128e-17 1.046e-16 2.47958e-16
0.841667 -2.11731e-16 3.17189e-16 7.52156e-16
0.845833 -6.36739e-16 9.45541e-16 2.24283e-15
0.85 -1.88247e-15 2.77095e-15 6.57442e-15
0.854167 -5.47133e-15 7.98314e-15 1.89452e-14
0.858333 -1.56339e-14 2.26112e-14 5.36695e-14
0.8625 -4.39197e-14 6.29633e-14 1.49469e-13
0.866667 -1.21303e-13 1.72372e-13 4.09235e-13
0.870833 -3.29389e-13 4.63946e-13 1.10153e-12
0.875 -8.79373e-13 1.22769e-12 2.91486e-12
0.879167 -2.30814e-12 3.19398e-12 7.58298e-12
0.883333 -5.95628e-12 8.16943e-12 1.93935e-11
0.8875 -1.51114e-11 2.0543e-11 4.87596e-11
0.891667 -3.76917e-11 5.07854e-11 1.20516e-10
0.895833 -9.24247e-11 1.23427e-10 2.92816e-10
0.9 -2.22802e-10 2.9489e-10 6.99357e-10
0.904167 -5.27987e-10 6.92592e-10 1.64187e-09
0.908333 -1.22994e-09 1.59898e-09 3.78877e-09
0.9125 -2.8163e-09 3.62855e-09 8.5931e-09
0.916667 -6.3385e-09 8.09331e-09 1.91545e-08
0.920833 -1.4021e-08 1.77416e-08 4.19593e-08
0.925 -3.04806e-08 3.8221e-08 9.03215e-08
0.929167 -6.5116e-08 8.09131e-08 1.91039e-07
0.933333 -1.36689e-07 1.68307e-07 3.96988e-07
0.9375 -2.81913e-07 3.43962e-07 8.10424e-07
0.941667 -5.71198e-07 6.90548e-07 1.62508e-06
0.945833 -1.13683e-06 1.36175e-06 3.20044e-06
0.95 -2.2222e-06 2.63732e-06 6.18947e-06
0.954167 -4.26565e-06 5.01563e-06 1.17527e-05
0.958333 -8.03954e-06 9.36506e-06 2.19071e-05
0.9625 -1.48745e-05 1.71649e-05 4.00785e-05
0.966667 -2.70107e-05 3.08765e-05 7.19496e-05
0.970833 -4.81297e-05 5.44974e-05 0.000126716
0.975 -8.41344e-05 9.4358e-05 0.000218884
0.979167 -0.000144245 0.000160221 0.000370721
0.983333 -0.000242477 0.000266727 0.000615457
0.9875 -0.000399523 0.000435193 0.00100119
0.991667 -0.000644998 0.000695669 0.00159525
0.995833 -0.00101988 0.00108907 0.00248861
1 -0.00157878 0.00166893 0.00379916
1.00417 -0.00239143 0.00250228 0.00567264
1.00833 -0.00354255 0.00366856 0.00827916
1.0125 -0.00512888 0.00525577 0.0118029
1.01667 -0.00725208 0.00735252 0.0164226
1.02083 -0.0100063 0.0100352 0.0222818
1.025 -0.01346 0.0133497 0.0294473
1.02917 -0.017631 0.0172889 0.0378591
1.03333 -0.0224589 0.0217678 0.047278
1.0375 -0.0277763 0.0265998 0.0572394
1.04167 -0.0332862 0.0314813 0.067027
1.04583 -0.0385524 0.0359907 0.0756828
1.05 -0.0430124 0.0396078 0.0820644
1.05417 -0.0460185 0.04176 0.0849599
1.05833 -0.0469089 0.0418935 0.0832553
1.0625 -0.0451078 0.0395657 0.0761372
1.06667 -0.0402383 0.0345419 0.063296
1.07083 -0.0322301 0.0268797 0.0450851
1.075 -0.0213946 0.0169759 0.0225849
1.07917 -0.00844066 0.00555638 -0.00246491
1.08333 0.00558509 -0.00640214 -0.0278802
1.0875 0.0194378 -0.0178128 -0.0513684
1.09167 0.0318729 -0.02766 -0.0709235
1.09583 0.0418636 -0.0351801 -0.0851863
1.1 0.0487854 -0.039998 -0.0936716
1.10417 0.0525138 -0.0421776 -0.0967899
1.10833 0.0534042 -0.0421691 -0.0956504
1.1125 0.0521556 -0.0406669 -0.0917021
1.11667 0.0496001 -0.0384222 -0.0863352
1.12083 0.04649 -0.0360759 -0.0805904
1.125 0.0433618 -0.0340715 -0.0750913
1.12917 0.0405318 -0.0326814 -0.0702287
1.13333 0.0382223 -0.0321287 -0.0665122
1.1375 0.0367583 -0.0327412 -0.064903
1.14167 0.0367265 -0.0350444 -0.0669165
1.14583 0.0389847 -0.0397136 -0.0743444
1.15 0.0444584 -0.0473556 -0.0886049
1.15417 0.0537531 -0.0581718 -0.109909
1.15833 0.0667059 -0.0716203 -0.136569
1.1625 0.0820624 -0.0862301 -0.164793
1.16667 0.0974508 -0.0996831 -0.18915
1.17083 0.109729 -0.109189 -0.203661
1.175 0.115639 -0.112066 -0.203196
1.17917 0.112573 -0.106341 -0.184696
1.18333 0.099184 -0.0911839 -0.147812
1.1875 0.075643 -0.0670266 -0.0947613
1.19167 0.0434781 -0.0353782 -0.0295539
1.19583 0.00510221 0.00155927 0.0430286
1.2 -0.0367334 0.0412847 0.118231
1.20417 -0.0793276 0.0812504 0.19162
1.20833 -0.12014 0.118928 0.25891
1.2125 -0.156683 0.151766 0.31564
1.21667 -0.186379 0.177195 0.357107
1.22083 -0.2066 0.192805 0.378822
1.225 -0.214997 0.196718 0.37742
1.22917 -0.210017 0.18803 0.351665
1.23333 -0.191423 0.167153 0.303086
1.2375 -0.160553 0.13588 0.235954
1.24167 -0.120193 0.0971347 0.156593
1.24583 -0.0741269 0.0545009 0.0723421
1.25 -0.0265334 0.0116987 -0.00946385
1.25417 0.018561 -0.0278413 -0.0822461
1.25833 0.0576603 -0.0612497 -0.140665
1.2625 0.0880343 -0.0863795 -0.180978
1.26667 0.107895 -0.101931 -0.201389
1.27083 0.116568 -0.107573 -0.202304
1.275 0.114597 -0.104005 -0.186303
1.27917 0.103682 -0.0928768 -0.157627
1.28333 0.0863602 -0.076522 -0.121289
1.2875 0.0654946 -0.0575524 -0.082112
1.29167 0.043769 -0.0384511 -0.0441252
1.29583 0.0233802 -0.0212889 -0.0104787
1.3 0.0059974 -0.00759492 0.0163292
1.30417 -0.00714146 0.00169416 0.0343587
1.30833 -0.0152209 0.00630585 0.0425848
1.3125 -0.0180479 0.00673855 0.0415631
1.31667 -0.0163433 0.00428271 0.0338238
1.32083 -0.0118137 0.000784729 0.0233852
1.325 -0.00673919 -0.00190567 0.0142875
1.32917 -0.0031185 -0.00262991 0.00881001
1.33333 -0.00178709 -0.00139275 0.00647312
1.3375 -0.00207785 0.000723661 0.00462296
1.34167 -0.00234484 0.0022523 0.000429033
1.34583 -0.00112873 0.00229719 -0.00689097
1.35 0.00173671 0.00118238 -0.0151169
1.35417 0.00482887 0.000353408 -0.0201195
1.35833 0.00592503 0.00153833 -0.0184288
1.3625 0.00342778 0.00566276 -0.00963859
1.36667 -0.00249208 0.0122053 0.00297845
1.37083 -0.00981613 0.01942 0.0141276
1.375 -0.0157563 0.0252997 0.019384
1.37917 -0.018311 0.0286743 0.0174682
1.38333 -0.0173051 0.0297676 0.0105244
1.3875 -0.0142935 0.0299155 0.00242731
1.39167 -0.0114897 0.0306998 -0.00354967
1.39583 -0.0105091 0.0330908 -0.00611566
1.4 -0.011739 0.0370898 -0.00571795
1.40417 -0.014586 0.0419418 -0.00331125
1.40833 -0.0181786 0.0465902 0.000572132
1.4125 -0.021846 0.0499741 0.00565765
1.41667 -0.0250277 0.0510418 0.0110337
1.42083 -0.026877 0.0486955 0.0146734
1.425 -0.0261509 0.0419779 0.0142107
1.42917 -0.0217323 0.030563 0.00863859
1.43333 -0.0135045 0.0152374 -0.000421426
1.4375 -0.00284955 -0.00208039 -0.00915264
1.44167 0.00779941 -0.0189781 -0.0137161
1.44583 0.0162162 -0.033541 -0.0127558
1.45 0.021624 -0.0450602 -0.00837769
1.45417 0.024997 -0.0539553 -0.00474763
1.45833 0.0281416 -0.0609576 -0.00521282
1.4625 0.032187 -0.0661518 -0.00999739
1.46667 0.0365934 -0.0686066 -0.0161382
1.47083 0.0394228 -0.0669022 -0.0196694
1.475 0.0386832 -0.0601946 -0.0184037
1.47917 0.0337543 -0.0490448 -0.0132722
1.48333 0.0258585 -0.0354026 -0.00734476
1.4875 0.017274 -0.0217416 -0.00342791
1.49167 0.00992219 -0.00994305 -0.0021465
1.49583 0.00438153 -0.000665628 -0.00190508
1.5 -1.88277e-05 0.00646232 -0.000575574
1.50417 -0.0042377 0.0121017 0.00258035
1.50833 -0.00854434 0.0165395 0.00632828
1.5125 -0.0123045 0.0195736 0.00861568
1.51667 -0.0146241 0.0209164 0.00841848
1.52083 -0.0152256 0.0206616 0.00668933
1.525 -0.0147622 0.0193491 0.00558616
1.52917 -0.0142746 0.0175557 0.00659946
1.53333 -0.0142434 0.0153895 0.00913695
1.5375 -0.0140641 0.0123896 0.0108006
1.54167 -0.012459 0.00801125 0.00924412
1.54583 -0.00857736 0.0023593 0.00418703
1.55 -0.0029286 -0.00344302 -0.00205818
1.55417 0.0026502 -0.00765521 -0.00609494
1.55833 0.00608179 -0.00891816 -0.0059343
1.5625 0.00644461 -0.00717472 -0.00255715
1.56667 0.00462591 -0.00381294 0.000751269
1.57083 0.00268505 -0.000850845 0.000901856
1.575 0.0023464 0.000319023 -0.0025442
1.57917 0.00373832 -0.00024589 -0.00692625
1.58333 0.00535319 -0.00123164 -0.00850576
1.5875 0.00528742 -0.00113096 -0.00546032
1.59167 0.00281394 0.000613853 0.000518901
1.59583 -0.000955612 0.00323152 0.00538893
1.6 -0.00387113 0.00525915 0.00586026
1.60417 -0.00439485 0.00566639 0.00200419
1.60833 -0.00278223 0.00457297 -0.00277496
1.6125 -0.000822672 0.00301361 -0.0044566
1.61667 -0.000332918 0.00198874 -0.0016529
1.62083 -0.00163482 0.00162274 0.00326264
1.625 -0.00328956 0.00115202 0.00610153
1.62917 -0.00333518 -0.000244263 0.00430416
1.63333 -0.00101565 -0.00249177 -0.000952944
1.6375 0.00244659 -0.00440487 -0.0057204
1.64167 0.00470821 -0.00447071 -0.00649032
1.64583 0.00411655 -0.00205184 -0.00298341
1.65 0.00100323 0.00196464 0.0017666
1.65417 -0.00258266 0.0056374 0.00400923
1.65833 -0.00445689 0.00724256 0.00231345
1.6625 -0.0038956 0.00639016 -0.00146811
1.66667 -0.00198785 0.00415822 -0.00397874
1.67083 -0.000561853 0.00220175 -0.00324069
1.675 -0.000664143 0.00157989 -0.000184821
1.67917 -0.00185462 0.00219673 0.00234444
1.68333 -0.00280434 0.00318196 0.00210186
1.6875 -0.00256636 0.00376207 -0.000721733
1.69167 -0.00138835 0.00384586 -0.0038067
1.69583 -0.000419714 0.00389934 -0.00474042
1.7 -0.000651407 0.00434902 -0.00298086
1.70417 -0.00204716 0.00512522 -0.000157493
1.70833 -0.00359184 0.00574437 0.0013948
1.7125 -0.00416015 0.00578491 0.00054305
1.71667 -0.00342952 0.00526211 -0.00185118
1.72083 -0.00207799 0.00455357 -0.00378029
1.725 -0.00115022 0.00398476 -0.00376495
1.72917 -0.00116819 0.00349797 -0.00196853
1.73333 -0.00173402 0.0027183 7.22876e-05
1.7375 -0.00192166 0.0013379 0.000777891
1.74167 -0.00109012 -0.000550945 -0.000203912
1.74583 0.000573874 -0.00247996 -0.00178177
1.75 0.00222161 -0.00396932 -0.00236964
1.75417 0.00305876 -0.00493366 -0.00119365
1.75833 0.0030128 -0.00580762 0.00109811
1.7625 0.00280836 -0.00728189 0.00299282
1.76667 0.00339325 -0.00981136 0.00336495
1.77083 0.00517351 -0.013219 0.00239716
1.775 0.00765964 -0.01669 0.00141522
1.77917 0.00980291 -0.0192284 0.00176785
1.78333 0.0107685 -0.0203221 0.00367434
1.7875 0.0105554 -0.0203337 0.00601228
1.79167 0.00997814 -0.0202521 0.00725323
1.79583 0.0100097 -0.0209134 0.0067779
1.8 0.0109854 -0.0222957 0.00543165
1.80417 0.0123155 -0.0235157 0.00478692
1.80833 0.0129706 -0.02358 0.00571202
1.8125 0.0123633 -0.0222387 0.00753007
1.81667 0.0108652 -0.0201589 0.0085998
1.82083 0.00947052 -0.0182669 0.00785666
1.825 0.00887674 -0.0169044 0.00587816
1.82917 0.00883082 -0.015604 0.00438841
1.83333 0.00838635 -0.0136414 0.00459486
1.8375 0.00684894 -0.010756 0.00596453
1.84167 0.00447904 -0.00732673 0.00670983
1.84583 0.00222654 -0.00390487 0.00556792
1.85 0.000747093 -0.000640942 0.0030859
1.85417 -0.000289347 0.00284009 0.00105307
1.85833 -0.00186885 0.00708565 0.000623497
1.8625 -0.00462676 0.0123922 0.00109183
1.86667 -0.00823167 0.0186541 0.000649515
1.87083 -0.0117943 0.0254584 -0.00166097
1.875 -0.0147989 0.0322124 -0.00490485
1.87917 -0.0174907 0.0382331 -0.00727184
1.88333 -0.0203108 0.0428994 -0.00802668
1.8875 -0.0231012 0.0458698 -0.00821867
1.89167 -0.0250623 0.0471661 -0.00937256
1.89583 -0.0255322 0.0469701 -0.0116712
1.9 -0.0246557 0.045303 -0.0136913
1.90417 -0.0231435 0.0419227 -0.0139413
1.90833 -0.0214019 0.0365218 -0.0124158
1.9125 -0.019041 0.0289793 -0.0104634
1.91667 -0.015308 0.0194785 -0.00925177
1.92083 -0.00996374 0.00860283 -0.008605
1.925 -0.00370135 -0.0025309 -0.00739007
1.92917 0.00225853 -0.0124186 -0.00486642
1.93333 0.00698226 -0.019861 -0.00151823
1.9375 0.010344 -0.0247267 0.00139921
1.94167 0.0128599 -0.0278625 0.00304678
1.94583 0.015014 -0.030031 0.00373321
1.95 0.0166944 -0.0310063 0.00447815
1.95417 0.0172934 -0.0299119 0.00582543
1.95833 0.0163888 -0.0263773 0.00714895
1.9625 0.0142596 -0.0210938 0.00729878
1.96667 0.0116431 -0.0152094 0.00596685
1.97083 0.00903231 -0.0094759 0.00417791
1.975 0.00636802 -0.00413287 0.0032163
1.97917 0.00344364 0.00065645 0.00320403
1.98333 0.000444459 0.00458008 0.0030397
1.9875 -0.00204619 0.00734269 0.00175469
1.99167 -0.00353492 0.00886456 -0.000337075
1.99583 -0.00405993 0.00934515 -0.00194376
2 -0.00418706 0.00920403 -0.00209505
2.00417 -0.00452516 0.00877537 -0.00109225
2.00833 -0.00507319 0.00790691 -0.000285801
2.0125 -0.00506486 0.00613688 -0.000819698
2.01667 -0.00378836 0.00356407 -0.00232501
2.02083 -0.00169028 0.00119268 -0.00299761
2.025 -0.00021811 -0.000160714 -0.00153225
2.02917 -0.000140091 -0.00105529 0.000989518
2.03333 -0.000407609 -0.00269158 0.00197381
2.0375 0.000579 -0.00500942 0.000529368
2.04167 0.00271829 -0.00655447 -0.00108988
2.04583 0.00416598 -0.00656205 -0.000268754
2.05 0.0037702 -0.00601813 0.00238369
2.05417 0.00255544 -0.00588484 0.00372758
2.05833 0.00213457 -0.00542247 0.00228541
2.0625 0.00250259 -0.00358192 4.87541e-05
2.06667 0.00241918 -0.00116816 -0.000462927
2.07083 0.00141241 0.000159129 0.000637694
2.075 0.000177138 0.000568438 0.00147743
2.07917 -0.000758193 0.0016301 0.00115515
2.08333 -0.00144099 0.00320575 0.000159323
2.0875 -0.00160495 0.00321845 -0.000963872
2.09167 -0.000835394 0.00127176 -0.00170396
2.09583 0.000114373 -5.09226e-05 -0.00111698
2.1 -0.000225661 0.000923537 0.000816237
2.10417 -0.00162715 0.00212462 0.00193075
2.10833 -0.00189308 0.00111819 0.000303255
2.1125 -0.000137571 -0.000714846 -0.00226351
2.11667 0.00137319 -0.000499078 -0.00198413
2.12083 0.000446199 0.00108849 0.00121886
2.125 -0.00145176 0.000943939 0.00294138
2.12917 -0.00131537 -0.000870842 0.000671175
2.13333 0.000625534 -0.00104317 -0.00225834
2.1375 0.00130141 0.000978821 -0.00169705
2.14167 -0.000151333 0.00154689 0.00106764
2.14583 -0.00108998 -0.000870863 0.00174004
2.15 5.70691e-05 -0.00255204 -0.000141821
2.15417 0.00124209 -0.000756215 -0.00118143
2.15833 0.000604914 0.00115481 -0.000234753
2.1625 -0.000215655 -0.000756374 0.000196579
2.16667 0.000772518 -0.00385596 -0.000819157
2.17083 0.00200071 -0.00304925 -0.00079946
2.175 0.00101605 0.000217596 0.0010923
2.17917 -0.000739136 -9.74642e-05 0.00164345
2.18333 5.9287e-05 -0.00415478 -0.000915966
2.1875 0.00264042 -0.00512533 -0.00297243
2.19167 0.00271395 -0.000276445 -0.000979381
2.19583 -0.000570993 0.00401249 0.00225683
2.2 -0.00279537 0.0021395 0.00155156
2.20417 -0.00105549 -0.00203805 -0.00231637
2.20833 0.00158742 -0.00198958 -0.00365274
2.2125 0.00123182 0.000830744 -0.000787729
2.21667 -0.000747919 0.000154357 0.00157028
2.22083 -0.000480635 -0.00410433 2.88374e-05
2.225 0.0018941 -0.00591966 -0.00255576
2.22917 0.00291163 -0.00373842 -0.00236423
2.23333 0.00189931 -0.00306659 -0.000624936
2.2375 0.00181121 -0.00666265 -0.000726485
2.24167 0.00369474 -0.00941942 -0.00227468
2.24583 0.0047072 -0.00697743 -0.00228659
2.25 0.00316903 -0.00346762 -0.000768102
2.25417 0.00178842 -0.00493494 -0.000650356
2.25833 0.00322852 -0.00911625 -0.00231873
2.2625 0.00534975 -0.00869186 -0.00249379
2.26667 0.00433069 -0.00293217 0.000224309
2.27083 0.000823883 0.0013074 0.00245101
2.275 -0.000960174 0.000802912 0.00111742
2.27917 6.3169e-05 0.000849173 -0.00135569
2.28333 0.000213545 0.00579379 -0.000495011
2.2875 -0.00279052 0.0111054 0.0031434
2.29167 -0.00584982 0.0105399 0.00453607
2.29583 -0.00532038 0.00675529 0.00191572
2.3 -0.00294655 0.00736794 -0.000441574
2.30417 -0.00312782 0.0123989 0.00106152
2.30833 -0.00581624 0.0140138 0.00379891
2.3125 -0.00669819 0.00951813 0.0034538
2.31667 -0.00441912 0.0060508 0.00104362
2.32083 -0.0027902 0.00873236 0.000801803
2.325 -0.0042301 0.0120174 0.00281132
2.32917 -0.00563211 0.00911162 0.00319557
2.33333 -0.00385528 0.00365441 0.00134749
2.3375 -0.00137739 0.00361908 0.00110961
2.34167 -0.00209467 0.00778138 0.00354421
2.34583 -0.0044264 0.00809772 0.00441353
2.35 -0.00395655 0.00380239 0.00156913
2.35417 -0.00125361 0.002548 -0.000664486
2.35833 -0.00106938 0.00661738 0.00144757
2.3625 -0.00400269 0.00852769 0.00439737
2.36667 -0.00513801 0.00380772 0.0030497
2.37083 -0.00219983 -0.00147134 -0.000831115
2.375 0.000792553 -0.00131372 -0.00167246
2.37917 0.000408198 0.000449467 0.000785963
2.38333 -0.000935505 -0.00207235 0.00181811
2.3875 8.05341e-05 -0.00625379 -0.000101018
2.39167 0.00201379 -0.00623843 -0.00172658
2.39583 0.00198839 -0.00363247 -0.00144166
2.4 0.0010421 -0.00424869 -0.00125749
2.40417 0.00171893 -0.00756009 -0.00189247
2.40833 0.00309287 -0.00809997 -0.00145107
2.4125 0.00274326 -0.0055123 -8.46651e-05
2.41667 0.00164026 -0.00476928 -0.00066016
2.42083 0.00246348 -0.00692509 -0.00321458
2.425 0.00443933 -0.00758521 -0.00383213
2.42917 0.00443118 -0.0051138 -0.001192
2.43333 0.00244639 -0.00313684 0.000589273
2.4375 0.00162692 -0.00361608 -0.00150279
2.44167 0.00289156 -0.00398995 -0.00434408
2.44583 0.003794 -0.00293238 -0.00373751
2.45 0.00308394 -0.00284847 -0.000955524
2.45417 0.00243644 -0.00443573 -0.000114509
2.45833 0.00280433 -0.00453901 -0.00160327
2.4625 0.00277081 -0.00220725 -0.0025166
2.46667 0.00181259 -0.00139459 -0.00202729
2.47083 0.0016998 -0.00409358 -0.00183402
2.475 0.00289814 -0.00599961 -0.00197752
2.47917 0.00293891 -0.00364917 -0.000799175
2.48333 0.000789265 -0.00116151 0.000760292
2.4875 -0.000330049 -0.00375441 -0.000389074
2.49167 0.00210805 -0.00813789 -0.00347781
2.49583 0.00482596 -0.00702635 -0.00335677
2.5 0.00314434 -0.00147925 0.00121643
2.50417 -0.00109918 0.000146993 0.0038297
2.50833 -0.00167551 -0.00377212 -0.00021527
2.5125 0.00200312 -0.00481961 -0.00523064
2.51667 0.0033672 0.00114759 -0.00292225
2.52083 -0.000759765 0.00612243 0.0040908
2.525 -0.00463946 0.00326814 0.00559343
2.52917 -0.00292565 -0.000764136 -1.27383e-05
2.53333 0.000475125 0.00309994 -0.00313198
2.5375 -0.000813332 0.0101435 0.00125979
2.54167 -0.00481724 0.00959598 0.00591088
2.54583 -0.00517419 0.00382214 0.00419243
2.55 -0.00255559 0.00456424 0.000606983
2.55417 -0.00288335 0.0117406 0.0013484
2.55833 -0.00585666 0.0128334 0.00342728
2.5625 -0.00538574 0.00519798 0.00189923
2.56667 -0.00148223 0.0014498 9.07271e-06
2.57083 -0.00105038 0.00721857 0.00225618
2.575 -0.00502919 0.0107959 0.0042214
2.57917 -0.00563225 0.00382807 0.000200422
2.58333 -7.93757e-05 -0.00370723 -0.00478686
2.5875 0.00359036 -0.00108452 -0.00244221
2.59167 1.058e-05 0.00454464 0.00373721
2.59583 -0.00403831 0.0012898 0.00333635
2.6 -0.00096748 -0.00681945 -0.00357492
2.60417 0.00508038 -0.00778376 -0.00648145
2.60833 0.00553627 -0.00236725 -0.00141869
2.6125 0.001099 -0.00133158 0.00369969
2.61667 -0.000657492 -0.00664062 0.00217095
2.62083 0.00250162 -0.0098765 -0.0027272
2.625 0.00568172 -0.00743661 -0.00447573
2.62917 0.00534897 -0.00489907 -0.00177985
2.63333 0.00315811 -0.00621057 0.00189848
2.6375 0.0019658 -0.00817082 0.00279415
2.64167 0.00240952 -0.0068049 3.04832e-05
2.64583 0.00321878 -0.00281832 -0.00305007
2.65 0.00270024 0.00033866 -0.00207417
2.65417 0.000570335 0.000591618 0.0020966
2.65833 -0.00124813 -0.000532573 0.00377035
2.6625 -0.00122857 0.000734952 0.000929626
2.66667 -0.000809769 0.00500139 -0.00175462
2.67083 -0.00176531 0.00731626 -0.000768401
2.675 -0.00273813 0.00438896 0.00135897
2.67917 -0.00203084 0.00122433 0.00178392
2.68333 -0.0014942 0.00367915 0.00158828
2.6875 -0.00300097 0.00767729 0.00147227
2.69167 -0.0038015 0.00517098 -0.000126181
2.69583 -0.00100093 -0.00177327 -0.00203923
2.7 0.00221451 -0.00390812 -0.000586183
2.70417 0.00129761 -0.000402552 0.00293006
2.70833 -0.00142262 0.000390408 0.00257891
2.7125 -0.000359699 -0.00418505 -0.00209097
2.71667 0.00365603 -0.00716913 -0.00430285
2.72083 0.00471984 -0.00436476 -0.000899571
2.725 0.00148955 -0.000150535 0.00287971
2.72917 -0.00148664 0.00113911 0.00212629
2.73333 -0.00137665 0.000993796 -0.00120895
2.7375 -8.96642e-05 0.0020249 -0.00281306
2.74167 -0.000140421 0.00411112 -0.00134026
2.74583 -0.00192496 0.00618099 0.00185088
2.75 -0.00435486 0.00726242 0.00379536
2.75417 -0.00540205 0.00652988 0.00170382
2.75833 -0.00381985 0.00527695 -0.00242928
2.7625 -0.0018185 0.00594235 -0.00237878
2.76667 -0.0027503 0.00731208 0.00291029
2.77083 -0.00541276 0.00583527 0.00603735
2.775 -0.00544735 0.00288796 0.002506
2.77917 -0.00283617 0.00336923 -0.00163244
2.78333 -0.00195336 0.00618122 9.21773e-05
2.7875 -0.00371837 0.00543402 0.00437617
2.79167 -0.00457334 0.00193009 0.00524132
2.79583 -0.00368363 0.00234828 0.00372484
2.8 -0.00376795 0.00603176 0.00327412
2.80417 -0.00453024 0.00516555 0.00298572
2.80833 -0.00302901 -0.000486229 0.00201005
2.8125 -0.000532701 -0.00248809 0.00294963
2.81667 -0.000961747 0.000855527 0.00527659
2.82083 -0.00291281 0.00180353 0.00381652
2.825 -0.00153371 -0.00211075 -0.00146253
2.82917 0.00235452 -0.00436655 -0.00350678
2.83333 0.00345119 -0.00248139 -0.000261697
2.8375 0.00145412 -0.00170733 0.00131126
2.84167 0.00111524 -0.00409644 -0.00270824
2.84583 0.00375011 -0.00587471 -0.00721689
2.85 0.00624167 -0.00627898 -0.00773621
2.85417 0.0072375 -0.00804192 -0.00643776
2.85833 0.00778802 -0.0100662 -0.00594018
2.8625 0.0078673 -0.00974319 -0.00601929
2.86667 0.0077328 -0.00971982 -0.00744427
2.87083 0.00945794 -0.0127917 -0.0105804
2.875 0.0125114 -0.0148758 -0.0113301
2.87917 0.0126458 -0.012438 -0.00716255
2.88333 0.00937913 -0.0103584 -0.00398835
2.8875 0.00828946 -0.0130356 -0.0075832
2.89167 0.0116487 -0.0155774 -0.0128015
2.89583 0.0140909 -0.0131314 -0.0116494
2.9 0.0119693 -0.0100227 -0.00677109
2.90417 0.00918968 -0.0105401 -0.0060496
2.90833 0.0093365 -0.0103724 -0.00915271
2.9125 0.00987948 -0.00593453 -0.0100365
2.91667 0.00831432 -0.00203913 -0.00761536
2.92083 0.00643022 -0.0022219 -0.00450698
2.925 0.00515675 -0.00181083 -0.000622127
2.92917 0.00257147 0.00231926 0.00419802
2.93333 -0.000794688 0.00566782 0.00742421
2.9375 -0.00207854 0.00566425 0.00979716
2.94167 -0.0024539 0.00665099 0.0164116
2.94583 -0.00576572 0.0107011 0.0269898
2.95 -0.0108674 0.0139527 0.0340741
2.95417 -0.0131133 0.015187 0.0351034
2.95833 -0.0126269 0.0176984 0.0363618
2.9625 -0.013276 0.0211641 0.0411863
2.96667 -0.0149486 0.0218778 0.0445742
2.97083 -0.0144213 0.0208224 0.0428253
2.975 -0.0117703 0.0213958 0.0385451
2.97917 -0.00892339 0.021148 0.0337411
2.98333 -0.0048606 0.0160679 0.027455
2.9875 0.00127992 0.00963748 0.0211331
2.99167 0.00629988 0.00721052 0.0171374
2.99583 0.0081777 0.00589853 0.0126405
