0 0 0 0
0.00416667 0 0 0
0.00833333 0 0 0
0.0125 0 0 0
0.0166667 0 0 0
0.0208333 0 0 0
0.025 0 0 0
0.0291667 0 0 0
0.0333333 0 0 0
0.0375 0 0 0
0.0416667 0 0 0
0.0458333 0 0 0
0.05 0 0 0
0.0541667 0 0 0
0.0583333 0 0 0
0.0625 0 0 0
0.0666667 0 0 0
0.0708333 0 0 0
0.075 0 0 0
0.0791667 0 0 0
0.0833333 0 0 0
0.0875 0 0 0
0.0916667 0 0 0
0.0958333 0 0 0
0.1 0 0 0
0.104167 0 0 0
0.108333 0 0 0
0.1125 0 0 0
0.116667 0 0 0
0.120833 0 0 0
0.125 0 0 0
0.129167 0 0 0
0.133333 0 0 0
0.1375 0 0 0
0.141667 0 0 0
0.145833 0 0 0
0.15 0 0 0
0.154167 0 0 0
0.158333 0 0 0
0.1625 0 0 0
0.166667 0 0 0
0.170833 0 0 0
0.175 0 0 0
0.179167 0 0 0
0.183333 0 0 0
0.1875 0 0 0
0.191667 0 0 0
0.195833 0 0 0
0.2 0 0 0
0.204167 -7.6926e-321 0 2.18846e-319
0.208333 -3.93967e-317 1.03714e-318 1.07217e-315
0.2125 -1.65455e-313 4.35409e-315 4.41217e-312
0.216667 -5.88015e-310 1.53884e-311 1.5371e-308
0.220833 -1.77964e-306 4.60918e-308 4.56198e-305
0.225 -4.61431e-303 1.17744e-304 1.16037e-301
0.229167 -1.03077e-299 2.58066e-301 2.54374e-298
0.233333 -1.99439e-296 4.88013e-298 4.83164e-295
0.2375 -3.35932e-293 8.00452e-295 7.99191e-292
0.241667 -4.94953e-290 1.14448e-291 1.15669e-288
0.245833 -6.40796e-287 1.43316e-288 1.47149e-285
0.25 -7.32141e-284 1.5788e-285 1.65253e-282
0.254167 -7.41256e-281 1.5365e-282 1.64498e-279
0.258333 -6.6763e-278 1.32632e-279 1.45709e-276
0.2625 -5.3692e-275 1.01932e-276 1.15276e-273
0.266667 -3.86926e-272 6.99961e-274 8.17415e-271
0.270833 -2.507e-269 4.30944e-271 5.21274e-268
0.275 -1.46518e-266 2.38647e-268 2.99918e-265
0.279167 -7.74764e-264 1.19242e-265 1.56165e-262
0.283333 -3.71765e-261 5.39184e-263 7.38048e-260
0.2875 -1.62334e-258 2.2129e-260 3.17483e-257
0.291667 -6.4678e-256 8.26824e-258 1.2464e-254
0.295833 -2.3574e-253 2.82169e-255 4.47727e-252
0.3 -7.8797e-251 8.8296e-253 1.47522e-249
0.304167 -2.42113e-248 2.54647e-250 4.46903e-247
0.308333 -6.85406e-246 6.81931e-248 1.2476e-244
0.3125 -1.79167e-243 1.71504e-245 3.21656e-242
0.316667 -4.33385e-241 4.1201e-243 7.6752e-240
0.320833 -9.72087e-239 9.67383e-241 1.69852e-237
0.325 -2.02604e-236 2.27596e-238 3.49321e-235
0.329167 -3.93193e-234 5.45893e-236 6.69032e-233
0.333333 -7.12061e-232 1.33536e-233 1.1958e-230
0.3375 -1.20612e-229 3.27919e-231 1.99917e-228
0.341667 -1.91589e-227 7.90613e-229 3.13418e-226
0.345833 -2.86289e-225 1.83551e-226 4.62151e-224
0.35 -4.03994e-223 4.04951e-224 6.43328e-222
0.354167 -5.41038e-221 8.42546e-222 8.49402e-220
0.358333 -6.92009e-219 1.647e-219 1.07015e-217
0.3625 -8.52022e-217 3.02044e-217 1.2963e-215
0.366667 -1.0191e-214 5.19595e-215 1.52323e-213
0.370833 -1.19534e-212 8.38922e-213 1.75265e-211
0.375 -1.38563e-210 1.27245e-210 1.99082e-209
0.379167 -1.59398e-208 1.81508e-208 2.24334e-207
0.383333 -1.81851e-206 2.43778e-206 2.50834e-205
0.3875 -2.04743e-204 3.08644e-204 2.77129e-203
0.391667 -2.2583e-202 3.68805e-202 3.00437e-201
0.395833 -2.42153e-200 4.16405e-200 3.17144e-199
0.4 -2.50747e-198 4.44743e-198 3.23747e-197
0.404167 -2.4947e-196 4.49836e-196 3.17889e-195
0.408333 -2.37642e-194 4.31339e-194 2.99114e-193
0.4125 -2.16275e-192 3.92511e-192 2.69061e-191
0.416667 -1.87822e-190 3.39308e-190 2.31061e-189
0.420833 -1.55569e-188 2.78914e-188 1.89316e-187
0.425 -1.22889e-186 2.1822e-186 1.47972e-185
0.429167 -9.26045e-185 1.62655e-184 1.10355e-183
0.433333 -6.66e-183 1.15605e-182 7.85597e-182
0.4375 -4.57395e-181 7.84156e-181 5.34131e-180
0.441667 -3.00168e-179 5.08058e-179 3.47062e-178
0.445833 -1.88363e-177 3.14677e-177 2.15661e-176
0.45 -1.13108e-175 1.86469e-175 1.28247e-174
0.454167 -6.50382e-174 1.05798e-173 7.30376e-173
0.458333 -3.58373e-172 5.75177e-172 3.98633e-171
0.4625 -1.89365e-170 2.99849e-170 2.08659e-169
0.466667 -9.60208e-169 1.50001e-168 1.04819e-167
0.470833 -4.67554e-167 7.20566e-167 5.05683e-166
0.475 -2.18771e-165 3.32615e-165 2.34446e-164
0.479167 -9.84294e-164 1.47633e-163 1.04525e-162
0.483333 -4.26104e-162 6.3049e-162 4.48417e-161
0.4875 -1.77597e-160 2.59239e-160 1.85228e-159
0.491667 -7.13095e-159 1.02687e-158 7.37151e-158
0.495833 -2.76002e-157 3.9209e-157 2.82807e-156
0.5 -1.03035e-155 1.44397e-155 1.04655e-154
0.504167 -3.71199e-154 5.13199e-154 3.73775e-153
0.508333 -1.29129e-152 1.76118e-152 1.28909e-151
0.5125 -4.33977e-151 5.83916e-151 4.29549e-150
0.516667 -1.40983e-149 1.87134e-149 1.38365e-148
0.520833 -4.42944e-148 5.80007e-148 4.31073e-147
0.525 -1.34657e-146 1.73945e-146 1.29957e-145
0.529167 -3.96297e-145 5.05011e-145 3.79304e-144
0.533333 -1.12962e-143 1.42006e-143 1.07231e-142
0.5375 -3.1201e-142 3.86933e-142 2.93768e-141
0.541667 -8.35461e-141 1.02208e-140 7.80252e-140
0.545833 -2.1697e-139 2.61844e-139 2.01004e-138
0.55 -5.46735e-138 6.50884e-138 5.02465e-137
0.554167 -1.33735e-136 1.57055e-136 1.21933e-135
0.558333 -3.17675e-135 3.68015e-135 2.87361e-134
0.5625 -7.33111e-134 8.37768e-134 6.57971e-133
0.566667 -1.64428e-132 1.85352e-132 1.4643e-131
0.570833 -3.58568e-131 3.98709e-131 3.16856e-130
0.575 -7.60538e-130 8.34187e-130 6.66917e-129
0.579167 -1.56959e-128 1.69817e-128 1.3659e-127
0.583333 -3.15301e-127 3.36487e-127 2.72308e-126
0.5875 -6.16725e-126 6.49199e-126 5.28627e-125
0.591667 -1.175e-124 1.22e-124 9.99629e-124
0.595833 -2.18127e-123 2.2339e-123 1.84194e-122
0.6 -3.94687e-122 3.98688e-122 3.30828e-121
0.604167 -6.96322e-121 6.9376e-121 5.79379e-120
0.608333 -1.19817e-119 1.17742e-119 9.89675e-119
0.6125 -2.01147e-118 1.94954e-118 1.64941e-117
0.616667 -3.29556e-117 3.15027e-117 2.68289e-116
0.620833 -5.27101e-116 4.96944e-116 4.26035e-115
0.625 -8.23259e-115 7.65485e-115 6.60667e-114
0.629167 -1.25597e-113 1.15176e-113 1.00078e-112
0.633333 -1.87218e-112 1.69317e-112 1.48128e-111
0.6375 -2.72747e-111 2.43265e-111 2.14286e-110
0.641667 -3.88448e-110 3.41673e-110 3.0306e-109
0.645833 -5.40979e-109 4.69257e-109 4.19136e-108
0.65 -7.36914e-108 6.30364e-108 5.67004e-107
0.654167 -9.8209e-107 8.28445e-107 7.50465e-106
0.658333 -1.28083e-105 1.06545e-105 9.72069e-105
0.6625 -1.63511e-104 1.34125e-104 1.23251e-103
0.666667 -2.0437e-103 1.65309e-103 1.53009e-102
0.670833 -2.50153e-102 1.99522e-102 1.86026e-101
0.675 -2.99925e-101 2.35884e-101 2.21547e-100
0.679167 -3.52318e-100 2.73221e-100 2.58515e-99
0.683333 -4.05574e-99 3.10123e-99 2.95619e-98
0.6875 -4.57628e-98 3.45028e-98 3.3136e-97
0.691667 -5.06237e-97 3.76327e-97 3.64149e-96
0.695833 -5.49143e-96 4.02494e-96 3.9243e-95
0.7 -5.84246e-95 4.22206e-95 4.14797e-94
0.704167 -6.09779e-94 4.34459e-94 4.30119e-93
0.708333 -6.24456e-93 4.3865e-93 4.37629e-92
0.7125 -6.27578e-92 4.34626e-92 4.36991e-91
0.716667 -6.19088e-91 4.22694e-91 4.28321e-90
0.720833 -5.99566e-90 4.0358e-90 4.12172e-89
0.725 -5.70167e-89 3.7836e-89 3.89474e-88
0.729167 -5.32508e-88 3.48363e-88 3.6145e-87
0.733333 -4.88522e-87 3.15055e-87 3.29507e-86
0.7375 -4.40305e-86 2.79928e-86 2.95122e-85
0.741667 -3.89949e-85 2.44389e-85 2.59737e-84
0.745833 -3.39406e-84 2.09686e-84 2.24664e-83
0.75 -2.90376e-83 1.76839e-83 1.91018e-82
0.754167 -2.44231e-82 1.46616e-82 1.5967e-81
0.758333 -2.0198e-81 1.19521e-81 1.31235e-80
0.7625 -1.64269e-80 9.58163e-81 1.06077e-79
0.766667 -1.31402e-79 7.55492e-80 8.4335e-79
0.770833 -1.034e-78 5.8598e-79 6.59585e-78
0.775 -8.00514e-78 4.47159e-78 5.07546e-77
0.779167 -6.09838e-77 3.35762e-77 3.84313e-76
0.783333 -4.57214e-76 2.48115e-76 2.86393e-75
0.7875 -3.37398e-75 1.80464e-75 2.10071e-74
0.791667 -2.45102e-74 1.29211e-74 1.51691e-73
0.795833 -1.75303e-73 9.10839e-74 1.07845e-72
0.8 -1.23461e-72 6.32231e-73 7.54992e-72
0.804167 -8.56291e-72 4.32173e-72 5.20533e-71
0.808333 -5.84958e-71 2.90968e-71 3.53485e-70
0.8125 -3.93634e-70 1.92971e-70 2.36465e-69
0.816667 -2.60964e-69 1.26082e-69 1.55844e-68
0.820833 -1.70467e-68 8.11676e-69 1.01203e-67
0.825 -1.09731e-67 5.14912e-68 6.47629e-67
0.829167 -6.9613e-67 3.21925e-67 4.08455e-66
0.833333 -4.35293e-66 1.98381e-66 2.5392e-65
0.8375 -2.68318e-65 1.20508e-65 1.55608e-64
0.841667 -1.63059e-64 7.21699e-65 9.40158e-64
0.845833 -9.77042e-64 4.26154e-64 5.6008e-63
0.85 -5.77305e-63 2.48138e-63 3.29024e-62
0.854167 -3.36407e-62 1.42491e-62 1.90625e-61
0.858333 -1.93348e-61 8.07029e-62 1.08931e-60
0.8625 -1.09616e-60 4.50866e-61 6.14028e-60
0.866667 -6.13075e-60 2.48488e-60 3.41456e-59
0.870833 -3.38298e-59 1.35116e-59 1.87341e-58
0.875 -1.84195e-58 7.24932e-59 1.01421e-57
0.879167 -9.8966e-58 3.83809e-58 5.41826e-57
0.883333 -5.24771e-57 2.00541e-57 2.85674e-56
0.8875 -2.74642e-56 1.03419e-56 1.48662e-55
0.891667 -1.4188e-55 5.26444e-56 7.6364e-55
0.895833 -7.23549e-55 2.64541e-55 3.87236e-54
0.9 -3.64291e-54 1.31239e-54 1.93865e-53
0.904167 -1.81092e-53 6.42838e-54 9.58294e-53
0.908333 -8.88911e-53 3.10917e-53 4.67745e-52
0.9125 -4.30886e-52 1.48501e-52 2.2546e-51
0.916667 -2.06276e-51 7.00473e-52 1.07328e-50
0.920833 -9.75328e-51 3.26337e-51 5.04635e-50
0.925 -4.55517e-50 1.50173e-50 2.34367e-49
0.929167 -2.10157e-49 6.82648e-50 1.07524e-48
0.933333 -9.57864e-49 3.06563e-49 4.87342e-48
0.9375 -4.31336e-48 1.36016e-48 2.18232e-47
0.941667 -1.91917e-47 5.96272e-48 9.65589e-47
0.945833 -8.43777e-47 2.58293e-47 4.22168e-46
0.95 -3.66598e-46 1.10567e-46 1.82401e-45
0.954167 -1.5741e-45 4.67748e-46 7.78848e-45
0.958333 -6.68011e-45 1.95571e-45 3.28692e-44
0.9625 -2.80204e-44 8.08229e-45 1.37109e-43
0.966667 -1.1618e-43 3.30163e-44 5.65344e-43
0.970833 -4.762e-43 1.33326e-43 2.3044e-42
0.975 -1.92961e-42 5.32258e-43 9.28601e-42
0.979167 -7.73042e-42 2.10077e-42 3.69959e-41
0.983333 -3.06207e-41 8.19803e-42 1.45734e-40
0.9875 -1.19932e-40 3.16331e-41 5.67639e-40
0.991667 -4.64499e-40 1.20699e-40 2.18634e-39
0.995833 -1.77907e-39 4.55424e-40 8.3276e-39
1 -6.7388e-39 1.69945e-39 3.13694e-38
1.00417 -2.52453e-38 6.27192e-39 1.16869e-37
1.00833 -9.35422e-38 2.28939e-38 4.30647e-37
1.0125 -3.42838e-37 8.26583e-38 1.56964e-36
1.01667 -1.24294e-36 2.95206e-37 5.65918e-36
1.02083 -4.45766e-36 1.04294e-36 2.0184e-35
1.025 -1.58157e-35 3.64508e-36 7.12167e-35
1.02917 -5.5515e-35 1.26036e-35 2.48599e-34
1.03333 -1.92796e-34 4.31159e-35 8.58576e-34
1.0375 -6.62475e-34 1.45935e-34 2.93388e-33
1.04167 -2.2524e-33 4.8874e-34 9.91995e-33
1.04583 -7.57786e-33 1.61962e-33 3.31894e-32
1.05 -2.52285e-32 5.31112e-33 1.09883e-31
1.05417 -8.31183e-32 1.72351e-32 3.60017e-31
1.05833 -2.71009e-31 5.53492e-32 1.16733e-30
1.0625 -8.74515e-31 1.75914e-31 3.74592e-30
1.06667 -2.79297e-30 5.53342e-31 1.1897e-29
1.07083 -8.82872e-30 1.7227e-30 3.73977e-29
1.075 -2.76234e-29 5.30843e-30 1.16359e-28
1.07917 -8.555e-29 1.61911e-29 3.58354e-28
1.08333 -2.62266e-28 4.88825e-29 1.09245e-27
1.0875 -7.95902e-28 1.46088e-28 3.29674e-27
1.09167 -2.39103e-27 4.32189e-28 9.84853e-27
1.09583 -7.11104e-27 1.26574e-27 2.91258e-26
1.1 -2.09371e-26 3.66975e-27 8.52737e-26
1.10417 -6.1031e-26 1.05333e-26 2.47171e-25
1.10833 -1.76135e-25 2.99325e-26 7.09313e-25
1.1125 -5.03286e-25 8.42131e-26 2.01534e-24
1.11667 -1.42386e-24 2.34578e-25 5.6694e-24
1.12083 -3.98859e-24 6.46958e-25 1.57913e-23
1.125 -1.10631e-23 1.76667e-24 4.35513e-23
1.12917 -3.03845e-23 4.77679e-24 1.18931e-22
1.13333 -8.2633e-23 1.27887e-23 3.21597e-22
1.1375 -2.22532e-22 3.39026e-23 8.61108e-22
1.14167 -5.93436e-22 8.89952e-23 2.28319e-21
1.14583 -1.56715e-21 2.3133e-22 5.99476e-21
1.15 -4.09831e-21 5.95441e-22 1.55868e-20
1.15417 -1.06137e-20 1.51772e-21 4.01329e-20
1.15833 -2.72211e-20 3.83084e-21 1.02332e-19
1.1625 -6.91392e-20 9.57534e-21 2.58401e-19
1.16667 -1.73911e-19 2.37015e-20 6.46184e-19
1.17083 -4.33234e-19 5.80981e-20 1.60029e-18
1.175 -1.06884e-18 1.41032e-19 3.92491e-18
1.17917 -2.61157e-18 3.39035e-19 9.53346e-18
1.18333 -6.31966e-18 8.07131e-19 2.29332e-17
1.1875 -1.51458e-17 1.90291e-18 5.46353e-17
1.19167 -3.59497e-17 4.44292e-18 1.28908e-16
1.19583 -8.45101e-17 1.02729e-17 3.0122e-16
1.2 -1.96758e-16 2.35232e-17 6.97088e-16
1.20417 -4.53697e-16 5.33422e-17 1.59768e-15
1.20833 -1.03612e-15 1.19789e-16 3.62652e-15
1.2125 -2.34348e-15 2.664e-16 8.15244e-15
1.21667 -5.24953e-15 5.86699e-16 1.81501e-14
1.22083 -1.16462e-14 1.27955e-15 4.00186e-14
1.225 -2.55888e-14 2.76349e-15 8.73841e-14
1.22917 -5.56818e-14 5.91029e-15 1.88967e-13
1.23333 -1.19997e-13 1.25171e-14 4.04688e-13
1.2375 -2.56103e-13 2.62501e-14 8.58273e-13
1.24167 -5.41305e-13 5.45115e-14 1.80259e-12
1.24583 -1.13303e-12 1.12089e-13 3.7491e-12
1.25 -2.34861e-12 2.28215e-13 7.72158e-12
1.25417 -4.82101e-12 4.60067e-13 1.5748e-11
1.25833 -9.79971e-12 9.18291e-13 3.18036e-11
1.2625 -1.97254e-11 1.81471e-12 6.35982e-11
1.26667 -3.93157e-11 3.5505e-12 1.25927e-10
1.27083 -7.75923e-11 6.87715e-12 2.46881e-10
1.275 -1.51625e-10 1.3187e-11 4.79218e-10
1.27917 -2.93366e-10 2.50314e-11 9.20963e-10
1.28333 -5.61976e-10 4.70331e-11 1.75225e-09
1.2875 -1.06581e-09 8.74743e-11 3.30049e-09
1.29167 -2.00111e-09 1.61024e-10 6.15416e-09
1.29583 -3.71945e-09 2.93366e-10 1.13592e-08
1.3 -6.84349e-09 5.28944e-10 2.07534e-08
1.30417 -1.24637e-08 9.43762e-10 3.75293e-08
1.30833 -2.24679e-08 1.66623e-09 6.7169e-08
1.3125 -4.00863e-08 2.9107e-09 1.18975e-07
1.31667 -7.07819e-08 5.03048e-09 2.08545e-07
1.32083 -1.23683e-07 8.60072e-09 3.61719e-07
1.325 -2.1386e-07 1.45456e-08 6.2078e-07
1.32917 -3.65887e-07 2.43309e-08 1.05405e-06
1.33333 -6.19334e-07 4.02498e-08 1.77056e-06
1.3375 -1.03711e-06 6.58414e-08 2.94197e-06
1.34167 -1.71795e-06 1.0649e-07 4.8351e-06
1.34583 -2.81471e-06 1.7027e-07 7.85897e-06
1.35 -4.56091e-06 2.69104e-07 1.26319e-05
1.35417 -7.30823e-06 4.20328e-07 2.00754e-05
1.35833 -1.15788e-05 6.48737e-07 3.15426e-05
1.3625 -1.81364e-05 9.89194e-07 4.89898e-05
1.36667 -2.8081e-05 1.48984e-06 7.52015e-05
1.37083 -4.29718e-05 2.21592e-06 0.000114076
1.375 -6.49824e-05 3.25399e-06 0.000170974
1.37917 -9.709e-05 4.71648e-06 0.000253138
1.38333 -0.000143298 6.74583e-06 0.000370164
1.3875 -0.000208884 9.51775e-06 0.000534497
1.39167 -0.000300662 1.32423e-05 0.000761926
1.39583 -0.000427227 1.81618e-05 0.00107198
1.4 -0.000599152 2.45432e-05 0.00148818
1.40417 -0.000829078 3.26643e-05 0.00203793
1.40833 -0.00113163 4.27903e-05 0.002752
1.4125 -0.00152309 5.51412e-05 0.00366336
1.41667 -0.00202069 6.98475e-05 0.00480526
1.42083 -0.00264156 8.68965e-05 0.00620832
1.425 -0.00340107 0.000106071 0.00789668
1.42917 -0.0043108 0.000126884 0.0098832
1.43333 -0.00537591 0.000148525 0.0121639
1.4375 -0.00659223 0.000169811 0.0147122
1.44167 -0.00794326 0.000189183 0.0174733
1.44583 -0.0093974 0.000204729 0.0203598
1.45 -0.0109059 0.000214273 0.0232498
1.45417 -0.0124019 0.000215525 0.0259881
1.45833 -0.0138019 0.000206289 0.0283912
1.4625 -0.0150085 0.000184738 0.0302585
1.46667 -0.0159166 0.000149702 0.0313871
1.47083 -0.016422 0.000100969 0.0315915
1.475 -0.0164312 3.95205e-05 0.030726
1.47917 -0.0158739 -3.23391e-05 0.028707
1.48333 -0.0147134 -0.000111008 0.0255312
1.4875 -0.0129562 -0.000191819 0.0212877
1.49167 -0.0106569 -0.000269475 0.0161583
1.49583 -0.00791724 -0.000338684 0.0104048
1.5 -0.00487809 -0.000394913 0.00434181
1.50417 -0.0017044 -0.00043516 -0.00170209
1.50833 0.00143617 -0.000458608 -0.0074323
1.5125 0.00439796 -0.000467009 -0.0126364
1.51667 0.00708189 -0.000464672 -0.0172245
1.52083 0.00945493 -0.000457973 -0.0212533
1.525 0.0115601 -0.000454393 -0.0249244
1.52917 0.0135133 -0.000461173 -0.0285547
1.53333 0.0154849 -0.000483798 -0.0325185
1.5375 0.0176678 -0.000524557 -0.0371685
1.54167 0.0202355 -0.000581491 -0.0427475
1.54583 0.0232962 -0.000647992 -0.049307
1.55 0.026853 -0.000713201 -0.0566487
1.55417 0.0307766 -0.000763246 -0.064304
1.55833 0.0347991 -0.00078316 -0.0715579
1.5625 0.0385303 -0.00075918 -0.0775187
1.56667 0.0414976 -0.000681026 -0.0812225
1.57083 0.0432028 -0.000543761 -0.0817582
1.575 0.0431866 -0.000348895 -0.0783919
1.57917 0.0410922 -0.000104565 -0.0706716
1.58333 0.0367162 0.000175197 -0.0584966
1.5875 0.0300413 0.000471906 -0.0421471
1.59167 0.0212472 0.000764486 -0.0222726
1.59583 0.0107019 0.00103124 0.000152128
1.6 -0.00106398 0.00125167 0.0238934
1.60417 -0.0133933 0.00140812 0.0475395
1.60833 -0.0255452 0.0014871 0.0695902
1.6125 -0.0367429 0.00148053 0.0885571
1.61667 -0.0462262 0.00138687 0.103073
1.62083 -0.0533091 0.00121192 0.11201
1.625 -0.0574415 0.000969258 0.114601
1.62917 -0.0582693 0.000679754 0.110537
1.63333 -0.0556829 0.00036994 0.100034
1.6375 -0.049844 6.9171e-05 0.0838248
1.64167 -0.0411769 -0.000194202 0.0630859
1.64583 -0.0303207 -0.000396932 0.0392846
1.65 -0.0180477 -0.000524337 0.0139846
1.65417 -0.00516035 -0.000572178 -0.0113522
1.65833 0.00760769 -0.000546348 -0.035519
1.6625 0.0196642 -0.000460373 -0.0576345
1.66667 0.0305863 -0.000331399 -0.0771202
1.67083 0.0401014 -0.000175886 -0.0936003
1.675 0.0480314 -6.36957e-06 -0.106775
1.67917 0.0542281 0.000169687 -0.116318
1.68333 0.058527 0.000348664 -0.121859
1.6875 0.0607433 0.000527814 -0.123045
1.69167 0.0607143 0.00070187 -0.119691
1.69583 0.058375 0.000860807 -0.11193
1.7 0.0538355 0.000989918 -0.100317
1.70417 0.0474245 0.00107247 -0.0858231
1.70833 0.0396742 0.00109415 -0.0696965
1.7125 0.03124 0.00104762 -0.053228
1.71667 0.0227752 0.000935532 -0.0374861
1.72083 0.0147966 0.000770499 -0.0231037
1.725 0.00758472 0.000572019 -0.010184
1.72917 0.00114803 0.00036124 0.00165073
1.73333 -0.00474006 0.000155389 0.0130936
1.7375 -0.0104485 -3.61794e-05 0.0249321
1.74167 -0.0163742 -0.000213049 0.0378458
1.74583 -0.0228427 -0.000381744 0.0522743
1.75 -0.0300485 -0.000551643 0.068373
1.75417 -0.03804 -0.000730455 0.0860308
1.75833 -0.0467336 -0.000920876 0.104907
1.7625 -0.0559335 -0.00111939 0.124444
1.76667 -0.0653379 -0.00131721 0.143843
1.77083 -0.0745251 -0.00150256 0.162016
1.775 -0.0829306 -0.00166301 0.177563
1.77917 -0.0898384 -0.00178714 0.188808
1.78333 -0.0944075 -0.00186483 0.193932
1.7875 -0.0957454 -0.00188683 0.191195
1.79167 -0.0930238 -0.00184402 0.179204
1.79583 -0.0856178 -0.0017274 0.157193
1.8 -0.0732416 -0.00152904 0.125254
1.80417 -0.0560535 -0.00124416 0.0844624
1.80833 -0.0347101 -0.000873856 0.036891
1.8125 -0.0103546 -0.000427815 -0.0145185
1.81667 0.0154608 7.37834e-05 -0.0662119
1.82083 0.0409176 0.000599954 -0.114382
1.825 0.0641196 0.00111073 -0.155387
1.82917 0.0833034 0.00156138 -0.186157
1.83333 0.097038 0.00190848 -0.20453
1.8375 0.104377 0.00211701 -0.209448
1.84167 0.104945 0.00216661 -0.201012
1.84583 0.0989412 0.00205546 -0.180393
1.85 0.0870846 0.0018006 -0.149669
1.85417 0.0705181 0.00143456 -0.111602
1.85833 0.0506965 0.000999261 -0.0694266
1.8625 0.029272 0.000539267 -0.0266026
1.86667 0.00797461 9.59488e-05 0.0134487
1.87083 -0.0115241 -0.000296203 0.0476581
1.875 -0.027765 -0.000611245 0.0736334
1.87917 -0.0396579 -0.000832286 0.0899362
1.88333 -0.0466089 -0.0009518 0.0962308
1.8875 -0.048578 -0.000972053 0.0932554
1.89167 -0.0460468 -0.000905098 0.0826178
1.89583 -0.0399024 -0.000771361 0.0664813
1.9 -0.0312736 -0.000596295 0.0472328
1.90417 -0.0213658 -0.000405599 0.027206
1.90833 -0.0113295 -0.000220626 0.00848501
1.9125 -0.00216858 -5.57559e-05 -0.0072395
1.91667 0.00532556 8.1315e-05 -0.0188005
1.92083 0.0106358 0.000187023 -0.0256784
1.925 0.0135761 0.000259044 -0.0280731
1.92917 0.0143183 0.000295122 -0.0268522
1.93333 0.0133531 0.000294421 -0.023327
1.9375 0.011365 0.000260346 -0.0188889
1.94167 0.00904436 0.000202462 -0.0146258
1.94583 0.00690002 0.00013542 -0.0110706
1.95 0.00514967 7.45792e-05 -0.00819005
1.95417 0.00373463 3.02656e-05 -0.00560681
1.95833 0.00244613 3.86832e-06 -0.00292868
1.9625 0.00109368 -1.17389e-05 -1.16716e-05
1.96667 -0.000372717 -2.7361e-05 0.00296938
1.97083 -0.00184297 -5.0773e-05 0.00564816
1.975 -0.00312361 -8.19083e-05 0.00768187
1.97917 -0.00404878 -0.000112674 0.00890449
1.98333 -0.00455064 -0.000131421 0.00932887
1.9875 -0.00465021 -0.000129407 0.00902326
1.99167 -0.00438915 -0.000105605 0.00797837
1.99583 -0.00376478 -6.74759e-05 0.00608383
2 -0.00272552 -2.79161e-05 0.00324771
2.00417 -0.00123729 -7.92053e-07 -0.000418569
2.00833 0.000624212 2.2242e-06 -0.00448492
2.0125 0.00262403 -2.76832e-05 -0.00825264
2.01667 0.00440418 -9.73528e-05 -0.010958
2.02083 0.00559256 -0.000212003 -0.0120176
2.025 0.00592407 -0.000373754 -0.0111844
2.02917 0.00530964 -0.000578928 -0.0085535
2.03333 0.00382896 -0.000816277 -0.00446563
2.0375 0.00167641 -0.00106805 0.000586469
2.04167 -0.000884936 -0.00131387 0.00597416
2.04583 -0.00352868 -0.00153511 0.0108973
2.05 -0.005848 -0.00171678 0.0144041
2.05417 -0.00737248 -0.00184552 0.0155651
2.05833 -0.00766428 -0.00190519 0.0137933
2.0625 -0.00648169 -0.00187386 0.00917153
2.06667 -0.00393345 -0.00172584 0.0025864
2.07083 -0.000525266 -0.00143942 -0.00445436
2.075 0.00295544 -0.00100736 -0.0102809
2.07917 0.00568348 -0.000445178 -0.0135969
2.08333 0.00706111 0.000207023 -0.0138505
2.0875 0.00688491 0.000889956 -0.011297
2.09167 0.0053523 0.00153529 -0.00678337
2.09583 0.0029344 0.0020764 -0.00141462
2.1 0.000202181 0.00245691 0.00372583
2.10417 -0.00230895 0.00263677 0.00772535
2.10833 -0.00416513 0.00259712 0.00990401
2.1125 -0.00505844 0.00234523 0.00987922
2.11667 -0.0048365 0.001918 0.00767173
2.12083 -0.00355299 0.00138125 0.00379483
2.125 -0.00150553 0.000821598 -0.000783024
2.12917 0.000794373 0.000331242 -0.00486645
2.13333 0.00274685 -1.0928e-05 -0.00740035
2.1375 0.00385164 -0.00015548 -0.00782296
2.14167 0.00387759 -9.02617e-05 -0.00624037
2.14583 0.00293338 0.000162475 -0.00334667
2.15 0.00140859 0.000557733 -0.000141806
2.15417 -0.000180639 0.00104312 0.00241678
2.15833 -0.00136876 0.00157208 0.00369292
2.1625 -0.00187336 0.0021107 0.00350905
2.16667 -0.00165103 0.00263649 0.00213925
2.17083 -0.000879877 0.00313069 0.000188611
2.175 0.00011248 0.00356763 -0.00160759
2.17917 0.000956375 0.00390658 -0.00262712
2.18333 0.00136212 0.00409089 -0.00258265
2.1875 0.00122366 0.00405702 -0.00163315
2.19167 0.000660366 0.00375218 -0.000312907
2.19583 -3.42235e-05 0.0031542 0.000715977
2.2 -0.000526968 0.00228493 0.000979573
2.20417 -0.000603288 0.00120968 0.000414771
2.20833 -0.000267429 2.06732e-05 -0.000619549
2.2125 0.000268841 -0.00118981 -0.00153922
2.21667 0.000698879 -0.00235504 -0.0018176
2.22083 0.000767882 -0.00344632 -0.00120019
2.225 0.00037556 -0.00446568 0.000233864
2.22917 -0.000403628 -0.00542152 0.00213899
2.23333 -0.00136523 -0.00629827 0.00401462
2.2375 -0.00223927 -0.007035 0.00530365
2.24167 -0.00274568 -0.00752474 0.00549293
2.24583 -0.00264836 -0.00763761 0.00426254
2.25 -0.00182937 -0.00726071 0.00167768
2.25417 -0.000376604 -0.00633989 -0.00167937
2.25833 0.00136736 -0.00490738 -0.00478025
2.2625 0.00286214 -0.00308464 -0.00648592
2.26667 0.00355251 -0.00105994 -0.00603716
2.27083 0.00311288 0.000949861 -0.00345293
2.275 0.00162694 0.00273898 0.000401331
2.27917 -0.00040853 0.00414188 0.004142
2.28333 -0.00227401 0.00504783 0.00643429
2.2875 -0.00331995 0.00540494 0.00651294
2.29167 -0.00321605 0.00522077 0.00442103
2.29583 -0.00204669 0.00456285 0.000908271
2.3 -0.000236002 0.00355518 -0.002896
2.30417 0.00163022 0.00236322 -0.00585761
2.30833 0.00299451 0.00116401 -0.00713718
2.3125 0.00347163 0.000108581 -0.00638032
2.31667 0.00293357 -0.00070738 -0.00380453
2.32083 0.00154058 -0.00124981 -0.000166988
2.325 -0.000289348 -0.00152764 0.00342266
2.32917 -0.00198822 -0.00156379 0.0058399
2.33333 -0.00301522 -0.00137802 0.00633482
2.3375 -0.00304756 -0.000994213 0.00480621
2.34167 -0.0020999 -0.000464311 0.00182411
2.34583 -0.000510548 0.000116383 -0.0016077
2.35 0.00119813 0.000624974 -0.00442245
2.35417 0.00251128 0.000957396 -0.00582077
2.35833 0.00307674 0.00107724 -0.00545333
2.3625 0.00277715 0.00102952 -0.00345618
2.36667 0.00173 0.00090271 -0.0003951
2.37083 0.000251078 0.000761742 0.00285135
2.375 -0.00120464 0.000601853 0.00529133
2.37917 -0.00214056 0.000364114 0.0061136
2.38333 -0.00216469 7.87427e-06 0.00500252
2.3875 -0.00114677 -0.000413916 0.00231666
2.39167 0.000697823 -0.000743325 -0.00100757
2.39583 0.00286995 -0.000795883 -0.00382187
2.4 0.0047886 -0.00048519 -0.00522255
2.40417 0.00603324 9.53104e-05 -0.00485523
2.40833 0.0064952 0.000702882 -0.00293158
2.4125 0.00636687 0.00108043 -1.69641e-05
2.41667 0.00600564 0.00110796 0.00322607
2.42083 0.00577933 0.000863829 0.00619074
2.425 0.00597958 0.000552162 0.00837703
2.42917 0.00680525 0.000352366 0.00945154
2.43333 0.00835246 0.000305787 0.00938839
2.4375 0.0105622 0.000322326 0.00861542
2.44167 0.0131544 0.000290522 0.00798941
2.44583 0.0156365 0.000189108 0.00849396
2.45 0.0174476 9.98446e-05 0.0107635
2.45417 0.0181935 0.000111556 0.0147124
2.45833 0.0178331 0.000206893 0.0195213
2.4625 0.0166845 0.000245178 0.0240065
2.46667 0.0152331 7.19089e-05 0.027137
2.47083 0.013863 -0.000332821 0.0283831
2.475 0.0126804 -0.000802027 0.027738
2.47917 0.0115209 -0.00108746 0.0255059
2.48333 0.0100934 -0.00104853 0.0220885
2.4875 0.00812866 -0.00076959 0.0179221
2.49167 0.00543782 -0.000502694 0.0135094
2.49583 0.00189365 -0.000477817 0.0093784
2.5 -0.00257363 -0.000735567 0.00587718
2.50417 -0.00790532 -0.00111747 0.00292535
2.50833 -0.0138126 -0.00141253 -3.82004e-05
2.5125 -0.0197632 -0.001527 -0.00377374
2.51667 -0.0251339 -0.00153329 -0.00875328
2.52083 -0.0294721 -0.00157017 -0.0147972
2.525 -0.0326998 -0.00169823 -0.0211123
2.52917 -0.0351078 -0.00184413 -0.0267236
2.53333 -0.0371404 -0.00187226 -0.0309998
2.5375 -0.0391221 -0.00170308 -0.0339131
2.54167 -0.0411182 -0.0013651 -0.0358993
2.54583 -0.0429961 -0.000945694 -0.0374947
2.55 -0.044592 -0.000506229 -0.0390642
2.55417 -0.0458112 -4.94247e-05 -0.0407943
2.55833 -0.0465801 0.000442094 -0.0428439
2.5625 -0.0467201 0.00095386 -0.0454015
2.56667 -0.0458948 0.00143487 -0.048509
2.57083 -0.0437078 0.00183521 -0.05178
2.575 -0.0398753 0.00213059 -0.0542942
2.57917 -0.0343219 0.00230287 -0.0548301
2.58333 -0.0271183 0.00231201 -0.0523148
2.5875 -0.0183387 0.0021145 -0.0461778
2.59167 -0.00799523 0.0017244 -0.0363893
2.59583 0.00386405 0.00124307 -0.0232518
2.6 0.016975 0.000798883 -0.00721884
2.60417 0.0307621 0.000438601 0.0110541
2.60833 0.0444216 8.76467e-05 0.030504
2.6125 0.0571114 -0.000355911 0.0495802
2.61667 0.0680842 -0.000873228 0.0664843
2.62083 0.076677 -0.00128311 0.0796333
2.625 0.0822321 -0.00137714 0.0880213
2.62917 0.0841044 -0.00111565 0.0912379
2.63333 0.0818265 -0.000685101 0.0892
2.6375 0.0753345 -0.00034368 0.0818959
2.64167 0.0650799 -0.000198978 0.0693936
2.64583 0.0519351 -0.000138655 0.0520902
2.65 0.0369613 2.05262e-05 0.0309539
2.65417 0.0211909 0.000327515 0.00752678
2.65833 0.00552093 0.000650842 -0.0163298
2.6625 -0.00929828 0.000827064 -0.0387747
2.66667 -0.022653 0.000827987 -0.058239
2.67083 -0.0340717 0.000763994 -0.073545
2.675 -0.0432318 0.000739217 -0.0839486
2.67917 -0.0499473 0.000741495 -0.0891528
2.68333 -0.0541543 0.000691281 -0.0892954
2.6875 -0.0559122 0.000567789 -0.0848978
2.69167 -0.0554062 0.000436462 -0.0767912
2.69583 -0.0529149 0.000338947 -0.0660317
2.7 -0.0487469 0.000200977 -0.053772
2.70417 -0.0432069 -9.2778e-05 -0.0410677
2.70833 -0.0366347 -0.000525413 -0.0286803
2.7125 -0.0294643 -0.00090147 -0.0170211
2.71667 -0.0221924 -0.00102652 -0.006304
2.72083 -0.0152237 -0.000927959 0.00322634
2.725 -0.00871523 -0.000843803 0.0112406
2.72917 -0.0025931 -0.000958007 0.0175359
2.73333 0.00323605 -0.0011755 0.0222978
2.7375 0.00867483 -0.00121578 0.0260797
2.74167 0.0134491 -0.000940308 0.0294314
2.74583 0.0173481 -0.000535052 0.0325073
2.75 0.0204432 -0.000316606 0.0350706
2.75417 0.023049 -0.000371864 0.0369328
2.75833 0.0254638 -0.000454295 0.0384027
2.7625 0.02777 -0.000269478 0.0402836
2.76667 0.0298996 0.000180033 0.0434129
2.77083 0.0318611 0.000596573 0.0481987
2.775 0.0338347 0.00072871 0.0545509
2.77917 0.0359968 0.000639467 0.0621296
2.78333 0.0382516 0.000588425 0.0704876
2.7875 0.0401587 0.00069516 0.0788859
2.79167 0.0411258 0.00081307 0.0860419
2.79583 0.0406557 0.00075992 0.0902468
2.8 0.0384203 0.000589482 0.0899189
2.80417 0.0341803 0.000541471 0.0841892
2.80833 0.0277534 0.000734207 0.0730742
2.8125 0.0191412 0.00100721 0.0572146
2.81667 0.00869054 0.00112604 0.0375328
2.82083 -0.00290088 0.00108112 0.0150947
2.825 -0.0147539 0.00108329 -0.00888062
2.82917 -0.0259952 0.00126208 -0.0330728
2.83333 -0.0358463 0.0014768 -0.056198
2.8375 -0.0436596 0.00150668 -0.0770723
2.84167 -0.0489898 0.00137179 -0.0945341
2.84583 -0.0516577 0.00134083 -0.107395
2.85 -0.0516846 0.00158826 -0.11459
2.85417 -0.0491091 0.00194309 -0.115447
2.85833 -0.0438879 0.0020732 -0.109799
2.8625 -0.0360367 0.00188062 -0.0978989
2.86667 -0.0258954 0.00159685 -0.0803475
2.87083 -0.014233 0.00145894 -0.0582264
2.875 -0.00208049 0.00140062 -0.0332718
2.87917 0.00951778 0.00116489 -0.00773434
2.88333 0.0196022 0.000670382 0.0161216
2.8875 0.0272816 0.000125015 0.0364984
2.89167 0.0318331 -0.000258962 0.0521659
2.89583 0.0329739 -0.000539666 0.0622961
2.9 0.0310427 -0.000926922 0.0664437
2.90417 0.0268293 -0.00145586 0.0647898
2.90833 0.021165 -0.00193554 0.0582823
2.9125 0.0146634 -0.00224564 0.0483275
2.91667 0.00779857 -0.00252588 0.0362456
2.92083 0.00108495 -0.00294625 0.0230375
2.925 -0.00495315 -0.00338578 0.00963069
2.92917 -0.00997108 -0.00353954 -0.00285179
2.93333 -0.0138295 -0.00336692 -0.013262
2.9375 -0.0163646 -0.00323112 -0.0208591
2.94167 -0.0172355 -0.00344265 -0.025429
2.94583 -0.0161527 -0.00379171 -0.026952
2.95 -0.0132827 -0.00377736 -0.0253565
2.95417 -0.0093126 -0.00330917 -0.0208229
2.95833 -0.00503913 -0.00291121 -0.0142932
2.9625 -0.000950478 -0.00304277 -0.0074099
2.96667 0.0027264 -0.00339543 -0.00173938
2.97083 0.00568362 -0.00319103 0.00195281
2.975 0.00747921 -0.00220019 0.00365068
2.97917 0.00793219 -0.00112656 0.00353718
2.98333 0.00742239 -0.000736482 0.00181618
2.9875 0.00658487 -0.000817171 -0.000870683
2.99167 0.00569175 -0.000400672 -0.00321021
2.99583 0.00450175 0.000941764 -0.00383905
