0 0 0 0
0.00416667 0 0 0
0.00833333 0 0 0
0.0125 0 0 0
0.0166667 0 0 0
0.0208333 0 0 0
0.025 0 0 0
0.0291667 0 0 0
0.0333333 0 0 0
0.0375 0 0 0
0.0416667 0 0 0
0.0458333 0 0 0
0.05 0 0 0
0.0541667 0 0 0
0.0583333 0 0 0
0.0625 0 0 0
0.0666667 0 0 0
0.0708333 0 0 0
0.075 0 0 0
0.0791667 0 0 0
0.0833333 0 0 0
0.0875 0 0 0
0.0916667 0 0 0
0.0958333 0 0 0
0.1 0 0 0
0.104167 0 0 0
0.108333 0 0 0
0.1125 0 0 0
0.116667 0 0 0
0.120833 0 0 0
0.125 0 0 0
0.129167 0 0 0
0.133333 0 0 0
0.1375 0 0 0
0.141667 0 0 0
0.145833 0 0 0
0.15 0 0 0
0.154167 0 0 0
0.158333 0 0 0
0.1625 0 0 0
0.166667 0 0 0
0.170833 0 0 0
0.175 0 0 0
0.179167 0 0 0
0.183333 0 0 0
0.1875 0 0 0
0.191667 -2.94463e-321 4.49254e-320 6.03748e-320
0.195833 -1.03784e-316 1.48628e-315 1.99843e-315
0.2 -2.78814e-312 3.90721e-311 5.25317e-311
0.204167 -6.01419e-308 8.25099e-307 1.10924e-306
0.208333 -1.0509e-303 1.41206e-302 1.89819e-302
0.2125 -1.49996e-299 1.97473e-298 2.65437e-298
0.216667 -1.7625e-295 2.27439e-294 3.05694e-294
0.220833 -1.71756e-291 2.17329e-290 2.92085e-290
0.225 -1.3978e-287 1.73491e-286 2.33152e-286
0.229167 -9.56269e-284 1.16464e-282 1.56504e-282
0.233333 -5.53368e-280 6.6153e-279 8.88903e-279
0.2375 -2.72456e-276 3.19812e-275 4.29707e-275
0.241667 -1.14774e-272 1.32324e-271 1.77783e-271
0.245833 -4.15855e-269 4.71049e-268 6.32837e-268
0.25 -1.30248e-265 1.44993e-264 1.94781e-264
0.254167 -3.54314e-262 3.87739e-261 5.20855e-261
0.258333 -8.40934e-259 9.04906e-258 1.21551e-257
0.2625 -1.74887e-255 1.85098e-254 2.48619e-254
0.266667 -3.20001e-252 3.33202e-251 4.47527e-251
0.270833 -5.17176e-249 5.29924e-248 7.11713e-248
0.275 -7.4103e-246 7.47362e-245 1.0037e-244
0.279167 -9.44679e-243 9.37991e-242 1.25966e-241
0.283333 -1.07512e-239 1.0512e-238 1.41163e-238
0.2875 -1.09588e-236 1.05536e-235 1.41716e-235
0.291667 -1.00356e-233 9.52094e-233 1.27845e-232
0.295833 -8.28121e-231 7.7413e-230 1.03945e-229
0.3 -6.17508e-228 5.68895e-227 7.63849e-227
0.304167 -4.17228e-225 3.78892e-224 5.08718e-224
0.308333 -2.56106e-222 2.29294e-221 3.07852e-221
0.3125 -1.43175e-219 1.264e-218 1.69702e-218
0.316667 -7.30733e-217 6.36247e-216 8.54189e-216
0.320833 -3.4127e-214 2.93105e-213 3.93497e-213
0.325 -1.46166e-211 1.23851e-210 1.66269e-210
0.329167 -5.75349e-209 4.81043e-208 6.45783e-208
0.333333 -2.08565e-206 1.72091e-205 2.31023e-205
0.3375 -6.97643e-204 5.68175e-203 7.62733e-203
0.341667 -2.15741e-201 1.7345e-200 2.32842e-200
0.345833 -6.17918e-199 4.90492e-198 6.58435e-198
0.35 -1.64209e-196 1.28711e-195 1.7278e-195
0.354167 -4.05571e-194 3.13951e-193 4.21442e-193
0.358333 -9.3251e-192 7.12987e-191 9.57099e-191
0.3625 -1.99914e-189 1.50994e-188 2.02691e-188
0.366667 -4.00218e-187 2.98648e-186 4.00899e-186
0.370833 -7.49303e-185 5.52481e-184 7.41642e-184
0.375 -1.31384e-182 9.57306e-182 1.28508e-181
0.379167 -2.16047e-180 1.55581e-179 2.08853e-179
0.383333 -3.33621e-178 2.37472e-177 3.18786e-177
0.3875 -4.84414e-176 3.40858e-175 4.57579e-175
0.391667 -6.62185e-174 4.60659e-173 6.18415e-173
0.395833 -8.53224e-172 5.86887e-171 7.87883e-171
0.4 -1.03747e-169 7.0567e-169 9.47365e-169
0.404167 -1.19181e-167 8.017e-167 1.07631e-166
0.408333 -1.29488e-165 8.61506e-165 1.15663e-164
0.4125 -1.33202e-163 8.76599e-163 1.17692e-162
0.416667 -1.29864e-161 8.45443e-161 1.13512e-160
0.420833 -1.20116e-159 7.73644e-159 1.03875e-158
0.425 -1.05504e-157 6.72342e-157 9.02765e-157
0.429167 -8.80831e-156 5.5544e-155 7.45824e-155
0.433333 -6.99638e-154 4.36593e-153 5.86262e-153
0.4375 -5.29168e-152 3.26807e-151 4.38858e-151
0.441667 -3.81439e-150 2.3316e-149 3.13115e-149
0.445833 -2.62259e-148 1.58681e-147 2.13105e-147
0.45 -1.72132e-146 1.03099e-145 1.38466e-145
0.454167 -1.07934e-144 6.40004e-144 8.59591e-144
0.458333 -6.47071e-143 3.79877e-142 5.10239e-142
0.4625 -3.71166e-141 2.15753e-140 2.89807e-140
0.466667 -2.03854e-139 1.17337e-138 1.57621e-138
0.470833 -1.07278e-137 6.11486e-137 8.21463e-137
0.475 -5.41303e-136 3.05566e-135 4.10517e-135
0.479167 -2.62058e-134 1.46514e-133 1.96848e-133
0.483333 -1.21804e-132 6.74511e-132 9.06296e-132
0.4875 -5.43885e-131 2.98339e-130 4.00884e-130
0.491667 -2.33454e-129 1.26855e-128 1.70469e-128
0.495833 -9.63839e-128 5.18845e-127 6.97279e-127
0.5 -3.82974e-126 2.04248e-125 2.74509e-125
0.504167 -1.46535e-124 7.74301e-124 1.04074e-123
0.508333 -5.4021e-123 2.82837e-122 3.80191e-122
0.5125 -1.91984e-121 9.96024e-121 1.33897e-120
0.516667 -6.58082e-120 3.38328e-119 4.54855e-119
0.520833 -2.17684e-118 1.10908e-117 1.4912e-117
0.525 -6.95224e-117 3.51044e-116 4.72031e-116
0.529167 -2.14479e-115 1.07336e-114 1.44342e-114
0.533333 -6.3946e-114 3.17189e-113 4.26584e-113
0.5375 -1.84337e-112 9.06326e-112 1.21902e-111
0.541667 -5.14016e-111 2.50517e-110 3.36981e-110
0.545833 -1.38708e-109 6.70148e-109 9.0153e-109
0.55 -3.62385e-108 1.73568e-107 2.33519e-107
0.554167 -9.16999e-107 4.35429e-106 5.85888e-106
0.558333 -2.24841e-105 1.0585e-104 1.42441e-104
0.5625 -5.34395e-104 2.49441e-103 3.35703e-103
0.566667 -1.23169e-102 5.7005e-102 7.6727e-102
0.570833 -2.75398e-101 1.26385e-100 1.70129e-100
0.575 -5.97585e-100 2.71942e-99 3.66108e-99
0.579167 -1.25886e-98 5.68087e-98 7.64886e-98
0.583333 -2.57544e-97 1.15256e-96 1.55202e-96
0.5875 -5.11883e-96 2.27184e-95 3.05958e-95
0.591667 -9.88745e-95 4.35212e-94 5.86191e-94
0.595833 -1.85668e-93 8.10549e-93 1.09187e-92
0.6 -3.39056e-92 1.4681e-91 1.97789e-91
0.604167 -6.02316e-91 2.58681e-90 3.48551e-90
0.608333 -1.0412e-89 4.4355e-89 5.97727e-89
0.6125 -1.75197e-88 7.40327e-88 9.97794e-88
0.616667 -2.87037e-87 1.20319e-86 1.62185e-86
0.620833 -4.58027e-86 1.90459e-85 2.56766e-85
0.625 -7.12051e-85 2.93731e-84 3.96046e-84
0.629167 -1.07875e-83 4.41466e-83 5.95327e-83
0.633333 -1.59306e-82 6.46792e-82 8.72339e-82
0.6375 -2.29387e-81 9.23988e-81 1.24638e-80
0.641667 -3.22136e-80 1.28741e-79 1.73686e-79
0.645833 -4.41322e-79 1.74994e-78 2.36122e-78
0.65 -5.89967e-78 2.32111e-77 3.13239e-77
0.654167 -7.69767e-77 3.00498e-76 4.05592e-76
0.658333 -9.80519e-76 3.79807e-75 5.12718e-75
0.6625 -1.2196e-74 4.68771e-74 6.32916e-74
0.666667 -1.48166e-73 5.65113e-73 7.63115e-73
0.670833 -1.75849e-72 6.65553e-72 8.98894e-72
0.675 -2.03934e-71 7.65947e-71 1.03466e-70
0.679167 -2.31148e-70 8.6154e-70 1.16398e-69
0.683333 -2.56115e-69 9.47337e-69 1.28011e-68
0.6875 -2.77466e-68 1.01853e-67 1.37655e-67
0.691667 -2.93972e-67 1.07096e-66 1.44766e-66
0.695833 -3.04653e-66 1.1015e-65 1.4892e-65
0.7 -3.08884e-65 1.10839e-64 1.49879e-64
0.704167 -3.06446e-64 1.09139e-63 1.47606e-63
0.708333 -2.97553e-63 1.05178e-62 1.42275e-62
0.7125 -2.82815e-62 9.92216e-62 1.34242e-61
0.716667 -2.63177e-61 9.16433e-61 1.24012e-60
0.720833 -2.39813e-60 8.28863e-60 1.12183e-59
0.725 -2.14019e-59 7.3422e-59 9.93922e-59
0.729167 -1.87093e-58 6.37091e-58 8.62602e-58
0.733333 -1.60236e-57 5.41602e-57 7.33453e-57
0.7375 -1.3447e-56 4.51158e-56 6.11091e-56
0.741667 -1.10593e-55 3.68312e-55 4.98974e-55
0.745833 -8.91506e-55 2.94718e-54 3.9935e-54
0.75 -7.04506e-54 2.31188e-53 3.13328e-53
0.754167 -5.45846e-53 1.77809e-52 2.41032e-52
0.758333 -4.14708e-52 1.34102e-51 1.8182e-51
0.7625 -3.09003e-51 9.91896e-51 1.34512e-50
0.766667 -2.25833e-50 7.19627e-50 9.76095e-50
0.770833 -1.61911e-49 5.12171e-49 6.94847e-49
0.775 -1.13889e-48 3.5764e-48 4.853e-48
0.779167 -7.86074e-48 2.45049e-47 3.32589e-47
0.783333 -5.32441e-47 1.64775e-46 2.23685e-46
0.7875 -3.53964e-46 1.08746e-45 1.47655e-45
0.791667 -2.30981e-45 7.04474e-45 9.5674e-45
0.795833 -1.4797e-44 4.48023e-44 6.08586e-44
0.8 -9.30681e-44 2.79747e-43 3.80085e-43
0.804167 -5.74781e-43 1.71518e-42 2.33086e-42
0.808333 -3.48599e-42 1.0327e-41 1.40371e-41
0.8125 -2.07643e-41 6.10674e-41 8.30242e-41
0.816667 -1.21483e-40 3.54694e-40 4.8233e-40
0.820833 -6.98184e-40 2.02373e-39 2.75256e-39
0.825 -3.942e-39 1.13435e-38 1.54321e-38
0.829167 -2.18674e-38 6.24702e-38 8.50053e-38
0.833333 -1.19193e-37 3.38044e-37 4.60089e-37
0.8375 -6.38437e-37 1.79756e-36 2.44708e-36
0.841667 -3.36072e-36 9.39384e-36 1.27909e-35
0.845833 -1.73872e-35 4.82485e-35 6.57108e-35
0.85 -8.84189e-35 2.4358e-34 3.3181e-34
0.854167 -4.4199e-34 1.20879e-33 1.64699e-33
0.858333 -2.17202e-33 5.89713e-33 8.03668e-33
0.8625 -1.04937e-32 2.82842e-32 3.85544e-32
0.866667 -4.98474e-32 1.3338e-31 1.8185e-31
0.870833 -2.32825e-31 6.18455e-31 8.43384e-31
0.875 -1.06935e-30 2.81984e-30 3.84623e-30
0.879167 -4.82988e-30 1.26435e-29 1.72493e-29
0.883333 -2.14541e-29 5.57522e-29 7.60776e-29
0.8875 -9.37266e-29 2.41786e-28 3.30003e-28
0.891667 -4.02734e-28 1.03133e-27 1.40791e-27
0.895833 -1.70216e-27 4.32701e-27 5.90818e-27
0.9 -7.07666e-27 1.78574e-26 2.43878e-26
0.904167 -2.89417e-26 7.24953e-26 9.90265e-26
0.908333 -1.16441e-25 2.89522e-25 3.95557e-25
0.9125 -4.60882e-25 1.1375e-24 1.5544e-24
0.916667 -1.79471e-24 4.39676e-24 6.00937e-24
0.920833 -6.87599e-24 1.67203e-23 2.28572e-23
0.925 -2.59195e-23 6.25601e-23 8.55375e-23
0.929167 -9.61349e-23 2.30307e-22 3.14952e-22
0.933333 -3.50841e-22 8.34224e-22 1.14103e-21
0.9375 -1.25987e-21 2.97327e-21 4.06747e-21
0.941667 -4.4518e-21 1.04273e-20 1.42671e-20
0.945833 -1.54792e-20 3.59836e-20 4.92422e-20
0.95 -5.2963e-20 1.2219e-19 1.67238e-19
0.954167 -1.78325e-19 4.08293e-19 5.58903e-19
0.958333 -5.90839e-19 1.34251e-18 1.83799e-18
0.9625 -1.92641e-18 4.3438e-18 5.94778e-18
0.966667 -6.18091e-18 1.38304e-17 1.89398e-17
0.970833 -1.95154e-17 4.33319e-17 5.93473e-17
0.975 -6.06352e-17 1.33595e-16 1.82991e-16
0.979167 -1.85391e-16 4.05298e-16 5.55212e-16
0.983333 -5.57783e-16 1.20992e-15 1.6576e-15
0.9875 -1.65138e-15 3.55409e-15 4.86954e-15
0.991667 -4.81091e-15 1.02726e-14 1.40757e-14
0.995833 -1.37909e-14 2.92149e-14 4.00331e-14
1 -3.88987e-14 8.17493e-14 1.12026e-13
1.00417 -1.07954e-13 2.25064e-13 3.08428e-13
1.00833 -2.94771e-13 6.09611e-13 8.35425e-13
1.0125 -7.91877e-13 1.62445e-12 2.22618e-12
1.01667 -2.09285e-12 4.25837e-12 5.83568e-12
1.02083 -5.44127e-12 1.0981e-11 1.50479e-11
1.025 -1.39162e-11 2.78532e-11 3.81668e-11
1.02917 -3.50084e-11 6.94886e-11 9.52123e-11
1.03333 -8.66209e-11 1.70501e-10 2.33596e-10
1.0375 -2.10785e-10 4.11414e-10 5.63595e-10
1.04167 -5.04415e-10 9.76189e-10 1.33709e-09
1.04583 -1.18694e-09 2.27745e-09 3.11892e-09
1.05 -2.74609e-09 5.22375e-09 7.15239e-09
1.05417 -6.24601e-09 1.17783e-08 1.61233e-08
1.05833 -1.3965e-08 2.61036e-08 3.5724e-08
1.0625 -3.06887e-08 5.68563e-08 7.77878e-08
1.06667 -6.62753e-08 1.2169e-07 1.66436e-07
1.07083 -1.40637e-07 2.55897e-07 3.49862e-07
1.075 -2.93192e-07 5.28614e-07 7.22423e-07
1.07917 -6.00393e-07 1.0725e-06 1.46505e-06
1.08333 -1.20745e-06 2.13677e-06 2.91737e-06
1.0875 -2.38433e-06 4.17956e-06 5.70324e-06
1.09167 -4.62202e-06 8.02449e-06 1.09431e-05
1.09583 -8.79355e-06 1.51187e-05 2.06035e-05
1.1 -1.64154e-05 2.79449e-05 3.80544e-05
1.10417 -3.0059e-05 5.06596e-05 6.89294e-05
1.10833 -5.39758e-05 9.00435e-05 0.000122406
1.1125 -9.50134e-05 0.000156865 0.000213031
1.11667 -0.000163898 0.000267746 0.000363214
1.12083 -0.000276943 0.000447568 0.000606422
1.125 -0.000458193 0.000732386 0.00099101
1.12917 -0.000741885 0.00117259 0.00158433
1.13333 -0.00117496 0.00183583 0.00247644
1.1375 -0.00181904 0.00280885 0.00378218
1.14167 -0.0027511 0.00419688 0.00563992
1.14583 -0.00406147 0.006119 0.00820459
1.15 -0.00584784 0.00869746 0.0116327
1.15417 -0.00820366 0.0120394 0.016057
1.15833 -0.0111999 0.0162098 0.0215497
1.1625 -0.0148599 0.0211971 0.0280763
1.16667 -0.0191292 0.026874 0.0354437
1.17083 -0.0238439 0.0329611 0.0432532
1.175 -0.0287048 0.0390016 0.0508714
1.17917 -0.0332661 0.0443616 0.0574341
1.18333 -0.0369484 0.0482655 0.0619011
1.1875 -0.0390857 0.0498753 0.0631687
1.19167 -0.039008 0.048414 0.060239
1.19583 -0.0361566 0.0433189 0.0524277
1.2 -0.0302141 0.0343996 0.0395704
1.20417 -0.0212247 0.0219619 0.022179
1.20833 -0.00966871 0.00685775 0.0014915
1.2125 0.00353745 -0.00957284 -0.0206244
1.21667 0.0171368 -0.0256771 -0.0419242
1.22083 0.0297182 -0.0397601 -0.0601588
1.225 0.0399617 -0.050395 -0.0734873
1.22917 0.0468847 -0.0566914 -0.0808206
1.23333 0.0500217 -0.0584443 -0.0819942
1.2375 0.0494814 -0.0561141 -0.0777117
1.24167 0.0458613 -0.0506412 -0.0692774
1.24583 0.0400482 -0.0431652 -0.0582186
1.25 0.0329825 -0.0347553 -0.0459463
1.25417 0.0254781 -0.0262643 -0.0335936
1.25833 0.0181725 -0.0183603 -0.022091
1.2625 0.0116185 -0.0117047 -0.0124134
1.26667 0.00645109 -0.00715648 -0.0058239
1.27083 0.00350852 -0.00584292 -0.00390464
1.275 0.00378726 -0.00898105 -0.00824369
1.27917 0.00818116 -0.0174553 -0.0198234
1.28333 0.017074 -0.0313036 -0.0383511
1.2875 0.0299628 -0.0493617 -0.0618791
1.29167 0.0453237 -0.0692952 -0.0869959
1.29583 0.0608537 -0.0880943 -0.109628
1.3 0.0740518 -0.102877 -0.126177
1.30417 0.082918 -0.111665 -0.134499
1.30833 0.0864535 -0.113763 -0.134247
1.3125 0.0847155 -0.109559 -0.126395
1.31667 0.0783944 -0.0998424 -0.112197
1.32083 0.0681459 -0.085045 -0.0921702
1.325 0.0540647 -0.06485 -0.0657252
1.32917 0.0356315 -0.0384492 -0.0317084
1.33333 0.012202 -0.00534301 0.0103967
1.3375 -0.016217 0.0337545 0.0593021
1.34167 -0.0483553 0.0764398 0.111491
1.34583 -0.0816098 0.118882 0.161834
1.35 -0.112592 0.156709 0.204941
1.35417 -0.138007 0.186054 0.236502
1.35833 -0.155396 0.204253 0.253963
1.3625 -0.163416 0.20994 0.25634
1.36667 -0.16163 0.202746 0.243596
1.37083 -0.150156 0.182999 0.216246
1.375 -0.129523 0.151772 0.175572
1.37917 -0.100887 0.111224 0.124233
1.38333 -0.066363 0.0648251 0.0666058
1.3875 -0.0290768 0.0170614 0.00830588
1.39167 0.00731577 -0.027447 -0.0450816
1.39583 0.0394792 -0.0649939 -0.089344
1.4 0.0651258 -0.0933874 -0.122214
1.40417 0.0831718 -0.111767 -0.142871
1.40833 0.0932896 -0.119898 -0.150923
1.4125 0.0953099 -0.117617 -0.145884
1.41667 0.0890694 -0.105016 -0.12776
1.42083 0.0749319 -0.0832844 -0.098395
1.425 0.0545882 -0.0554933 -0.0623653
1.42917 0.031368 -0.0264477 -0.0263294
1.43333 0.00953548 -0.0013308 0.00319523
1.4375 -0.0072187 0.0162045 0.0223932
1.44167 -0.017202 0.0253136 0.0313744
1.44583 -0.0211137 0.0277558 0.0332204
1.45 -0.0211395 0.0263627 0.0315532
1.45417 -0.0193953 0.0232656 0.0283691
1.45833 -0.0168159 0.0190806 0.0235891
1.4625 -0.013188 0.0134537 0.0163716
1.46667 -0.00810772 0.00630266 0.00686595
1.47083 -0.00194865 -0.00138145 -0.00313144
1.475 0.00398907 -0.00782742 -0.0110871
1.47917 0.00820813 -0.011536 -0.015291
1.48333 0.00992569 -0.0121332 -0.0156757
1.4875 0.00937834 -0.0103299 -0.0133082
1.49167 0.00735121 -0.00715826 -0.00924512
1.49583 0.00448827 -0.00329479 -0.00397279
1.5 0.00108364 0.000904842 0.00206608
1.50417 -0.00250943 0.00483321 0.00759421
1.50833 -0.00541597 0.00731212 0.0104937
1.5125 -0.00640585 0.00710399 0.00907906
1.51667 -0.0047486 0.00395875 0.0036755
1.52083 -0.0010373 -0.000778382 -0.00303966
1.525 0.00287781 -0.00473986 -0.00755046
1.52917 0.00499293 -0.00602075 -0.00783768
1.53333 0.00448892 -0.00443308 -0.00465799
1.5375 0.00221347 -0.00149704 -0.000711779
1.54167 -9.27399e-05 0.000816687 0.00155668
1.54583 -0.00115674 0.0015265 0.00164534
1.55 -0.000976123 0.00109086 0.000843141
1.55417 -0.00046912 0.000624993 0.000620541
1.55833 -0.000423307 0.000722276 0.00118154
1.5625 -0.000765043 0.00097732 0.00146876
1.56667 -0.000773028 0.000561251 0.000436795
1.57083 7.0765e-05 -0.000796364 -0.00174589
1.575 0.00145927 -0.00238267 -0.00369856
1.57917 0.0024418 -0.00301436 -0.00394399
1.58333 0.00220001 -0.00200609 -0.00207724
1.5875 0.000711844 0.000234816 0.000949422
1.59167 -0.00121383 0.00242825 0.00347484
1.59583 -0.00246942 0.00323387 0.00408778
1.6 -0.00230436 0.00207661 0.00232673
1.60417 -0.000724429 -0.000486543 -0.00104982
1.60833 0.00148242 -0.00301556 -0.00424884
1.6125 0.00307198 -0.00394512 -0.00521088
1.61667 0.0029728 -0.00253654 -0.00289571
1.62083 0.00101747 0.000492389 0.00162787
1.625 -0.001699 0.00319827 0.00539795
1.62917 -0.0033198 0.00361104 0.00547908
1.63333 -0.00250877 0.00122177 0.00140081
1.6375 0.000370407 -0.00241367 -0.00402104
1.64167 0.00327907 -0.00466491 -0.00661765
1.64583 0.00398057 -0.00383874 -0.00426132
1.65 0.00188587 -0.000607547 0.00119574
1.65417 -0.00134934 0.00244801 0.00534399
1.65833 -0.00313205 0.00291858 0.00492035
1.6625 -0.0020926 0.000530338 0.00053162
1.66667 0.000796567 -0.00270404 -0.00403256
1.67083 0.00313204 -0.00424483 -0.00518145
1.675 0.0031593 -0.00310217 -0.00245721
1.67917 0.00113708 -0.000442857 0.00150241
1.68333 -0.0011315 0.00163065 0.00357373
1.6875 -0.0019775 0.00186326 0.00268271
1.69167 -0.00114118 0.00063023 0.00013155
1.69583 0.000348631 -0.000705208 -0.00201611
1.7 0.00126068 -0.000993936 -0.00258129
1.70417 0.00105638 2.02041e-05 -0.00162005
1.70833 -3.37202e-05 0.00182841 0.000159702
1.7125 -0.00142726 0.00361978 0.00185776
1.71667 -0.00250733 0.00463638 0.00248517
1.72083 -0.0027493 0.00444433 0.00134537
1.725 -0.00196116 0.00324441 -0.00114043
1.72917 -0.000627712 0.00196029 -0.00315534
1.73333 0.000170629 0.00169122 -0.00273031
1.7375 -0.000410858 0.00271007 0.00021583
1.74167 -0.00201023 0.0039533 0.00323365
1.74583 -0.00308516 0.00379095 0.00335026
1.75 -0.00226334 0.00161096 0.000120815
1.75417 0.000164208 -0.00133294 -0.00351357
1.75833 0.00225837 -0.00288156 -0.00391116
1.7625 0.00221403 -0.00199448 -0.000495657
1.76667 0.000214357 0.00018139 0.00340675
1.77083 -0.00164666 0.00140971 0.0038432
1.775 -0.00145994 0.000611208 0.000359683
1.77917 0.000505794 -0.0010564 -0.00344515
1.78333 0.00206334 -0.00146278 -0.00367002
1.7875 0.00142258 0.000172626 -0.000217627
1.79167 -0.000874871 0.00234548 0.00316852
1.79583 -0.00248472 0.00272018 0.00297121
1.8 -0.00169504 0.000441111 -0.000373319
1.80417 0.000851841 -0.00312732 -0.00311921
1.80833 0.00297511 -0.00594956 -0.00240225
1.8125 0.00335024 -0.00741352 0.000720405
1.81667 0.00282779 -0.00869635 0.00267288
1.82083 0.00327736 -0.0110895 0.00146194
1.825 0.00533765 -0.0142428 -0.00121716
1.82917 0.00763378 -0.0163289 -0.00214948
1.83333 0.00829801 -0.0159021 -0.000387187
1.8375 0.00698925 -0.0132827 0.00177648
1.84167 0.00508202 -0.00990173 0.00168821
1.84583 0.00388312 -0.00649486 -0.000446676
1.85 0.00306619 -0.00239488 -0.00188573
1.85417 0.00121994 0.00322693 -0.000797772
1.85833 -0.00218777 0.00979323 0.00140764
1.8625 -0.00589247 0.0154871 0.00180493
1.86667 -0.00815803 0.0190125 -0.000327094
1.87083 -0.00873568 0.0207412 -0.00244294
1.875 -0.00899414 0.0217921 -0.00181207
1.87917 -0.0100103 0.0222477 0.000975919
1.88333 -0.0110139 0.0208434 0.0025384
1.8875 -0.0102135 0.0165828 0.000813684
1.89167 -0.00706136 0.0102594 -0.00225908
1.89583 -0.00314976 0.00397389 -0.00293367
1.9 -0.000561594 -0.000792379 -0.00018961
1.90417 0.000374353 -0.00430462 0.0029137
1.90833 0.00124272 -0.00773113 0.00278635
1.9125 0.00345852 -0.0114436 -0.00045074
1.91667 0.00643434 -0.0143708 -0.00306839
1.92083 0.0081252 -0.0150274 -0.00202683
1.925 0.00729552 -0.0131248 0.00154752
1.92917 0.00495009 -0.0101404 0.00363911
1.93333 0.00335661 -0.0081373 0.00184439
1.9375 0.00369344 -0.00777681 -0.00193979
1.94167 0.00481016 -0.00754794 -0.00356818
1.94583 0.00447695 -0.00538383 -0.00120954
1.95 0.0019076 -0.00121671 0.00253132
1.95417 -0.00117563 0.00257288 0.00337772
1.95833 -0.00232323 0.00379154 0.000203956
1.9625 -0.00119033 0.003162 -0.00347321
1.96667 -7.65166e-05 0.00349008 -0.00336828
1.97083 -0.00122822 0.00597738 0.000499616
1.975 -0.0039733 0.00842421 0.00361496
1.97917 -0.00534544 0.00791553 0.00227475
1.98333 -0.00367618 0.00459837 -0.00186751
1.9875 -0.000710623 0.00153774 -0.00377062
1.99167 0.00051243 0.000898925 -0.00120752
1.99583 -0.000658519 0.00159588 0.00258069
2 -0.00193464 0.00125241 0.0030787
2.00417 -0.0011809 -0.000635624 3.70178e-05
2.00833 0.0010125 -0.00254533 -0.00262179
2.0125 0.00240245 -0.00327161 -0.00191939
2.01667 0.0019706 -0.00313489 0.000855616
2.02083 0.000824561 -0.00293415 0.00233094
2.025 0.000488026 -0.00287957 0.00117947
2.02917 0.00118946 -0.00284106 -0.000926884
2.03333 0.00198209 -0.00266606 -0.00174603
2.0375 0.00188968 -0.00182863 -0.000741692
2.04167 0.000670168 0.000279036 0.000869994
2.04583 -0.00105288 0.00304554 0.00148118
2.05 -0.00214302 0.00452181 0.000486218
2.05417 -0.00187992 0.00358154 -0.00109187
2.05833 -0.000819928 0.00155259 -0.00146045
2.0625 -0.000277142 0.000530483 -9.82775e-05
2.06667 -0.000640504 0.000537618 0.00134076
2.07083 -0.000797963 -0.000161404 0.000989101
2.075 0.000212239 -0.00200067 -0.00063962
2.07917 0.00158623 -0.00311987 -0.00126148
2.08333 0.00172981 -0.00206402 -0.000102223
2.0875 0.000528678 3.97257e-05 0.000994501
2.09167 -0.000512244 0.00113308 0.000438811
2.09583 -0.000459534 0.000937011 -0.000693212
2.1 -6.6936e-05 0.000637892 -0.000529312
2.10417 -0.000245233 0.000650456 0.000524936
2.10833 -0.000571224 0.000315161 0.00056309
2.1125 -0.000214583 -0.000457339 -0.000543383
2.11667 0.000500868 -0.000838936 -0.000907218
2.12083 0.00060258 -0.000506607 0.000170362
2.125 5.99471e-05 -5.46098e-05 0.000987306
2.12917 -0.000289412 0.000218391 0.000252998
2.13333 -0.00017368 0.000624197 -0.00085004
2.1375 -0.000104609 0.000948893 -0.000705676
2.14167 -0.00023258 0.000447865 0.000241689
2.14583 -0.00014063 -0.000596142 0.000591841
2.15 0.000149389 -0.000869319 0.00028179
2.15417 0.000146178 -0.000226442 5.28986e-05
2.15833 1.60779e-05 -0.000150432 -0.000235267
2.1625 0.000422278 -0.00101963 -0.000824566
2.16667 0.000949087 -0.000920919 -0.000659264
2.17083 0.000286605 0.00110222 0.000889384
2.175 -0.00132743 0.00260168 0.00181919
2.17917 -0.00166381 0.00111798 3.33957e-06
2.18333 0.000173209 -0.00150654 -0.00256192
2.1875 0.00174336 -0.00155417 -0.00173673
2.19167 0.000656301 0.000640221 0.00205573
2.19583 -0.00146444 0.00114712 0.00334825
2.2 -0.00119662 -0.00100859 -0.000256785
2.20417 0.00123883 -0.00212028 -0.0037168
2.20833 0.00209756 -5.72818e-05 -0.00179295
2.2125 -4.33776e-05 0.00204321 0.0028001
2.21667 -0.00203757 0.00105217 0.00338703
2.22083 -0.00114083 -0.000966606 -0.000576914
2.225 0.000923905 -0.000600958 -0.00310895
2.22917 0.00113907 0.000956613 -0.00106258
2.23333 -0.000142002 0.000438579 0.00187278
2.2375 -0.0005899 -0.00122541 0.00179515
2.24167 -5.65918e-05 -0.000577833 -2.5461e-05
2.24583 -5.28336e-05 0.00155852 -0.000799269
2.25 -0.0003246 0.000960041 -0.000755708
2.25417 0.000491009 -0.00214757 -0.000907944
2.25833 0.00144564 -0.00250872 -0.000154111
2.2625 0.000339907 0.00121406 0.00174478
2.26667 -0.00181048 0.00332317 0.00175907
2.27083 -0.00148069 0.000268706 -0.00153969
2.275 0.00137222 -0.00301886 -0.00378554
2.27917 0.00233033 -0.00103745 -0.000742877
2.28333 -0.000555296 0.00299378 0.003915
2.2875 -0.00303902 0.00233022 0.00307035
2.29167 -0.00107402 -0.00212215 -0.0025696
2.29583 0.00259245 -0.00337935 -0.00473978
2.3 0.00253648 0.000176402 -0.000112327
2.30417 -0.000969789 0.00268281 0.00453562
2.30833 -0.00267503 0.000779602 0.00269165
2.3125 -0.00054007 -0.00160016 -0.00244964
2.31667 0.00179935 -0.00070661 -0.00360222
2.32083 0.00122742 0.00116007 -3.54911e-05
2.325 -0.000691882 0.000719282 0.00283569
2.32917 -0.00120803 -0.000623875 0.00193958
2.33333 -0.000371824 -0.000293529 -0.000608317
2.3375 0.000385553 0.00047991 -0.00197021
2.34167 0.000787776 -0.000419346 -0.00146878
2.34583 0.000889965 -0.00145205 0.000397963
2.35 0.000107405 -0.000298429 0.00221219
2.35417 -0.00112728 0.00142009 0.00165046
2.35833 -0.000975817 0.00082833 -0.00144994
2.3625 0.000769056 -0.000979583 -0.0032217
2.36667 0.00156786 -0.000978585 -0.000657957
2.37083 2.80949e-05 0.000334292 0.00300109
2.375 -0.00147534 0.000216321 0.00232356
2.37917 -0.000494644 -0.00105076 -0.00183663
2.38333 0.00144693 -0.00101345 -0.00334278
2.3875 0.00144027 -2.73522e-05 -0.000294406
2.39167 -0.00010224 -0.000352756 0.00235877
2.39583 -0.000646877 -0.00121044 0.00105306
2.4 5.0313e-05 -0.000179052 -0.00136818
2.40417 0.000310507 0.00119886 -0.00139886
2.40833 0.000181134 -0.000573585 -0.000273122
2.4125 0.00088155 -0.00351912 -0.000210887
2.41667 0.00140395 -0.00201744 -7.55526e-05
2.42083 -0.000115382 0.00295522 0.00116147
2.425 -0.00202062 0.00361786 0.00102702
2.42917 -0.000875873 -0.00175637 -0.00166268
2.43333 0.0021505 -0.00449798 -0.00274214
2.4375 0.00197772 0.000662965 0.000885227
2.44167 -0.00195204 0.00593019 0.00442296
2.44583 -0.00368899 0.00267371 0.00176691
2.45 -0.000153226 -0.00378395 -0.0036974
2.45417 0.0031691 -0.00243891 -0.00323723
2.45833 0.000692376 0.00487126 0.00305567
2.4625 -0.00389265 0.00604296 0.00551656
2.46667 -0.00323966 -0.00118108 0.000115593
2.47083 0.00174919 -0.0052754 -0.00486261
2.475 0.00334948 -7.07354e-05 -0.00195197
2.47917 -0.000507052 0.00517003 0.0037968
2.48333 -0.00323435 0.00155845 0.00334012
2.4875 -0.000606762 -0.00468876 -0.00206486
2.49167 0.00275495 -0.00324897 -0.00380427
2.49583 0.00159851 0.00287822 1.90552e-05
2.5 -0.00152732 0.00310619 0.00268274
2.50417 -0.00136183 -0.0023998 0.000613615
2.50833 0.00111157 -0.0034289 -0.00168283
2.5125 0.00108204 0.00233213 -0.000377702
2.51667 -0.00143075 0.00539717 0.00159636
2.52083 -0.00199219 0.00101098 0.00080811
2.525 0.000117058 -0.00277652 -0.000514071
2.52917 0.0007513 0.000779795 0.000730644
2.53333 -0.00148208 0.00553877 0.00236207
2.5375 -0.00262058 0.0032632 0.000948997
2.54167 -0.000408581 -0.00222838 -0.00147221
2.54583 0.00154816 -0.00186378 -0.000604782
2.55 -2.38806e-05 0.00312768 0.00232518
2.55417 -0.00231698 0.00370149 0.0022175
2.55833 -0.00120268 -0.00135202 -0.00120481
2.5625 0.0017036 -0.00370455 -0.0026537
2.56667 0.00180035 1.89138e-06 -7.30573e-06
2.57083 -0.000760164 0.00278685 0.00221232
2.575 -0.00150389 -0.000342115 0.000349846
2.57917 0.000828744 -0.00421622 -0.00261029
2.58333 0.00249495 -0.00292047 -0.0022732
2.5875 0.00121794 0.000346064 0.000195691
2.59167 -0.000363315 -0.000482445 0.000608349
2.59583 0.00045357 -0.00391846 -0.00136972
2.6 0.00211797 -0.00420121 -0.00239765
2.60417 0.00195965 -0.0013855 -0.00124084
2.60833 0.000635948 -0.000570135 -0.000129951
2.6125 0.000472871 -0.00273386 -0.000520599
2.61667 0.00137917 -0.00352172 -0.00112599
2.62083 0.00142182 -0.00112578 -0.000715594
2.625 0.00033078 0.000980994 4.48163e-07
2.62917 -0.000335133 0.000344422 0.000133182
2.63333 -3.17578e-05 -0.000720398 9.02449e-05
2.6375 0.000122104 0.000397096 0.00042946
2.64167 -0.000524357 0.0024871 0.000850371
2.64583 -0.00126922 0.00312508 0.00100595
2.65 -0.00144833 0.00240794 0.00106223
2.65417 -0.00126555 0.00192106 0.00104864
2.65833 -0.00107469 0.00203528 0.000770822
2.6625 -0.000919249 0.0020319 0.000513656
2.66667 -0.000833932 0.00152552 0.000679452
2.67083 -0.000762424 0.000553716 0.000764713
2.675 -0.000341923 -0.000628397 1.4716e-05
2.67917 0.000459196 -0.00124747 -0.000977763
2.68333 0.000878409 -0.000763674 -0.000871205
2.6875 0.000420113 -0.000142534 0.00014705
2.69167 -0.000107725 -0.000781649 0.000383336
2.69583 0.000297123 -0.00203712 -0.000675879
2.7 0.00112085 -0.00182067 -0.00141466
2.70417 0.00102004 -2.60401e-05 -0.000597256
2.70833 -1.48276e-05 0.000944184 0.000692368
2.7125 -0.000592103 -6.8269e-05 0.000741911
2.71667 -9.4842e-05 -0.00104274 -0.000272254
2.72083 0.000455286 -6.27889e-05 -0.000748229
2.725 0.000115588 0.00154887 -2.80258e-05
2.72917 -0.000595811 0.00142099 0.000908841
2.73333 -0.000702427 -5.47617e-05 0.000961237
2.7375 -0.000244741 -0.000523105 0.000189307
2.74167 5.09493e-05 0.00047071 -0.000521302
2.74583 -7.33478e-06 0.000918817 -0.000513601
2.75 -8.52048e-06 -0.000258297 6.65285e-05
2.75417 0.000198587 -0.00149728 0.000478557
2.75833 0.000312529 -0.00107892 0.00014618
2.7625 0.000192247 0.000338509 -0.000641046
2.76667 6.56416e-05 0.000892176 -0.000922608
2.77083 5.33029e-05 0.000204626 -0.000201672
2.775 -3.38015e-05 -0.000431808 0.000780908
2.77917 -0.000261237 -0.000138951 0.000822447
2.78333 -0.000336372 0.000501509 -0.000180737
2.7875 -6.4246e-05 0.0005563 -0.000955961
2.79167 0.000252369 5.38951e-06 -0.000451786
2.79583 0.000190787 -0.000419321 0.000709555
2.8 -0.000176669 -0.00020335 0.000993027
2.80417 -0.000369083 0.000385535 1.44433e-05
2.80833 -0.00013784 0.00056467 -0.000930574
2.8125 0.000253602 -6.62039e-05 -0.000623461
2.81667 0.000384068 -0.000834739 0.000485894
2.82083 0.000118927 -0.00065477 0.000960065
2.825 -0.000268367 0.000369017 0.000226955
2.82917 -0.000312398 0.000759128 -0.000819761
2.83333 0.000151501 -0.000228782 -0.000949332
2.8375 0.000613525 -0.00118112 4.24303e-05
2.84167 0.000350992 -0.000437039 0.00108994
2.84583 -0.000510394 0.00122705 0.00094687
2.85 -0.000891277 0.00151076 -0.000312568
2.85417 -0.0001938 7.94497e-06 -0.00111329
2.85833 0.000676133 -0.00117126 -0.000263645
2.8625 0.00049748 -0.000569353 0.00123019
2.86667 -0.000435158 0.000623241 0.00126428
2.87083 -0.000692662 0.000606473 -0.00039465
2.875 0.000160967 -0.00044167 -0.00156646
2.87917 0.000927512 -0.000970637 -0.00065626
2.88333 0.000541482 -0.000336518 0.00107984
2.8875 -0.000465166 0.000614487 0.00132329
2.89167 -0.000800772 0.000805856 -0.000151498
2.89583 -0.000113552 7.66856e-05 -0.00137899
2.9 0.000697034 -0.000697639 -0.000885817
2.90417 0.000623261 -0.000466486 0.00062474
2.90833 -0.000304309 0.000625748 0.0013058
2.9125 -0.000972898 0.00102699 0.000284023
2.91667 -0.00039679 -0.00019489 -0.0013331
2.92083 0.000909057 -0.00157617 -0.00153368
2.925 0.0012654 -0.00100525 0.000201879
2.92917 2.46131e-05 0.000980969 0.00186634
2.93333 -0.00123988 0.00163421 0.00125223
2.9375 -0.00072247 3.1385e-05 -0.00085734
2.94167 0.000964992 -0.00149334 -0.00140546
2.94583 0.00154433 -0.00088505 0.000660937
2.95 0.000358887 0.00066513 0.00269933
2.95417 -0.000687642 0.000766506 0.00208866
2.95833 8.07441e-05 -0.000669719 -5.98788e-06
2.9625 0.00181188 -0.00170039 -0.000335847
2.96667 0.00250184 -0.00125975 0.00195104
2.97083 0.00172864 -0.00025444 0.00443584
2.975 0.00100252 -9.31471e-05 0.00481871
2.97917 0.00175561 -0.0011444 0.00367847
2.98333 0.00371015 -0.0024938 0.00355817
2.9875 0.00527628 -0.00286038 0.0060085
2.99167 0.00541163 -0.00215417 0.00979146
2.99583 0.00502652 -0.00196846 0.0121421
