0 0 0 0
0.00416667 0 0 0
0.00833333 0 0 0
0.0125 0 0 0
0.0166667 0 0 0
0.0208333 0 0 0
0.025 0 0 0
0.0291667 0 0 0
0.0333333 0 0 0
0.0375 0 0 0
0.0416667 0 0 0
0.0458333 0 0 0
0.05 0 0 0
0.0541667 0 0 0
0.0583333 0 0 0
0.0625 0 0 0
0.0666667 0 0 0
0.0708333 0 0 0
0.075 0 0 0
0.0791667 0 0 0
0.0833333 0 0 0
0.0875 0 0 0
0.0916667 0 0 0
0.0958333 0 0 0
0.1 0 0 0
0.104167 0 0 0
0.108333 0 0 0
0.1125 0 0 0
0.116667 0 0 0
0.120833 0 0 0
0.125 -1.82804e-322 3.78948e-321 8.18173e-321
0.129167 -2.0713e-316 2.85593e-315 6.08258e-315
0.133333 -1.00455e-310 1.3401e-309 2.85475e-309
0.1375 -3.2105e-305 4.14804e-304 8.83831e-304
0.141667 -6.93329e-300 8.68414e-299 1.85076e-298
0.145833 -1.03514e-294 1.25803e-293 2.68173e-293
0.15 -1.091e-289 1.28762e-288 2.74546e-288
0.154167 -8.27439e-285 9.49104e-284 2.02417e-283
0.158333 -4.59593e-280 5.12734e-279 1.09379e-278
0.1625 -1.9001e-275 2.0632e-274 4.40247e-274
0.166667 -5.93523e-271 6.27688e-270 1.33972e-269
0.170833 -1.42026e-266 1.46383e-265 3.12521e-265
0.175 -2.63716e-262 2.65056e-261 5.66038e-261
0.179167 -3.84511e-258 3.77086e-257 8.0551e-257
0.183333 -4.4514e-254 4.26181e-253 9.1065e-253
0.1875 -4.13408e-250 3.86607e-249 8.26335e-249
0.191667 -3.10983e-246 2.84208e-245 6.07653e-245
0.195833 -1.91195e-242 1.70841e-241 3.65382e-241
0.2 -9.68857e-239 8.46814e-238 1.81168e-237
0.204167 -4.07862e-235 3.48854e-234 7.46581e-234
0.208333 -1.437e-231 1.20329e-230 2.576e-230
0.2125 -4.26691e-228 3.49931e-227 7.49388e-227
0.216667 -1.07482e-224 8.63624e-224 1.85011e-223
0.220833 -2.311e-221 1.82e-220 3.9003e-220
0.225 -4.2662e-218 3.29417e-217 7.06201e-217
0.229167 -6.79903e-215 5.14913e-214 1.10427e-213
0.233333 -9.40325e-212 6.98694e-211 1.49896e-210
0.2375 -1.13415e-208 8.27064e-208 1.77502e-207
0.241667 -1.19853e-205 8.58043e-205 1.84222e-204
0.245833 -1.11465e-202 7.83633e-202 1.68312e-201
0.25 -9.16126e-200 6.32656e-199 1.35939e-198
0.254167 -6.68087e-197 4.53316e-196 9.74433e-196
0.258333 -4.33927e-194 2.8937e-193 6.22276e-193
0.2625 -2.51926e-191 1.65154e-190 3.55303e-190
0.266667 -1.31187e-188 8.4565e-188 1.82006e-187
0.270833 -6.14743e-186 3.89744e-185 8.39193e-185
0.275 -2.60037e-183 1.62183e-182 3.49364e-182
0.279167 -9.95883e-181 6.11168e-180 1.31712e-179
0.283333 -3.46298e-178 2.09158e-177 4.50958e-177
0.2875 -1.09632e-175 6.51818e-175 1.406e-174
0.291667 -3.16814e-173 1.85456e-172 4.00224e-172
0.295833 -8.37776e-171 4.82946e-170 1.04271e-169
0.3 -2.03209e-168 1.1538e-167 2.49231e-167
0.304167 -4.5315e-166 2.53467e-165 5.47778e-165
0.308333 -9.31052e-164 5.13127e-163 1.10948e-162
0.3125 -1.76625e-161 9.59283e-161 2.07519e-160
0.316667 -3.09991e-159 1.65944e-158 3.59163e-158
0.320833 -5.04322e-157 2.66138e-156 5.76313e-156
0.325 -7.61963e-155 3.96449e-154 8.58942e-154
0.329167 -1.07104e-152 5.49514e-152 1.19119e-151
0.333333 -1.40302e-150 7.09944e-150 1.53977e-149
0.3375 -1.71567e-148 8.56329e-148 1.85826e-147
0.341667 -1.96156e-146 9.65868e-146 2.0971e-145
0.345833 -2.10009e-144 1.02028e-143 2.21646e-143
0.35 -2.10853e-142 1.01085e-141 2.19719e-141
0.354167 -1.98815e-140 9.40668e-140 2.04579e-139
0.358333 -1.76296e-138 8.23309e-138 1.79157e-137
0.3625 -1.47209e-136 6.78642e-136 1.47761e-135
0.366667 -1.15899e-134 5.27502e-134 1.1492e-133
0.370833 -8.6142e-133 3.87122e-132 8.4387e-132
0.375 -6.05145e-131 2.68553e-130 5.85753e-130
0.379167 -4.02266e-129 1.76306e-128 3.84781e-128
0.383333 -2.53315e-127 1.09659e-126 2.39472e-126
0.3875 -1.51276e-125 6.46889e-125 1.41353e-124
0.391667 -8.57615e-124 3.62303e-123 7.92163e-123
0.395833 -4.62027e-122 1.92845e-121 4.21913e-121
0.4 -2.36766e-120 9.76481e-120 2.13772e-119
0.404167 -1.1552e-118 4.7081e-118 1.03136e-117
0.408333 -5.3713e-117 2.16348e-116 4.74237e-116
0.4125 -2.38217e-115 9.48346e-115 2.08014e-114
0.416667 -1.00857e-113 3.96883e-113 8.71108e-113
0.420833 -4.07989e-112 1.58708e-111 3.48575e-111
0.425 -1.57814e-110 6.06918e-110 1.33388e-109
0.429167 -5.84173e-109 2.22122e-108 4.88506e-108
0.433333 -2.07092e-107 7.786e-107 1.71351e-106
0.4375 -7.03612e-106 2.61588e-105 5.76088e-105
0.441667 -2.29278e-104 8.42975e-104 1.85774e-103
0.445833 -7.17057e-103 2.60738e-102 5.75011e-102
0.45 -2.15378e-101 7.74603e-101 1.70945e-100
0.454167 -6.21709e-100 2.21169e-99 4.88438e-99
0.458333 -1.72581e-98 6.0732e-98 1.34218e-97
0.4625 -4.60982e-97 1.60482e-96 3.54922e-96
0.466667 -1.18556e-95 4.08331e-95 9.03718e-95
0.470833 -2.93744e-94 1.00099e-93 2.217e-93
0.475 -7.01561e-93 2.3655e-92 5.243e-92
0.479167 -1.61605e-91 5.39182e-91 1.19595e-90
0.483333 -3.59227e-90 1.18604e-89 2.63271e-89
0.4875 -7.70972e-89 2.51909e-88 5.59594e-88
0.491667 -1.5984e-87 5.16879e-87 1.14907e-86
0.495833 -3.20277e-86 1.02506e-85 2.28055e-85
0.5 -6.20539e-85 1.9658e-84 4.37683e-84
0.504167 -1.16311e-83 3.64719e-83 8.1267e-83
0.508333 -2.11e-82 6.54949e-82 1.4605e-81
0.5125 -3.70634e-81 1.13889e-80 2.54164e-80
0.516667 -6.30668e-80 1.91853e-79 4.2849e-79
0.520833 -1.04e-78 3.13221e-78 7.00113e-78
0.525 -1.66274e-77 4.95806e-77 1.10911e-76
0.529167 -2.57838e-76 7.61245e-76 1.70425e-75
0.533333 -3.87947e-75 1.13412e-74 2.54108e-74
0.5375 -5.6659e-74 1.64015e-73 3.67784e-73
0.541667 -8.03524e-73 2.30334e-72 5.16917e-72
0.545833 -1.10693e-71 3.14226e-71 7.05764e-71
0.55 -1.4818e-70 4.16572e-70 9.36405e-70
0.554167 -1.92822e-69 5.36848e-69 1.20777e-68
0.558333 -2.43987e-68 6.72782e-68 1.51484e-67
0.5625 -3.00308e-67 8.20166e-67 1.84823e-66
0.566667 -3.59664e-66 9.72912e-66 2.19427e-65
0.570833 -4.19268e-65 1.12338e-64 2.53575e-64
0.575 -4.75868e-64 1.26297e-63 2.85325e-63
0.579167 -5.26031e-63 1.38294e-62 3.12692e-62
0.583333 -5.66491e-62 1.47531e-61 3.33862e-61
0.5875 -5.94507e-61 1.53377e-60 3.47387e-60
0.591667 -6.08168e-60 1.55436e-59 3.52352e-59
0.595833 -6.06613e-59 1.53596e-58 3.48478e-58
0.6 -5.90115e-58 1.48032e-57 3.36144e-57
0.604167 -5.60032e-57 1.39185e-56 3.16328e-56
0.608333 -5.18619e-56 1.27704e-55 2.90484e-55
0.6125 -4.68763e-55 1.14365e-54 2.60368e-54
0.616667 -4.13648e-54 9.99921e-54 2.27844e-53
0.620833 -3.56439e-53 8.53741e-53 1.94705e-52
0.625 -2.99996e-52 7.11989e-52 1.62518e-51
0.629167 -2.46673e-51 5.80103e-51 1.32529e-50
0.633333 -1.98197e-50 4.61867e-50 1.05609e-49
0.6375 -1.55646e-49 3.59419e-49 8.22558e-49
0.641667 -1.1949e-48 2.73433e-48 6.26318e-48
0.645833 -8.96955e-48 2.034e-47 4.66311e-47
0.65 -6.58478e-47 1.47977e-46 3.39545e-46
0.654167 -4.72855e-46 1.05307e-45 2.41848e-45
0.658333 -3.32211e-45 7.33217e-45 1.68537e-44
0.6625 -2.28392e-44 4.99566e-44 1.1493e-43
0.666667 -1.53676e-43 3.33136e-43 7.6708e-43
0.670833 -1.01221e-42 2.17467e-42 5.01176e-42
0.675 -6.52748e-42 1.3899e-41 3.20596e-41
0.679167 -4.12199e-41 8.69892e-41 2.00824e-40
0.683333 -2.54933e-40 5.33226e-40 1.23208e-39
0.6875 -1.54444e-39 3.20178e-39 7.40443e-39
0.691667 -9.16672e-39 1.88353e-38 4.35959e-38
0.695833 -5.33112e-38 1.08573e-37 2.51516e-37
0.7 -3.03844e-37 6.13343e-37 1.42206e-36
0.704167 -1.69736e-36 3.39611e-36 7.88068e-36
0.708333 -9.29504e-36 1.84339e-35 4.28119e-35
0.7125 -4.99046e-35 9.81001e-35 2.28024e-34
0.716667 -2.62725e-34 5.11915e-34 1.19089e-33
0.720833 -1.35641e-33 2.61974e-33 6.09944e-33
0.725 -6.86854e-33 1.31494e-32 3.06404e-32
0.729167 -3.41174e-32 6.47437e-32 1.50986e-31
0.733333 -1.66257e-31 3.12739e-31 7.29913e-31
0.7375 -7.94921e-31 1.48221e-30 3.46215e-30
0.741667 -3.72958e-30 6.89342e-30 1.61143e-29
0.745833 -1.71726e-29 3.14631e-29 7.36065e-29
0.75 -7.76067e-29 1.40947e-28 3.29994e-28
0.754167 -3.44266e-28 6.19792e-28 1.45219e-27
0.758333 -1.49922e-27 2.67555e-27 6.27358e-27
0.7625 -6.40997e-27 1.13397e-26 2.66086e-26
0.766667 -2.69095e-26 4.719e-26 1.10812e-25
0.770833 -1.10932e-25 1.92841e-25 4.53152e-25
0.775 -4.491e-25 7.73908e-25 1.81985e-24
0.779167 -1.78569e-24 3.05039e-24 7.17787e-24
0.783333 -6.97399e-24 1.18095e-23 2.78074e-23
0.7875 -2.67548e-23 4.49113e-23 1.05819e-22
0.791667 -1.00832e-22 1.67787e-22 3.95585e-22
0.795833 -3.73343e-22 6.15841e-22 1.45284e-21
0.8 -1.35818e-21 2.22086e-21 5.24234e-21
0.804167 -4.85482e-21 7.86938e-21 1.85863e-20
0.808333 -1.70525e-20 2.74004e-20 6.4751e-20
0.8125 -5.88605e-20 9.37549e-20 2.21673e-19
0.816667 -1.99667e-19 3.15266e-19 7.45784e-19
0.820833 -6.65672e-19 1.04191e-18 2.46588e-18
0.825 -2.18125e-18 3.38432e-18 8.01326e-18
0.829167 -7.02527e-18 1.0805e-17 2.55944e-17
0.833333 -2.22408e-17 3.39082e-17 8.03517e-17
0.8375 -6.92128e-17 1.046e-16 2.47958e-16
0.841667 -2.11731e-16 3.17189e-16 7.52156e-16
0.845833 -6.36739e-16 9.45541e-16 2.24283e-15
0.85 -1.88247e-15 2.77095e-15 6.57442e-15
0.854167 -5.47133e-15 7.98314e-15 1.89452e-14
0.858333 -1.56339e-14 2.26112e-14 5.36695e-14
0.8625 -4.39197e-14 6.29633e-14 1.49469e-13
0.866667 -1.21303e-13 1.72372e-13 4.09235e-13
0.870833 -3.29389e-13 4.63946e-13 1.10153e-12
0.875 -8.79373e-13 1.22769e-12 2.91486e-12
0.879167 -2.30814e-12 3.19398e-12 7.58298e-12
0.883333 -5.95628e-12 8.16943e-12 1.93935e-11
0.8875 -1.51114e-11 2.0543e-11 4.87596e-11
0.891667 -3.76917e-11 5.07854e-11 1.20516e-10
0.895833 -9.24247e-11 1.23427e-10 2.92816e-10
0.9 -2.22802e-10 2.9489e-10 6.99357e-10
0.904167 -5.27987e-10 6.92592e-10 1.64187e-09
0.908333 -1.22994e-09 1.59898e-09 3.78877e-09
0.9125 -2.8163e-09 3.62855e-09 8.5931e-09
0.916667 -6.3385e-09 8.09331e-09 1.91545e-08
0.920833 -1.4021e-08 1.77416e-08 4.19593e-08
0.925 -3.04806e-08 3.8221e-08 9.03215e-08
0.929167 -6.5116e-08 8.09131e-08 1.91039e-07
0.933333 -1.36689e-07 1.68307e-07 3.96988e-07
0.9375 -2.81913e-07 3.43962e-07 8.10424e-07
0.941667 -5.71198e-07 6.90548e-07 1.62508e-06
0.945833 -1.13683e-06 1.36175e-06 3.20044e-06
0.95 -2.2222e-06 2.63732e-06 6.18947e-06
0.954167 -4.26565e-06 5.01563e-06 1.17527e-05
0.958333 -8.03954e-06 9.36506e-06 2.19071e-05
0.9625 -1.48745e-05 1.71649e-05 4.00785e-05
0.966667 -2.70107e-05 3.08765e-05 7.19496e-05
0.970833 -4.81297e-05 5.44974e-05 0.000126716
0.975 -8.41344e-05 9.4358e-05 0.000218884
0.979167 -0.000144245 0.000160221 0.000370721
0.983333 -0.000242477 0.000266727 0.000615457
0.9875 -0.000399523 0.000435193 0.00100119
0.991667 -0.000644998 0.000695669 0.00159525
0.995833 -0.00101988 0.00108907 0.00248861
1 -0.00157878 0.00166893 0.00379916
1.00417 -0.00239143 0.00250228 0.00567264
1.00833 -0.00354255 0.00366856 0.00827916
1.0125 -0.00512888 0.00525577 0.0118029
1.01667 -0.00725208 0.00735252 0.0164226
1.02083 -0.0100063 0.0100352 0.0222818
1.025 -0.01346 0.0133497 0.0294473
1.02917 -0.017631 0.0172889 0.0378591
1.03333 -0.0224589 0.0217678 0.047278
1.0375 -0.0277763 0.0265998 0.0572394
1.04167 -0.0332862 0.0314813 0.067027
1.04583 -0.0385524 0.0359907 0.0756828
1.05 -0.0430124 0.0396078 0.0820644
1.05417 -0.0460185 0.04176 0.0849599
1.05833 -0.0469089 0.0418935 0.0832553
1.0625 -0.0451078 0.0395657 0.0761372
1.06667 -0.0402383 0.0345419 0.063296
1.07083 -0.0322301 0.0268797 0.0450851
1.075 -0.0213946 0.0169759 0.0225849
1.07917 -0.00844066 0.00555638 -0.00246491
1.08333 0.00558509 -0.00640214 -0.0278802
1.0875 0.0194378 -0.0178128 -0.0513684
1.09167 0.0318729 -0.02766 -0.0709235
1.09583 0.0418636 -0.0351801 -0.0851863
1.1 0.0487854 -0.039998 -0.0936716
1.10417 0.0525138 -0.0421776 -0.0967899
1.10833 0.0534042 -0.0421691 -0.0956504
1.1125 0.0521556 -0.0406669 -0.0917021
1.11667 0.0496001 -0.0384222 -0.0863352
1.12083 0.04649 -0.0360759 -0.0805904
1.125 0.0433618 -0.0340715 -0.0750913
1.12917 0.0405318 -0.0326814 -0.0702287
1.13333 0.0382223 -0.0321287 -0.0665122
1.1375 0.0367583 -0.0327412 -0.064903
1.14167 0.0367265 -0.0350444 -0.0669165
1.14583 0.0389847 -0.0397136 -0.0743444
1.15 0.0444584 -0.0473556 -0.0886049
1.15417 0.0537531 -0.0581718 -0.109909
1.15833 0.0667059 -0.0716203 -0.136569
1.1625 0.0820624 -0.0862301 -0.164793
1.16667 0.0974508 -0.099683 -0.189149
1.17083 0.109729 -0.109189 -0.203661
1.175 0.115639 -0.112066 -0.203196
1.17917 0.112573 -0.106341 -0.184696
1.18333 0.0991836 -0.0911828 -0.147812
1.1875 0.0756424 -0.0670248 -0.0947611
1.19167 0.0434771 -0.0353751 -0.0295536
1.19583 0.00510048 0.00156435 0.0430292
1.2 -0.0367363 0.041293 0.118232
1.20417 -0.0793322 0.0812638 0.191621
1.20833 -0.120148 0.118949 0.258912
1.2125 -0.156695 0.151799 0.315644
1.21667 -0.186397 0.177246 0.357113
1.22083 -0.206629 0.192884 0.378831
1.225 -0.21504 0.196837 0.377434
1.22917 -0.210082 0.188207 0.351685
1.23333 -0.191519 0.167413 0.303116
1.2375 -0.160693 0.136256 0.235998
1.24167 -0.120395 0.0976715 0.156656
1.24583 -0.0744152 0.0552561 0.0724306
1.25 -0.0269373 0.0127453 -0.00934063
1.25417 0.0180034 -0.0264127 -0.0820772
1.25833 0.0569024 -0.0593303 -0.140437
1.2625 0.0870205 -0.0838424 -0.180676
1.26667 0.106561 -0.0986339 -0.200994
1.27083 0.114842 -0.103362 -0.201798
1.275 0.112403 -0.0987226 -0.185664
1.27917 0.100945 -0.0863764 -0.156838
1.28333 0.0830103 -0.0686812 -0.120334
1.2875 0.0614772 -0.0482927 -0.0809792
1.29167 0.0390541 -0.0277593 -0.0428127
1.29583 0.0179728 -0.00923909 -0.00899544
1.3 -5.12883e-05 0.00563211 0.0179601
1.30417 -0.0137253 0.0157969 0.0360979
1.30833 -0.0221728 0.0208577 0.0443753
1.3125 -0.0251391 0.0211956 0.0433308
1.31667 -0.023289 0.0180076 0.0354802
1.32083 -0.0182871 0.0130862 0.0248319
1.325 -0.012393 0.00828154 0.0154236
1.32917 -0.00761362 0.00481727 0.00954065
1.33333 -0.00482569 0.00282081 0.00671926
1.3375 -0.00343639 0.00140197 0.00433084
1.34167 -0.00190232 -0.000673176 -0.000422333
1.34583 0.00111571 -0.00405563 -0.00828584
1.35 0.00566188 -0.00820148 -0.0170037
1.35417 0.0102086 -0.0115098 -0.0224172
1.35833 0.0124649 -0.0121962 -0.0210388
1.3625 0.0108178 -0.00940048 -0.0124614
1.36667 0.00548482 -0.00383333 2.5502e-05
1.37083 -0.00140791 0.00246682 0.0110929
1.375 -0.00691693 0.007142 0.0162691
1.37917 -0.00886232 0.0086774 0.0142235
1.38333 -0.00690191 0.00703222 0.00705437
1.3875 -0.00247135 0.00342735 -0.00139337
1.39167 0.00225336 -0.000468764 -0.00785094
1.39583 0.00558917 -0.00337613 -0.011001
1.4 0.00696947 -0.00477622 -0.0112326
1.40417 0.00670874 -0.00475237 -0.0094153
1.40833 0.00533008 -0.00361737 -0.00597938
1.4125 0.00313059 -0.00171353 -0.00109368
1.41667 0.000321188 0.000504189 0.00442464
1.42083 -0.00252921 0.00233323 0.00861823
1.425 -0.00434612 0.00295781 0.00915541
1.42917 -0.00404844 0.00191709 0.00502283
1.43333 -0.00141556 -0.000407738 -0.00220638
1.4375 0.00240899 -0.00274952 -0.00880252
1.44167 0.00534948 -0.00355501 -0.0110462
1.44583 0.00563533 -0.00192786 -0.00772556
1.45 0.00301682 0.00172391 -0.00110574
1.45417 -0.00096532 0.00584336 0.00448424
1.45833 -0.00394133 0.00864384 0.00554325
1.4625 -0.00427443 0.00918952 0.00171788
1.46667 -0.00211505 0.0078934 -0.00411674
1.47083 0.000807713 0.00609851 -0.00802592
1.475 0.00248048 0.00506923 -0.00778652
1.47917 0.0020117 0.0051361 -0.00422539
1.48333 0.000125435 0.00559385 -0.000250064
1.4875 -0.00155689 0.0053681 0.00152991
1.49167 -0.00182359 0.00389593 0.000690702
1.49583 -0.000740281 0.00154184 -0.00100037
1.5 0.000545769 -0.000729304 -0.00129862
1.50417 0.000824259 -0.00211042 0.000583706
1.50833 -0.000204145 -0.00251481 0.00340012
1.5125 -0.00177428 -0.00251255 0.00504603
1.51667 -0.00279415 -0.00273968 0.00443525
1.52083 -0.00281302 -0.0033068 0.0024758
1.525 -0.00238999 -0.00371925 0.00131405
1.52917 -0.00254814 -0.00338287 0.00245968
1.53333 -0.00377074 -0.00226878 0.00535153
1.5375 -0.00539463 -0.00115642 0.0076072
1.54167 -0.00595616 -0.00119815 0.00685615
1.54583 -0.00427719 -0.00309879 0.00274361
1.55 -0.000453352 -0.00654101 -0.00253296
1.55417 0.00406758 -0.0103307 -0.00570608
1.55833 0.00744585 -0.0131896 -0.00489539
1.5625 0.00875153 -0.014606 -0.00114064
1.56667 0.00859738 -0.0150803 0.00227676
1.57083 0.00856816 -0.0155538 0.00232595
1.575 0.00984513 -0.016453 -0.0013448
1.57917 0.0120953 -0.017113 -0.0059913
1.58333 0.0135472 -0.0160861 -0.00782124
1.5875 0.0122747 -0.0121604 -0.00499863
1.59167 0.00773414 -0.00533754 0.000766985
1.59583 0.00133537 0.00299165 0.00540381
1.6 -0.00446062 0.0108417 0.00560745
1.60417 -0.00786543 0.0168147 0.00146454
1.60833 -0.00896419 0.0207765 -0.00357388
1.6125 -0.00942845 0.0235274 -0.00542339
1.61667 -0.0109599 0.0257719 -0.00263869
1.62083 -0.0137297 0.027259 0.00243434
1.625 -0.0161104 0.026834 0.00559073
1.62917 -0.0159508 0.0233901 0.00421058
1.63333 -0.012369 0.0169495 -0.000618803
1.6375 -0.00658891 0.00896703 -0.00504125
1.64167 -0.00112035 0.00155487 -0.00561872
1.64583 0.00205526 -0.00379939 -0.00209733
1.65 0.00282639 -0.00703435 0.00251649
1.65417 0.00276684 -0.00923577 0.00454428
1.65833 0.00365095 -0.0115472 0.00264888
1.6625 0.00594596 -0.0141755 -0.00123202
1.66667 0.00851222 -0.0162746 -0.00369401
1.67083 0.00967506 -0.0167351 -0.00276453
1.675 0.00868417 -0.0151593 0.000571464
1.67917 0.00631414 -0.0121956 0.00338933
1.68333 0.0041558 -0.00899491 0.00337002
1.6875 0.003273 -0.00631273 0.000665299
1.69167 0.00338912 -0.00404755 -0.00239813
1.69583 0.0032518 -0.00157799 -0.00336462
1.7 0.00180127 0.00145675 -0.00163923
1.70417 -0.00087624 0.00465647 0.00118344
1.70833 -0.00358812 0.00707913 0.00277048
1.7125 -0.00498353 0.00796859 0.00196325
1.71667 -0.00459451 0.00735155 -0.000409274
1.72083 -0.00313539 0.0060102 -0.00235661
1.725 -0.0018761 0.00488608 -0.0023919
1.72917 -0.00164791 0.00442071 -0.000656566
1.73333 -0.00227974 0.00433181 0.00132603
1.7375 -0.00285698 0.00392958 0.00196121
1.74167 -0.00252171 0.00267044 0.000851699
1.74583 -0.0011434 0.000537543 -0.000965894
1.75 0.000641114 -0.00196324 -0.00193851
1.75417 0.00197836 -0.00411612 -0.00128065
1.75833 0.00244454 -0.00537509 0.000414268
1.7625 0.00227034 -0.00558056 0.00170374
1.76667 0.00201328 -0.0049145 0.00151059
1.77083 0.00200181 -0.00366868 1.89022e-05
1.775 0.00203654 -0.00203105 -0.00148663
1.77917 0.00159756 -8.63992e-05 -0.00170909
1.78333 0.000379986 0.00196572 -0.000451451
1.7875 -0.00129949 0.00362178 0.00119434
1.79167 -0.0025989 0.00420926 0.00177453
1.79583 -0.00273164 0.00335845 0.000753511
1.8 -0.0016002 0.00142679 -0.00097076
1.80417 4.97651e-05 -0.000588401 -0.0018246
1.80833 0.00114677 -0.00169521 -0.000979583
1.8125 0.00111206 -0.00159744 0.000838158
1.81667 0.000295258 -0.000811085 0.00195926
1.82083 -0.000383219 -0.000112341 0.00132202
1.825 -0.000292311 0.000130474 -0.000476779
1.82917 0.000341345 0.000106719 -0.00170161
1.83333 0.000718083 0.000138298 -0.00115455
1.8375 0.000337069 0.000227579 0.000610417
1.84167 -0.000435419 9.60567e-05 0.00179812
1.84583 -0.000726462 -0.000373624 0.00117168
1.85 -0.000110075 -0.0008549 -0.000664978
1.85417 0.000856544 -0.000827289 -0.00186192
1.85833 0.00114346 -0.000115078 -0.00123438
1.8625 0.000326185 0.000866092 0.000496412
1.86667 -0.000909283 0.00142693 0.00147201
1.87083 -0.00141743 0.00117207 0.000683257
1.875 -0.000746602 0.000283098 -0.000961934
1.87917 0.00042549 -0.000682185 -0.00165738
1.88333 0.00102739 -0.00121033 -0.000681832
1.8875 0.000680772 -0.00110916 0.000850269
1.89167 -2.95795e-05 -0.000530594 0.00127963
1.89583 -0.00031297 0.000159152 0.000243177
1.9 -3.20544e-05 0.00058334 -0.0010046
1.90417 0.000276398 0.000592257 -0.00107167
1.90833 0.000124195 0.000375066 4.32494e-05
1.9125 -0.000363856 0.000258014 0.00106271
1.91667 -0.000641409 0.000321493 0.000916928
1.92083 -0.000374666 0.00029927 -0.000136519
1.925 0.000210005 -3.40082e-05 -0.000908379
1.92917 0.000578349 -0.000463622 -0.000600728
1.93333 0.000422314 -0.000537526 0.00039896
1.9375 -4.86499e-05 -0.000187749 0.000988835
1.94167 -0.000316672 0.000104425 0.000518776
1.94583 -8.11116e-05 -6.4894e-05 -0.000528191
1.95 0.000396368 -0.000424468 -0.00102283
1.95417 0.000528334 -0.000349868 -0.000397659
1.95833 4.97643e-05 0.000270719 0.000675351
1.9625 -0.000625965 0.000818206 0.000969808
1.96667 -0.000816469 0.000689326 0.000105319
1.97083 -0.000326985 5.62713e-06 -0.000950273
1.975 0.000330602 -0.000594156 -0.000966571
1.97917 0.000512034 -0.000686576 0.000107918
1.98333 0.000121751 -0.000394101 0.00107717
1.9875 -0.000342148 -0.000114299 0.000866644
1.99167 -0.000340104 -0.000116476 -0.000301491
1.99583 0.000163253 -0.000323894 -0.0011907
2 0.000633862 -0.000352445 -0.000843461
2.00417 0.000454062 9.50225e-05 0.000457068
2.00833 -0.000372195 0.000726051 0.00138961
2.0125 -0.00101268 0.000812767 0.000834479
2.01667 -0.000620208 0.000142775 -0.000824502
2.02083 0.0005178 -0.000504134 -0.00177188
2.025 0.00106965 -0.000356165 -0.000685207
2.02917 0.000296646 0.00014892 0.00138296
2.03333 -0.000797823 -2.27225e-05 0.00187877
2.0375 -0.000672324 -0.000759395 -4.38537e-05
2.04167 0.000575435 -0.000770869 -0.0020878
2.04583 0.00120689 0.000358516 -0.0016018
2.05 0.000252556 0.00126741 0.000831781
2.05417 -0.00108717 0.000795 0.00208957
2.05833 -0.001126 -0.000211613 0.000698899
2.0625 4.96256e-05 -0.000314723 -0.00135809
2.06667 0.000988206 0.000181755 -0.00158794
2.07083 0.000967433 1.67104e-05 -0.000144859
2.075 0.000496285 -0.000483633 0.00104741
2.07917 4.00447e-05 0.000173191 0.00103909
2.08333 -0.000403288 0.00165545 0.000283156
2.0875 -0.00047907 0.00171576 -0.000690302
2.09167 0.000292323 -0.000122173 -0.0013686
2.09583 0.00117429 -0.00128762 -0.000793629
2.1 0.000686888 -0.000116637 0.00107335
2.10417 -0.000939921 0.00127856 0.00208954
2.10833 -0.00147661 0.000406903 0.000356215
2.1125 1.47198e-05 -0.00138273 -0.00229859
2.11667 0.00131388 -0.00120562 -0.00207018
2.12083 0.00025289 0.000291504 0.0011233
2.125 -0.00169452 2.96452e-05 0.00286374
2.12917 -0.0015266 -0.00190609 0.000614303
2.13333 0.000509764 -0.00215243 -0.0023102
2.1375 0.00130435 -7.07046e-05 -0.00175841
2.14167 -6.67406e-05 0.00076612 0.00100209
2.14583 -0.00100963 -0.00118966 0.00169596
2.15 5.09722e-05 -0.00235542 -0.000139851
2.15417 0.00113494 -0.000180771 -0.00113873
2.15833 0.000469775 0.00187984 -0.000198409
2.1625 -0.000274167 -5.82742e-06 0.000156964
2.16667 0.000825228 -0.00295968 -0.000985433
2.17083 0.00206532 -0.00171017 -0.00108863
2.175 0.000903384 0.0022057 0.000742406
2.17917 -0.0011673 0.00237826 0.00132298
2.18333 -0.000634801 -0.00176354 -0.00113018
2.1875 0.0019323 -0.00351989 -0.00303805
2.19167 0.0023021 0.000155265 -0.000876819
2.19583 -0.000531097 0.00348541 0.00255287
2.2 -0.00243087 0.00138523 0.00208643
2.20417 -0.000719065 -0.00217868 -0.00149479
2.20833 0.00151968 -0.000997693 -0.00253092
2.2125 0.000556566 0.0030012 0.000590647
2.21667 -0.00201208 0.00327268 0.00312047
2.22083 -0.00220675 -0.000218258 0.00167272
2.225 -0.000217592 -0.00123821 -0.000847061
2.22917 0.000381718 0.00183939 -0.000568914
2.23333 -0.00110396 0.00331659 0.0012853
2.2375 -0.00160583 0.000134087 0.00127703
2.24167 8.15162e-05 -0.00271382 -0.000273444
2.24583 0.00116439 -0.000645826 -0.000428638
2.25 -0.00016036 0.0025942 0.000819367
2.25417 -0.00138279 0.00115071 0.000598527
2.25833 7.25157e-05 -0.00296005 -0.0014168
2.2625 0.00219847 -0.00298078 -0.00192377
2.26667 0.00145204 0.00135548 0.000464895
2.27083 -0.00130227 0.00321402 0.00234925
2.275 -0.00188997 -8.81277e-05 0.000675176
2.27917 0.000489345 -0.00254117 -0.00209069
2.28333 0.00180676 0.000637587 -0.00143084
2.2875 -0.000410528 0.00486361 0.00210407
2.29167 -0.00301094 0.0035251 0.00344971
2.29583 -0.00215692 -0.00102862 0.000781629
2.3 0.000554355 -0.00118601 -0.00165552
2.30417 0.000714547 0.00330549 -0.000252293
2.30833 -0.00174406 0.00480321 0.00239952
2.3125 -0.00258862 0.000559787 0.0019986
2.31667 -0.000418516 -0.00253098 -0.00046505
2.32083 0.00108557 0.000456043 -0.000813232
2.325 -0.000408334 0.00400812 0.000995987
2.32917 -0.00183331 0.00152093 0.00109338
2.33333 -0.000164453 -0.00328022 -0.00107383
2.3375 0.00206962 -0.00263623 -0.00159665
2.34167 0.00108417 0.00180001 0.000626982
2.34583 -0.00131848 0.00167685 0.00135986
2.35 -0.000566141 -0.00364315 -0.00156562
2.35417 0.00270608 -0.00592667 -0.0038331
2.35833 0.00345597 -0.00218742 -0.00169066
2.3625 0.00074047 0.000478571 0.00138313
2.36667 -0.000706574 -0.00255043 0.000269688
2.37083 0.00147168 -0.00573783 -0.00327609
2.375 0.00351629 -0.00361774 -0.00370694
2.37917 0.00224385 -0.000228981 -0.000781228
2.38333 0.000158841 -0.00132389 0.000775853
2.3875 0.000505457 -0.00403159 -0.000550374
2.39167 0.00172389 -0.00240982 -0.00151987
2.39583 0.000901677 0.00179033 -0.000553112
2.4 -0.000855416 0.00253225 0.000275052
2.40417 -0.000908523 0.000242065 0.000182989
2.40833 -0.000151845 0.000458529 0.00103079
2.4125 -0.00104679 0.00363733 0.00266773
2.41667 -0.00265698 0.00474518 0.0022494
2.42083 -0.00224372 0.00247872 -0.000239848
2.425 -0.000432335 0.000990357 -0.000876797
2.42917 -0.00023176 0.0019473 0.00165809
2.43333 -0.00165729 0.0021248 0.00325338
2.4375 -0.00177186 0.000139886 0.0009159
2.44167 6.77234e-05 -0.00104895 -0.00219706
2.44583 0.00124892 -0.000151507 -0.00185677
2.45 0.000573148 2.01065e-05 0.000684642
2.45417 -6.78342e-05 -0.0016769 0.00132158
2.45833 0.000483494 -0.00222665 -0.000324064
2.4625 0.00084062 -0.00042275 -0.00133137
2.46667 0.000314858 0.000207484 -0.000859477
2.47083 0.00044661 -0.00207093 -0.000610782
2.475 0.00158079 -0.0030492 -0.000656579
2.47917 0.00131451 0.00038293 0.000611437
2.48333 -0.0012001 0.00375428 0.00220416
2.4875 -0.00257738 0.00168277 0.0010069
2.49167 -0.000233065 -0.00254024 -0.00220557
2.49583 0.00253059 -0.00161764 -0.0022612
2.5 0.00101786 0.00331749 0.00210257
2.50417 -0.002892 0.00382708 0.00447847
2.50833 -0.00291603 -0.00163643 0.000160611
2.5125 0.00150704 -0.00435816 -0.00517069
2.51667 0.0036651 0.000175478 -0.00321898
2.52083 0.000198407 0.00414317 0.00340869
2.525 -0.00324593 0.000569318 0.00451279
2.52917 -0.00124812 -0.00423982 -0.00148922
2.53333 0.00246446 -0.00146863 -0.00498166
2.5375 0.0016526 0.00421667 -0.000910887
2.54167 -0.00172922 0.00237453 0.0035079
2.54583 -0.00148155 -0.00427039 0.00167641
2.55 0.00153948 -0.00383217 -0.0018931
2.55417 0.00132954 0.00348878 -0.00102226
2.55833 -0.00176229 0.00495504 0.00126993
2.5625 -0.00153997 -0.00220046 1.34566e-05
2.56667 0.00205552 -0.00532848 -0.00155805
2.57083 0.00212287 0.00128843 0.00105317
2.575 -0.00230214 0.00595139 0.00342146
2.57917 -0.00343392 0.000213774 -0.000179018
2.58333 0.00153832 -0.00605038 -0.00476192
2.5875 0.00460055 -0.00213812 -0.00206149
2.59167 0.000377343 0.00484361 0.00440496
2.59583 -0.00437301 0.00301105 0.00421604
2.6 -0.00204493 -0.00371544 -0.00255772
2.60417 0.0032985 -0.0035186 -0.00539949
2.60833 0.00319105 0.00271643 -0.000341306
2.6125 -0.00161709 0.00426723 0.00471314
2.61667 -0.003593 -0.000663767 0.00307905
2.62083 -0.000600626 -0.00350702 -0.00194559
2.625 0.00239274 -0.000653191 -0.00382768
2.62917 0.00186996 0.00216507 -0.00126808
2.63333 -0.000415511 0.000783572 0.00227016
2.6375 -0.00149295 -0.00175109 0.00302265
2.64167 -0.000665355 -0.00148439 0.000117889
2.64583 0.000776015 0.000982954 -0.00309656
2.65 0.00105904 0.00238074 -0.00224823
2.65417 -0.000196991 0.000837435 0.0017942
2.65833 -0.00115657 -0.00193803 0.00333244
2.6625 -0.000359814 -0.00205123 0.000351569
2.66667 0.000710398 0.00115857 -0.0024638
2.67083 0.00025689 0.00274436 -0.00158034
2.675 -0.000375713 -0.000580419 0.000489497
2.67917 0.000493945 -0.00377044 0.000911648
2.68333 0.000989159 -0.000910556 0.000769957
2.6875 -0.000784837 0.00393752 0.000760829
2.69167 -0.00206996 0.0026505 -0.000687361
2.69583 8.13954e-05 -0.00285403 -0.00242258
2.7 0.0025649 -0.00349039 -0.000784303
2.70417 0.000913198 0.00143584 0.0029058
2.70833 -0.00248171 0.00343541 0.00270519
2.7125 -0.0019706 -0.000330291 -0.00184262
2.71667 0.00170357 -0.0031182 -0.00396538
2.72083 0.00274015 -0.000879237 -0.000515405
2.725 -0.000135346 0.0020494 0.00325549
2.72917 -0.00240326 0.00158691 0.00243106
2.73333 -0.00136441 -0.000428113 -0.00103267
2.7375 0.000896366 -0.00110969 -0.00280525
2.74167 0.00173111 -0.000461444 -0.00151879
2.74583 0.000691732 0.000466566 0.00148567
2.75 -0.00113683 0.000745346 0.00325125
2.75417 -0.00174026 -0.00034992 0.000988978
2.75833 8.70252e-05 -0.00145951 -0.00330941
2.7625 0.0021108 -0.00023587 -0.003423
2.76667 0.00102905 0.00184655 0.0016935
2.77083 -0.0018288 0.000943468 0.0046209
2.775 -0.0019692 -0.00171888 0.00084069
2.77917 0.000683734 -0.00118084 -0.00360778
2.78333 0.00170908 0.00163882 -0.00224582
2.7875 8.73681e-05 0.000994341 0.00165118
2.79167 -0.000698824 -0.00227495 0.00214606
2.79583 0.000165149 -0.00150433 0.000324452
2.8 -4.01065e-05 0.00267749 -0.000315984
2.80417 -0.00104772 0.00253164 -0.000636621
2.80833 2.9995e-05 -0.0021517 -0.00146172
2.8125 0.00190151 -0.00305016 -0.000179239
2.81667 0.00069874 0.00131328 0.00268225
2.82083 -0.00206583 0.00301718 0.00193725
2.825 -0.00144481 -0.000418868 -0.00246932
2.82917 0.00175759 -0.00231475 -0.00351132
2.83333 0.00217151 3.37035e-05 0.000841511
2.8375 -0.00060652 0.00152365 0.00359697
2.84167 -0.00188357 0.000116901 0.000779654
2.84583 -0.000324319 -0.000494838 -0.0025806
2.85 0.0010253 0.000360321 -0.00206764
2.85417 0.000880803 -0.000106454 0.000110528
2.85833 0.000337482 -0.000852594 0.00131136
2.8625 -0.00058427 0.000632535 0.00174352
2.86667 -0.00156464 0.00159027 0.000653711
2.87083 -0.000482239 -0.000818204 -0.00226841
2.875 0.00212818 -0.00245414 -0.00286574
2.87917 0.00197162 0.000306949 0.00143027
2.88333 -0.00148711 0.00262848 0.00474767
2.8875 -0.00270416 8.02953e-05 0.00137023
2.89167 0.00058883 -0.00254273 -0.00352124
2.89583 0.00307291 -0.000534636 -0.00197529
2.9 0.00119955 0.00163831 0.00327097
2.90417 -0.0010269 -0.000354474 0.00425052
2.90833 1.88145e-05 -0.00210781 0.00120388
2.9125 0.0018045 0.000118465 1.90479e-05
2.91667 0.00183628 0.00164413 0.00160151
2.92083 0.00192114 -0.000943957 0.00323827
2.925 0.00295781 -0.00283508 0.00501189
2.92917 0.00295477 -0.000830743 0.00706377
2.93333 0.00242087 0.000476682 0.00684408
2.9375 0.00426257 -0.00168289 0.00522389
2.94167 0.00731969 -0.00311584 0.00763313
2.94583 0.00766974 -0.00179863 0.0141854
2.95 0.00634032 -0.00159489 0.0177738
2.95417 0.00783666 -0.00362906 0.0162532
2.95833 0.0117822 -0.00430028 0.0164288
2.9625 0.0139193 -0.00348687 0.0220252
2.96667 0.0140098 -0.00456491 0.028086
2.97083 0.0151302 -0.00641371 0.0307586
2.975 0.0171812 -0.00551153 0.0325085
2.97917 0.0181948 -0.00414867 0.0350758
2.98333 0.0192245 -0.0063852 0.0368691
2.9875 0.0214154 -0.0091173 0.0385168
2.99167 0.0220054 -0.00740599 0.041772
2.99583 0.0192901 -0.00430318 0.0433768
