0 0 0 0
0.00416667 0 0 0
0.00833333 0 0 0
0.0125 0 0 0
0.0166667 0 0 0
0.0208333 0 0 0
0.025 0 0 0
0.0291667 0 0 0
0.0333333 0 0 0
0.0375 0 0 0
0.0416667 0 0 0
0.0458333 0 0 0
0.05 0 0 0
0.0541667 0 0 0
0.0583333 0 0 0
0.0625 0 0 0
0.0666667 0 0 0
0.0708333 0 0 0
0.075 0 0 0
0.0791667 0 0 0
0.0833333 0 0 0
0.0875 0 0 0
0.0916667 0 0 0
0.0958333 0 0 0
0.1 0 0 0
0.104167 0 0 0
0.108333 0 0 0
0.1125 0 0 0
0.116667 0 0 0
0.120833 0 0 0
0.125 -1.82804e-322 3.78948e-321 8.18173e-321
0.129167 -2.0713e-316 2.85593e-315 6.08258e-315
0.133333 -1.00455e-310 1.3401e-309 2.85475e-309
0.1375 -3.2105e-305 4.14804e-304 8.83831e-304
0.141667 -6.93329e-300 8.68414e-299 1.85076e-298
0.145833 -1.03514e-294 1.25803e-293 2.68173e-293
0.15 -1.091e-289 1.28762e-288 2.74546e-288
0.154167 -8.27439e-285 9.49104e-284 2.02417e-283
0.158333 -4.59593e-280 5.12734e-279 1.09379e-278
0.1625 -1.9001e-275 2.0632e-274 4.40247e-274
0.166667 -5.93523e-271 6.27688e-270 1.33972e-269
0.170833 -1.42026e-266 1.46383e-265 3.12521e-265
0.175 -2.63716e-262 2.65056e-261 5.66038e-261
0.179167 -3.84511e-258 3.77086e-257 8.0551e-257
0.183333 -4.4514e-254 4.26181e-253 9.1065e-253
0.1875 -4.13408e-250 3.86607e-249 8.26335e-249
0.191667 -3.10983e-246 2.84208e-245 6.07653e-245
0.195833 -1.91195e-242 1.70841e-241 3.65382e-241
0.2 -9.68857e-239 8.46814e-238 1.81168e-237
0.204167 -4.07862e-235 3.48854e-234 7.46581e-234
0.208333 -1.437e-231 1.20329e-230 2.576e-230
0.2125 -4.26691e-228 3.49931e-227 7.49388e-227
0.216667 -1.07482e-224 8.63624e-224 1.85011e-223
0.220833 -2.311e-221 1.82e-220 3.9003e-220
0.225 -4.2662e-218 3.29417e-217 7.06201e-217
0.229167 -6.79903e-215 5.14913e-214 1.10427e-213
0.233333 -9.40325e-212 6.98694e-211 1.49896e-210
0.2375 -1.13415e-208 8.27064e-208 1.77502e-207
0.241667 -1.19853e-205 8.58043e-205 1.84222e-204
0.245833 -1.11465e-202 7.83633e-202 1.68312e-201
0.25 -9.16126e-200 6.32656e-199 1.35939e-198
0.254167 -6.68087e-197 4.53316e-196 9.74433e-196
0.258333 -4.33927e-194 2.8937e-193 6.22276e-193
0.2625 -2.51926e-191 1.65154e-190 3.55303e-190
0.266667 -1.31187e-188 8.4565e-188 1.82006e-187
0.270833 -6.14743e-186 3.89744e-185 8.39193e-185
0.275 -2.60037e-183 1.62183e-182 3.49364e-182
0.279167 -9.95883e-181 6.11168e-180 1.31712e-179
0.283333 -3.46298e-178 2.09158e-177 4.50958e-177
0.2875 -1.09632e-175 6.51818e-175 1.406e-174
0.291667 -3.16814e-173 1.85456e-172 4.00224e-172
0.295833 -8.37776e-171 4.82946e-170 1.04271e-169
0.3 -2.03209e-168 1.1538e-167 2.49231e-167
0.304167 -4.5315e-166 2.53467e-165 5.47778e-165
0.308333 -9.31052e-164 5.13127e-163 1.10948e-162
0.3125 -1.76625e-161 9.59283e-161 2.07519e-160
0.316667 -3.09991e-159 1.65944e-158 3.59163e-158
0.320833 -5.04321e-157 2.66138e-156 5.76313e-156
0.325 -7.61962e-155 3.96449e-154 8.5894e-154
0.329167 -1.07103e-152 5.49513e-152 1.19119e-151
0.333333 -1.40302e-150 7.09942e-150 1.53977e-149
0.3375 -1.71566e-148 8.56326e-148 1.85825e-147
0.341667 -1.96156e-146 9.65865e-146 2.09709e-145
0.345833 -2.10008e-144 1.02028e-143 2.21645e-143
0.35 -2.10853e-142 1.01085e-141 2.19719e-141
0.354167 -1.98815e-140 9.40666e-140 2.04579e-139
0.358333 -1.76296e-138 8.23308e-138 1.79157e-137
0.3625 -1.47209e-136 6.78642e-136 1.47761e-135
0.366667 -1.15899e-134 5.27502e-134 1.1492e-133
0.370833 -8.6142e-133 3.87122e-132 8.4387e-132
0.375 -6.05145e-131 2.68553e-130 5.85753e-130
0.379167 -4.02266e-129 1.76306e-128 3.84781e-128
0.383333 -2.53315e-127 1.09659e-126 2.39472e-126
0.3875 -1.51276e-125 6.46889e-125 1.41353e-124
0.391667 -8.57615e-124 3.62303e-123 7.92163e-123
0.395833 -4.62027e-122 1.92845e-121 4.21913e-121
0.4 -2.36766e-120 9.76481e-120 2.13772e-119
0.404167 -1.1552e-118 4.7081e-118 1.03136e-117
0.408333 -5.3713e-117 2.16348e-116 4.74237e-116
0.4125 -2.38217e-115 9.48346e-115 2.08014e-114
0.416667 -1.00857e-113 3.96883e-113 8.71108e-113
0.420833 -4.07989e-112 1.58708e-111 3.48575e-111
0.425 -1.57814e-110 6.06918e-110 1.33388e-109
0.429167 -5.84173e-109 2.22122e-108 4.88506e-108
0.433333 -2.07092e-107 7.786e-107 1.71351e-106
0.4375 -7.03612e-106 2.61588e-105 5.76088e-105
0.441667 -2.29278e-104 8.42975e-104 1.85774e-103
0.445833 -7.17057e-103 2.60738e-102 5.75011e-102
0.45 -2.15378e-101 7.74603e-101 1.70945e-100
0.454167 -6.21709e-100 2.21169e-99 4.88438e-99
0.458333 -1.72581e-98 6.0732e-98 1.34218e-97
0.4625 -4.60982e-97 1.60482e-96 3.54922e-96
0.466667 -1.18556e-95 4.08331e-95 9.03718e-95
0.470833 -2.93744e-94 1.00099e-93 2.217e-93
0.475 -7.01561e-93 2.3655e-92 5.243e-92
0.479167 -1.61605e-91 5.39182e-91 1.19595e-90
0.483333 -3.59227e-90 1.18604e-89 2.63271e-89
0.4875 -7.70972e-89 2.51909e-88 5.59594e-88
0.491667 -1.5984e-87 5.16879e-87 1.14907e-86
0.495833 -3.20277e-86 1.02506e-85 2.28055e-85
0.5 -6.20539e-85 1.9658e-84 4.37683e-84
0.504167 -1.16311e-83 3.64719e-83 8.1267e-83
0.508333 -2.11e-82 6.54949e-82 1.4605e-81
0.5125 -3.70634e-81 1.13889e-80 2.54164e-80
0.516667 -6.30668e-80 1.91853e-79 4.2849e-79
0.520833 -1.04e-78 3.13221e-78 7.00113e-78
0.525 -1.66274e-77 4.95806e-77 1.10911e-76
0.529167 -2.57838e-76 7.61245e-76 1.70425e-75
0.533333 -3.87947e-75 1.13412e-74 2.54108e-74
0.5375 -5.6659e-74 1.64015e-73 3.67784e-73
0.541667 -8.03524e-73 2.30334e-72 5.16917e-72
0.545833 -1.10693e-71 3.14226e-71 7.05764e-71
0.55 -1.4818e-70 4.16572e-70 9.36405e-70
0.554167 -1.92822e-69 5.36848e-69 1.20777e-68
0.558333 -2.43987e-68 6.72782e-68 1.51484e-67
0.5625 -3.00308e-67 8.20166e-67 1.84823e-66
0.566667 -3.59664e-66 9.72912e-66 2.19427e-65
0.570833 -4.19268e-65 1.12338e-64 2.53575e-64
0.575 -4.75868e-64 1.26297e-63 2.85325e-63
0.579167 -5.26031e-63 1.38294e-62 3.12692e-62
0.583333 -5.66491e-62 1.47531e-61 3.33862e-61
0.5875 -5.94507e-61 1.53377e-60 3.47387e-60
0.591667 -6.08168e-60 1.55436e-59 3.52352e-59
0.595833 -6.06613e-59 1.53596e-58 3.48478e-58
0.6 -5.90115e-58 1.48032e-57 3.36144e-57
0.604167 -5.60032e-57 1.39185e-56 3.16328e-56
0.608333 -5.18619e-56 1.27704e-55 2.90484e-55
0.6125 -4.68763e-55 1.14365e-54 2.60368e-54
0.616667 -4.13648e-54 9.99921e-54 2.27844e-53
0.620833 -3.56439e-53 8.53741e-53 1.94705e-52
0.625 -2.99996e-52 7.11989e-52 1.62518e-51
0.629167 -2.46673e-51 5.80103e-51 1.32529e-50
0.633333 -1.98197e-50 4.61867e-50 1.05609e-49
0.6375 -1.55646e-49 3.59419e-49 8.22558e-49
0.641667 -1.1949e-48 2.73433e-48 6.26318e-48
0.645833 -8.96955e-48 2.034e-47 4.66311e-47
0.65 -6.58478e-47 1.47977e-46 3.39545e-46
0.654167 -4.72855e-46 1.05307e-45 2.41848e-45
0.658333 -3.32211e-45 7.33217e-45 1.68537e-44
0.6625 -2.28392e-44 4.99566e-44 1.1493e-43
0.666667 -1.53676e-43 3.33136e-43 7.6708e-43
0.670833 -1.01221e-42 2.17467e-42 5.01176e-42
0.675 -6.52748e-42 1.3899e-41 3.20596e-41
0.679167 -4.12199e-41 8.69892e-41 2.00824e-40
0.683333 -2.54933e-40 5.33226e-40 1.23208e-39
0.6875 -1.54444e-39 3.20178e-39 7.40443e-39
0.691667 -9.16672e-39 1.88353e-38 4.35959e-38
0.695833 -5.33112e-38 1.08573e-37 2.51516e-37
0.7 -3.03844e-37 6.13343e-37 1.42206e-36
0.704167 -1.69736e-36 3.39611e-36 7.88068e-36
0.708333 -9.29504e-36 1.84339e-35 4.28119e-35
0.7125 -4.99046e-35 9.81001e-35 2.28024e-34
0.716667 -2.62725e-34 5.11915e-34 1.19089e-33
0.720833 -1.35641e-33 2.61974e-33 6.09944e-33
0.725 -6.86854e-33 1.31494e-32 3.06404e-32
0.729167 -3.41174e-32 6.47437e-32 1.50986e-31
0.733333 -1.66257e-31 3.12739e-31 7.29913e-31
0.7375 -7.94921e-31 1.48221e-30 3.46215e-30
0.741667 -3.72958e-30 6.89342e-30 1.61143e-29
0.745833 -1.71726e-29 3.14631e-29 7.36065e-29
0.75 -7.76067e-29 1.40947e-28 3.29994e-28
0.754167 -3.44266e-28 6.19792e-28 1.45219e-27
0.758333 -1.49922e-27 2.67555e-27 6.27358e-27
0.7625 -6.40997e-27 1.13397e-26 2.66086e-26
0.766667 -2.69095e-26 4.719e-26 1.10812e-25
0.770833 -1.10932e-25 1.92841e-25 4.53152e-25
0.775 -4.491e-25 7.73908e-25 1.81985e-24
0.779167 -1.78569e-24 3.05039e-24 7.17787e-24
0.783333 -6.97399e-24 1.18095e-23 2.78074e-23
0.7875 -2.67548e-23 4.49113e-23 1.05819e-22
0.791667 -1.00832e-22 1.67787e-22 3.95585e-22
0.795833 -3.73343e-22 6.15841e-22 1.45284e-21
0.8 -1.35818e-21 2.22086e-21 5.24234e-21
0.804167 -4.85482e-21 7.86938e-21 1.85863e-20
0.808333 -1.70525e-20 2.74004e-20 6.4751e-20
0.8125 -5.88605e-20 9.37549e-20 2.21673e-19
0.816667 -1.99667e-19 3.15266e-19 7.45784e-19
0.820833 -6.65672e-19 1.04191e-18 2.46588e-18
0.825 -2.18125e-18 3.38432e-18 8.01326e-18
0.829167 -7.02527e-18 1.0805e-17 2.55944e-17
0.833333 -2.22408e-17 3.39082e-17 8.03517e-17
0.8375 -6.92128e-17 1.046e-16 2.47958e-16
0.841667 -2.11731e-16 3.17189e-16 7.52156e-16
0.845833 -6.36739e-16 9.45541e-16 2.24283e-15
0.85 -1.88247e-15 2.77095e-15 6.57442e-15
0.854167 -5.47133e-15 7.98314e-15 1.89452e-14
0.858333 -1.56339e-14 2.26112e-14 5.36695e-14
0.8625 -4.39197e-14 6.29633e-14 1.49469e-13
0.866667 -1.21303e-13 1.72372e-13 4.09235e-13
0.870833 -3.29389e-13 4.63946e-13 1.10153e-12
0.875 -8.79373e-13 1.22769e-12 2.91486e-12
0.879167 -2.30814e-12 3.19398e-12 7.58298e-12
0.883333 -5.95628e-12 8.16943e-12 1.93935e-11
0.8875 -1.51114e-11 2.0543e-11 4.87596e-11
0.891667 -3.76917e-11 5.07854e-11 1.20516e-10
0.895833 -9.24247e-11 1.23427e-10 2.92816e-10
0.9 -2.22802e-10 2.9489e-10 6.99357e-10
0.904167 -5.27987e-10 6.92592e-10 1.64187e-09
0.908333 -1.22994e-09 1.59898e-09 3.78877e-09
0.9125 -2.8163e-09 3.62855e-09 8.5931e-09
0.916667 -6.3385e-09 8.09331e-09 1.91545e-08
0.920833 -1.4021e-08 1.77416e-08 4.19593e-08
0.925 -3.04806e-08 3.8221e-08 9.03215e-08
0.929167 -6.5116e-08 8.09131e-08 1.91039e-07
0.933333 -1.36689e-07 1.68307e-07 3.96988e-07
0.9375 -2.81913e-07 3.43962e-07 8.10424e-07
0.941667 -5.71198e-07 6.90548e-07 1.62508e-06
0.945833 -1.13683e-06 1.36175e-06 3.20044e-06
0.95 -2.2222e-06 2.63732e-06 6.18947e-06
0.954167 -4.26565e-06 5.01563e-06 1.17527e-05
0.958333 -8.03954e-06 9.36506e-06 2.19071e-05
0.9625 -1.48745e-05 1.71649e-05 4.00785e-05
0.966667 -2.70107e-05 3.08765e-05 7.19496e-05
0.970833 -4.81297e-05 5.44974e-05 0.000126716
0.975 -8.41344e-05 9.4358e-05 0.000218884
0.979167 -0.000144245 0.000160221 0.000370721
0.983333 -0.000242477 0.000266727 0.000615457
0.9875 -0.000399523 0.000435193 0.00100119
0.991667 -0.000644998 0.000695669 0.00159525
0.995833 -0.00101988 0.00108907 0.00248861
1 -0.00157878 0.00166893 0.00379916
1.00417 -0.00239143 0.00250228 0.00567264
1.00833 -0.00354255 0.00366856 0.00827916
1.0125 -0.00512888 0.00525577 0.0118029
1.01667 -0.00725208 0.00735252 0.0164226
1.02083 -0.0100063 0.0100352 0.0222818
1.025 -0.01346 0.0133497 0.0294473
1.02917 -0.017631 0.0172889 0.0378591
1.03333 -0.0224589 0.0217678 0.047278
1.0375 -0.0277763 0.0265998 0.0572394
1.04167 -0.0332862 0.0314813 0.067027
1.04583 -0.0385524 0.0359907 0.0756828
1.05 -0.0430124 0.0396078 0.0820644
1.05417 -0.0460185 0.04176 0.0849599
1.05833 -0.0469089 0.0418935 0.0832553
1.0625 -0.0451078 0.0395657 0.0761372
1.06667 -0.0402383 0.0345419 0.063296
1.07083 -0.0322301 0.0268797 0.0450851
1.075 -0.0213946 0.0169759 0.0225849
1.07917 -0.00844066 0.00555638 -0.00246491
1.08333 0.00558509 -0.00640214 -0.0278802
1.0875 0.0194378 -0.0178128 -0.0513684
1.09167 0.0318729 -0.02766 -0.0709235
1.09583 0.0418636 -0.0351801 -0.0851863
1.1 0.0487854 -0.039998 -0.0936716
1.10417 0.0525138 -0.0421776 -0.0967899
1.10833 0.0534042 -0.0421691 -0.0956504
1.1125 0.0521556 -0.0406669 -0.0917021
1.11667 0.0496001 -0.0384222 -0.0863352
1.12083 0.04649 -0.0360759 -0.0805904
1.125 0.0433618 -0.0340715 -0.0750913
1.12917 0.0405318 -0.0326814 -0.0702287
1.13333 0.0382223 -0.0321287 -0.0665122
1.1375 0.0367583 -0.0327412 -0.064903
1.14167 0.0367265 -0.0350444 -0.0669165
1.14583 0.0389847 -0.0397136 -0.0743444
1.15 0.0444584 -0.0473556 -0.0886049
1.15417 0.0537531 -0.0581718 -0.109909
1.15833 0.0667059 -0.0716203 -0.136569
1.1625 0.0820624 -0.0862301 -0.164793
1.16667 0.0974508 -0.099683 -0.189149
1.17083 0.109729 -0.109189 -0.203661
1.175 0.115639 -0.112066 -0.203196
1.17917 0.112573 -0.106341 -0.184696
1.18333 0.0991836 -0.0911828 -0.147812
1.1875 0.0756424 -0.0670248 -0.0947611
1.19167 0.0434771 -0.0353751 -0.0295536
1.19583 0.00510048 0.00156435 0.0430292
1.2 -0.0367363 0.041293 0.118232
1.20417 -0.0793322 0.0812638 0.191621
1.20833 -0.120148 0.118949 0.258912
1.2125 -0.156695 0.151799 0.315644
1.21667 -0.186397 0.177246 0.357113
1.22083 -0.206629 0.192884 0.378831
1.225 -0.21504 0.196837 0.377434
1.22917 -0.210082 0.188207 0.351685
1.23333 -0.191519 0.167413 0.303116
1.2375 -0.160693 0.136256 0.235998
1.24167 -0.120395 0.0976715 0.156656
1.24583 -0.0744152 0.0552561 0.0724306
1.25 -0.0269373 0.0127453 -0.00934063
1.25417 0.0180034 -0.0264127 -0.0820772
1.25833 0.0569024 -0.0593303 -0.140437
1.2625 0.0870205 -0.0838424 -0.180676
1.26667 0.106561 -0.0986339 -0.200994
1.27083 0.114842 -0.103362 -0.201798
1.275 0.112403 -0.0987226 -0.185664
1.27917 0.100945 -0.0863764 -0.156838
1.28333 0.0830103 -0.0686812 -0.120334
1.2875 0.0614773 -0.0482927 -0.0809792
1.29167 0.0390541 -0.0277594 -0.0428127
1.29583 0.0179729 -0.00923927 -0.00899544
1.3 -5.11895e-05 0.00563182 0.0179601
1.30417 -0.0137251 0.0157965 0.0360979
1.30833 -0.0221725 0.0208569 0.0443753
1.3125 -0.0251386 0.0211944 0.0433308
1.31667 -0.0232883 0.0180056 0.0354802
1.32083 -0.018286 0.0130831 0.0248319
1.325 -0.0123913 0.00827669 0.0154236
1.32917 -0.007611 0.00480986 0.00954061
1.33333 -0.00482169 0.0028096 0.00671921
1.3375 -0.00343036 0.00138523 0.00433077
1.34167 -0.00189335 -0.000697861 -0.000422441
1.34583 0.00112889 -0.00409157 -0.008286
1.35 0.00568101 -0.00825313 -0.0170039
1.35417 0.010236 -0.011583 -0.0224175
1.35833 0.0125036 -0.0122988 -0.0210392
1.3625 0.0108718 -0.00954193 -0.0124619
1.36667 0.0055591 -0.00402573 2.48419e-05
1.37083 -0.00130724 0.00220895 0.0110921
1.375 -0.00678251 0.00680164 0.0162681
1.37917 -0.0086856 0.00823523 0.0142224
1.38333 -0.00667326 0.00646723 0.00705308
1.3875 -0.00218045 0.00271784 -0.00139472
1.39167 0.00261702 -0.00134359 -0.00785221
1.39583 0.00603541 -0.00443402 -0.011002
1.4 0.0075063 -0.0060291 -0.011233
1.40417 0.00734093 -0.00620297 -0.00941477
1.40833 0.00605747 -0.00525558 -0.0059774
1.4125 0.00394625 -0.00351254 -0.00108966
1.41667 0.0012096 -0.00140869 0.00443136
1.42083 -0.00159381 0.000376169 0.00862834
1.425 -0.00340088 0.00105022 0.00916953
1.42917 -0.00314225 0.000175661 0.00504147
1.43333 -0.000608305 -0.00184671 -0.002183
1.4375 0.00304842 -0.00373652 -0.00877459
1.44167 0.00574669 -0.00393658 -0.0110144
1.44583 0.00571533 -0.00155845 -0.00769136
1.45 0.0027101 0.00296841 -0.00107122
1.45417 -0.00171601 0.00805176 0.00451623
1.45833 -0.00517419 0.0118571 0.00556928
1.4625 -0.00600267 0.0133912 0.00173411
1.46667 -0.00432271 0.0130054 -0.00411413
1.47083 -0.00183271 0.0119827 -0.00804028
1.475 -0.000517016 0.0115365 -0.00782016
1.47917 -0.0012433 0.0119617 -0.00427904
1.48333 -0.00327194 0.0125379 -0.000322398
1.4875 -0.00497662 0.0121991 0.00144256
1.49167 -0.00515248 0.0104136 0.000594307
1.49583 -0.00388306 0.00759584 -0.00109791
1.5 -0.00234218 0.00477186 -0.00138827
1.50417 -0.00177136 0.00281121 0.000510976
1.50833 -0.00250066 0.00185327 0.00335194
1.5125 -0.00378961 0.00136027 0.00502722
1.51667 -0.00455984 0.000699956 0.00444655
1.52083 -0.00435941 -0.000267483 0.00251315
1.525 -0.00372965 -0.00110924 0.00136848
1.52917 -0.00366009 -0.00132009 0.00251812
1.53333 -0.00458786 -0.000976819 0.00539846
1.5375 -0.00579677 -0.000967014 0.00762705
1.54167 -0.00577061 -0.00253685 0.00683609
1.54583 -0.00328772 -0.00645302 0.00267635
1.55 0.00158212 -0.0124117 -0.00264695
1.55417 0.0073914 -0.0191703 -0.0058573
1.55833 0.0122689 -0.0253326 -0.00506541
1.5625 0.0152183 -0.0301978 -0.00130369
1.56667 0.0167515 -0.0340147 0.00215076
1.57083 0.0183231 -0.0374286 0.00226738
1.575 0.0209647 -0.0405524 -0.00130978
1.57917 0.0241888 -0.0424248 -0.00584502
1.58333 0.0260819 -0.0413557 -0.00755799
1.5875 0.0246067 -0.0359795 -0.00462663
1.59167 0.0191553 -0.0262575 0.00122529
1.59583 0.011132 -0.0136651 0.00591336
1.6 0.00305423 -0.000390487 0.00612383
1.60417 -0.003176 0.011869 0.00193859
1.60833 -0.00748515 0.0226162 -0.00319063
1.6125 -0.0113584 0.0322619 -0.00517312
1.61667 -0.0163015 0.0411261 -0.00255207
1.62083 -0.0222962 0.0486021 0.00234229
1.625 -0.0275415 0.0532189 0.00532322
1.62917 -0.0297346 0.0535971 0.0037895
1.63333 -0.0278649 0.0495336 -0.00115472
1.6375 -0.0230523 0.0423155 -0.00564062
1.64167 -0.0177336 0.0339649 -0.00622368
1.64583 -0.0138581 0.025985 -0.00265091
1.65 -0.0115604 0.0185844 0.00206285
1.65417 -0.00935621 0.0109665 0.00422429
1.65833 -0.00563001 0.00240151 0.00247737
1.6625 -0.000131521 -0.00682641 -0.00126
1.66667 0.00575093 -0.0153756 -0.00360068
1.67083 0.0100992 -0.0217135 -0.00258394
1.675 0.0119627 -0.0251516 0.000800577
1.67917 0.0119852 -0.0262003 0.00363091
1.68333 0.0117031 -0.0260006 0.00359657
1.6875 0.0121857 -0.0253646 0.000861001
1.69167 0.0131895 -0.0242417 -0.00223734
1.69583 0.0134872 -0.0220055 -0.00323391
1.7 0.0120148 -0.0182312 -0.00152935
1.70417 0.00882713 -0.0132449 0.0012814
1.70833 0.00508647 -0.00798968 0.0028616
1.7125 0.00215731 -0.00337868 0.00204731
1.71667 0.000603265 0.000264236 -0.000336974
1.72083 -9.95431e-05 0.00321342 -0.00230282
1.725 -0.000960118 0.00585377 -0.00236242
1.72917 -0.002537 0.00817021 -0.000653918
1.73333 -0.00444917 0.00965879 0.00130355
1.7375 -0.00569769 0.00970911 0.00191885
1.74167 -0.00549091 0.00812374 0.00079643
1.74583 -0.00388937 0.0053704 -0.00102751
1.75 -0.00177573 0.00240039 -0.00200171
1.75417 -0.00021464 0.000176183 -0.0013427
1.75833 0.000268265 -0.000787583 0.000355098
1.7625 -5.81216e-05 -0.000608024 0.00164975
1.76667 -0.000483634 0.000142937 0.00146583
1.77083 -0.000484776 0.00084909 -1.0769e-05
1.775 -0.000113087 0.0012169 -0.00149513
1.77917 0.000141128 0.00134121 -0.00169269
1.78333 -0.000139506 0.00143918 -0.000411528
1.7875 -0.000859626 0.00151676 0.00124985
1.79167 -0.00142962 0.00131855 0.00183186
1.79583 -0.00125393 0.00064448 0.000796178
1.8 -0.000293261 -0.00029203 -0.000957128
1.80417 0.000804991 -0.000903759 -0.00184739
1.80833 0.00119073 -0.000730612 -0.00103605
1.8125 0.000551676 5.87019e-05 0.000760995
1.81667 -0.000545511 0.000714916 0.00188129
1.82083 -0.00108956 0.000540978 0.00126432
1.825 -0.000515631 -0.000473177 -0.00049831
1.82917 0.000752852 -0.00163767 -0.00168101
1.83333 0.0016639 -0.00217905 -0.0010974
1.8375 0.0015052 -0.00186675 0.000689071
1.84167 0.000554129 -0.00106413 0.00187862
1.84583 -0.000247751 -0.000253605 0.00123568
1.85 -0.000275051 0.000391953 -0.000629564
1.85417 0.000165531 0.000961299 -0.00185845
1.85833 0.000244341 0.00144156 -0.00125795
1.8625 -0.000394211 0.00154536 0.00045612
1.86667 -0.00115283 0.000967578 0.00142683
1.87083 -0.00109163 -0.000216109 0.000643014
1.875 8.22674e-06 -0.00146728 -0.000991497
1.87917 0.00130762 -0.0021275 -0.00167489
1.88333 0.00170796 -0.00185977 -0.000689132
1.8875 0.000938217 -0.000822337 0.000849953
1.89167 -0.000234277 0.000478145 0.00128336
1.89583 -0.000847376 0.00146581 0.000249263
1.9 -0.000673462 0.00175897 -0.000996625
1.90417 -0.000262159 0.00136092 -0.00106177
1.90833 -0.000187572 0.000660501 5.46297e-05
1.9125 -0.00042599 0.000126743 0.00107405
1.91667 -0.000498078 -0.000112733 0.000925712
1.92083 -8.85219e-05 -0.000337218 -0.000132866
1.925 0.000585069 -0.000777407 -0.000911159
1.92917 0.000990323 -0.00117576 -0.000608882
1.93333 0.000796989 -0.00101258 0.00038901
1.9375 0.000183311 -0.000200276 0.000982109
1.94167 -0.000335907 0.000685184 0.000519738
1.94583 -0.000404949 0.00103014 -0.000517689
1.95 -0.000177176 0.000864316 -0.00100461
1.95417 -0.000124054 0.000666832 -0.000376594
1.95833 -0.000450377 0.000597202 0.000693466
1.9625 -0.000781236 0.000278379 0.000980896
1.96667 -0.000564539 -0.000560058 0.000108771
1.97083 0.000229462 -0.0015274 -0.000951717
1.975 0.0009664 -0.00190002 -0.000968807
1.97917 0.00097702 -0.00137748 0.00010762
1.98333 0.00024245 -0.00033618 0.00107826
1.9875 -0.000605041 0.00056507 0.000865398
1.99167 -0.000897307 0.000886521 -0.000309753
1.99583 -0.000522138 0.000655106 -0.00120854
2 9.64116e-07 0.000296886 -0.000869146
2.00417 2.41785e-05 0.000199894 0.000429505
2.00833 -0.000501085 0.000193136 0.0013679
2.0125 -0.000808438 -0.00029335 0.000824565
2.01667 -0.000131998 -0.00128358 -0.000821287
2.02083 0.00114917 -0.00183178 -0.00175934
2.025 0.0016296 -0.00111595 -0.000670371
2.02917 0.000560198 0.000283398 0.00139317
2.03333 -0.000969436 0.001007 0.00188051
2.0375 -0.00124777 0.000784625 -4.99829e-05
2.04167 -0.000186988 0.000660353 -0.00209759
2.04583 0.000580282 0.00108871 -0.00160962
2.05 4.43241e-05 0.00103751 0.000830543
2.05417 -0.000772285 -0.000193993 0.00209677
2.05833 -0.000411414 -0.00140844 0.0007132
2.0625 0.000881366 -0.00110854 -0.0013406
2.06667 0.00164549 0.000158493 -0.00157239
2.07083 0.00129331 0.000745391 -0.000135891
2.075 0.000524263 0.000676226 0.0010473
2.07917 -6.2344e-05 0.00137464 0.00103074
2.08333 -0.000456545 0.00265892 0.000270887
2.0875 -0.000395724 0.00250021 -0.000700033
2.09167 0.000484686 0.000540797 -0.00136976
2.09583 0.00139214 -0.000695335 -0.000783484
2.1 0.000875392 0.000319126 0.00109254
2.10417 -0.000765987 0.00139266 0.00211107
2.10833 -0.00126579 0.000110053 0.000371888
2.1125 0.000274448 -0.00198103 -0.00229461
2.11667 0.00154205 -0.00181624 -0.00207849
2.12083 0.000296736 -2.7602e-05 0.00110755
2.125 -0.00197181 0.000118213 0.00284815
2.12917 -0.00214821 -0.00157827 0.000605111
2.13333 -0.000328456 -0.0019561 -0.00231135
2.1375 0.000474702 -0.000366101 -0.00175506
2.14167 -0.000677931 -0.000163554 0.00100359
2.14583 -0.00130916 -0.00260471 0.00169027
2.15 1.04585e-05 -0.00390916 -0.000153969
2.15417 0.00120861 -0.00151455 -0.00115769
2.15833 0.000514236 0.000981898 -0.000215753
2.1625 -0.000329258 -0.000435783 0.000147226
2.16667 0.000685292 -0.00300742 -0.000984922
2.17083 0.00190125 -0.0014832 -0.0010796
2.175 0.000772474 0.00262741 0.000754961
2.17917 -0.00123343 0.00292511 0.00133324
2.18333 -0.000618809 -0.0011904 -0.00112638
2.1875 0.00205445 -0.00305022 -0.00304175
2.19167 0.0025619 0.000417509 -0.000885899
2.19583 -0.000121753 0.00353787 0.00254254
2.2 -0.00191301 0.0013557 0.00207922
2.20417 -0.000193736 -0.00208808 -0.00149589
2.20833 0.00192578 -0.000625019 -0.00252536
2.2125 0.000750579 0.00367718 0.000600938
2.21667 -0.00204202 0.0041123 0.00313201
2.22083 -0.00238793 0.000556933 0.00168207
2.225 -0.000434776 -0.00072799 -0.000841651
2.22917 0.000226454 0.00199765 -0.00056664
2.23333 -0.00115738 0.00316059 0.00128747
2.2375 -0.00157665 -0.000227363 0.00128282
2.24167 0.000144982 -0.00316832 -0.000261595
2.24583 0.00121911 -0.00111115 -0.000411189
2.25 -0.000136925 0.00218005 0.000838828
2.25417 -0.0014 0.000853069 0.000614492
2.25833 4.69173e-06 -0.00307418 -0.00140958
2.2625 0.0020684 -0.00288115 -0.00192812
2.26667 0.00126254 0.00161581 0.000449771
2.27083 -0.00151512 0.00349074 0.00232748
2.275 -0.00205696 2.50749e-05 0.000652592
2.27917 0.000441821 -0.00270994 -0.00210875
2.28333 0.00191288 0.000208632 -0.00144143
2.2875 -0.000185903 0.00434004 0.00210073
2.29167 -0.0027638 0.00313344 0.00345076
2.29583 -0.00199693 -0.00112288 0.000783093
2.3 0.000562382 -0.000962892 -0.00165686
2.30417 0.00058344 0.00372628 -0.000257561
2.30833 -0.00193855 0.00524943 0.00239165
2.3125 -0.00275912 0.000909596 0.00199108
2.31667 -0.000517602 -0.00230394 -0.000469088
2.32083 0.00104962 0.000590963 -0.000811973
2.325 -0.000416815 0.00405961 0.00100222
2.32917 -0.00183127 0.00143361 0.00110235
2.33333 -0.000127053 -0.00358393 -0.00106515
2.3375 0.00218666 -0.00315812 -0.00159062
2.34167 0.00129343 0.00120164 0.000629773
2.34583 -0.00107169 0.00124859 0.00136071
2.35 -0.000386851 -0.00369067 -0.00156435
2.35417 0.00272797 -0.00556818 -0.00382945
2.35833 0.00331317 -0.00162321 -0.00168429
2.3625 0.000522745 0.000938141 0.00139061
2.36667 -0.000869189 -0.00241577 0.000275521
2.37083 0.0014443 -0.00591732 -0.00327431
2.375 0.00359893 -0.00389438 -0.00370995
2.37917 0.00232999 -0.00035241 -0.000787687
2.38333 0.000147674 -0.00119784 0.000768617
2.3875 0.000383511 -0.00377049 -0.000555705
2.39167 0.00157526 -0.00222475 -0.00152175
2.39583 0.000837713 0.00177662 -0.000551486
2.4 -0.000789496 0.00238393 0.000279106
2.40417 -0.000772083 0.000139543 0.000187928
2.40833 -5.88457e-05 0.000522236 0.00103507
2.4125 -0.00106832 0.0038034 0.00267003
2.41667 -0.00275897 0.00480894 0.00224886
2.42083 -0.00231461 0.00227687 -0.000243182
2.425 -0.000379818 0.000567546 -0.000881552
2.42917 -6.75024e-05 0.00155734 0.00165434
2.43333 -0.00149646 0.0020522 0.00325296
2.4375 -0.00174481 0.000480563 0.000919392
2.44167 -8.00927e-05 -0.000469737 -0.00219179
2.44583 0.00100894 0.000343622 -0.0018538
2.45 0.00038451 0.000188043 0.00068161
2.45417 -0.000107684 -0.00185021 0.00131182
2.45833 0.000581519 -0.00256485 -0.000337334
2.4625 0.00098656 -0.000734079 -0.00134244
2.46667 0.000427593 -1.90607e-05 -0.000863389
2.47083 0.000518824 -0.00228548 -0.000606181
2.475 0.00166454 -0.00331876 -0.000646433
2.47917 0.00144576 0.00012477 0.000621676
2.48333 -0.00106277 0.00369435 0.00220959
2.4875 -0.00253746 0.00197545 0.00100541
2.49167 -0.000372226 -0.00193086 -0.00221301
2.49583 0.00223216 -0.000932887 -0.00227186
2.5 0.000683971 0.00378405 0.0020915
2.50417 -0.00311532 0.00392886 0.00446913
2.50833 -0.00296051 -0.00181793 0.000154502
2.5125 0.00159598 -0.00461301 -0.00517241
2.51667 0.00378304 -2.24773e-06 -0.00321576
2.52083 0.000276471 0.00402147 0.00341613
2.525 -0.00318934 0.000365233 0.0045223
2.52917 -0.00113993 -0.00462011 -0.00148028
2.53333 0.00266906 -0.00195645 -0.00497472
2.5375 0.00191364 0.00381932 -0.00090507
2.54167 -0.00151584 0.00224146 0.00351532
2.54583 -0.00140559 -0.00412644 0.00168794
2.55 0.00146942 -0.00356041 -0.00187741
2.55417 0.00118443 0.00370947 -0.00100552
2.55833 -0.00189707 0.00506347 0.00128293
2.5625 -0.0016337 -0.00211171 1.88722e-05
2.56667 0.00196528 -0.00511337 -0.00156105
2.57083 0.00197979 0.00168516 0.00104399
2.575 -0.00250845 0.00643034 0.00340967
2.57917 -0.00364595 0.000585807 -0.00019072
2.58333 0.00140758 -0.00593232 -0.0047727
2.5875 0.00460438 -0.00229105 -0.00207185
2.59167 0.000501393 0.00451505 0.0043946
2.59583 -0.00419097 0.00262446 0.00420621
2.6 -0.00186454 -0.00409513 -0.0025658
2.60417 0.00345517 -0.00387955 -0.00540496
2.60833 0.00333242 0.00238953 -0.000344512
2.6125 -0.00148707 0.00403709 0.00471098
2.61667 -0.00349936 -0.000707274 0.00307698
2.62083 -0.000586187 -0.00331694 -0.00194721
2.625 0.00230418 -0.000280742 -0.00382726
2.62917 0.00170148 0.00258425 -0.0012641
2.63333 -0.000601739 0.00110652 0.00227758
2.6375 -0.00163399 -0.00159416 0.00303117
2.64167 -0.000734889 -0.0014677 0.000124037
2.64583 0.000761005 0.000933588 -0.00309518
2.65 0.00106485 0.00231698 -0.00225119
2.65417 -0.000186378 0.000754404 0.00179014
2.65833 -0.00112756 -0.00207478 0.00333138
2.6625 -0.000288765 -0.00224855 0.000355913
2.66667 0.000825343 0.000952628 -0.00245492
2.67083 0.000381537 0.00261443 -0.00157046
2.675 -0.000293679 -0.000580126 0.00049645
2.67917 0.000499643 -0.00366179 0.000913599
2.68333 0.000928787 -0.000778428 0.000767502
2.6875 -0.000864506 0.00400916 0.000756283
2.69167 -0.00212077 0.0026417 -0.000691716
2.69583 7.42091e-05 -0.00288902 -0.00242565
2.7 0.00257598 -0.00347396 -0.000786131
2.70417 0.000902891 0.00153566 0.00290489
2.70833 -0.00253118 0.00357605 0.00270517
2.7125 -0.00203881 -0.000231524 -0.00184164
2.71667 0.00165887 -0.00311734 -0.00396373
2.72083 0.00274891 -0.000964361 -0.000513939
2.725 -7.83397e-05 0.00194066 0.00325588
2.72917 -0.00233189 0.00151075 0.00243029
2.73333 -0.0013134 -0.000463949 -0.00103366
2.7375 0.000915199 -0.00113718 -0.00280519
2.74167 0.00172939 -0.000506168 -0.00151722
2.74583 0.000685756 0.000419903 0.00148794
2.75 -0.00114318 0.00073982 0.00325271
2.75417 -0.00175425 -0.000290729 0.000988475
2.75833 6.23595e-05 -0.00136358 -0.00331189
2.7625 0.00208687 -0.000163868 -0.00342663
2.76667 0.00102319 0.00185553 0.00168958
2.77083 -0.00181272 0.000908231 0.004617
2.775 -0.00194933 -0.00174131 0.000836821
2.77917 0.000681877 -0.00115398 -0.00361119
2.78333 0.00167877 0.00169106 -0.0022477
2.7875 5.18407e-05 0.00100855 0.0016518
2.79167 -0.000704411 -0.00233741 0.0021489
2.79583 0.000203423 -0.00161226 0.000327616
2.8 1.79501e-05 0.00260435 -0.000315066
2.80417 -0.00101411 0.00255234 -0.000639387
2.80833 1.29909e-05 -0.00205358 -0.0014673
2.8125 0.00184938 -0.00295303 -0.000184905
2.81667 0.000655034 0.00133778 0.0026792
2.82083 -0.00206819 0.00296341 0.00193762
2.825 -0.00141142 -0.000494437 -0.00246705
2.82917 0.00179104 -0.00235193 -0.00350974
2.83333 0.00217437 4.57382e-05 0.000840774
2.8375 -0.000632276 0.00154854 0.00359449
2.84167 -0.00190902 0.000119971 0.000777904
2.84583 -0.000324741 -0.000506292 -0.00257875
2.85 0.00104607 0.000372701 -0.00206059
2.85417 0.000896505 -4.91304e-05 0.000122416
2.85833 0.000328108 -0.000778192 0.0013263
2.8625 -0.000611532 0.000668157 0.00175961
2.86667 -0.00158339 0.0015568 0.000670068
2.87083 -0.000474572 -0.000894621 -0.00225134
2.875 0.00215308 -0.00251459 -0.00284677
2.87917 0.0019865 0.000300301 0.00145212
2.88333 -0.00150142 0.00266329 0.00477268
2.8875 -0.0027429 0.000117144 0.00139832
2.89167 0.000544856 -0.00252264 -0.0034895
2.89583 0.00303448 -0.000509558 -0.001938
2.9 0.00115784 0.00170225 0.00331691
2.90417 -0.00108872 -0.000250009 0.00430851
2.90833 -6.76522e-05 -0.0020038 0.00127677
2.9125 0.00170684 0.000175338 0.000109069
2.91667 0.00174333 0.0016482 0.00171113
2.92083 0.00183121 -0.000949032 0.00337092
2.925 0.00284862 -0.00279443 0.00517155
2.92917 0.00280055 -0.000722915 0.00725327
2.93333 0.00221114 0.000632363 0.00706316
2.9375 0.00400357 -0.0015079 0.00546828
2.94167 0.00701963 -0.00292879 0.00789536
2.94583 0.00732679 -0.00159078 0.0144564
2.95 0.00594817 -0.00137253 0.0180432
2.95417 0.00740021 -0.00342742 0.0165089
2.95833 0.0113224 -0.00415507 0.0166548
2.9625 0.0134571 -0.00338927 0.0222002
2.96667 0.0135441 -0.00445227 0.0281842
2.97083 0.0146365 -0.00621728 0.030752
2.975 0.0166384 -0.00522279 0.0323688
2.97917 0.0176189 -0.00384011 0.0347763
2.98333 0.0186755 -0.00616067 0.0363856
2.9875 0.0209681 -0.00903434 0.0378295
2.99167 0.0217085 -0.00744108 0.0408682
2.99583 0.0191508 -0.00438972 0.0422547
