0 0 0 0
0.00416667 -4.04524e-236 -3.83791e-238 2.04662e-233
0.00833333 -4.87479e-195 -9.58276e-197 1.06911e-192
0.0125 -2.75616e-172 -8.17662e-174 3.85828e-170
0.0166667 -1.78885e-156 -7.05202e-158 1.83878e-154
0.0208333 -2.38784e-144 -1.16599e-145 1.93897e-142
0.025 -1.62238e-134 -9.37683e-136 1.0886e-132
0.0291667 -2.99199e-126 -1.98149e-127 1.71028e-124
0.0333333 -4.00933e-119 -2.9679e-120 1.99592e-117
0.0375 -7.32033e-113 -5.9368e-114 3.22706e-111
0.0416667 -2.78865e-107 -2.43629e-108 1.10292e-105
0.0458333 -2.99868e-102 -2.78092e-103 1.07524e-100
0.05 -1.13677e-97 -1.1044e-98 3.7275e-96
0.0541667 -1.79766e-93 -1.80767e-94 5.42938e-92
0.0583333 -1.35123e-89 -1.39067e-90 3.78201e-88
0.0625 -5.35333e-86 -5.57976e-87 1.39586e-84
0.0666667 -1.21488e-82 -1.2697e-83 2.96449e-81
0.0708333 -1.69047e-79 -1.75499e-80 3.87572e-78
0.075 -1.52582e-76 -1.55974e-77 3.2984e-75
0.0791667 -9.36477e-74 -9.34958e-75 1.91473e-72
0.0833333 -4.06712e-71 -3.93655e-72 7.88722e-70
0.0875 -1.29305e-68 -1.20538e-69 2.38434e-67
0.0916667 -3.09833e-66 -2.76613e-67 5.44487e-65
0.0958333 -5.73796e-64 -4.88331e-65 9.62981e-63
0.1 -8.39454e-62 -6.78571e-63 1.34796e-60
0.104167 -9.88878e-60 -7.57286e-61 1.52191e-58
0.108333 -9.53848e-58 -6.90908e-59 1.40922e-56
0.1125 -7.64605e-56 -5.23475e-57 1.08598e-54
0.116667 -5.16083e-54 -3.33984e-55 7.05628e-53
0.120833 -2.96762e-52 -1.81661e-53 3.9109e-51
0.125 -1.46911e-50 -8.51643e-52 1.86826e-49
0.129167 -6.3204e-49 -3.47488e-50 7.76443e-48
0.133333 -2.38327e-47 -1.24474e-48 2.8311e-46
0.1375 -7.93754e-46 -3.94508e-47 9.12625e-45
0.141667 -2.35138e-44 -1.11406e-45 2.61899e-43
0.145833 -6.23531e-43 -2.82089e-44 6.73333e-42
0.15 -1.48878e-41 -6.44158e-43 1.5599e-40
0.154167 -3.21782e-40 -1.33357e-41 3.27369e-39
0.158333 -6.32694e-39 -2.51508e-40 6.25421e-38
0.1625 -1.13683e-37 -4.34055e-39 1.09258e-36
0.166667 -1.87447e-36 -6.88308e-38 1.7526e-35
0.170833 -2.84727e-35 -1.00677e-36 2.59132e-34
0.175 -3.99851e-34 -1.36309e-35 3.54414e-33
0.179167 -5.20869e-33 -1.71399e-34 4.49865e-32
0.183333 -6.31337e-32 -2.00775e-33 5.31571e-31
0.1875 -7.14069e-31 -2.19723e-32 5.86385e-30
0.191667 -7.55662e-30 -2.2525e-31 6.05476e-29
0.195833 -7.50076e-29 -2.16848e-30 5.86644e-28
0.2 -6.99978e-28 -1.96496e-29 5.34587e-27
0.204167 -6.15473e-27 -1.67959e-28 4.59158e-26
0.208333 -5.10933e-26 -1.357e-27 3.72463e-25
0.2125 -4.01215e-25 -1.03825e-26 2.8589e-24
0.216667 -2.98557e-24 -7.53601e-26 2.08009e-23
0.220833 -2.10882e-23 -5.19772e-25 1.43698e-22
0.225 -1.41613e-22 -3.41183e-24 9.44023e-22
0.229167 -9.05434e-22 -2.1345e-23 5.90629e-21
0.233333 -5.51961e-21 -1.27447e-22 3.52408e-20
0.2375 -3.21238e-20 -7.27178e-22 2.00788e-19
0.241667 -1.7871e-19 -3.96962e-21 1.09376e-18
0.245833 -9.51429e-19 -2.07559e-20 5.70285e-18
0.25 -4.85274e-18 -1.04058e-19 2.8492e-17
0.254167 -2.37371e-17 -5.00711e-19 1.36538e-16
0.258333 -1.1146e-16 -2.31459e-18 6.282e-16
0.2625 -5.02873e-16 -1.02877e-17 2.77748e-15
0.266667 -2.18182e-15 -4.40026e-17 1.18108e-14
0.270833 -9.11074e-15 -1.81254e-16 4.83423e-14
0.275 -3.6643e-14 -7.19551e-16 1.90599e-13
0.279167 -1.42051e-13 -2.75483e-15 7.2438e-13
0.283333 -5.3113e-13 -1.01781e-14 2.65551e-12
0.2875 -1.91662e-12 -3.63103e-14 9.39581e-12
0.291667 -6.6789e-12 -1.2515e-13 3.2105e-11
0.295833 -2.24877e-11 -4.16961e-13 1.05998e-10
0.3 -7.3194e-11 -1.34348e-12 3.38317e-10
0.304167 -2.30412e-10 -4.18822e-12 1.04436e-09
0.308333 -7.01812e-10 -1.26378e-11 3.11931e-09
0.3125 -2.06917e-09 -3.69252e-11 9.01817e-09
0.316667 -5.90734e-09 -1.04503e-10 2.52454e-08
0.320833 -1.63361e-08 -2.86568e-10 6.84516e-08
0.325 -4.3772e-08 -7.61617e-10 1.79823e-07
0.329167 -1.1367e-07 -1.96228e-09 4.57797e-07
0.333333 -2.86152e-07 -4.90224e-09 1.12968e-06
0.3375 -6.9844e-07 -1.18771e-08 2.70249e-06
0.341667 -1.65314e-06 -2.79105e-08 6.26843e-06
0.345833 -3.79478e-06 -6.3623e-08 1.40986e-05
0.35 -8.44877e-06 -1.40694e-07 3.07497e-05
0.354167 -1.8245e-05 -3.0183e-07 6.50357e-05
0.358333 -3.82148e-05 -6.28156e-07 0.000133381
0.3625 -7.76308e-05 -1.26813e-06 0.000265231
0.366667 -0.000152934 -2.48315e-06 0.000511312
0.370833 -0.000292124 -4.71533e-06 0.000955405
0.375 -0.00054092 -8.68155e-06 0.00172987
0.379167 -0.000970672 -1.54929e-05 0.00303401
0.383333 -0.00168745 -2.67897e-05 0.00515249
0.3875 -0.00284062 -4.48652e-05 0.00846816
0.391667 -0.00462792 -7.2733e-05 0.0134606
0.395833 -0.00729231 -0.000114066 0.0206787
0.4 -0.0111048 -0.000172926 0.0306743
0.404167 -0.0163275 -0.000253191 0.0438892
0.408333 -0.0231526 -0.000357646 0.0604938
0.4125 -0.0316199 -0.000486759 0.080197
0.416667 -0.0415224 -0.00063731 0.102063
0.420833 -0.0523216 -0.000801185 0.124397
0.425 -0.0631026 -0.000964788 0.144769
0.429167 -0.0726046 -0.00110955 0.160241
0.433333 -0.0793528 -0.00121393 0.167808
0.4375 -0.0818998 -0.00125692 0.165036
0.441667 -0.0791446 -0.00122262 0.150733
0.445833 -0.0706624 -0.00110495 0.125496
0.45 -0.0569451 -0.0009109 0.0918946
0.454167 -0.0394493 -0.000661168 0.0541491
0.458333 -0.0203887 -0.000387156 0.0172937
0.4625 -0.00227931 -0.000124654 -0.0140018
0.466667 0.0126551 9.42902e-05 -0.0365982
0.470833 0.0230389 0.00024881 -0.0496373
0.475 0.0286635 0.000333349 -0.0545798
0.479167 0.0304415 0.000356917 -0.0545009
0.483333 0.0300082 0.000337845 -0.0529447
0.4875 0.0291404 0.000296574 -0.0528672
0.491667 0.029264 0.00025015 -0.0561927
0.495833 0.031291 0.000211566 -0.064208
0.5 0.035865 0.000194591 -0.0785395
0.504167 0.0438538 0.000221444 -0.102043
0.508333 0.0567396 0.000328102 -0.138833
0.5125 0.0765418 0.000561997 -0.193034
0.516667 0.105109 0.000969806 -0.266508
0.520833 0.142966 0.00157796 -0.3565
0.525 0.188205 0.00237299 -0.454394
0.529167 0.236022 0.00329033 -0.546446
0.533333 0.279248 0.00421771 -0.616477
0.5375 0.309825 0.00501355 -0.649624
0.541667 0.320699 0.00553485 -0.635781
0.545833 0.307461 0.00566611 -0.571589
0.55 0.2692 0.0053414 -0.460629
0.554167 0.208448 0.00455597 -0.312265
0.558333 0.130485 0.0033671 -0.139893
0.5625 0.042396 0.00188614 0.0408948
0.566667 -0.0478957 0.000262468 0.214251
0.570833 -0.132615 -0.00134009 0.366315
0.575 -0.205237 -0.00277258 0.487582
0.579167 -0.261588 -0.00392936 0.57452
0.583333 -0.300489 -0.0047653 0.629301
0.5875 -0.32344 -0.00529247 0.657169
0.591667 -0.333181 -0.0055549 0.662415
0.595833 -0.331725 -0.00559238 0.645219
0.6 -0.318963 -0.00541299 0.601575
0.604167 -0.292887 -0.00499151 0.526862
0.608333 -0.251525 -0.00429761 0.421184
0.6125 -0.195555 -0.00333859 0.293049
0.616667 -0.129861 -0.00219038 0.158561
0.620833 -0.0628007 -0.000994725 0.036019
0.625 -0.0033035 8.08538e-05 -0.0612066
0.629167 0.0426096 0.000901275 -0.129312
0.633333 0.0738404 0.00141006 -0.173536
0.6375 0.0935881 0.00163976 -0.203071
0.641667 0.106599 0.00168345 -0.224856
0.645833 0.116118 0.00164529 -0.240128
0.65 0.122401 0.00159683 -0.245367
0.654167 0.12346 0.00155846 -0.236235
0.658333 0.117157 0.0015089 -0.211345
0.6625 0.103035 0.0014107 -0.17341
0.666667 0.082728 0.0012354 -0.127658
0.670833 0.0590273 0.000977276 -0.0793343
0.675 0.0345958 0.000654107 -0.0323367
0.679167 0.0113387 0.000299888 0.0103868
0.683333 -0.00932736 -4.41694e-05 0.0456837
0.6875 -0.0258727 -0.000336687 0.0697783
0.691667 -0.0364873 -0.000540842 0.0792571
0.695833 -0.0396331 -0.000628655 0.0728592
0.7 -0.0349577 -0.000587152 0.0528336
0.704167 -0.0239116 -0.00042678 0.0249356
0.708333 -0.00962166 -0.000188072 -0.00307584
0.7125 0.00398529 6.12622e-05 -0.0238932
0.716667 0.0134615 0.000245006 -0.033168
0.720833 0.0170207 0.000309411 -0.031037
0.725 0.0151271 0.000250931 -0.0217827
0.729167 0.0101368 0.000121184 -0.0114401
0.733333 0.00501137 1.20549e-07 -0.00440574
0.7375 0.00169982 -5.09116e-05 -0.00113684
0.741667 0.000187688 -2.69004e-05 0.00126821
0.745833 -0.00102853 2.13311e-05 0.0057696
0.75 -0.00326709 3.03074e-05 0.011892
0.754167 -0.00607929 -2.1325e-05 0.0152058
0.758333 -0.00721832 -9.2635e-05 0.0108067
0.7625 -0.00447406 -0.000114468 -0.00172836
0.766667 0.00198946 -4.93332e-05 -0.0162938
0.770833 0.00889818 7.3261e-05 -0.0236251
0.775 0.0117627 0.000172985 -0.0180898
0.779167 0.00822483 0.000173971 -0.00255995
0.783333 0.000196403 6.36673e-05 0.0129781
0.7875 -0.00717454 -8.65408e-05 0.0184925
0.791667 -0.00915728 -0.000167544 0.0112386
0.795833 -0.00490056 -0.000122512 -0.00251281
0.8 0.0020805 2.17809e-06 -0.0126789
0.804167 0.00675808 0.000105228 -0.013109
0.808333 0.00640338 0.000124955 -0.00557578
0.8125 0.00229238 7.18316e-05 0.00279885
0.816667 -0.00184827 -1.22104e-05 0.00588106
0.820833 -0.00307607 -8.16808e-05 0.00305979
0.825 -0.00136496 -8.49572e-05 -0.00142966
0.829167 0.00095524 -5.34467e-06 -0.00306645
0.833333 0.00163913 8.01015e-05 -0.0010833
0.8375 0.000506914 6.57684e-05 0.00146778
0.841667 -0.00075196 -2.57785e-05 0.00123497
0.845833 -0.000523203 -5.44786e-05 -0.00194884
0.85 0.00108371 1.69264e-05 -0.00495257
0.854167 0.00243727 5.14056e-05 -0.00449371
0.858333 0.00203029 -1.71133e-05 -0.000329138
0.8625 -0.000109623 -4.44906e-05 0.00442996
0.866667 -0.00239987 4.94659e-05 0.00586537
0.870833 -0.00291682 7.72547e-05 0.002387
0.875 -0.000938468 -7.87898e-05 -0.00379555
0.879167 0.00223584 -0.000155764 -0.00792291
0.883333 0.00404014 6.5285e-05 -0.00623748
0.8875 0.00277274 0.000255835 0.000534978
0.891667 -0.00070253 2.43684e-05 0.00714558
0.895833 -0.00357295 -0.000297285 0.00809461
0.9 -0.0035509 -0.000116689 0.00250615
0.904167 -0.000697193 0.000299507 -0.00514502
0.908333 0.00288177 0.000171703 -0.00886057
0.9125 0.00458056 -0.000325246 -0.00569871
0.916667 0.00288956 -0.000219326 0.00214857
0.920833 -0.00127807 0.000417289 0.00854876
0.925 -0.00452653 0.00036165 0.00771887
0.929167 -0.00361774 -0.000485326 -0.000328507
0.933333 0.000869738 -0.000590409 -0.00849253
0.9375 0.0045401 0.000461531 -0.00895192
0.941667 0.0038914 0.000843372 -0.00152533
0.945833 9.03468e-05 -0.000333301 0.00613549
0.95 -0.00298938 -0.00104689 0.00713721
0.954167 -0.00320615 0.000169462 0.00192086
0.958333 -0.00115961 0.00122504 -0.00416059
0.9625 0.00168409 1.60856e-05 -0.0066958
0.966667 0.00358433 -0.00141159 -0.00433077
0.970833 0.00255041 -0.000259692 0.00143777
0.975 -0.0012664 0.00160124 0.006078
0.979167 -0.00400632 0.000613795 0.00475266
0.983333 -0.00221126 -0.00171949 -0.00167158
0.9875 0.00196449 -0.00106206 -0.00605531
0.991667 0.00326433 0.00170389 -0.00362666
0.995833 0.000782615 0.00154432 0.00172386
1 -0.00132654 -0.00153463 0.00346071
1.00417 -0.000815754 -0.00199431 0.00140773
1.00833 -7.65078e-05 0.00123731 -0.00014596
1.0125 -0.000682281 0.00238903 -0.000333113
1.01667 -0.000445903 -0.000817547 -0.00147841
1.02083 0.0016157 -0.00270287 -0.00275209
1.025 0.00231149 0.00027212 -0.000877898
1.02917 -0.000290343 0.00289373 0.00300147
1.03333 -0.00270945 0.000399414 0.00360984
1.0375 -0.00133749 -0.00288442 -0.00033273
1.04167 0.00164791 -0.00114169 -0.0037987
1.04583 0.00195685 0.00262053 -0.00278861
1.05 -7.09011e-05 0.00186852 0.000646772
1.05417 -0.000927433 -0.00208252 0.00243873
1.05833 -7.34342e-05 -0.00247628 0.00171329
1.0625 5.55828e-05 0.00130497 6.54679e-05
1.06667 -0.000858994 0.00288861 -0.00140791
1.07083 -0.000450786 -0.00034133 -0.00222899
1.075 0.00158817 -0.00304955 -0.00148785
1.07917 0.00211317 -0.000744731 0.00112709
1.08333 -0.000578832 0.00291955 0.00350131
1.0875 -0.00320355 0.00188628 0.00226901
1.09167 -0.00157077 -0.00245889 -0.00256205
1.09583 0.00280459 -0.0029875 -0.00542403
1.1 0.00375905 0.00165376 -0.00136698
1.10417 -0.00066493 0.00393252 0.00545528
1.10833 -0.00432758 -0.000527618 0.0053348
1.1125 -0.00164443 -0.00459043 -0.00263551
1.11667 0.0034036 -0.000832083 -0.00728899
1.12083 0.00310073 0.00485815 -0.00166129
1.125 -0.00162127 0.00229112 0.00575085
1.12917 -0.00296214 -0.00467872 0.00422653
1.13333 0.000470595 -0.00368313 -0.00264495
1.1375 0.00204925 0.00406409 -0.00435333
1.14167 -0.000368006 0.00484969 -0.000502602
1.14583 -0.0011705 -0.0030813 0.00166313
1.15 0.00132906 -0.00565593 0.00101514
1.15417 0.00136619 0.00184578 0.00123161
1.15833 -0.00230354 0.00601236 0.000856406
1.1625 -0.00263615 -0.000496917 -0.00271486
1.16667 0.00238097 -0.00587433 -0.00435675
1.17083 0.00440386 -0.000811952 0.000943369
1.175 -0.000870732 0.00524863 0.00643003
1.17917 -0.00525346 0.00193196 0.00277805
1.18333 -0.00155872 -0.00418736 -0.00564037
1.1875 0.00446853 -0.00272419 -0.00662791
1.19167 0.0038935 0.00279553 0.00113088
1.19583 -0.0017747 0.00308323 0.00701634
1.2 -0.00448706 -0.00121914 0.00405242
1.20417 -0.00150578 -0.00294808 -0.00357688
1.20833 0.00283227 -0.000359548 -0.00718586
1.2125 0.00362162 0.00232668 -0.00252677
1.21667 0.00015631 0.00174927 0.00576357
1.22083 -0.00356811 -0.00130615 0.00757694
1.225 -0.00282858 -0.00278564 -0.000372778
1.22917 0.00151689 4.38595e-05 -0.00794227
1.23333 0.00347788 0.00336297 -0.00472442
1.2375 0.000785719 0.00125515 0.00440752
1.24167 -0.00196465 -0.00346119 0.00705728
1.24583 -0.00152779 -0.0023813 0.00158686
1.25 -0.000282525 0.0031457 -0.00379574
1.25417 0.000260233 0.00316093 -0.0046715
1.25833 0.00171995 -0.00254504 -0.00197332
1.2625 0.00254088 -0.00347713 0.00324068
1.26667 -0.000692576 0.00183071 0.00668221
1.27083 -0.0043926 0.00329341 0.00182616
1.275 -0.00175476 -0.00117126 -0.00739734
1.27917 0.00422004 -0.00263354 -0.00751723
1.28333 0.00412615 0.000724668 0.00297326
1.2875 -0.00180155 0.00158471 0.00878142
1.29167 -0.00440989 -0.000612179 0.00216238
1.29583 -0.00119914 -0.000278661 -0.00579762
1.3 0.0020484 0.000911536 -0.00535172
1.30417 0.002647 -0.00111612 -0.000668781
1.30833 0.00173576 -0.0016428 0.00301017
1.3125 -0.00142832 0.00240973 0.00545161
1.31667 -0.00486058 0.00275438 0.0029296
1.32083 -0.00196174 -0.00341805 -0.0060309
1.325 0.0055697 -0.00412017 -0.00930167
1.32917 0.00554778 0.00399469 0.0019321
1.33333 -0.00380186 0.00554975 0.0123289
1.3375 -0.00745385 -0.00406496 0.00424463
1.34167 0.000922371 -0.00681927 -0.0102472
1.34583 0.00699026 0.00364652 -0.00824096
1.35 0.00136681 0.00771759 0.00524194
1.35417 -0.00459224 -0.00284045 0.00837088
1.35833 -0.00142486 -0.00807623 8.57704e-05
1.3625 0.00249581 0.00182593 -0.00411124
1.36667 0.000182225 0.0078231 -0.00171672
1.37083 -0.00116581 -0.000791975 -0.000518336
1.375 0.00225255 -0.00694985 0.000687449
1.37917 0.00239328 -4.37741e-05 0.00468776
1.38333 -0.002508 0.00557854 0.00413489
1.3875 -0.00281671 0.000561305 -0.00320167
1.39167 0.00307298 -0.00382046 -0.00520898
1.39583 0.00496062 -0.00060285 0.00294414
1.4 0.000273474 0.00194786 0.00830552
1.40417 -0.00231698 0.000224425 0.00343646
1.40833 0.00021585 -7.94656e-05 -0.00172459
1.4125 0.0024655 0.000641439 -6.73091e-05
1.41667 0.0027553 -0.00145119 0.00282981
1.42083 0.00285299 -0.00174325 0.00379637
1.425 0.000964114 0.00261026 0.00548277
1.42917 -0.00243608 0.00303604 0.00481478
1.43333 -0.00113153 -0.00317131 -0.00130276
1.4375 0.00431591 -0.00421267 -0.00424992
1.44167 0.00388754 0.00315375 0.00225516
1.44583 -0.00365436 0.0050212 0.00691894
1.45 -0.00646822 -0.00275435 -0.00045538
1.45417 -0.000811892 -0.00552448 -0.00942226
1.45833 0.00217067 0.00171211 -0.00744356
1.4625 -0.00284315 0.00497365 -0.00147161
1.46667 -0.0070788 -0.0011397 -0.00296991
1.47083 -0.00520361 -0.00457109 -0.00852195
1.475 -0.00287299 -0.000348981 -0.0104834
1.47917 -0.00358573 0.00229334 -0.0100691
1.48333 -0.00428069 -0.000156487 -0.00933271
1.4875 -0.00438832 -0.00172125 -0.0067749
1.49167 -0.00546459 -0.00141104 -0.00571216
1.49583 -0.00502891 -0.00203698 -0.0100559
1.5 -0.00212645 -0.00116851 -0.0129479
1.50417 -0.00189943 0.00144142 -0.00744752
1.50833 -0.0053814 -0.000544657 -0.00200906
1.5125 -0.00558226 -0.00569375 -0.00628644
1.51667 -0.00118473 -0.00365949 -0.0120774
1.52083 -0.000130661 0.00362477 -0.00823808
1.525 -0.003656 0.00236227 -0.00140999
1.52917 -0.00317748 -0.00602603 -0.00214153
1.53333 0.00237483 -0.0052119 -0.00497082
1.5375 0.00411223 0.00476521 -0.000946188
1.54167 0.00125555 0.00633931 0.00520799
1.54583 0.00284834 -0.00237905 0.00681528
1.55 0.00936592 -0.00418209 0.00866188
1.55417 0.0114705 0.00460888 0.0150846
1.55833 0.00829572 0.00835664 0.020076
1.5625 0.00882024 0.00179075 0.0200523
1.56667 0.0144487 -0.00235917 0.0214922
1.57083 0.0169234 0.00186709 0.0276953
1.575 0.013813 0.00527954 0.0320109
1.57917 0.0116083 0.00219105 0.0302072
1.58333 0.0133897 -0.00179542 0.0271578
1.5875 0.0149684 -0.00196196 0.0271988
1.59167 0.0129986 -0.000358317 0.02786
1.59583 0.00872591 0.000337166 0.0253104
1.6 0.00459326 -0.000300051 0.0188798
1.60417 0.00198107 -0.00179278 0.010163
1.60833 0.000445244 -0.00215422 0.00207807
1.6125 -0.00274519 0.000315795 -0.00332684
1.61667 -0.00923438 0.00302375 -0.0085035
1.62083 -0.015846 0.00224082 -0.0178333
1.625 -0.0184314 -0.000124162 -0.0301713
1.62917 -0.0183845 0.00068637 -0.0390782
1.63333 -0.0204219 0.00393942 -0.041692
1.6375 -0.0248751 0.00458675 -0.0424215
1.64167 -0.0270502 0.00180023 -0.0460714
1.64583 -0.0240707 0.000130601 -0.0506945
1.65 -0.0184711 0.00207968 -0.0496213
1.65417 -0.0141697 0.00438136 -0.039939
1.65833 -0.0112238 0.00321191 -0.0266933
1.6625 -0.00640507 0.000141736 -0.0164614
1.66667 0.00146489 -0.000234418 -0.00855607
1.67083 0.00922288 0.00219063 0.00259346
1.675 0.0136836 0.00253624 0.0173158
1.67917 0.0155447 -0.000737898 0.0294064
1.68333 0.0167385 -0.00290179 0.0347915
1.6875 0.0170125 -0.00138892 0.0350249
1.69167 0.0158659 -0.000337444 0.0327859
1.69583 0.0143347 -0.00263615 0.0298853
1.7 0.0123206 -0.00487609 0.027791
1.70417 0.0083196 -0.00450225 0.02496
1.70833 0.00361384 -0.00419088 0.0176161
1.7125 0.00157152 -0.0055053 0.00735114
1.71667 0.0016716 -0.00614004 0.00130949
1.72083 0.000139791 -0.00556297 0.00102172
1.725 -0.00318773 -0.0054726 -0.000281198
1.72917 -0.00491651 -0.00478309 -0.00585662
1.73333 -0.00429227 -0.00200749 -0.010708
1.7375 -0.00325534 8.42475e-05 -0.0110926
1.74167 -0.00227002 -0.000256062 -0.00892468
1.74583 -0.00146939 0.000693888 -0.00603103
1.75 -0.00233165 0.00429978 -0.00333435
1.75417 -0.00382634 0.00552492 -0.0036833
1.75833 -0.0024228 0.00298206 -0.00674375
1.7625 0.000770096 0.00247018 -0.00629173
1.76667 0.000412432 0.00529053 -0.000780197
1.77083 -0.0031639 0.00538958 0.00183613
1.775 -0.00363241 0.00183962 -0.00228284
1.77917 0.00011913 0.000622398 -0.00532105
1.78333 0.00241566 0.00214465 -0.00143935
1.7875 0.00117641 0.000969678 0.00398316
1.79167 -3.09764e-06 -0.00236105 0.00504887
1.79583 0.000328477 -0.00287359 0.00334875
1.8 0.000586754 -0.00166889 0.00138979
1.80417 0.000961824 -0.00240069 -0.000558669
1.80833 0.00159054 -0.00281982 -0.000480106
1.8125 0.000174623 -0.000609381 0.00192583
1.81667 -0.00270633 0.000542061 0.00125218
1.82083 -0.00249028 -0.000810959 -0.00420637
1.825 0.000823188 -0.000196386 -0.00656846
1.82917 0.001612 0.00248147 -0.00153851
1.83333 -0.00102868 0.0017923 0.00308446
1.8375 -0.00185375 -0.00125051 0.00110934
1.84167 0.000272011 -0.000433831 -0.00216388
1.84583 0.00122869 0.00255673 -0.00134243
1.85 0.00048037 0.00136196 0.000838218
1.85417 0.000807491 -0.00177218 0.00186481
1.85833 0.00138654 -0.000864456 0.00310533
1.8625 0.000401884 0.00142774 0.00333257
1.86667 0.000212058 9.5539e-05 0.000856389
1.87083 0.00201217 -0.00177709 -0.000177339
1.875 0.0018833 -0.000531246 0.00282321
1.87917 -0.0014575 0.000431175 0.00363104
1.88333 -0.00325237 -0.000776911 -0.00175773
1.8875 -0.00160965 -0.000386672 -0.00644576
1.89167 -0.000391965 0.00149551 -0.00474562
1.89583 -0.000802688 0.000561354 -0.00125588
1.9 -0.000100924 -0.00133379 -0.00027611
1.90417 0.00117698 0.00047665 0.000745264
1.90833 0.000591625 0.00257935 0.0024484
1.9125 1.90705e-05 4.41887e-05 0.00183445
1.91667 0.00143991 -0.00262603 0.000598548
1.92083 0.001591 -0.000464461 0.00205006
1.925 -0.00118397 0.00167989 0.00259601
1.92917 -0.00224559 -0.000451242 -0.00116182
1.93333 0.000458756 -0.00192686 -0.00370647
1.9375 0.00202667 0.00031951 -0.000665677
1.94167 0.000110316 0.0015051 0.00228585
1.94583 -0.00133867 1.25064e-05 0.00049105
1.95 -0.000625603 1.13787e-05 -0.00169509
1.95417 -0.000282317 0.00110237 -0.00113039
1.95833 -0.000265201 -0.000318932 -0.000811753
1.9625 0.000982175 -0.00165155 -0.000908469
1.96667 0.00127252 0.000411651 0.00130974
1.97083 -0.000763817 0.00150464 0.00287284
1.975 -0.00135019 -0.00126806 2.90305e-05
1.97917 0.000919539 -0.00217938 -0.00262476
1.98333 0.00137266 0.00121846 -0.000566726
1.9875 -0.00130774 0.00243089 0.00135531
1.99167 -0.0020461 -0.000538542 -0.000851313
1.99583 0.000457411 -0.00139323 -0.00218035
2 0.0015853 0.000901866 0.000382462
2.00417 0.000359608 0.000823623 0.00201089
2.00833 9.01074e-05 -0.00122724 0.000923511
2.0125 0.000533833 -0.000687907 0.000953636
2.01667 -0.00036875 0.00061834 0.00151669
2.02083 -0.000723194 -0.00047368 -0.000681285
2.025 0.00067773 -0.00058017 -0.00245027
2.02917 0.000460583 0.00182883 -0.000235964
2.03333 -0.0019439 0.00152839 0.00123867
2.0375 -0.00193303 -0.00188763 -0.0015209
2.04167 0.000915746 -0.00182468 -0.00295624
2.04583 0.00170661 0.00150431 0.000138813
2.05 0.000200876 0.00123535 0.00238467
2.05417 0.000502674 -0.00166914 0.00152895
2.05833 0.00169751 -0.000874319 0.00173286
2.0625 0.00020746 0.00171225 0.00248729
2.06667 -0.0019309 0.000736863 -0.000357935
2.07083 -0.00139947 -0.00110685 -0.00379845
2.075 -0.000360613 -4.7724e-05 -0.00269904
2.07917 -0.000743076 0.000525638 -0.000258049
2.08333 4.7172e-05 -0.00100671 -0.00054528
2.0875 0.00209841 -0.000372386 -1.71203e-05
2.09167 0.00161523 0.00184165 0.00305191
2.09583 -0.000692638 0.000393096 0.00330286
2.1 -0.000646247 -0.00235578 -0.000180353
2.10417 0.000514219 -0.000488478 -0.00151792
2.10833 -0.000719425 0.00247877 -0.000391853
2.1125 -0.00185534 0.000603973 -0.00140999
2.11667 0.000181868 -0.00202808 -0.00253911
2.12083 0.00183167 -0.00032705 0.000359873
2.125 0.00018865 0.00138531 0.00297318
2.12917 -0.00106805 -0.000332521 0.000701932
2.13333 0.000219488 -0.000992741 -0.00171633
2.1375 0.000760002 0.000807863 -0.000241978
2.14167 -0.000216699 0.000550794 0.000954708
2.14583 8.8259e-05 -0.00103213 -0.000135304
2.15 0.000690971 0.000306061 0.000250282
2.15417 -0.000800918 0.00160932 0.0013395
2.15833 -0.00157007 -0.000993994 -0.000822771
2.1625 0.000665456 -0.00246914 -0.00288395
2.16667 0.00171878 0.000869402 -0.000206843
2.17083 -0.000685685 0.0027132 0.00241797
2.175 -0.00175325 -0.000368304 7.86823e-05
2.17917 0.000580017 -0.00199006 -0.00208409
2.18333 0.00164598 0.000341012 0.000184035
2.1875 -7.97594e-05 0.000986248 0.00195234
2.19167 -0.000746086 -0.00078564 0.000316524
2.19583 0.00012933 -0.00028902 -0.000539796
2.2 -8.128e-05 0.0011154 0.000201252
2.20417 -0.00031436 -0.000273213 -0.000657278
2.20833 0.000823161 -0.00116163 -0.00118361
2.2125 0.000453664 0.00100033 0.00118684
2.21667 -0.00187683 0.00126065 0.00174221
2.22083 -0.00149876 -0.00168609 -0.00202342
2.225 0.0017861 -0.00155661 -0.00323645
2.22917 0.00223285 0.00191613 0.00125148
2.23333 -0.000682604 0.00175461 0.00402432
2.2375 -0.00154647 -0.00160335 0.00125528
2.24167 0.00021876 -0.00149902 -0.00136586
2.24583 0.000629948 0.0010336 -0.000973816
2.25 -0.000213802 0.000730456 -0.000628525
2.25417 -0.000123308 -0.000544354 -0.000329514
2.25833 -0.000357772 0.000361338 0.00120208
2.2625 -0.00125666 0.000378076 0.000673457
2.26667 -3.5777e-07 -0.00140737 -0.00236739
2.27083 0.00233175 -0.00055018 -0.0017824
2.275 0.00125873 0.00201325 0.00287378
2.27917 -0.00170428 0.000760345 0.00358981
2.28333 -0.00122091 -0.00209459 -0.000959647
2.2875 0.00138858 -0.000669519 -0.002904
2.29167 0.00110956 0.00197366 -0.000235956
2.29583 -0.000992097 0.000385671 0.00124262
2.3 -0.0011598 -0.00181841 5.26462e-05
2.30417 -0.000308848 -0.000228035 -0.000854935
2.30833 -8.30803e-05 0.00137097 -0.00152564
2.3125 0.000853295 0.000134077 -0.00174645
2.31667 0.00176475 -0.000423926 0.00121654
2.32083 6.16672e-05 0.000369942 0.00466735
2.325 -0.00202118 -0.000594396 0.00216563
2.32917 -0.000682191 -0.00140365 -0.0036004
2.33333 0.00143769 0.000980144 -0.00379495
2.3375 0.00022967 0.00234377 0.00092027
2.34167 -0.00169091 -0.000643518 0.00253833
2.34583 -0.000667656 -0.00251355 0.000240856
2.35 0.000968952 0.000173723 -0.000957988
2.35417 0.000620423 0.0019 -0.000354777
2.35833 6.03919e-05 -0.000139478 0.00048479
2.3625 5.24524e-05 -0.00111219 0.00203525
2.36667 -0.00091562 0.000413789 0.00258473
2.37083 -0.00145196 0.000541115 -0.000361084
2.375 0.000346959 -0.000496753 -0.00269422
2.37917 0.00148773 9.23605e-05 0.000573386
2.38333 -0.00062016 0.000410794 0.00464057
2.3875 -0.00242035 -0.00102156 0.00256131
2.39167 -0.000937402 -0.000623459 -0.001995
2.39583 0.000760986 0.00186263 -0.00171308
2.4 0.000204946 0.00126522 0.00210805
2.40417 -0.000542551 -0.0020115 0.0041396
2.40833 -0.000579036 -0.00183749 0.00337932
2.4125 -0.00128941 0.00135107 0.000772548
2.41667 -0.00153258 0.00167255 -0.00246485
2.42083 0.000177686 -0.000527737 -0.00250151
2.425 0.00119934 -0.000822922 0.00178026
2.42917 -0.00036602 9.17993e-05 0.00390916
2.43333 -0.00129705 -0.000161876 -0.000409089
2.4375 0.000456187 -3.15793e-05 -0.00510038
2.44167 0.00183305 0.000883507 -0.00409566
2.44583 0.00110337 3.35651e-05 -0.00114219
2.45 0.000701534 -0.00136047 -0.00167474
2.45417 0.0015814 7.00835e-05 -0.00433128
2.45833 0.0021632 0.00188535 -0.00590812
2.4625 0.00260558 0.000139723 -0.0059863
2.46667 0.00351385 -0.00205635 -0.00465275
2.47083 0.00314188 -0.00048299 -0.00312685
2.475 0.0013353 0.00183957 -0.00462771
2.47917 0.00137409 0.00100792 -0.0083241
2.48333 0.00374914 -0.000730466 -0.00815653
2.4875 0.00444663 -0.000684336 -0.00304686
2.49167 0.00217455 -0.000164095 -3.18115e-05
2.49583 0.000413723 0.000127805 -0.00273755
2.5 0.000992804 0.000986516 -0.00585578
2.50417 0.00207597 0.000955317 -0.00441349
2.50833 0.00224036 -0.00085815 -0.00014064
2.5125 0.00131851 -0.001363 0.00295177
2.51667 -0.000796605 0.000757236 0.00279237
2.52083 -0.00256176 0.00162689 -6.32063e-05
2.525 -0.00171245 -0.000437106 -0.00160363
2.52917 0.00020212 -0.00156595 0.00220149
2.53333 -0.000720423 4.62681e-05 0.00865051
2.5375 -0.00404599 0.00116279 0.0108767
2.54167 -0.00558997 0.000132687 0.00836436
2.54583 -0.00449104 -0.000944174 0.00759649
2.55 -0.00396473 -0.000933255 0.0115837
2.55417 -0.00568468 -0.000491178 0.0161296
2.55833 -0.00809621 0.000265457 0.0169972
2.5625 -0.00923827 0.000692911 0.0148647
2.56667 -0.00834873 -0.000511211 0.0130651
2.57083 -0.00636446 -0.00202357 0.0138725
2.575 -0.00575047 -0.00112345 0.016107
2.57917 -0.00732489 0.00105082 0.0154962
2.58333 -0.00798995 0.000949941 0.00991206
2.5875 -0.00497132 -0.00109253 0.00342837
2.59167 -0.000619741 -0.00163442 0.00114378
2.59583 0.000925753 -0.00011799 0.00141133
2.6 3.07758e-05 0.000949576 -0.00181669
2.60417 0.000650813 0.000460888 -0.00989133
2.60833 0.00447499 -0.00047323 -0.0175423
2.6125 0.00907375 -0.000745173 -0.0200722
2.61667 0.0112518 -5.64042e-05 -0.0189502
2.62083 0.0105662 0.000991331 -0.0193679
2.625 0.00967891 0.00100163 -0.0237468
2.62917 0.0112475 -0.000301084 -0.0286477
2.63333 0.0142511 -0.00094878 -0.02859
2.6375 0.0147819 0.000419534 -0.0227727
2.64167 0.01132 0.00198297 -0.0163625
2.64583 0.00715765 0.00142667 -0.0139195
2.65 0.00586438 -0.000259404 -0.0132199
2.65417 0.00620484 -0.000314829 -0.00825412
2.65833 0.0040491 0.00146106 0.0021053
2.6625 -0.00156034 0.00255617 0.011887
2.66667 -0.00696023 0.00163898 0.0158118
2.67083 -0.00882326 0.000238407 0.0160344
2.675 -0.00829906 0.000171225 0.0182473
2.67917 -0.00892163 0.00116386 0.0233921
2.68333 -0.0117251 0.00168448 0.0267206
2.6875 -0.0139861 0.000874266 0.0241548
2.69167 -0.0126299 -0.000703517 0.0170465
2.69583 -0.00808735 -0.00149785 0.0106877
2.7 -0.00419033 -0.00066699 0.00850372
2.70417 -0.00359319 0.000244231 0.00757771
2.70833 -0.00400652 -0.000895462 0.00211516
2.7125 -0.00124945 -0.00301155 -0.00749863
2.71667 0.00422613 -0.00298247 -0.0135644
2.72083 0.00745909 -0.000966631 -0.0117279
2.725 0.00614171 -0.000314327 -0.00723187
2.72917 0.00355259 -0.00176963 -0.00670012
2.73333 0.00325602 -0.00258334 -0.00921544
2.7375 0.00466841 -0.00152951 -0.00944753
2.74167 0.00496516 -0.000108307 -0.00509422
2.74583 0.00264038 0.000628588 0.00121862
2.75 -0.00101884 0.000553303 0.00433569
2.75417 -0.00264584 -0.000340693 0.00150605
2.75833 -0.000543662 -0.00062556 -0.00290708
2.7625 0.00206157 0.00116666 -0.00185263
2.76667 0.00102668 0.00286432 0.00353191
2.77083 -0.00204249 0.00154901 0.00486229
2.775 -0.00226248 -0.000592964 5.55252e-06
2.77917 0.000473823 0.00020384 -0.00375584
2.78333 0.00188163 0.00223125 -0.00173399
2.7875 0.000395217 0.00180206 0.00242451
2.79167 -0.00165686 4.59342e-05 0.00386326
2.79583 -0.00221889 -0.00029333 0.00164426
2.8 -0.000863632 0.000113283 -0.00206882
2.80417 0.0013583 0.000193938 -0.00298585
2.80833 0.00168882 0.000541065 0.000930815
2.8125 -0.000834413 0.000272428 0.00421603
2.81667 -0.00237809 -0.0014421 0.000756478
2.82083 2.50711e-05 -0.00179285 -0.00496164
2.825 0.00274835 0.000608342 -0.00413484
2.82917 0.00154896 0.00153041 0.00158329
2.83333 -0.00123288 -0.0010516 0.00354006
2.8375 -0.00146742 -0.0023419 0.000243407
2.84167 0.000188048 1.94679e-05 -0.00289786
2.84583 0.00127736 0.00159741 -0.00273945
2.85 0.00127282 0.000286018 0.000470031
2.85417 -8.34464e-05 -0.000688693 0.00445282
2.85833 -0.00220572 -0.000367226 0.00432969
2.8625 -0.00212553 -0.000406713 -0.000919504
2.86667 0.000624231 0.000156731 -0.00356379
2.87083 0.00151435 0.00157345 0.00122245
2.875 -0.00113258 0.000640101 0.00556294
2.87917 -0.0024901 -0.00199934 0.00183563
2.88333 -7.12236e-05 -0.0012326 -0.00444301
2.8875 0.00219275 0.00197311 -0.00516674
2.89167 0.00182445 0.00154059 -0.00174159
2.89583 0.000818896 -0.00154826 0.00104288
2.9 8.18257e-05 -0.00148104 0.0017039
2.90417 -0.000742676 0.000718005 -0.000363803
2.90833 -0.000166448 0.000697478 -0.00319976
2.9125 0.00143011 -0.000128428 -0.0011597
2.91667 0.000478843 0.000336047 0.00491036
2.92083 -0.00241317 -0.000142204 0.00554941
2.925 -0.00218688 -0.00119543 -0.0010123
2.92917 0.000910487 0.000408916 -0.00439468
2.93333 0.00157527 0.00207293 -0.00028446
2.9375 -0.000405871 -0.000317042 0.00337241
2.94167 -0.000979725 -0.00251485 0.00187081
2.94583 -0.000177023 5.12024e-05 -0.00102033
2.95 2.40543e-05 0.0023216 -0.00277226
2.95417 0.000742996 3.66311e-05 -0.00294259
2.95833 0.00182217 -0.00173102 0.000114138
2.9625 0.000487849 6.05241e-05 0.00326871
2.96667 -0.00163502 0.000933163 0.000342185
2.97083 -0.000352777 -0.000161543 -0.00477474
2.975 0.00198624 0.000228023 -0.00246488
2.97917 0.000543387 0.000588913 0.00434652
2.98333 -0.00217378 -0.0013707 0.00481408
2.9875 -0.00161078 -0.00140133 -0.000344432
2.99167 0.000158673 0.00184279 -0.0025112
2.99583 0.000260834 0.00187357 -0.00101857
