0 0 0 0
0.00416667 0 0 0
0.00833333 0 0 0
0.0125 0 0 0
0.0166667 0 0 0
0.0208333 0 0 0
0.025 0 0 0
0.0291667 0 0 0
0.0333333 0 0 0
0.0375 0 0 0
0.0416667 0 0 0
0.0458333 0 0 0
0.05 0 0 0
0.0541667 0 0 0
0.0583333 0 0 0
0.0625 0 0 0
0.0666667 0 0 0
0.0708333 0 0 0
0.075 0 0 0
0.0791667 0 0 0
0.0833333 0 0 0
0.0875 0 0 0
0.0916667 0 0 0
0.0958333 0 0 0
0.1 0 0 0
0.104167 0 0 0
0.108333 0 0 0
0.1125 0 0 0
0.116667 0 0 0
0.120833 0 0 0
0.125 0 0 0
0.129167 0 0 0
0.133333 0 0 0
0.1375 0 0 0
0.141667 0 0 0
0.145833 0 0 0
0.15 0 0 0
0.154167 0 0 0
0.158333 0 0 0
0.1625 0 0 0
0.166667 0 0 0
0.170833 0 0 0
0.175 0 0 0
0.179167 0 0 0
0.183333 0 0 0
0.1875 0 0 0
0.191667 -2.94463e-321 4.49254e-320 6.03748e-320
0.195833 -1.03784e-316 1.48628e-315 1.99843e-315
0.2 -2.78814e-312 3.90721e-311 5.25317e-311
0.204167 -6.01419e-308 8.25099e-307 1.10924e-306
0.208333 -1.0509e-303 1.41206e-302 1.89819e-302
0.2125 -1.49996e-299 1.97473e-298 2.65437e-298
0.216667 -1.7625e-295 2.27439e-294 3.05694e-294
0.220833 -1.71756e-291 2.17329e-290 2.92085e-290
0.225 -1.3978e-287 1.73491e-286 2.33152e-286
0.229167 -9.56269e-284 1.16464e-282 1.56504e-282
0.233333 -5.53368e-280 6.6153e-279 8.88903e-279
0.2375 -2.72456e-276 3.19812e-275 4.29707e-275
0.241667 -1.14774e-272 1.32324e-271 1.77783e-271
0.245833 -4.15855e-269 4.71049e-268 6.32837e-268
0.25 -1.30248e-265 1.44993e-264 1.94781e-264
0.254167 -3.54314e-262 3.87739e-261 5.20855e-261
0.258333 -8.40934e-259 9.04906e-258 1.21551e-257
0.2625 -1.74887e-255 1.85098e-254 2.48619e-254
0.266667 -3.20001e-252 3.33202e-251 4.47527e-251
0.270833 -5.17176e-249 5.29924e-248 7.11713e-248
0.275 -7.4103e-246 7.47362e-245 1.0037e-244
0.279167 -9.44679e-243 9.37991e-242 1.25966e-241
0.283333 -1.07512e-239 1.0512e-238 1.41163e-238
0.2875 -1.09588e-236 1.05536e-235 1.41716e-235
0.291667 -1.00356e-233 9.52094e-233 1.27845e-232
0.295833 -8.28121e-231 7.7413e-230 1.03945e-229
0.3 -6.17508e-228 5.68895e-227 7.63849e-227
0.304167 -4.17228e-225 3.78892e-224 5.08718e-224
0.308333 -2.56106e-222 2.29294e-221 3.07852e-221
0.3125 -1.43175e-219 1.264e-218 1.69702e-218
0.316667 -7.30733e-217 6.36247e-216 8.54188e-216
0.320833 -3.4127e-214 2.93105e-213 3.93497e-213
0.325 -1.46166e-211 1.23851e-210 1.66269e-210
0.329167 -5.75348e-209 4.81042e-208 6.45781e-208
0.333333 -2.08564e-206 1.72091e-205 2.31022e-205
0.3375 -6.97641e-204 5.68173e-203 7.6273e-203
0.341667 -2.1574e-201 1.7345e-200 2.32841e-200
0.345833 -6.17917e-199 4.9049e-198 6.58434e-198
0.35 -1.64209e-196 1.28711e-195 1.7278e-195
0.354167 -4.05571e-194 3.1395e-193 4.21442e-193
0.358333 -9.32509e-192 7.12986e-191 9.57098e-191
0.3625 -1.99913e-189 1.50994e-188 2.02691e-188
0.366667 -4.00218e-187 2.98648e-186 4.00899e-186
0.370833 -7.49302e-185 5.52481e-184 7.41642e-184
0.375 -1.31384e-182 9.57306e-182 1.28508e-181
0.379167 -2.16047e-180 1.55581e-179 2.08853e-179
0.383333 -3.33621e-178 2.37472e-177 3.18786e-177
0.3875 -4.84414e-176 3.40858e-175 4.57579e-175
0.391667 -6.62185e-174 4.60659e-173 6.18414e-173
0.395833 -8.53224e-172 5.86887e-171 7.87883e-171
0.4 -1.03747e-169 7.0567e-169 9.47365e-169
0.404167 -1.19181e-167 8.017e-167 1.07631e-166
0.408333 -1.29488e-165 8.61506e-165 1.15663e-164
0.4125 -1.33202e-163 8.76599e-163 1.17692e-162
0.416667 -1.29864e-161 8.45443e-161 1.13512e-160
0.420833 -1.20116e-159 7.73644e-159 1.03875e-158
0.425 -1.05504e-157 6.72342e-157 9.02765e-157
0.429167 -8.80831e-156 5.5544e-155 7.45824e-155
0.433333 -6.99638e-154 4.36593e-153 5.86262e-153
0.4375 -5.29168e-152 3.26807e-151 4.38858e-151
0.441667 -3.81439e-150 2.3316e-149 3.13115e-149
0.445833 -2.62259e-148 1.58681e-147 2.13105e-147
0.45 -1.72132e-146 1.03099e-145 1.38466e-145
0.454167 -1.07934e-144 6.40004e-144 8.59591e-144
0.458333 -6.47071e-143 3.79877e-142 5.10239e-142
0.4625 -3.71166e-141 2.15753e-140 2.89807e-140
0.466667 -2.03854e-139 1.17337e-138 1.57621e-138
0.470833 -1.07278e-137 6.11486e-137 8.21463e-137
0.475 -5.41303e-136 3.05566e-135 4.10517e-135
0.479167 -2.62058e-134 1.46514e-133 1.96848e-133
0.483333 -1.21804e-132 6.74511e-132 9.06296e-132
0.4875 -5.43885e-131 2.98339e-130 4.00884e-130
0.491667 -2.33454e-129 1.26855e-128 1.70469e-128
0.495833 -9.63839e-128 5.18845e-127 6.97279e-127
0.5 -3.82974e-126 2.04248e-125 2.74509e-125
0.504167 -1.46535e-124 7.74301e-124 1.04074e-123
0.508333 -5.4021e-123 2.82837e-122 3.80191e-122
0.5125 -1.91984e-121 9.96024e-121 1.33897e-120
0.516667 -6.58082e-120 3.38328e-119 4.54855e-119
0.520833 -2.17684e-118 1.10908e-117 1.4912e-117
0.525 -6.95224e-117 3.51044e-116 4.72031e-116
0.529167 -2.14479e-115 1.07336e-114 1.44342e-114
0.533333 -6.3946e-114 3.17189e-113 4.26584e-113
0.5375 -1.84337e-112 9.06326e-112 1.21902e-111
0.541667 -5.14016e-111 2.50517e-110 3.36981e-110
0.545833 -1.38708e-109 6.70148e-109 9.0153e-109
0.55 -3.62385e-108 1.73568e-107 2.33519e-107
0.554167 -9.16999e-107 4.35429e-106 5.85888e-106
0.558333 -2.24841e-105 1.0585e-104 1.42441e-104
0.5625 -5.34395e-104 2.49441e-103 3.35703e-103
0.566667 -1.23169e-102 5.7005e-102 7.6727e-102
0.570833 -2.75398e-101 1.26385e-100 1.70129e-100
0.575 -5.97585e-100 2.71942e-99 3.66108e-99
0.579167 -1.25886e-98 5.68087e-98 7.64886e-98
0.583333 -2.57544e-97 1.15256e-96 1.55202e-96
0.5875 -5.11883e-96 2.27184e-95 3.05958e-95
0.591667 -9.88745e-95 4.35212e-94 5.86191e-94
0.595833 -1.85668e-93 8.10549e-93 1.09187e-92
0.6 -3.39056e-92 1.4681e-91 1.97789e-91
0.604167 -6.02316e-91 2.58681e-90 3.48551e-90
0.608333 -1.0412e-89 4.4355e-89 5.97727e-89
0.6125 -1.75197e-88 7.40327e-88 9.97794e-88
0.616667 -2.87037e-87 1.20319e-86 1.62185e-86
0.620833 -4.58027e-86 1.90459e-85 2.56766e-85
0.625 -7.12051e-85 2.93731e-84 3.96046e-84
0.629167 -1.07875e-83 4.41466e-83 5.95327e-83
0.633333 -1.59306e-82 6.46792e-82 8.72339e-82
0.6375 -2.29387e-81 9.23988e-81 1.24638e-80
0.641667 -3.22136e-80 1.28741e-79 1.73686e-79
0.645833 -4.41322e-79 1.74994e-78 2.36122e-78
0.65 -5.89967e-78 2.32111e-77 3.13239e-77
0.654167 -7.69767e-77 3.00498e-76 4.05592e-76
0.658333 -9.80519e-76 3.79807e-75 5.12718e-75
0.6625 -1.2196e-74 4.68771e-74 6.32916e-74
0.666667 -1.48166e-73 5.65113e-73 7.63115e-73
0.670833 -1.75849e-72 6.65553e-72 8.98894e-72
0.675 -2.03934e-71 7.65947e-71 1.03466e-70
0.679167 -2.31148e-70 8.6154e-70 1.16398e-69
0.683333 -2.56115e-69 9.47337e-69 1.28011e-68
0.6875 -2.77466e-68 1.01853e-67 1.37655e-67
0.691667 -2.93972e-67 1.07096e-66 1.44766e-66
0.695833 -3.04653e-66 1.1015e-65 1.4892e-65
0.7 -3.08884e-65 1.10839e-64 1.49879e-64
0.704167 -3.06446e-64 1.09139e-63 1.47606e-63
0.708333 -2.97553e-63 1.05178e-62 1.42275e-62
0.7125 -2.82815e-62 9.92216e-62 1.34242e-61
0.716667 -2.63177e-61 9.16433e-61 1.24012e-60
0.720833 -2.39813e-60 8.28863e-60 1.12183e-59
0.725 -2.14019e-59 7.3422e-59 9.93922e-59
0.729167 -1.87093e-58 6.37091e-58 8.62602e-58
0.733333 -1.60236e-57 5.41602e-57 7.33453e-57
0.7375 -1.3447e-56 4.51158e-56 6.11091e-56
0.741667 -1.10593e-55 3.68312e-55 4.98974e-55
0.745833 -8.91506e-55 2.94718e-54 3.9935e-54
0.75 -7.04506e-54 2.31188e-53 3.13328e-53
0.754167 -5.45846e-53 1.77809e-52 2.41032e-52
0.758333 -4.14708e-52 1.34102e-51 1.8182e-51
0.7625 -3.09003e-51 9.91896e-51 1.34512e-50
0.766667 -2.25833e-50 7.19627e-50 9.76095e-50
0.770833 -1.61911e-49 5.12171e-49 6.94847e-49
0.775 -1.13889e-48 3.5764e-48 4.853e-48
0.779167 -7.86074e-48 2.45049e-47 3.32589e-47
0.783333 -5.32441e-47 1.64775e-46 2.23685e-46
0.7875 -3.53964e-46 1.08746e-45 1.47655e-45
0.791667 -2.30981e-45 7.04474e-45 9.5674e-45
0.795833 -1.4797e-44 4.48023e-44 6.08586e-44
0.8 -9.30681e-44 2.79747e-43 3.80085e-43
0.804167 -5.74781e-43 1.71518e-42 2.33086e-42
0.808333 -3.48599e-42 1.0327e-41 1.40371e-41
0.8125 -2.07643e-41 6.10674e-41 8.30242e-41
0.816667 -1.21483e-40 3.54694e-40 4.8233e-40
0.820833 -6.98184e-40 2.02373e-39 2.75256e-39
0.825 -3.942e-39 1.13435e-38 1.54321e-38
0.829167 -2.18674e-38 6.24702e-38 8.50053e-38
0.833333 -1.19193e-37 3.38044e-37 4.60089e-37
0.8375 -6.38437e-37 1.79756e-36 2.44708e-36
0.841667 -3.36072e-36 9.39384e-36 1.27909e-35
0.845833 -1.73872e-35 4.82485e-35 6.57108e-35
0.85 -8.84189e-35 2.4358e-34 3.3181e-34
0.854167 -4.4199e-34 1.20879e-33 1.64699e-33
0.858333 -2.17202e-33 5.89713e-33 8.03668e-33
0.8625 -1.04937e-32 2.82842e-32 3.85544e-32
0.866667 -4.98474e-32 1.3338e-31 1.8185e-31
0.870833 -2.32825e-31 6.18455e-31 8.43384e-31
0.875 -1.06935e-30 2.81984e-30 3.84623e-30
0.879167 -4.82988e-30 1.26435e-29 1.72493e-29
0.883333 -2.14541e-29 5.57522e-29 7.60776e-29
0.8875 -9.37266e-29 2.41786e-28 3.30003e-28
0.891667 -4.02734e-28 1.03133e-27 1.40791e-27
0.895833 -1.70216e-27 4.32701e-27 5.90818e-27
0.9 -7.07666e-27 1.78574e-26 2.43878e-26
0.904167 -2.89417e-26 7.24953e-26 9.90265e-26
0.908333 -1.16441e-25 2.89522e-25 3.95557e-25
0.9125 -4.60882e-25 1.1375e-24 1.5544e-24
0.916667 -1.79471e-24 4.39676e-24 6.00937e-24
0.920833 -6.87599e-24 1.67203e-23 2.28572e-23
0.925 -2.59195e-23 6.25601e-23 8.55375e-23
0.929167 -9.61349e-23 2.30307e-22 3.14952e-22
0.933333 -3.50841e-22 8.34224e-22 1.14103e-21
0.9375 -1.25987e-21 2.97327e-21 4.06747e-21
0.941667 -4.4518e-21 1.04273e-20 1.42671e-20
0.945833 -1.54792e-20 3.59836e-20 4.92422e-20
0.95 -5.2963e-20 1.2219e-19 1.67238e-19
0.954167 -1.78325e-19 4.08293e-19 5.58903e-19
0.958333 -5.90839e-19 1.34251e-18 1.83799e-18
0.9625 -1.92641e-18 4.3438e-18 5.94778e-18
0.966667 -6.18091e-18 1.38304e-17 1.89398e-17
0.970833 -1.95154e-17 4.33319e-17 5.93473e-17
0.975 -6.06352e-17 1.33595e-16 1.82991e-16
0.979167 -1.85391e-16 4.05298e-16 5.55212e-16
0.983333 -5.57783e-16 1.20992e-15 1.6576e-15
0.9875 -1.65138e-15 3.55409e-15 4.86954e-15
0.991667 -4.81091e-15 1.02726e-14 1.40757e-14
0.995833 -1.37909e-14 2.92149e-14 4.00331e-14
1 -3.88987e-14 8.17493e-14 1.12026e-13
1.00417 -1.07954e-13 2.25064e-13 3.08428e-13
1.00833 -2.94771e-13 6.09611e-13 8.35425e-13
1.0125 -7.91877e-13 1.62445e-12 2.22618e-12
1.01667 -2.09285e-12 4.25837e-12 5.83568e-12
1.02083 -5.44127e-12 1.0981e-11 1.50479e-11
1.025 -1.39162e-11 2.78532e-11 3.81668e-11
1.02917 -3.50084e-11 6.94886e-11 9.52123e-11
1.03333 -8.66209e-11 1.70501e-10 2.33596e-10
1.0375 -2.10785e-10 4.11414e-10 5.63595e-10
1.04167 -5.04415e-10 9.76189e-10 1.33709e-09
1.04583 -1.18694e-09 2.27745e-09 3.11892e-09
1.05 -2.74609e-09 5.22375e-09 7.15239e-09
1.05417 -6.24601e-09 1.17783e-08 1.61233e-08
1.05833 -1.3965e-08 2.61036e-08 3.5724e-08
1.0625 -3.06887e-08 5.68563e-08 7.77878e-08
1.06667 -6.62753e-08 1.2169e-07 1.66436e-07
1.07083 -1.40637e-07 2.55897e-07 3.49862e-07
1.075 -2.93192e-07 5.28614e-07 7.22423e-07
1.07917 -6.00393e-07 1.0725e-06 1.46505e-06
1.08333 -1.20745e-06 2.13677e-06 2.91737e-06
1.0875 -2.38433e-06 4.17956e-06 5.70324e-06
1.09167 -4.62202e-06 8.02449e-06 1.09431e-05
1.09583 -8.79355e-06 1.51187e-05 2.06035e-05
1.1 -1.64154e-05 2.79449e-05 3.80544e-05
1.10417 -3.0059e-05 5.06596e-05 6.89294e-05
1.10833 -5.39758e-05 9.00435e-05 0.000122406
1.1125 -9.50134e-05 0.000156865 0.000213031
1.11667 -0.000163898 0.000267746 0.000363214
1.12083 -0.000276943 0.000447568 0.000606422
1.125 -0.000458193 0.000732386 0.00099101
1.12917 -0.000741885 0.00117259 0.00158433
1.13333 -0.00117496 0.00183583 0.00247644
1.1375 -0.00181904 0.00280885 0.00378218
1.14167 -0.0027511 0.00419688 0.00563992
1.14583 -0.00406147 0.006119 0.00820459
1.15 -0.00584784 0.00869746 0.0116327
1.15417 -0.00820366 0.0120394 0.016057
1.15833 -0.0111999 0.0162098 0.0215497
1.1625 -0.0148599 0.0211971 0.0280763
1.16667 -0.0191292 0.026874 0.0354437
1.17083 -0.0238439 0.0329611 0.0432532
1.175 -0.0287048 0.0390016 0.0508714
1.17917 -0.0332661 0.0443616 0.0574341
1.18333 -0.0369484 0.0482655 0.0619011
1.1875 -0.0390857 0.0498753 0.0631687
1.19167 -0.039008 0.048414 0.060239
1.19583 -0.0361566 0.0433189 0.0524277
1.2 -0.0302141 0.0343996 0.0395704
1.20417 -0.0212247 0.0219619 0.022179
1.20833 -0.00966871 0.00685775 0.0014915
1.2125 0.00353745 -0.00957284 -0.0206244
1.21667 0.0171368 -0.0256771 -0.0419242
1.22083 0.0297182 -0.0397601 -0.0601588
1.225 0.0399617 -0.050395 -0.0734873
1.22917 0.0468847 -0.0566914 -0.0808206
1.23333 0.0500217 -0.0584443 -0.0819942
1.2375 0.0494814 -0.0561141 -0.0777117
1.24167 0.0458613 -0.0506412 -0.0692774
1.24583 0.0400482 -0.0431652 -0.0582186
1.25 0.0329825 -0.0347553 -0.0459463
1.25417 0.0254781 -0.0262643 -0.0335936
1.25833 0.0181725 -0.0183603 -0.022091
1.2625 0.0116185 -0.0117047 -0.0124134
1.26667 0.00645109 -0.00715648 -0.0058239
1.27083 0.00350852 -0.00584292 -0.00390464
1.275 0.00378726 -0.00898105 -0.00824369
1.27917 0.00818116 -0.0174553 -0.0198234
1.28333 0.017074 -0.0313036 -0.0383511
1.2875 0.0299628 -0.0493617 -0.0618791
1.29167 0.0453237 -0.0692952 -0.0869959
1.29583 0.0608537 -0.0880943 -0.109628
1.3 0.0740518 -0.102877 -0.126177
1.30417 0.082918 -0.111665 -0.134499
1.30833 0.0864535 -0.113763 -0.134247
1.3125 0.0847155 -0.109559 -0.126395
1.31667 0.0783944 -0.0998424 -0.112197
1.32083 0.0681459 -0.085045 -0.0921702
1.325 0.0540647 -0.06485 -0.0657252
1.32917 0.0356315 -0.0384492 -0.0317084
1.33333 0.012202 -0.00534301 0.0103967
1.3375 -0.016217 0.0337545 0.0593021
1.34167 -0.0483553 0.0764398 0.111491
1.34583 -0.0816098 0.118882 0.161834
1.35 -0.112592 0.156709 0.204941
1.35417 -0.138007 0.186054 0.236502
1.35833 -0.155396 0.204253 0.253963
1.3625 -0.163416 0.20994 0.25634
1.36667 -0.16163 0.202746 0.243596
1.37083 -0.150156 0.182999 0.216246
1.375 -0.129523 0.151772 0.175572
1.37917 -0.100887 0.111224 0.124233
1.38333 -0.066363 0.0648251 0.0666058
1.3875 -0.0290768 0.0170614 0.00830588
1.39167 0.00731577 -0.027447 -0.0450816
1.39583 0.0394792 -0.0649939 -0.089344
1.4 0.0651258 -0.0933874 -0.122214
1.40417 0.0831718 -0.111767 -0.142871
1.40833 0.0932896 -0.119898 -0.150923
1.4125 0.0953099 -0.117617 -0.145884
1.41667 0.0890694 -0.105016 -0.12776
1.42083 0.0749319 -0.0832844 -0.098395
1.425 0.0545882 -0.0554933 -0.0623653
1.42917 0.031368 -0.0264477 -0.0263294
1.43333 0.00953548 -0.0013308 0.00319523
1.4375 -0.0072187 0.0162045 0.0223932
1.44167 -0.017202 0.0253136 0.0313744
1.44583 -0.0211137 0.0277558 0.0332204
1.45 -0.0211395 0.0263627 0.0315532
1.45417 -0.0193953 0.0232656 0.0283691
1.45833 -0.0168159 0.0190806 0.0235891
1.4625 -0.013188 0.0134537 0.0163716
1.46667 -0.00810772 0.00630266 0.00686595
1.47083 -0.00194865 -0.00138145 -0.00313144
1.475 0.00398907 -0.00782742 -0.0110871
1.47917 0.00820813 -0.011536 -0.015291
1.48333 0.00992569 -0.0121332 -0.0156757
1.4875 0.00937833 -0.0103299 -0.0133082
1.49167 0.00735121 -0.00715826 -0.00924512
1.49583 0.00448827 -0.00329479 -0.0039728
1.5 0.00108364 0.000904843 0.00206608
1.50417 -0.00250943 0.00483321 0.00759422
1.50833 -0.00541597 0.00731212 0.0104937
1.5125 -0.00640586 0.00710399 0.00907906
1.51667 -0.0047486 0.00395874 0.00367549
1.52083 -0.00103729 -0.000778389 -0.00303966
1.525 0.00287782 -0.00473987 -0.00755045
1.52917 0.00499295 -0.00602077 -0.00783766
1.53333 0.00448893 -0.00443311 -0.00465797
1.5375 0.00221349 -0.0014971 -0.000711779
1.54167 -9.27072e-05 0.000816583 0.00155668
1.54583 -0.00115668 0.00152633 0.00164534
1.55 -0.00097603 0.00109059 0.000843155
1.55417 -0.000468979 0.000624557 0.000620553
1.55833 -0.000423085 0.000721588 0.00118154
1.5625 -0.000764688 0.000976246 0.00146875
1.56667 -0.000772474 0.000559596 0.000436797
1.57083 7.16115e-05 -0.000798888 -0.00174588
1.575 0.00146055 -0.00238647 -0.00369856
1.57917 0.00244373 -0.00302006 -0.003944
1.58333 0.00220289 -0.0020145 -0.00207726
1.5875 0.000716084 0.000222529 0.000949398
1.59167 -0.00120765 0.00241049 0.00347481
1.59583 -0.00246052 0.00320849 0.00408773
1.6 -0.00229169 0.00204076 0.00232665
1.60417 -0.000706576 -0.000536592 -0.00104992
1.60833 0.00150727 -0.0030846 -0.00424897
1.6125 0.00310615 -0.00403918 -0.00521105
1.61667 0.0030192 -0.00266308 -0.00289593
1.62083 0.00107969 0.000324364 0.0016276
1.625 -0.00161666 0.00297816 0.00539764
1.62917 -0.00321231 0.00332673 0.00547873
1.63333 -0.00237043 0.000859839 0.00140043
1.6375 0.000545845 -0.00286743 -0.00402142
1.64167 0.00349816 -0.00522476 -0.00661799
1.64583 0.00424976 -0.00451785 -0.00426154
1.65 0.00221096 -0.00141657 0.00119576
1.65417 -0.000963904 0.0015028 0.00534436
1.65833 -0.00268406 0.00183745 0.00492123
1.6625 -0.00158309 -0.000677576 0.000533227
1.66667 0.00136217 -0.0040183 -0.00402999
1.67083 0.00374287 -0.00563149 -0.00517767
1.675 0.00379805 -0.00451211 -0.00245198
1.67917 0.00177935 -0.00181092 0.00150931
1.68333 -0.000517513 0.000385236 0.00358244
1.6875 -0.00143068 0.000834964 0.00269327
1.69167 -0.00070636 -7.6535e-05 0.000143842
1.69583 0.000622553 -0.000981655 -0.00200242
1.7 0.00132353 -0.000734234 -0.0025668
1.70417 0.000860245 0.000910301 -0.00160561
1.70833 -0.000530406 0.00342229 0.00017297
1.7125 -0.00225541 0.00596095 0.00186849
1.71667 -0.00368314 0.00773089 0.00249186
1.72083 -0.00427094 0.00825571 0.00134646
1.725 -0.00380678 0.00769217 -0.00114633
1.72917 -0.00275516 0.00692279 -0.00316929
1.73333 -0.00217798 0.00701308 -0.00275282
1.7375 -0.00290534 0.00821377 0.000184975
1.74167 -0.00456642 0.00945397 0.00319554
1.74583 -0.00561709 0.0091126 0.00330691
1.75 -0.0046908 0.00660185 7.50725e-05
1.75417 -0.00209124 0.00321207 -0.00355821
1.75833 0.000224507 0.00114598 -0.00395096
1.7625 0.000430753 0.0014874 -0.000527056
1.76667 -0.00130912 0.00312504 0.00338656
1.77083 -0.00291655 0.003843 0.00383576
1.775 -0.00249029 0.00256169 0.000364821
1.77917 -0.00029684 0.00041508 -0.00342955
1.78333 0.00148969 -0.000512827 -0.00364797
1.7875 0.00110244 0.000494628 -0.000194639
1.79167 -0.000886297 0.00186019 0.00318614
1.79583 -0.00209838 0.00117791 0.00297735
1.8 -0.000790451 -0.00246256 -0.000383445
1.80417 0.00241807 -0.00772296 -0.00314794
1.80833 0.00535488 -0.0125542 -0.00244855
1.8125 0.00668465 -0.0162834 0.000661364
1.81667 0.00722481 -0.019977 0.00260967
1.82083 0.00878881 -0.0247688 0.00140611
1.825 0.0119382 -0.0301139 -0.00125239
1.82917 0.0152049 -0.0339676 -0.00215109
1.83333 0.0166197 -0.0346649 -0.000344355
1.8375 0.0157412 -0.0323282 0.00187038
1.84167 0.0138561 -0.0282358 0.00183404
1.84583 0.0122065 -0.0230379 -0.000254679
1.85 0.0104346 -0.0160657 -0.00165999
1.85417 0.00713785 -0.00658074 -0.000556452
1.85833 0.00183551 0.00465907 0.00164244
1.8625 -0.00411538 0.015579 0.00200957
1.86667 -0.00885214 0.0245705 -0.000174986
1.87083 -0.0119766 0.0316664 -0.00236175
1.875 -0.0146988 0.0376517 -0.00181381
1.87917 -0.0179425 0.0423087 0.00088729
1.88333 -0.0208024 0.044128 0.00236775
1.8875 -0.0213794 0.041937 0.000574452
1.89167 -0.0190517 0.0364266 -0.00254613
1.89583 -0.0153715 0.0296667 -0.00324268
1.9 -0.0124152 0.0231755 -0.000492457
1.90417 -0.0105366 0.0167886 0.00264412
1.90833 -0.00820527 0.00950023 0.00257292
1.9125 -0.00408907 0.00116165 -0.000592055
1.91667 0.00111439 -0.00687734 -0.00313047
1.92083 0.00522536 -0.0128096 -0.00201197
1.925 0.00685557 -0.0160046 0.00162826
1.92917 0.00685092 -0.0176111 0.00376802
1.93333 0.0073301 -0.0194159 0.00200014
1.9375 0.00935014 -0.0218907 -0.00177861
1.94167 0.0116822 -0.0234429 -0.00341972
1.94583 0.0120689 -0.0220316 -0.00108622
1.95 0.00974511 -0.0176994 0.00262402
1.95417 0.00649075 -0.012982 0.00344088
1.95833 0.0048303 -0.0102311 0.000243541
1.9625 0.00518205 -0.00885456 -0.00344894
1.96667 0.0053058 -0.00614266 -0.00335146
1.97083 0.00299928 -0.000974229 0.000514324
1.975 -0.00102633 0.00435136 0.00362928
1.97917 -0.00375426 0.00676665 0.00228704
1.98333 -0.00344003 0.00620129 -0.00186098
1.9875 -0.00172404 0.00546026 -0.00377384
1.99167 -0.00152479 0.0064622 -0.00122293
1.99583 -0.00338566 0.00796093 0.00255325
2 -0.00495539 0.00756913 0.00304214
2.00417 -0.0041086 0.00494408 -3.83442e-06
2.00833 -0.00152377 0.0019103 -0.00266155
2.0125 0.000408574 3.05026e-05 -0.00195351
2.01667 0.0005054 -0.00071261 0.000829883
2.02083 -0.000256527 -0.000966355 0.00231435
2.025 -0.000408868 -0.000985953 0.0011713
2.02917 0.000312394 -0.0008553 -0.000927987
2.03333 0.0010684 -0.000710704 -0.00174126
2.0375 0.001016 -0.000263697 -0.000731754
2.04167 1.29535e-05 0.00101649 0.000884616
2.04583 -0.0012972 0.00264844 0.00149948
2.05 -0.00185314 0.00298199 0.000505933
2.05417 -0.00108071 0.00124759 -0.00107456
2.05833 0.000301612 -0.000954143 -0.0014504
2.0625 0.000866857 -0.00145493 -0.000100083
2.06667 0.000211449 -0.000401581 0.00132452
2.07083 -0.000456713 0.000111254 0.000959312
2.075 -3.68084e-07 -0.000771904 -0.000677968
2.07917 0.000968793 -0.00151898 -0.00130005
2.08333 0.000994423 -0.000787629 -0.000131316
2.0875 -5.75039e-06 0.000439331 0.000983154
2.09167 -0.000612226 0.00044932 0.000449451
2.09583 -6.17449e-05 -0.000620989 -0.000661943
2.1 0.000701551 -0.00125586 -0.000484249
2.10417 0.00062769 -0.000919233 0.000573337
2.10833 0.000103097 -0.000399073 0.000603796
2.1125 3.56573e-05 -0.000110166 -0.000518756
2.11667 0.000262278 0.000378735 -0.000902075
2.12083 -7.48997e-06 0.00107258 0.000158254
2.125 -0.000669515 0.00125603 0.000964643
2.12917 -0.000848646 0.000748861 0.000228403
2.13333 -0.000345336 0.000172657 -0.000868942
2.1375 0.00017548 -0.000305189 -0.000714529
2.14167 0.00038844 -0.00112224 0.000243084
2.14583 0.000580484 -0.00187915 0.000600204
2.15 0.000693702 -0.00137804 0.000292157
2.15417 0.000307185 0.00022608 6.07373e-05
2.15833 -0.000264687 0.00108525 -0.00023248
2.1625 -0.000191752 0.0005346 -0.000826832
2.16667 0.000230953 0.000388609 -0.000664668
2.17083 -0.000277725 0.00172447 0.000883382
2.175 -0.00155083 0.00237598 0.00181442
2.17917 -0.00149679 0.000205904 1.62252e-07
2.18333 0.000634034 -0.00271135 -0.00256457
2.1875 0.00230503 -0.00259966 -0.00174057
2.19167 0.00111274 8.73215e-05 0.00204948
2.19583 -0.00125364 0.00119568 0.00333965
2.2 -0.0012643 -0.000472726 -0.000266139
2.20417 0.000959358 -0.00134388 -0.00372431
2.20833 0.00172653 0.000702248 -0.00179603
2.2125 -0.000388489 0.00260823 0.00280295
2.21667 -0.00228044 0.00134869 0.00339556
2.22083 -0.0012533 -0.000942232 -0.000564658
2.225 0.000939336 -0.000830753 -0.00309596
2.22917 0.00127114 0.000491969 -0.00105179
2.23333 9.40039e-05 -0.000216947 0.00187953
2.2375 -0.000276063 -0.00196025 0.00179763
2.24167 0.000277178 -0.00119658 -2.60016e-05
2.24583 0.000207485 0.00128975 -0.000800876
2.25 -0.000241768 0.0012121 -0.000756724
2.25417 0.000329562 -0.00137495 -0.000907817
2.25833 0.00105677 -0.0014343 -0.000153592
2.2625 -0.000161036 0.00220993 0.00174415
2.26667 -0.00224314 0.0038478 0.00175592
2.27083 -0.00167202 9.18859e-05 -0.00154559
2.275 0.00150986 -0.00385236 -0.0037929
2.27917 0.00275495 -0.00221786 -0.000749361
2.28333 -1.57981e-06 0.00191088 0.00391169
2.2875 -0.00256372 0.00173714 0.00307122
2.29167 -0.000847715 -0.002039 -0.00256546
2.29583 0.00250191 -0.00269323 -0.00473496
2.3 0.00218105 0.00118968 -0.000109865
2.30417 -0.00145124 0.00367007 0.00453369
2.30833 -0.0031174 0.00143813 0.00268535
2.3125 -0.000810004 -0.00144133 -0.00245822
2.31667 0.00176923 -0.00106387 -0.00360998
2.32083 0.00143161 0.000407113 -3.98569e-05
2.325 -0.000320533 -0.000207728 0.00283549
2.32917 -0.000779447 -0.00144814 0.00194218
2.33333 -1.51707e-05 -0.000747038 -0.000605595
2.3375 0.000552912 0.000572331 -0.00196987
2.34167 0.000698553 0.000219639 -0.00147173
2.34583 0.000560906 -0.000474643 0.000392975
2.35 -0.000351444 0.000653972 0.00220813
2.35417 -0.00154394 0.00196949 0.00165064
2.35833 -0.00118439 0.00075348 -0.00144333
2.3625 0.000852272 -0.00163077 -0.00320858
2.36667 0.00190077 -0.00190548 -0.000640422
2.37083 0.000459932 -0.000461955 0.00301954
2.375 -0.00113065 -0.000138535 0.00233922
2.37917 -0.000367211 -0.000892287 -0.00182649
2.38333 0.00134117 -0.000513835 -0.00333924
2.3875 0.00119278 0.000525161 -0.000296707
2.39167 -0.000356896 2.31798e-05 0.00235274
2.39583 -0.000810009 -0.00107183 0.0010459
2.4 -2.52546e-06 -0.000187062 -0.00137436
2.40417 0.000321505 0.00116966 -0.00140324
2.40833 0.000200225 -0.000584476 -0.000276485
2.4125 0.000895643 -0.00358909 -0.000215078
2.41667 0.00145061 -0.00225905 -8.24238e-05
2.42083 1.06835e-05 0.00252331 0.00115126
2.425 -0.00181635 0.00314149 0.0010147
2.42917 -0.000668272 -0.00202237 -0.00167429
2.43333 0.00224522 -0.00434669 -0.00274987
2.4375 0.00187576 0.00123627 0.000883309
2.44167 -0.00223661 0.00668858 0.00442647
2.44583 -0.00403552 0.00325324 0.00177321
2.45 -0.000394563 -0.00367061 -0.00369189
2.45417 0.00315266 -0.00283777 -0.0032352
2.45833 0.000904394 0.00417662 0.00305385
2.4625 -0.00356462 0.00539883 0.00551295
2.46667 -0.0029565 -0.001496 0.000113558
2.47083 0.00186844 -0.00518681 -0.00486032
2.475 0.00328394 0.000291438 -0.00194473
2.47917 -0.000687995 0.00558893 0.00380715
2.48333 -0.00342902 0.00187092 0.00335025
2.4875 -0.000744291 -0.0045239 -0.0020581
2.49167 0.0026881 -0.0031851 -0.00380239
2.49583 0.00157831 0.00288797 1.6727e-05
2.5 -0.00152195 0.00305062 0.00267851
2.50417 -0.00132508 -0.00257086 0.000610236
2.50833 0.00120059 -0.00373015 -0.00168337
2.5125 0.00122505 0.00198025 -0.000374922
2.51667 -0.00127486 0.00515146 0.00160135
2.52083 -0.00189538 0.00101418 0.000813126
2.525 9.53853e-05 -0.00249759 -0.000511441
2.52917 0.000608386 0.00121019 0.000729204
2.53333 -0.00168172 0.00590838 0.00235634
2.5375 -0.0027786 0.00339341 0.00094049
2.54167 -0.000449095 -0.00238329 -0.00148069
2.54583 0.00163672 -0.00220311 -0.000610207
2.55 0.000140152 0.00277758 0.00232475
2.55417 -0.00215909 0.00348411 0.00222191
2.55833 -0.00111358 -0.00138621 -0.00119792
2.5625 0.00170603 -0.00358943 -0.00264797
2.56667 0.00173578 0.000203251 -5.94634e-06
2.57083 -0.000860923 0.00302964 0.00220803
2.575 -0.00161962 -8.14247e-05 0.000341193
2.57917 0.000709831 -0.0039722 -0.00262011
2.58333 0.00239019 -0.00276396 -0.00228065
2.5875 0.00116011 0.000326239 0.000192844
2.59167 -0.000336226 -0.000727935 0.000610145
2.59583 0.000582308 -0.00434584 -0.00136521
2.6 0.00232168 -0.00467185 -0.00239325
2.60417 0.00217105 -0.00172799 -0.00123896
2.60833 0.000778047 -0.000669941 -0.000131651
2.6125 0.000499316 -0.00259119 -0.000525409
2.61667 0.0012974 -0.00323949 -0.00113224
2.62083 0.00128372 -0.000838889 -0.000721105
2.625 0.000198413 0.00118365 -2.32018e-06
2.62917 -0.000424072 0.000452953 0.000134394
2.63333 -7.61282e-05 -0.000664159 9.55683e-05
2.6375 0.000101672 0.000437918 0.000437914
2.64167 -0.00053723 0.00250804 0.00086025
2.64583 -0.00127189 0.00309277 0.00101551
2.65 -0.00142668 0.00230666 0.00107044
2.65417 -0.00121534 0.00178885 0.00105556
2.65833 -0.00101595 0.00195248 0.000777382
2.6625 -0.000888431 0.00206456 0.000520896
2.66667 -0.000857286 0.00166619 0.000687548
2.67083 -0.000831031 0.0007101 0.000772451
2.675 -0.000410301 -0.000579268 1.9783e-05
2.67917 0.000445613 -0.00137239 -0.000977728
2.68333 0.000944147 -0.00101601 -0.000877346
2.6875 0.000537316 -0.000380854 0.000135558
2.69167 -6.22209e-06 -0.000857687 0.000369034
2.69583 0.000318694 -0.00189467 -0.000689875
2.7 0.00104428 -0.00153535 -0.00142603
2.70417 0.000886451 0.000244183 -0.000605282
2.70833 -0.00013183 0.00106341 0.000686933
2.7125 -0.000634684 -0.000129535 0.000737783
2.71667 -5.60588e-05 -0.001204 -0.000275835
2.72083 0.000534562 -0.000210192 -0.000751015
2.725 0.000184064 0.00146821 -2.90968e-05
2.72917 -0.000558523 0.00136407 0.000910231
2.73333 -0.000674141 -0.00017277 0.000964955
2.7375 -0.000188539 -0.00072969 0.000194278
2.74167 0.00014234 0.00026416 -0.000516504
2.74583 7.45902e-05 0.000876943 -0.000509953
2.75 -9.72256e-06 -1.38382e-05 6.89215e-05
2.75417 6.66465e-05 -0.000997267 0.000480232
2.75833 7.39351e-05 -0.000516285 0.000147696
2.7625 -5.92734e-05 0.000716939 -0.000639554
2.76667 -8.87245e-05 0.000938428 -0.000921315
2.77083 5.45695e-05 -4.50606e-05 -0.000200544
2.775 9.71233e-05 -0.000801758 0.000782472
2.77917 -8.47782e-05 -0.000451572 0.000825357
2.78333 -0.000192613 0.000304596 -0.000176086
2.7875 2.58253e-05 0.000402837 -0.000950414
2.79167 0.000324647 -0.000207568 -0.000447313
2.79583 0.000289916 -0.000704863 0.00071095
2.8 -4.97779e-05 -0.000450219 0.000990707
2.80417 -0.000267798 0.00032964 9.7836e-06
2.80833 -0.000128612 0.000763093 -0.000934884
2.8125 0.000148826 0.000297943 -0.0006251
2.81667 0.000211308 -0.000483317 0.000487343
2.82083 -4.04313e-05 -0.000446901 0.00096284
2.825 -0.00035985 0.000446309 0.000228335
2.82917 -0.000347473 0.000834083 -0.000821575
2.83333 0.000113515 -4.23523e-05 -0.000954005
2.8375 0.000525472 -0.0009022 3.70878e-05
2.84167 0.000227685 -0.000219447 0.00108647
2.84583 -0.000596898 0.00121451 0.000946569
2.85 -0.00086852 0.00122523 -0.000310304
2.85417 -5.00044e-05 -0.000426094 -0.00111031
2.85833 0.000879082 -0.001556 -0.000261782
2.8625 0.000670413 -0.00078212 0.00123008
2.86667 -0.00034281 0.000554454 0.00126235
2.87083 -0.000663779 0.000562231 -0.000397789
2.875 0.000180139 -0.000536187 -0.00157027
2.87917 0.000966312 -0.00105915 -0.000660349
2.88333 0.000570575 -0.000276547 0.00107603
2.8875 -0.000508662 0.00091242 0.00132059
2.89167 -0.000950078 0.00126951 -0.000152353
2.89583 -0.000328 0.000496217 -0.00137792
2.9 0.000514913 -0.000524792 -0.000883745
2.90417 0.000559991 -0.000588316 0.000626264
2.90833 -0.000236072 0.000342807 0.00130543
2.9125 -0.000839971 0.000784023 0.000281453
2.91667 -0.000289733 -0.000285965 -0.00133696
2.92083 0.000945315 -0.00156094 -0.00153712
2.925 0.00125701 -0.00101658 0.000200658
2.92917 3.23768e-05 0.000861025 0.00186864
2.93333 -0.0011829 0.00145486 0.00125861
2.9375 -0.000643121 -7.23816e-05 -0.000846977
2.94167 0.00100487 -0.00142575 -0.00139171
2.94583 0.0015051 -0.000678685 0.000677204
2.95 0.00025987 0.000875312 0.00271732
2.95417 -0.000784243 0.000857926 0.00210815
2.95833 3.84943e-05 -0.00070803 1.57048e-05
2.9625 0.00182359 -0.00177057 -0.00031033
2.96667 0.00252024 -0.00125207 0.00198238
2.97083 0.00170528 -0.000147368 0.00447464
2.975 0.000930875 3.29509e-05 0.00486585
2.97917 0.00167343 -0.00110135 0.00373437
2.98333 0.00366093 -0.00256065 0.00362367
2.9875 0.00526675 -0.00296382 0.00608569
2.99167 0.00540389 -0.00218713 0.00988377
2.99583 0.00497041 -0.00188355 0.0122536
