0 0 0 0
0.00416667 0 0 0
0.00833333 0 0 0
0.0125 0 0 0
0.0166667 0 0 0
0.0208333 0 0 0
0.025 0 0 0
0.0291667 0 0 0
0.0333333 0 0 0
0.0375 0 0 0
0.0416667 0 0 0
0.0458333 0 0 0
0.05 0 0 0
0.0541667 0 0 0
0.0583333 0 0 0
0.0625 0 0 0
0.0666667 0 0 0
0.0708333 0 0 0
0.075 0 0 0
0.0791667 0 0 0
0.0833333 0 0 0
0.0875 0 0 0
0.0916667 0 0 0
0.0958333 0 0 0
0.1 0 0 0
0.104167 0 0 0
0.108333 0 0 0
0.1125 0 0 0
0.116667 0 0 0
0.120833 0 0 0
0.125 0 0 0
0.129167 0 0 0
0.133333 0 0 0
0.1375 0 0 0
0.141667 0 0 0
0.145833 0 0 0
0.15 0 0 0
0.154167 0 0 0
0.158333 0 0 0
0.1625 0 0 0
0.166667 0 0 0
0.170833 0 0 0
0.175 0 0 0
0.179167 0 0 0
0.183333 0 0 0
0.1875 0 0 0
0.191667 -2.94463e-321 4.49254e-320 6.03748e-320
0.195833 -1.03784e-316 1.48628e-315 1.99843e-315
0.2 -2.78814e-312 3.90721e-311 5.25317e-311
0.204167 -6.01419e-308 8.25099e-307 1.10924e-306
0.208333 -1.0509e-303 1.41206e-302 1.89819e-302
0.2125 -1.49996e-299 1.97473e-298 2.65437e-298
0.216667 -1.7625e-295 2.27439e-294 3.05694e-294
0.220833 -1.71756e-291 2.17329e-290 2.92085e-290
0.225 -1.3978e-287 1.73491e-286 2.33152e-286
0.229167 -9.56269e-284 1.16464e-282 1.56504e-282
0.233333 -5.53368e-280 6.6153e-279 8.88903e-279
0.2375 -2.72456e-276 3.19812e-275 4.29707e-275
0.241667 -1.14774e-272 1.32324e-271 1.77783e-271
0.245833 -4.15855e-269 4.71049e-268 6.32837e-268
0.25 -1.30248e-265 1.44993e-264 1.94781e-264
0.254167 -3.54314e-262 3.87739e-261 5.20855e-261
0.258333 -8.40934e-259 9.04906e-258 1.21551e-257
0.2625 -1.74887e-255 1.85098e-254 2.48619e-254
0.266667 -3.20001e-252 3.33202e-251 4.47527e-251
0.270833 -5.17176e-249 5.29924e-248 7.11713e-248
0.275 -7.4103e-246 7.47362e-245 1.0037e-244
0.279167 -9.44679e-243 9.37991e-242 1.25966e-241
0.283333 -1.07512e-239 1.0512e-238 1.41163e-238
0.2875 -1.09588e-236 1.05536e-235 1.41716e-235
0.291667 -1.00356e-233 9.52094e-233 1.27845e-232
0.295833 -8.28121e-231 7.7413e-230 1.03945e-229
0.3 -6.17508e-228 5.68895e-227 7.63849e-227
0.304167 -4.17228e-225 3.78892e-224 5.08718e-224
0.308333 -2.56106e-222 2.29294e-221 3.07852e-221
0.3125 -1.43175e-219 1.264e-218 1.69702e-218
0.316667 -7.30733e-217 6.36247e-216 8.54189e-216
0.320833 -3.4127e-214 2.93105e-213 3.93497e-213
0.325 -1.46166e-211 1.23851e-210 1.66269e-210
0.329167 -5.75349e-209 4.81043e-208 6.45783e-208
0.333333 -2.08565e-206 1.72091e-205 2.31023e-205
0.3375 -6.97643e-204 5.68175e-203 7.62733e-203
0.341667 -2.15741e-201 1.7345e-200 2.32842e-200
0.345833 -6.17918e-199 4.90492e-198 6.58435e-198
0.35 -1.64209e-196 1.28711e-195 1.7278e-195
0.354167 -4.05571e-194 3.13951e-193 4.21442e-193
0.358333 -9.3251e-192 7.12987e-191 9.57099e-191
0.3625 -1.99914e-189 1.50994e-188 2.02691e-188
0.366667 -4.00218e-187 2.98648e-186 4.00899e-186
0.370833 -7.49303e-185 5.52481e-184 7.41642e-184
0.375 -1.31384e-182 9.57306e-182 1.28508e-181
0.379167 -2.16047e-180 1.55581e-179 2.08853e-179
0.383333 -3.33621e-178 2.37472e-177 3.18786e-177
0.3875 -4.84414e-176 3.40858e-175 4.57579e-175
0.391667 -6.62185e-174 4.60659e-173 6.18415e-173
0.395833 -8.53224e-172 5.86887e-171 7.87883e-171
0.4 -1.03747e-169 7.0567e-169 9.47365e-169
0.404167 -1.19181e-167 8.017e-167 1.07631e-166
0.408333 -1.29488e-165 8.61506e-165 1.15663e-164
0.4125 -1.33202e-163 8.76599e-163 1.17692e-162
0.416667 -1.29864e-161 8.45443e-161 1.13512e-160
0.420833 -1.20116e-159 7.73644e-159 1.03875e-158
0.425 -1.05504e-157 6.72342e-157 9.02765e-157
0.429167 -8.80831e-156 5.5544e-155 7.45824e-155
0.433333 -6.99638e-154 4.36593e-153 5.86262e-153
0.4375 -5.29168e-152 3.26807e-151 4.38858e-151
0.441667 -3.81439e-150 2.3316e-149 3.13115e-149
0.445833 -2.62259e-148 1.58681e-147 2.13105e-147
0.45 -1.72132e-146 1.03099e-145 1.38466e-145
0.454167 -1.07934e-144 6.40004e-144 8.59591e-144
0.458333 -6.47071e-143 3.79877e-142 5.10239e-142
0.4625 -3.71166e-141 2.15753e-140 2.89807e-140
0.466667 -2.03854e-139 1.17337e-138 1.57621e-138
0.470833 -1.07278e-137 6.11486e-137 8.21463e-137
0.475 -5.41303e-136 3.05566e-135 4.10517e-135
0.479167 -2.62058e-134 1.46514e-133 1.96848e-133
0.483333 -1.21804e-132 6.74511e-132 9.06296e-132
0.4875 -5.43885e-131 2.98339e-130 4.00884e-130
0.491667 -2.33454e-129 1.26855e-128 1.70469e-128
0.495833 -9.63839e-128 5.18845e-127 6.97279e-127
0.5 -3.82974e-126 2.04248e-125 2.74509e-125
0.504167 -1.46535e-124 7.74301e-124 1.04074e-123
0.508333 -5.4021e-123 2.82837e-122 3.80191e-122
0.5125 -1.91984e-121 9.96024e-121 1.33897e-120
0.516667 -6.58082e-120 3.38328e-119 4.54855e-119
0.520833 -2.17684e-118 1.10908e-117 1.4912e-117
0.525 -6.95224e-117 3.51044e-116 4.72031e-116
0.529167 -2.14479e-115 1.07336e-114 1.44342e-114
0.533333 -6.3946e-114 3.17189e-113 4.26584e-113
0.5375 -1.84337e-112 9.06326e-112 1.21902e-111
0.541667 -5.14016e-111 2.50517e-110 3.36981e-110
0.545833 -1.38708e-109 6.70148e-109 9.0153e-109
0.55 -3.62385e-108 1.73568e-107 2.33519e-107
0.554167 -9.16999e-107 4.35429e-106 5.85888e-106
0.558333 -2.24841e-105 1.0585e-104 1.42441e-104
0.5625 -5.34395e-104 2.49441e-103 3.35703e-103
0.566667 -1.23169e-102 5.7005e-102 7.6727e-102
0.570833 -2.75398e-101 1.26385e-100 1.70129e-100
0.575 -5.97585e-100 2.71942e-99 3.66108e-99
0.579167 -1.25886e-98 5.68087e-98 7.64886e-98
0.583333 -2.57544e-97 1.15256e-96 1.55202e-96
0.5875 -5.11883e-96 2.27184e-95 3.05958e-95
0.591667 -9.88745e-95 4.35212e-94 5.86191e-94
0.595833 -1.85668e-93 8.10549e-93 1.09187e-92
0.6 -3.39056e-92 1.4681e-91 1.97789e-91
0.604167 -6.02316e-91 2.58681e-90 3.48551e-90
0.608333 -1.0412e-89 4.4355e-89 5.97727e-89
0.6125 -1.75197e-88 7.40327e-88 9.97794e-88
0.616667 -2.87037e-87 1.20319e-86 1.62185e-86
0.620833 -4.58027e-86 1.90459e-85 2.56766e-85
0.625 -7.12051e-85 2.93731e-84 3.96046e-84
0.629167 -1.07875e-83 4.41466e-83 5.95327e-83
0.633333 -1.59306e-82 6.46792e-82 8.72339e-82
0.6375 -2.29387e-81 9.23988e-81 1.24638e-80
0.641667 -3.22136e-80 1.28741e-79 1.73686e-79
0.645833 -4.41322e-79 1.74994e-78 2.36122e-78
0.65 -5.89967e-78 2.32111e-77 3.13239e-77
0.654167 -7.69767e-77 3.00498e-76 4.05592e-76
0.658333 -9.80519e-76 3.79807e-75 5.12718e-75
0.6625 -1.2196e-74 4.68771e-74 6.32916e-74
0.666667 -1.48166e-73 5.65113e-73 7.63115e-73
0.670833 -1.75849e-72 6.65553e-72 8.98894e-72
0.675 -2.03934e-71 7.65947e-71 1.03466e-70
0.679167 -2.31148e-70 8.6154e-70 1.16398e-69
0.683333 -2.56115e-69 9.47337e-69 1.28011e-68
0.6875 -2.77466e-68 1.01853e-67 1.37655e-67
0.691667 -2.93972e-67 1.07096e-66 1.44766e-66
0.695833 -3.04653e-66 1.1015e-65 1.4892e-65
0.7 -3.08884e-65 1.10839e-64 1.49879e-64
0.704167 -3.06446e-64 1.09139e-63 1.47606e-63
0.708333 -2.97553e-63 1.05178e-62 1.42275e-62
0.7125 -2.82815e-62 9.92216e-62 1.34242e-61
0.716667 -2.63177e-61 9.16433e-61 1.24012e-60
0.720833 -2.39813e-60 8.28863e-60 1.12183e-59
0.725 -2.14019e-59 7.3422e-59 9.93922e-59
0.729167 -1.87093e-58 6.37091e-58 8.62602e-58
0.733333 -1.60236e-57 5.41602e-57 7.33453e-57
0.7375 -1.3447e-56 4.51158e-56 6.11091e-56
0.741667 -1.10593e-55 3.68312e-55 4.98974e-55
0.745833 -8.91506e-55 2.94718e-54 3.9935e-54
0.75 -7.04506e-54 2.31188e-53 3.13328e-53
0.754167 -5.45846e-53 1.77809e-52 2.41032e-52
0.758333 -4.14708e-52 1.34102e-51 1.8182e-51
0.7625 -3.09003e-51 9.91896e-51 1.34512e-50
0.766667 -2.25833e-50 7.19627e-50 9.76095e-50
0.770833 -1.61911e-49 5.12171e-49 6.94847e-49
0.775 -1.13889e-48 3.5764e-48 4.853e-48
0.779167 -7.86074e-48 2.45049e-47 3.32589e-47
0.783333 -5.32441e-47 1.64775e-46 2.23685e-46
0.7875 -3.53964e-46 1.08746e-45 1.47655e-45
0.791667 -2.30981e-45 7.04474e-45 9.5674e-45
0.795833 -1.4797e-44 4.48023e-44 6.08586e-44
0.8 -9.30681e-44 2.79747e-43 3.80085e-43
0.804167 -5.74781e-43 1.71518e-42 2.33086e-42
0.808333 -3.48599e-42 1.0327e-41 1.40371e-41
0.8125 -2.07643e-41 6.10674e-41 8.30242e-41
0.816667 -1.21483e-40 3.54694e-40 4.8233e-40
0.820833 -6.98184e-40 2.02373e-39 2.75256e-39
0.825 -3.942e-39 1.13435e-38 1.54321e-38
0.829167 -2.18674e-38 6.24702e-38 8.50053e-38
0.833333 -1.19193e-37 3.38044e-37 4.60089e-37
0.8375 -6.38437e-37 1.79756e-36 2.44708e-36
0.841667 -3.36072e-36 9.39384e-36 1.27909e-35
0.845833 -1.73872e-35 4.82485e-35 6.57108e-35
0.85 -8.84189e-35 2.4358e-34 3.3181e-34
0.854167 -4.4199e-34 1.20879e-33 1.64699e-33
0.858333 -2.17202e-33 5.89713e-33 8.03668e-33
0.8625 -1.04937e-32 2.82842e-32 3.85544e-32
0.866667 -4.98474e-32 1.3338e-31 1.8185e-31
0.870833 -2.32825e-31 6.18455e-31 8.43384e-31
0.875 -1.06935e-30 2.81984e-30 3.84623e-30
0.879167 -4.82988e-30 1.26435e-29 1.72493e-29
0.883333 -2.14541e-29 5.57522e-29 7.60776e-29
0.8875 -9.37266e-29 2.41786e-28 3.30003e-28
0.891667 -4.02734e-28 1.03133e-27 1.40791e-27
0.895833 -1.70216e-27 4.32701e-27 5.90818e-27
0.9 -7.07666e-27 1.78574e-26 2.43878e-26
0.904167 -2.89417e-26 7.24953e-26 9.90265e-26
0.908333 -1.16441e-25 2.89522e-25 3.95557e-25
0.9125 -4.60882e-25 1.1375e-24 1.5544e-24
0.916667 -1.79471e-24 4.39676e-24 6.00937e-24
0.920833 -6.87599e-24 1.67203e-23 2.28572e-23
0.925 -2.59195e-23 6.25601e-23 8.55375e-23
0.929167 -9.61349e-23 2.30307e-22 3.14952e-22
0.933333 -3.50841e-22 8.34224e-22 1.14103e-21
0.9375 -1.25987e-21 2.97327e-21 4.06747e-21
0.941667 -4.4518e-21 1.04273e-20 1.42671e-20
0.945833 -1.54792e-20 3.59836e-20 4.92422e-20
0.95 -5.2963e-20 1.2219e-19 1.67238e-19
0.954167 -1.78325e-19 4.08293e-19 5.58903e-19
0.958333 -5.90839e-19 1.34251e-18 1.83799e-18
0.9625 -1.92641e-18 4.3438e-18 5.94778e-18
0.966667 -6.18091e-18 1.38304e-17 1.89398e-17
0.970833 -1.95154e-17 4.33319e-17 5.93473e-17
0.975 -6.06352e-17 1.33595e-16 1.82991e-16
0.979167 -1.85391e-16 4.05298e-16 5.55212e-16
0.983333 -5.57783e-16 1.20992e-15 1.6576e-15
0.9875 -1.65138e-15 3.55409e-15 4.86954e-15
0.991667 -4.81091e-15 1.02726e-14 1.40757e-14
0.995833 -1.37909e-14 2.92149e-14 4.00331e-14
1 -3.88987e-14 8.17493e-14 1.12026e-13
1.00417 -1.07954e-13 2.25064e-13 3.08428e-13
1.00833 -2.94771e-13 6.09611e-13 8.35425e-13
1.0125 -7.91877e-13 1.62445e-12 2.22618e-12
1.01667 -2.09285e-12 4.25837e-12 5.83568e-12
1.02083 -5.44127e-12 1.0981e-11 1.50479e-11
1.025 -1.39162e-11 2.78532e-11 3.81668e-11
1.02917 -3.50084e-11 6.94886e-11 9.52123e-11
1.03333 -8.66209e-11 1.70501e-10 2.33596e-10
1.0375 -2.10785e-10 4.11414e-10 5.63595e-10
1.04167 -5.04415e-10 9.76189e-10 1.33709e-09
1.04583 -1.18694e-09 2.27745e-09 3.11892e-09
1.05 -2.74609e-09 5.22375e-09 7.15239e-09
1.05417 -6.24601e-09 1.17783e-08 1.61233e-08
1.05833 -1.3965e-08 2.61036e-08 3.5724e-08
1.0625 -3.06887e-08 5.68563e-08 7.77878e-08
1.06667 -6.62753e-08 1.2169e-07 1.66436e-07
1.07083 -1.40637e-07 2.55897e-07 3.49862e-07
1.075 -2.93192e-07 5.28614e-07 7.22423e-07
1.07917 -6.00393e-07 1.0725e-06 1.46505e-06
1.08333 -1.20745e-06 2.13677e-06 2.91737e-06
1.0875 -2.38433e-06 4.17956e-06 5.70324e-06
1.09167 -4.62202e-06 8.02449e-06 1.09431e-05
1.09583 -8.79355e-06 1.51187e-05 2.06035e-05
1.1 -1.64154e-05 2.79449e-05 3.80544e-05
1.10417 -3.0059e-05 5.06596e-05 6.89294e-05
1.10833 -5.39758e-05 9.00435e-05 0.000122406
1.1125 -9.50134e-05 0.000156865 0.000213031
1.11667 -0.000163898 0.000267746 0.000363214
1.12083 -0.000276943 0.000447568 0.000606422
1.125 -0.000458193 0.000732386 0.00099101
1.12917 -0.000741885 0.00117259 0.00158433
1.13333 -0.00117496 0.00183583 0.00247644
1.1375 -0.00181904 0.00280885 0.00378218
1.14167 -0.0027511 0.00419688 0.00563992
1.14583 -0.00406147 0.006119 0.00820459
1.15 -0.00584784 0.00869746 0.0116327
1.15417 -0.00820366 0.0120394 0.016057
1.15833 -0.0111999 0.0162098 0.0215497
1.1625 -0.0148599 0.0211971 0.0280763
1.16667 -0.0191292 0.026874 0.0354437
1.17083 -0.0238439 0.0329611 0.0432532
1.175 -0.0287048 0.0390016 0.0508714
1.17917 -0.0332661 0.0443616 0.0574341
1.18333 -0.0369484 0.0482655 0.0619011
1.1875 -0.0390857 0.0498753 0.0631687
1.19167 -0.039008 0.048414 0.060239
1.19583 -0.0361566 0.0433189 0.0524277
1.2 -0.0302141 0.0343996 0.0395704
1.20417 -0.0212247 0.0219619 0.022179
1.20833 -0.00966871 0.00685775 0.0014915
1.2125 0.00353745 -0.00957284 -0.0206244
1.21667 0.0171368 -0.0256771 -0.0419242
1.22083 0.0297182 -0.0397601 -0.0601588
1.225 0.0399617 -0.050395 -0.0734873
1.22917 0.0468847 -0.0566914 -0.0808206
1.23333 0.0500217 -0.0584443 -0.0819942
1.2375 0.0494814 -0.0561141 -0.0777117
1.24167 0.0458613 -0.0506412 -0.0692774
1.24583 0.0400482 -0.0431652 -0.0582186
1.25 0.0329825 -0.0347553 -0.0459463
1.25417 0.0254781 -0.0262643 -0.0335936
1.25833 0.0181725 -0.0183603 -0.022091
1.2625 0.0116185 -0.0117047 -0.0124134
1.26667 0.00645109 -0.00715648 -0.0058239
1.27083 0.00350852 -0.00584292 -0.00390464
1.275 0.00378726 -0.00898105 -0.00824369
1.27917 0.00818116 -0.0174553 -0.0198234
1.28333 0.017074 -0.0313036 -0.0383511
1.2875 0.0299628 -0.0493617 -0.0618791
1.29167 0.0453237 -0.0692952 -0.0869959
1.29583 0.0608537 -0.0880943 -0.109628
1.3 0.0740518 -0.102877 -0.126177
1.30417 0.082918 -0.111665 -0.134499
1.30833 0.0864535 -0.113763 -0.134247
1.3125 0.0847155 -0.109559 -0.126395
1.31667 0.0783944 -0.0998424 -0.112197
1.32083 0.0681459 -0.085045 -0.0921702
1.325 0.0540647 -0.06485 -0.0657252
1.32917 0.0356315 -0.0384492 -0.0317084
1.33333 0.012202 -0.00534301 0.0103967
1.3375 -0.016217 0.0337545 0.0593021
1.34167 -0.0483553 0.0764398 0.111491
1.34583 -0.0816098 0.118882 0.161834
1.35 -0.112592 0.156709 0.204941
1.35417 -0.138007 0.186054 0.236502
1.35833 -0.155396 0.204253 0.253963
1.3625 -0.163416 0.20994 0.25634
1.36667 -0.16163 0.202746 0.243596
1.37083 -0.150156 0.182999 0.216246
1.375 -0.129523 0.151772 0.175572
1.37917 -0.100887 0.111224 0.124233
1.38333 -0.066363 0.0648251 0.0666058
1.3875 -0.0290768 0.0170614 0.00830588
1.39167 0.00731577 -0.027447 -0.0450816
1.39583 0.0394792 -0.0649939 -0.089344
1.4 0.0651258 -0.0933874 -0.122214
1.40417 0.0831718 -0.111767 -0.142871
1.40833 0.0932896 -0.119898 -0.150923
1.4125 0.0953099 -0.117617 -0.145884
1.41667 0.0890694 -0.105016 -0.12776
1.42083 0.0749319 -0.0832844 -0.098395
1.425 0.0545882 -0.0554933 -0.0623653
1.42917 0.031368 -0.0264477 -0.0263294
1.43333 0.00953548 -0.00133082 0.00319523
1.4375 -0.0072187 0.0162045 0.0223932
1.44167 -0.017202 0.0253136 0.0313744
1.44583 -0.0211137 0.0277557 0.0332204
1.45 -0.0211394 0.0263625 0.0315532
1.45417 -0.0193952 0.0232654 0.0283691
1.45833 -0.0168158 0.0190803 0.0235891
1.4625 -0.0131878 0.013453 0.0163715
1.46667 -0.00810738 0.0063016 0.0068659
1.47083 -0.0019481 -0.00138317 -0.00313151
1.475 0.00398995 -0.00783015 -0.0110873
1.47917 0.00820954 -0.0115404 -0.0152912
1.48333 0.00992791 -0.01214 -0.015676
1.4875 0.00938181 -0.0103403 -0.0133087
1.49167 0.00735656 -0.00717427 -0.00924586
1.49583 0.00449644 -0.00331904 -0.00397391
1.5 0.00109598 0.000868504 0.00206439
1.50417 -0.002491 0.00477937 0.00759171
1.50833 -0.00538874 0.00723324 0.01049
1.5125 -0.00636608 0.00698976 0.00907372
1.51667 -0.00469118 0.00379524 0.00366782
1.52083 -0.000955361 -0.00100965 -0.00305056
1.525 0.00299333 -0.005063 -0.00756573
1.52917 0.00515383 -0.00646667 -0.00785883
1.53333 0.00471022 -0.00504062 -0.00468689
1.5375 0.00251398 -0.00231403 -0.000750775
1.54167 0.000309968 -0.000267272 0.00150478
1.54583 -0.000624318 0.00010813 0.00157722
1.55 -0.000281972 -0.00073874 0.000755006
1.55417 0.000422938 -0.00170037 0.000508203
1.55833 0.000706078 -0.00218806 0.00104056
1.5625 0.000642761 -0.00260721 0.00129471
1.56667 0.00095359 -0.00378011 0.000225555
1.57083 0.00215267 -0.00596224 -0.00199766
1.575 0.00392493 -0.00841561 -0.00399288
1.57917 0.00530684 -0.00992054 -0.00428096
1.58333 0.00546194 -0.00974352 -0.00245439
1.5875 0.00434467 -0.00823291 0.00053778
1.59167 0.00273557 -0.00660121 0.00303813
1.59583 0.00171029 -0.00611655 0.00363946
1.6 0.00198591 -0.00728293 0.00188434
1.60417 0.00352441 -0.00948056 -0.00146499
1.60833 0.00551024 -0.011223 -0.00461261
1.6125 0.00668009 -0.0109228 -0.00549744
1.61667 0.00595547 -0.0078506 -0.00307936
1.62083 0.00317711 -0.00276928 0.00157068
1.625 -0.000535116 0.00229654 0.00548642
1.62917 -0.00328293 0.00526359 0.005726
1.63333 -0.00367469 0.00548751 0.00181097
1.6375 -0.00200959 0.00438129 -0.00345175
1.64167 -0.00026009 0.00444338 -0.00590208
1.64583 -0.000603701 0.00726593 -0.00341976
1.65 -0.00358656 0.0121242 0.00213805
1.65417 -0.00753423 0.0164468 0.00636024
1.65833 -0.00986417 0.0178983 0.00598615
1.6625 -0.0092471 0.0163365 0.00162884
1.66667 -0.00672099 0.013943 -0.00291269
1.67083 -0.00476948 0.0134326 -0.00403679
1.675 -0.00522681 0.0159386 -0.00127516
1.67917 -0.00789539 0.0203664 0.00274203
1.68333 -0.0109967 0.0245808 0.0048936
1.6875 -0.0128351 0.0271689 0.00410119
1.69167 -0.0130656 0.0282221 0.00165505
1.69583 -0.0125743 0.0287157 -0.000400344
1.7 -0.0124052 0.0293499 -0.000910571
1.70417 -0.0128864 0.0299323 4.13093e-05
1.70833 -0.0135838 0.0295742 0.00172172
1.7125 -0.0137502 0.0272204 0.00321023
1.71667 -0.0126724 0.0220565 0.00350683
1.72083 -0.00982103 0.0138099 0.00191577
1.725 -0.00510182 0.00306121 -0.00112771
1.72917 0.000802731 -0.00869607 -0.0037799
1.73333 0.00653037 -0.0196562 -0.00403405
1.7375 0.0108973 -0.0287739 -0.00176381
1.74167 0.0139034 -0.036352 0.000629931
1.74583 0.0167423 -0.0433471 0.000221565
1.75 0.0204855 -0.04985 -0.0033921
1.75417 0.0246181 -0.0542869 -0.00723787
1.75833 0.0270751 -0.0544093 -0.00765474
1.7625 0.0260351 -0.0493275 -0.00406205
1.76667 0.0217766 -0.0405662 0.000202361
1.77083 0.016592 -0.030931 0.00115831
1.775 0.0126734 -0.0222045 -0.00168934
1.77917 0.0100898 -0.0139882 -0.00479326
1.78333 0.00700944 -0.0048777 -0.00430854
1.7875 0.00197308 0.00530524 -0.000193041
1.79167 -0.00421243 0.014651 0.00376233
1.79583 -0.00903455 0.0206553 0.00400638
1.8 -0.0107246 0.0225236 0.000958407
1.80417 -0.00997164 0.0218533 -0.00163504
1.80833 -0.0090762 0.0209883 -0.000893991
1.8125 -0.00950794 0.0208102 0.00214983
1.81667 -0.0105345 0.0202743 0.00394909
1.82083 -0.0103349 0.0180337 0.00253597
1.825 -0.00823116 0.0142092 -0.000375884
1.82917 -0.00548329 0.0103071 -0.00156094
1.83333 -0.00381131 0.0074873 -6.59668e-05
1.8375 -0.00343634 0.00531224 0.00182055
1.84167 -0.00295144 0.00249733 0.00145405
1.84583 -0.001144 -0.00125886 -0.000944816
1.85 0.00143487 -0.00462774 -0.0026125
1.85417 0.00305303 -0.00601963 -0.00169534
1.85833 0.00282438 -0.00530712 0.000414564
1.8625 0.00169841 -0.00379334 0.000797725
1.86667 0.00119393 -0.0025248 -0.00127569
1.87083 0.001468 -0.00114 -0.00328267
1.875 0.00117777 0.0012792 -0.0025235
1.87917 -0.000646078 0.00452143 0.000381329
1.88333 -0.00308931 0.00701624 0.00202661
1.8875 -0.00421521 0.00748168 0.000341754
1.89167 -0.00334083 0.00642492 -0.00272855
1.89583 -0.00191991 0.0056065 -0.00342221
1.9 -0.00186965 0.00607219 -0.000699483
1.90417 -0.00330923 0.00703299 0.00239587
1.90833 -0.00440891 0.0067826 0.00228184
1.9125 -0.00351168 0.00452095 -0.000920277
1.91667 -0.00102486 0.00112934 -0.00348453
1.92083 0.00106798 -0.00178039 -0.00237222
1.925 0.00144447 -0.0034905 0.00129567
1.92917 0.000888902 -0.00485799 0.00351636
1.93333 0.0013729 -0.00731058 0.00190284
1.9375 0.00378676 -0.0110359 -0.00163438
1.94167 0.00677885 -0.0143248 -0.0029462
1.94583 0.00804996 -0.0151945 -0.000211771
1.95 0.00687081 -0.013845 0.00393968
1.95417 0.00509453 -0.012945 0.00519792
1.95833 0.00529769 -0.0148355 0.00240254
1.9625 0.00787695 -0.0187035 -0.000957576
1.96667 0.0104715 -0.0214191 -0.000612253
1.97083 0.0106701 -0.0213206 0.00341794
1.975 0.00892851 -0.0201643 0.00662715
1.97917 0.00801664 -0.0205853 0.00532754
1.98333 0.00949217 -0.0224093 0.00118704
1.9875 0.0116197 -0.0227989 -0.000744264
1.99167 0.0114847 -0.0199917 0.00176196
1.99583 0.00863219 -0.0155237 0.00545913
2 0.00555835 -0.0121374 0.00582274
2.00417 0.00455786 -0.0105322 0.00259441
2.00833 0.00511668 -0.00919087 -0.000308645
2.0125 0.00498166 -0.00677595 9.17003e-05
2.01667 0.00306675 -0.00343469 0.00251098
2.02083 0.000400712 0.000148361 0.0035828
2.025 -0.00153857 0.00375916 0.00198451
2.02917 -0.00251251 0.00741386 -0.000611197
2.03333 -0.0034108 0.0111134 -0.00196482
2.0375 -0.00514211 0.0152954 -0.00154295
2.04167 -0.00791597 0.0206148 -0.0005597
2.04583 -0.0111398 0.0266381 -0.00061105
2.05 -0.0137622 0.0316242 -0.00227845
2.05417 -0.0151495 0.0345234 -0.00450388
2.05833 -0.0158724 0.0364617 -0.00545403
2.0625 -0.0171241 0.0390047 -0.00456813
2.06667 -0.0190263 0.0414153 -0.00346724
2.07083 -0.0201095 0.0411961 -0.00399508
2.075 -0.0190745 0.0374168 -0.00562214
2.07917 -0.0165291 0.0318978 -0.00605447
2.08333 -0.0140895 0.0265326 -0.00451316
2.0875 -0.0121066 0.0209504 -0.00284571
2.09167 -0.00944161 0.0139009 -0.00266008
2.09583 -0.00553198 0.00572163 -0.00291769
2.1 -0.00140183 -0.00208012 -0.00180351
2.10417 0.00190468 -0.00899413 0.000206799
2.10833 0.00477227 -0.0156266 0.0011364
2.1125 0.00800063 -0.0218824 0.000799776
2.11667 0.0111693 -0.0265677 0.00104944
2.12083 0.01313 -0.0289186 0.00257204
2.125 0.0136548 -0.0292125 0.00366877
2.12917 0.0134551 -0.0277257 0.00305757
2.13333 0.012819 -0.0244565 0.0019283
2.1375 0.0114011 -0.0201453 0.00190378
2.14167 0.00930593 -0.0160831 0.00255225
2.14583 0.00720214 -0.0123936 0.00249947
2.15 0.00524857 -0.00799194 0.00172365
2.15417 0.00305394 -0.00286786 0.00101614
2.15833 0.000846707 0.00133349 0.000283017
2.1625 -0.000631675 0.00398845 -0.000686351
2.16667 -0.0016826 0.00673944 -0.000824997
2.17083 -0.00349722 0.0103761 0.000491711
2.175 -0.0057738 0.012486 0.00125284
2.17917 -0.00631336 0.0108299 -0.000671931
2.18333 -0.00432908 0.00752026 -0.00328174
2.1875 -0.00238344 0.00643238 -0.00242923
2.19167 -0.00293166 0.00720886 0.0014636
2.19583 -0.00433544 0.00580506 0.00291788
2.2 -0.00312559 0.00122881 -0.000487619
2.20417 0.000468444 -0.00257668 -0.00373846
2.20833 0.00257566 -0.00299964 -0.00161946
2.2125 0.00154453 -0.00264891 0.00313986
2.21667 0.000288777 -0.00435134 0.00385591
2.22083 0.00143807 -0.00613777 -2.37156e-05
2.225 0.00333877 -0.00503144 -0.00252692
2.22917 0.0031866 -0.00274256 -0.000517981
2.23333 0.00156739 -0.00284306 0.00231111
2.2375 0.00093258 -0.00435883 0.00207152
2.24167 0.00139362 -0.00355351 6.20483e-05
2.24583 0.00130936 -0.00101558 -0.00089263
2.25 0.000839028 -0.00101477 -0.000995652
2.25417 0.00138391 -0.00366252 -0.00125311
2.25833 0.00215692 -0.00409512 -0.000574994
2.2625 0.00112619 -0.00110303 0.00125819
2.26667 -0.000659429 -8.58758e-05 0.00120443
2.27083 0.000166039 -0.00400591 -0.00216143
2.275 0.00337346 -0.00742041 -0.00445815
2.27917 0.00433117 -0.0047415 -0.00143545
2.28333 0.00108357 0.000385997 0.00323516
2.2875 -0.00190527 0.000539665 0.00242212
2.29167 -0.000279606 -0.00386205 -0.00318745
2.29583 0.00341042 -0.00580455 -0.00534044
2.3 0.00369297 -0.00313665 -0.000703585
2.30417 0.000576498 -0.00103891 0.00396534
2.30833 -0.000992308 -0.00249525 0.00217331
2.3125 0.000882214 -0.00374412 -0.00288027
2.31667 0.00267314 -0.00162193 -0.00392348
2.32083 0.00154456 0.000981456 -0.000249141
2.325 -0.000683719 0.000592941 0.00271227
2.32917 -0.00120214 -0.0010626 0.00189356
2.33333 -0.000231768 -0.000815034 -0.000566761
2.3375 0.000520825 0.000565014 -0.00180506
2.34167 0.000586394 0.000999977 -0.00113432
2.34583 2.72617e-05 0.00167107 0.000931477
2.35 -0.00156246 0.00443662 0.00293976
2.35417 -0.00354147 0.00743458 0.00253256
2.35833 -0.00397507 0.00788195 -0.000468242
2.3625 -0.00270902 0.00712926 -0.00218461
2.36667 -0.0023978 0.00832584 0.000418408
2.37083 -0.00447714 0.0107917 0.00412852
2.375 -0.00647593 0.0113904 0.00352619
2.37917 -0.0057678 0.0101008 -0.000542083
2.38333 -0.00375572 0.00943679 -0.00195991
2.3875 -0.00340072 0.00948828 0.00115144
2.39167 -0.00450765 0.00855744 0.00382688
2.39583 -0.00479155 0.00772144 0.00249463
2.4 -0.00411765 0.00920735 -6.21118e-06
2.40417 -0.00404609 0.0108745 -0.000172259
2.40833 -0.00424139 0.0085724 0.000762908
2.4125 -0.00319467 0.0039461 0.000587095
2.41667 -0.00178914 0.00277177 0.000452957
2.42083 -0.00198944 0.00458903 0.00140898
2.425 -0.00239271 0.00218477 0.000997495
2.42917 0.000177887 -0.00582001 -0.00196051
2.43333 0.00440744 -0.0107048 -0.00330466
2.4375 0.00520541 -0.00732463 5.49896e-05
2.44167 0.00207755 -0.00358709 0.00332417
2.44583 0.00102342 -0.00811164 0.000415212
2.45 0.0051138 -0.0154712 -0.00525913
2.45417 0.00881254 -0.0145676 -0.00493882
2.45833 0.00649226 -0.00722778 0.00130072
2.4625 0.0018413 -0.0056102 0.00379471
2.46667 0.00223225 -0.0120175 -0.00150045
2.47083 0.00678405 -0.0149152 -0.00632015
2.475 0.00777097 -0.00811444 -0.00321746
2.47917 0.00312381 -0.000952122 0.00274188
2.48333 -0.000525512 -0.00255599 0.0025025
2.4875 0.00116795 -0.0070691 -0.00268885
2.49167 0.00374855 -0.00448882 -0.00422792
2.49583 0.00209885 0.00208537 -0.000224977
2.5 -0.00120583 0.00226201 0.00259376
2.50417 -0.00101078 -0.00339943 0.000654456
2.50833 0.00151549 -0.00431473 -0.00153703
2.5125 0.00140117 0.00197144 -0.0001525
2.51667 -0.00138055 0.0058145 0.00187411
2.52083 -0.00230665 0.00211523 0.00111278
2.525 -0.000496536 -0.00138228 -0.000200664
2.52917 3.41677e-05 0.00198851 0.00104907
2.53333 -0.00208817 0.00627378 0.00269901
2.5375 -0.00300044 0.00356386 0.00133013
2.54167 -0.000599966 -0.00205164 -0.00102106
2.54583 0.0013909 -0.00142221 -7.12574e-05
2.55 -0.000325406 0.00410973 0.00293211
2.55417 -0.00288043 0.00530752 0.00286988
2.55833 -0.00205479 0.000812128 -0.000542749
2.5625 0.00060361 -0.00111487 -0.00201228
2.56667 0.000522829 0.0028501 0.000595991
2.57083 -0.00212909 0.00566173 0.00277042
2.575 -0.00285059 0.00224639 0.000856642
2.57917 -0.000353053 -0.00222298 -0.00216876
2.58333 0.00160571 -0.00164472 -0.00191976
2.5875 0.000652819 0.00112127 0.000437572
2.59167 -0.000726381 0.000307223 0.00072656
2.59583 5.15853e-05 -0.0025871 -0.0013685
2.6 0.00145609 -0.00217403 -0.00249017
2.60417 0.00100496 0.000905798 -0.00139711
2.60833 -0.000381184 0.00112877 -0.000323323
2.6125 -0.000209417 -0.00242153 -0.000731388
2.61667 0.00136606 -0.00481735 -0.00133804
2.62083 0.00213073 -0.00350244 -0.000911532
2.625 0.00148106 -0.00150732 -0.0001614
2.62917 0.00080485 -0.00143572 1.6681e-05
2.63333 0.000747619 -0.00159094 1.57093e-05
2.6375 0.000486408 -2.15546e-06 0.00037867
2.64167 -0.00035069 0.00190204 0.000800586
2.64583 -0.000989929 0.00201363 0.000944165
2.65 -0.000933725 0.00100232 0.000991827
2.65417 -0.000649572 0.000848502 0.000981415
2.65833 -0.000656077 0.00189392 0.000709228
2.6625 -0.000964738 0.00307597 0.000437229
2.66667 -0.00144485 0.0036799 0.000548076
2.67083 -0.00189313 0.00366985 0.000539003
2.675 -0.00191881 0.00343155 -0.000320159
2.67917 -0.0015476 0.00380379 -0.00140261
2.68333 -0.00156209 0.00512236 -0.00134548
2.6875 -0.0023582 0.00603351 -0.00034074
2.69167 -0.00295861 0.00489443 -0.000106681
2.69583 -0.00227099 0.00252534 -0.00118102
2.7 -0.000911632 0.00156602 -0.00195261
2.70417 -0.000481253 0.00267491 -0.00116809
2.70833 -0.00122541 0.00359306 0.000114166
2.7125 -0.00179221 0.00280066 0.000196349
2.71667 -0.00138396 0.00176331 -0.000750258
2.72083 -0.000775021 0.00211755 -0.00114059
2.725 -0.000802046 0.00276895 -0.000329553
2.72917 -0.00106949 0.00188085 0.000703496
2.73333 -0.00084383 0.000217675 0.000865803
2.7375 -0.000315356 6.46474e-06 0.000221138
2.74167 -0.000128288 0.00114767 -0.000353881
2.74583 -0.000213422 0.00107668 -0.000218624
2.75 8.10963e-05 -0.00142645 0.000471242
2.75417 0.000946106 -0.00444412 0.000981122
2.75833 0.0019003 -0.00570693 0.000751104
2.7625 0.00254985 -0.00552801 8.13029e-05
2.76667 0.00297617 -0.00580021 -7.63384e-05
2.77083 0.00332495 -0.00714233 0.000749483
2.775 0.00352006 -0.00841129 0.00179255
2.77917 0.00355948 -0.00863649 0.00184347
2.78333 0.00369025 -0.00818938 0.000814957
2.7875 0.00401509 -0.00792269 5.79548e-06
2.79167 0.00420256 -0.00801615 0.000482846
2.79583 0.00390692 -0.00799527 0.00161768
2.8 0.00331283 -0.00744276 0.00185411
2.80417 0.0029351 -0.00644621 0.000789465
2.80833 0.00293452 -0.0054818 -0.000282711
2.8125 0.00291397 -0.00480982 -0.00013006
2.81667 0.00240333 -0.00395233 0.000814994
2.82083 0.00136909 -0.00223397 0.00112415
2.825 0.00027206 -7.59979e-05 0.000224418
2.82917 -0.000290827 0.00106073 -0.000993244
2.83333 -0.000178684 0.00075018 -0.00129375
2.8375 -5.44646e-05 0.000761214 -0.000460969
2.84167 -0.000798163 0.00287907 0.000451504
2.84583 -0.00232853 0.00616201 0.000201919
2.85 -0.00348032 0.00801936 -0.00113754
2.85417 -0.00352025 0.00784396 -0.00199148
2.85833 -0.00326565 0.00770997 -0.00115745
2.8625 -0.00392515 0.00910866 0.000378334
2.86667 -0.00522139 0.0108193 0.000529358
2.87083 -0.00571264 0.0109275 -0.000935552
2.875 -0.00491496 0.00952865 -0.00185258
2.87917 -0.0039966 0.0082477 -0.000651595
2.88333 -0.00406454 0.00795677 0.001394
2.8875 -0.00469275 0.00804296 0.00196554
2.89167 -0.00469031 0.00750097 0.000851345
2.89583 -0.00372833 0.0060404 3.2068e-05
2.9 -0.00263972 0.00432684 0.000984633
2.90417 -0.00233447 0.00328905 0.00299303
2.90833 -0.00272802 0.00281864 0.00418493
2.9125 -0.00272437 0.00148346 0.00365496
2.91667 -0.00138875 -0.00157238 0.00247527
2.92083 0.000735144 -0.00489897 0.0026192
2.925 0.00197789 -0.00640299 0.00456588
2.92917 0.00169812 -0.00650643 0.00627157
2.93333 0.00141135 -0.00765564 0.0055049
2.9375 0.00278288 -0.0103842 0.00304331
2.94167 0.00502936 -0.0120749 0.00195401
2.94583 0.00575901 -0.0106501 0.00330752
2.95 0.00432371 -0.0075481 0.00447722
2.95417 0.00275337 -0.00554698 0.0028549
2.95833 0.00290203 -0.00508892 -0.000377726
2.9625 0.00406657 -0.00443523 -0.0019415
2.96667 0.00431484 -0.00256205 -0.00093577
2.97083 0.00321944 -0.000312655 0.000282666
2.975 0.00223975 0.00100174 -0.000522995
2.97917 0.00274723 0.00109312 -0.00272294
2.98333 0.00441818 0.00090527 -0.00374325
2.9875 0.00564733 0.0016655 -0.00202459
2.99167 0.00542109 0.00330328 0.00118238
2.99583 0.00473103 0.00397198 0.00308009
