0 0 0 0
0.00416667 0 0 0
0.00833333 0 0 0
0.0125 0 0 0
0.0166667 0 0 0
0.0208333 0 0 0
0.025 0 0 0
0.0291667 0 0 0
0.0333333 0 0 0
0.0375 0 0 0
0.0416667 0 0 0
0.0458333 0 0 0
0.05 0 0 0
0.0541667 0 0 0
0.0583333 0 0 0
0.0625 0 0 0
0.0666667 0 0 0
0.0708333 0 0 0
0.075 0 0 0
0.0791667 0 0 0
0.0833333 0 0 0
0.0875 0 0 0
0.0916667 0 0 0
0.0958333 0 0 0
0.1 0 0 0
0.104167 0 0 0
0.108333 0 0 0
0.1125 0 0 0
0.116667 0 0 0
0.120833 0 0 0
0.125 0 0 0
0.129167 0 0 0
0.133333 0 0 0
0.1375 0 0 0
0.141667 0 0 0
0.145833 0 0 0
0.15 0 0 0
0.154167 0 0 0
0.158333 0 0 0
0.1625 0 0 0
0.166667 0 0 0
0.170833 0 0 0
0.175 0 0 0
0.179167 0 0 0
0.183333 0 0 0
0.1875 0 0 0
0.191667 0 0 0
0.195833 0 0 0
0.2 -1.35967e-320 0 3.90727e-319
0.204167 -8.19899e-317 1.00035e-318 2.27926e-315
0.208333 -4.08251e-313 7.08381e-315 1.11144e-311
0.2125 -1.71175e-309 3.83348e-311 4.56559e-308
0.216667 -6.08426e-306 1.66044e-307 1.59049e-304
0.220833 -1.84483e-302 5.90378e-304 4.72836e-301
0.225 -4.80014e-299 1.75188e-300 1.2067e-297
0.229167 -1.07776e-295 4.39171e-297 2.65831e-294
0.233333 -2.09912e-292 9.39108e-294 5.08171e-291
0.2375 -3.56418e-289 1.72691e-290 8.4715e-288
0.241667 -5.30057e-286 2.75014e-287 1.23735e-284
0.245833 -6.9352e-283 3.81689e-284 1.59048e-281
0.25 -8.01678e-280 4.64348e-281 1.80674e-278
0.254167 -8.22026e-277 4.97854e-278 1.82111e-275
0.258333 -7.50544e-274 4.72859e-275 1.63492e-272
0.2625 -6.1243e-271 3.99887e-272 1.31209e-269
0.266667 -4.48176e-268 3.02657e-269 9.44611e-267
0.270833 -2.95133e-265 2.06111e-266 6.121e-264
0.275 -1.75464e-262 1.27028e-263 3.5817e-261
0.279167 -9.44831e-260 7.13052e-261 1.89863e-258
0.283333 -4.62278e-257 3.67179e-258 9.14644e-256
0.2875 -2.06174e-254 1.74823e-255 4.01705e-253
0.291667 -8.40986e-252 7.76095e-253 1.61373e-250
0.295833 -3.14845e-249 3.23863e-250 5.95006e-248
0.3 -1.08595e-246 1.27919e-247 2.02116e-245
0.304167 -3.46541e-244 4.80429e-245 6.3512e-243
0.308333 -1.02798e-241 1.71856e-242 1.85476e-240
0.3125 -2.84969e-239 5.84863e-240 5.05988e-238
0.316667 -7.42512e-237 1.88783e-237 1.29681e-235
0.320833 -1.82951e-234 5.75717e-235 3.14126e-233
0.325 -4.28777e-232 1.65258e-232 7.23387e-231
0.329167 -9.6066e-230 4.45151e-230 1.59189e-228
0.333333 -2.06473e-227 1.12285e-227 3.36009e-226
0.3375 -4.26363e-225 2.6489e-225 6.81532e-224
0.341667 -8.45529e-223 5.84152e-223 1.32819e-221
0.345833 -1.60714e-220 1.20429e-220 2.48262e-219
0.35 -2.91962e-218 2.32213e-218 4.4387e-217
0.354167 -5.05394e-216 4.19112e-216 7.56815e-215
0.358333 -8.31346e-214 7.08718e-214 1.22716e-212
0.3625 -1.2967e-211 1.12405e-211 1.88804e-210
0.366667 -1.9149e-209 1.67403e-209 2.75178e-208
0.370833 -2.67484e-207 2.34382e-207 3.79547e-206
0.375 -3.53278e-205 3.08877e-205 4.95169e-204
0.379167 -4.41161e-203 3.8359e-203 6.11002e-202
0.383333 -5.21031e-201 4.49452e-201 7.13239e-200
0.3875 -5.82286e-199 4.97438e-199 7.88012e-198
0.391667 -6.16171e-197 5.20629e-197 8.24534e-196
0.395833 -6.17859e-195 5.15863e-195 8.1768e-194
0.4 -5.87572e-193 4.84428e-193 7.69148e-192
0.404167 -5.30389e-191 4.31589e-191 6.86846e-190
0.408333 -4.54858e-189 3.65177e-189 5.82793e-188
0.4125 -3.70934e-187 2.9374e-187 4.70285e-186
0.416667 -2.87903e-185 2.24838e-185 3.61233e-184
0.420833 -2.12867e-183 1.63921e-183 2.64348e-182
0.425 -1.50061e-181 1.13934e-181 1.84462e-180
0.429167 -1.00948e-179 7.55641e-180 1.22843e-178
0.433333 -6.48579e-178 4.78624e-178 7.81403e-177
0.4375 -3.98311e-176 2.89771e-176 4.75155e-175
0.441667 -2.34005e-174 1.67824e-174 2.76426e-173
0.445833 -1.31618e-172 9.30541e-173 1.53975e-171
0.45 -7.0929e-171 4.94351e-171 8.21819e-170
0.454167 -3.66501e-169 2.51814e-169 4.20614e-168
0.458333 -1.81713e-167 1.23079e-167 2.06579e-166
0.4625 -8.65091e-166 5.77646e-166 9.74297e-165
0.466667 -3.95736e-164 2.60501e-164 4.41569e-163
0.470833 -1.74063e-162 1.12959e-162 1.92441e-161
0.475 -7.36635e-161 4.7128e-161 8.07003e-160
0.479167 -3.00136e-159 1.89306e-159 3.2584e-158
0.483333 -1.17807e-157 7.3256e-158 1.26753e-156
0.4875 -4.45739e-156 2.73263e-156 4.75328e-155
0.491667 -1.62667e-154 9.83178e-155 1.71937e-153
0.495833 -5.72895e-153 3.41387e-153 6.00254e-152
0.5 -1.94829e-151 1.14464e-151 2.02364e-150
0.504167 -6.40135e-150 3.70795e-150 6.59174e-149
0.508333 -2.03311e-148 1.16111e-148 2.07571e-147
0.5125 -6.24522e-147 3.51653e-147 6.32204e-146
0.516667 -1.85631e-145 1.03056e-145 1.86334e-144
0.520833 -5.34176e-144 2.92395e-144 5.31723e-143
0.525 -1.48888e-142 8.03541e-143 1.46976e-141
0.529167 -4.02143e-141 2.1399e-141 3.93711e-140
0.533333 -1.05304e-139 5.52493e-140 1.02254e-138
0.5375 -2.67455e-138 1.38357e-138 2.576e-137
0.541667 -6.59152e-137 3.36206e-137 6.29747e-136
0.545833 -1.57702e-135 7.93099e-136 1.4946e-134
0.55 -3.66424e-134 1.81697e-134 3.44514e-133
0.554167 -8.27189e-133 4.04429e-133 7.71586e-132
0.558333 -1.81499e-131 8.74953e-132 1.6797e-130
0.5625 -3.87222e-130 1.84053e-130 3.55564e-129
0.566667 -8.03578e-129 3.76604e-129 7.32163e-128
0.570833 -1.62271e-127 7.49843e-128 1.46711e-126
0.575 -3.18973e-126 1.45331e-126 2.86181e-125
0.579167 -6.10554e-125 2.74284e-125 5.43622e-124
0.583333 -1.13842e-123 5.04255e-124 1.00596e-122
0.5875 -2.06842e-122 9.03349e-123 1.81401e-121
0.591667 -3.66331e-121 1.57747e-121 3.18874e-120
0.595833 -6.32633e-120 2.68601e-120 5.46589e-119
0.6 -1.06564e-118 4.46102e-119 9.13907e-118
0.604167 -1.75142e-117 7.22897e-118 1.49101e-116
0.608333 -2.80942e-116 1.14332e-116 2.37424e-115
0.6125 -4.39973e-115 1.76538e-115 3.69121e-114
0.616667 -6.72888e-114 2.66205e-114 5.60451e-113
0.620833 -1.00529e-112 3.92125e-113 8.31298e-112
0.625 -1.46757e-111 5.64399e-112 1.20489e-110
0.629167 -2.09402e-110 7.94004e-111 1.707e-109
0.633333 -2.92116e-109 1.09207e-109 2.36443e-108
0.6375 -3.98509e-108 1.46887e-108 3.2029e-107
0.641667 -5.31794e-107 1.93259e-107 4.24423e-106
0.645833 -6.94354e-106 2.48785e-106 5.50302e-105
0.65 -8.87278e-105 3.13435e-105 6.98329e-104
0.654167 -1.10991e-103 3.8656e-104 8.67523e-103
0.658333 -1.35945e-102 4.66806e-103 1.05528e-101
0.6625 -1.63079e-101 5.52088e-102 1.25726e-100
0.666667 -1.9164e-100 6.39638e-101 1.46741e-99
0.670833 -2.20663e-99 7.26127e-100 1.6782e-98
0.675 -2.49013e-98 8.07866e-99 1.88105e-97
0.679167 -2.75462e-97 8.81069e-98 2.06689e-96
0.683333 -2.98772e-96 9.42146e-97 2.22682e-95
0.6875 -3.17796e-95 9.87996e-96 2.35286e-94
0.691667 -3.31572e-94 1.01627e-94 2.4386e-93
0.695833 -3.39403e-93 1.02559e-93 2.47973e-92
0.7 -3.40916e-92 1.01562e-92 2.47444e-91
0.704167 -3.36094e-91 9.87111e-92 2.42349e-90
0.708333 -3.25265e-90 9.41811e-91 2.33013e-89
0.7125 -3.09072e-89 8.82279e-90 2.19976e-88
0.716667 -2.88409e-88 8.11658e-89 2.03943e-87
0.720833 -2.6434e-87 7.33407e-88 1.8572e-86
0.725 -2.38013e-86 6.51026e-87 1.66151e-85
0.729167 -2.1057e-85 5.67819e-86 1.46055e-84
0.733333 -1.83074e-84 4.86693e-85 1.26175e-83
0.7375 -1.56446e-83 4.10022e-84 1.0714e-82
0.741667 -1.31427e-82 3.39578e-83 8.94367e-82
0.745833 -1.08556e-81 2.76517e-82 7.34079e-81
0.75 -8.81747e-81 2.21424e-81 5.92516e-80
0.754167 -7.04409e-80 1.74388e-80 4.70388e-79
0.758333 -5.53557e-79 1.35103e-79 3.67349e-78
0.7625 -4.2798e-78 1.02977e-78 2.8225e-77
0.766667 -3.25591e-77 7.72322e-78 2.13396e-76
0.770833 -2.43767e-76 5.70048e-77 1.58781e-75
0.775 -1.79635e-75 4.14132e-76 1.16289e-74
0.779167 -1.30312e-74 2.96172e-75 8.38415e-74
0.783333 -9.30718e-74 2.08539e-74 5.95152e-73
0.7875 -6.54557e-73 1.44586e-73 4.16008e-72
0.791667 -4.53349e-72 9.87243e-73 2.86378e-71
0.795833 -3.09266e-71 6.6395e-72 1.94177e-70
0.8 -2.07827e-70 4.39862e-71 1.29698e-69
0.804167 -1.37594e-69 2.87095e-70 8.53503e-69
0.808333 -8.97585e-69 1.84635e-69 5.53431e-68
0.8125 -5.77016e-68 1.17015e-68 3.53642e-67
0.816667 -3.65584e-67 7.30892e-68 2.22719e-66
0.820833 -2.28311e-66 4.49993e-67 1.38261e-65
0.825 -1.40558e-65 2.73118e-66 8.46129e-65
0.829167 -8.53152e-65 1.63432e-65 5.1053e-64
0.833333 -5.10608e-64 9.64304e-65 3.03741e-63
0.8375 -3.01361e-63 5.61088e-64 1.78209e-62
0.841667 -1.75418e-62 3.21984e-63 1.03121e-61
0.845833 -1.00715e-61 1.82252e-62 5.88581e-61
0.85 -5.70418e-61 1.01763e-61 3.31397e-60
0.854167 -3.18726e-60 5.60576e-61 1.84087e-59
0.858333 -1.75716e-59 3.04683e-60 1.00895e-58
0.8625 -9.55911e-59 1.63409e-59 5.45677e-58
0.866667 -5.13192e-58 8.64888e-59 2.91248e-57
0.870833 -2.7192e-57 4.51797e-58 1.53424e-56
0.875 -1.42214e-56 2.32952e-57 7.9775e-56
0.879167 -7.34215e-56 1.18569e-56 4.09474e-55
0.883333 -3.74219e-55 5.95796e-56 2.07496e-54
0.8875 -1.88316e-54 2.95586e-55 1.03815e-53
0.891667 -9.35726e-54 1.448e-54 5.12875e-53
0.895833 -4.59142e-53 7.00475e-54 2.50209e-52
0.9 -2.22494e-52 3.34649e-53 1.20552e-51
0.904167 -1.06488e-51 1.57906e-52 5.73666e-51
0.908333 -5.03422e-51 7.3596e-52 2.69647e-50
0.9125 -2.35096e-50 3.38838e-51 1.25203e-49
0.916667 -1.08461e-49 1.54116e-50 5.74325e-49
0.920833 -4.94374e-49 6.92555e-50 2.60288e-48
0.925 -2.22649e-48 3.075e-49 1.16557e-47
0.929167 -9.90844e-48 1.34913e-48 5.15753e-47
0.933333 -4.35752e-47 5.84941e-48 2.25527e-46
0.9375 -1.89389e-46 2.5064e-47 9.74633e-46
0.941667 -8.1355e-46 1.06146e-46 4.16292e-45
0.945833 -3.45427e-45 4.44321e-46 1.75752e-44
0.95 -1.44978e-44 1.8385e-45 7.33465e-44
0.954167 -6.01523e-44 7.52024e-45 3.02596e-43
0.958333 -2.46737e-43 3.0411e-44 1.23418e-42
0.9625 -1.00063e-42 1.21587e-43 4.9769e-42
0.966667 -4.0124e-42 4.80653e-43 1.98439e-41
0.970833 -1.59092e-41 1.87883e-42 7.82371e-41
0.975 -6.23787e-41 7.26248e-42 3.05029e-40
0.979167 -2.41875e-40 2.77618e-41 1.17608e-39
0.983333 -9.27556e-40 1.04954e-40 4.48467e-39
0.9875 -3.5181e-39 3.92437e-40 1.69138e-38
0.991667 -1.31983e-38 1.45137e-39 6.30954e-38
0.995833 -4.89777e-38 5.30949e-39 2.32821e-37
1 -1.79791e-37 1.92138e-38 8.49841e-37
1.00417 -6.5291e-37 6.87836e-38 3.06879e-36
1.00833 -2.34571e-36 2.43606e-37 1.09631e-35
1.0125 -8.33787e-36 8.53586e-37 3.8749e-35
1.01667 -2.93236e-35 2.95925e-36 1.35508e-34
1.02083 -1.02042e-34 1.01511e-35 4.68892e-34
1.025 -3.5137e-34 3.44555e-35 1.60547e-33
1.02917 -1.19727e-33 1.15729e-34 5.43967e-33
1.03333 -4.03723e-33 3.84663e-34 1.82391e-32
1.0375 -1.34727e-32 1.2653e-33 6.05224e-32
1.04167 -4.44966e-32 4.11909e-33 1.98759e-31
1.04583 -1.45451e-31 1.32715e-32 6.46032e-31
1.05 -4.70591e-31 4.23218e-32 2.07834e-30
1.05417 -1.50703e-30 1.33584e-31 6.61804e-30
1.05833 -4.7772e-30 4.17355e-31 2.08598e-29
1.0625 -1.49903e-29 1.29073e-30 6.50844e-29
1.06667 -4.65638e-29 3.95143e-30 2.01022e-28
1.07083 -1.43188e-28 1.19752e-29 6.14644e-28
1.075 -4.35909e-28 3.5928e-29 1.86052e-27
1.07917 -1.31381e-27 1.06713e-28 5.57558e-27
1.08333 -3.92041e-27 3.13801e-28 1.65426e-26
1.0875 -1.15826e-26 9.1359e-28 4.85946e-26
1.09167 -3.38818e-26 2.63344e-27 1.41337e-25
1.09583 -9.81359e-26 7.5159e-27 4.07027e-25
1.1 -2.81451e-25 2.12392e-26 1.16064e-24
1.10417 -7.99285e-25 5.94295e-26 3.27712e-24
1.10833 -2.24769e-24 1.64659e-25 9.16257e-24
1.1125 -6.25918e-24 4.51752e-25 2.53679e-23
1.11667 -1.72605e-23 1.22731e-24 6.95508e-23
1.12083 -4.71366e-23 3.30182e-24 1.88835e-22
1.125 -1.27479e-22 8.79649e-24 5.07728e-22
1.12917 -3.41429e-22 2.32076e-23 1.35194e-21
1.13333 -9.05641e-22 6.06347e-23 3.56511e-21
1.1375 -2.3791e-21 1.56888e-22 9.31066e-21
1.14167 -6.18978e-21 4.02018e-22 2.40818e-20
1.14583 -1.59497e-20 1.02021e-21 6.16886e-20
1.15 -4.07053e-20 2.56406e-21 1.56507e-19
1.15417 -1.02891e-19 6.38217e-21 3.93263e-19
1.15833 -2.57591e-19 1.5733e-20 9.7871e-19
1.1625 -6.38738e-19 3.84116e-20 2.41242e-18
1.16667 -1.56875e-18 9.288e-20 5.88958e-18
1.17083 -3.81618e-18 2.22431e-19 1.42413e-17
1.175 -9.19497e-18 5.27572e-19 3.41078e-17
1.17917 -2.19442e-17 1.23932e-18 8.09088e-17
1.18333 -5.1873e-17 2.88336e-18 1.90098e-16
1.1875 -1.21455e-16 6.644e-18 4.42388e-16
1.19167 -2.81669e-16 1.51626e-17 1.01969e-15
1.19583 -6.47019e-16 3.42712e-17 2.32797e-15
1.2 -1.47213e-15 7.67176e-17 5.26411e-15
1.20417 -3.31761e-15 1.70085e-16 1.17899e-14
1.20833 -7.40547e-15 3.73455e-16 2.61537e-14
1.2125 -1.63729e-14 8.12097e-16 5.74629e-14
1.21667 -3.58542e-14 1.74892e-15 1.25046e-13
1.22083 -7.77667e-14 3.73005e-15 2.69512e-13
1.225 -1.67063e-13 7.87839e-15 5.75312e-13
1.22917 -3.55462e-13 1.64789e-14 1.2163e-12
1.23333 -7.49078e-13 3.41335e-14 2.54674e-12
1.2375 -1.56342e-12 7.00135e-14 5.28112e-12
1.24167 -3.23167e-12 1.42207e-13 1.08456e-11
1.24583 -6.61571e-12 2.86013e-13 2.20579e-11
1.25 -1.34126e-11 5.69591e-13 4.44263e-11
1.25417 -2.69292e-11 1.12315e-12 8.86079e-11
1.25833 -5.35423e-11 2.19278e-12 1.75004e-10
1.2625 -1.0542e-10 4.23854e-12 3.4226e-10
1.26667 -2.05534e-10 8.11117e-12 6.62792e-10
1.27083 -3.96795e-10 1.53666e-11 1.27086e-09
1.275 -7.58497e-10 2.88187e-11 2.41269e-09
1.27917 -1.43559e-09 5.35e-11 4.5349e-09
1.28333 -2.69013e-09 9.83081e-11 8.43874e-09
1.2875 -4.99075e-09 1.78795e-10 1.55457e-08
1.29167 -9.16611e-09 3.21827e-10 2.83493e-08
1.29583 -1.66651e-08 5.73272e-10 5.11739e-08
1.3 -2.99924e-08 1.0105e-09 9.14335e-08
1.30417 -5.34276e-08 1.76245e-09 1.6169e-07
1.30833 -9.41989e-08 3.04133e-09 2.82979e-07
1.3125 -1.64369e-07 5.192e-09 4.901e-07
1.31667 -2.8383e-07 8.76775e-09 8.39929e-07
1.32083 -4.84982e-07 1.46446e-08 1.42427e-06
1.325 -8.19946e-07 2.4191e-08 2.38943e-06
1.32917 -1.37151e-06 3.9515e-08 3.96561e-06
1.33333 -2.26948e-06 6.38184e-08 6.5102e-06
1.3375 -3.71468e-06 1.01893e-07 1.05706e-05
1.34167 -6.01367e-06 1.608e-07 1.69739e-05
1.34583 -9.62787e-06 2.50786e-07 2.69515e-05
1.35 -1.52419e-05 3.8647e-07 4.23106e-05
1.35417 -2.38567e-05 5.88355e-07 6.56628e-05
1.35833 -3.69131e-05 8.84666e-07 0.000100723
1.3625 -5.6453e-05 1.31352e-06 0.000152689
1.36667 -8.53213e-05 1.92529e-06 0.000228708
1.37083 -0.000127414 2.7851e-06 0.000338432
1.375 -0.000187968 3.97495e-06 0.000494641
1.37917 -0.000273887 5.59526e-06 0.00071391
1.38333 -0.000394079 7.76496e-06 0.00101726
1.3875 -0.000559781 1.06194e-05 0.00143068
1.39167 -0.00078481 1.43051e-05 0.00198546
1.39583 -0.00108568 1.89702e-05 0.00271802
1.4 -0.00148148 2.47491e-05 0.00366926
1.40417 -0.00199343 3.1742e-05 0.00488292
1.40833 -0.002644 3.99866e-05 0.00640301
1.4125 -0.00345541 4.94248e-05 0.0082699
1.41667 -0.00444752 5.98653e-05 0.0105151
1.42083 -0.00563509 7.09453e-05 0.0131549
1.425 -0.00702429 8.20969e-05 0.0161826
1.42917 -0.00860885 9.25248e-05 0.019561
1.43333 -0.0103661 0.000101204 0.0232144
1.4375 -0.012253 0.000106904 0.0270236
1.44167 -0.0142041 0.000108254 0.0308221
1.44583 -0.0161294 0.000103839 0.0343984
1.45 -0.0179171 9.23481e-05 0.0375035
1.45417 -0.0194368 7.27447e-05 0.0398653
1.45833 -0.0205484 4.44634e-05 0.0412096
1.4625 -0.0211133 7.59447e-06 0.0412875
1.46667 -0.0210086 -3.69688e-05 0.0399064
1.47083 -0.0201431 -8.74574e-05 0.0369607
1.475 -0.0184728 -0.000141263 0.0324585
1.47917 -0.0160134 -0.000195109 0.0265371
1.48333 -0.0128473 -0.000245362 0.0194648
1.4875 -0.00912244 -0.000288472 0.0116223
1.49167 -0.00504109 -0.00032149 0.00346476
1.49583 -0.000838783 -0.00034259 -0.00453436
1.5 0.00324592 -0.000351507 -0.011952
1.50417 0.00700669 -0.000349782 -0.0184861
1.50833 0.0103048 -0.000340725 -0.0240152
1.5125 0.0130979 -0.000329048 -0.0286355
1.51667 0.0154555 -0.00032016 -0.0326616
1.52083 0.0175557 -0.000319198 -0.0365861
1.525 0.0196604 -0.000329939 -0.0409966
1.52917 0.02207 -0.000353768 -0.0464615
1.53333 0.0250627 -0.000388932 -0.0533991
1.5375 0.0288278 -0.000430261 -0.0619542
1.54167 0.0334057 -0.000469486 -0.0719079
1.54583 0.0386455 -0.000496173 -0.0826407
1.55 0.0441927 -0.000499163 -0.0931627
1.55417 0.0495113 -0.000468307 -0.102214
1.55833 0.05394 -0.000396198 -0.108418
1.5625 0.0567759 -0.000279573 -0.110476
1.56667 0.0573717 -0.000120149 -0.10735
1.57083 0.0552321 7.52794e-05 -0.0984304
1.575 0.0500909 0.000295469 -0.0836415
1.57917 0.041961 0.000525945 -0.0634799
1.58333 0.0311474 0.00075057 -0.0389857
1.5875 0.0182268 0.000953191 -0.011656
1.59167 0.00399856 0.00111914 0.0166833
1.59583 -0.0105829 0.00123645 0.0440272
1.6 -0.0244866 0.00129679 0.0683524
1.60417 -0.0366872 0.00129608 0.0877796
1.60833 -0.0462481 0.00123496 0.100736
1.6125 -0.0524042 0.001119 0.106114
1.61667 -0.0546406 0.00095859 0.103411
1.62083 -0.0527615 0.000768324 0.0928344
1.625 -0.0469368 0.00056576 0.0753342
1.62917 -0.0377119 0.000369429 0.0525442
1.63333 -0.0259664 0.000196335 0.026609
1.6375 -0.0128174 5.93704e-05 -8.90103e-05
1.64167 0.000525447 -3.47536e-05 -0.0252603
1.64583 0.0129294 -8.64164e-05 -0.04703
1.65 0.0234961 -0.000102448 -0.0641737
1.65417 0.0316692 -9.39571e-05 -0.0762028
1.65833 0.0372628 -7.31415e-05 -0.0832766
1.6625 0.0404023 -5.00191e-05 -0.0859657
1.66667 0.0413957 -3.01168e-05 -0.0849431
1.67083 0.040576 -1.39387e-05 -0.0807021
1.675 0.0381667 1.54867e-06 -0.0733961
1.67917 0.0342149 1.9899e-05 -0.0628512
1.68333 0.0286131 4.17389e-05 -0.0487406
1.6875 0.0211988 6.22478e-05 -0.0308494
1.69167 0.0118912 7.06779e-05 -0.009323
1.69583 0.000810189 5.23291e-05 0.0152016
1.7 -0.0116705 -7.50749e-06 0.0416325
1.70417 -0.0249571 -0.000118898 0.0686117
1.70833 -0.038342 -0.000283496 0.0947732
1.7125 -0.0511365 -0.000492951 0.118961
1.71667 -0.0627746 -0.000730047 0.140312
1.72083 -0.0728442 -0.000972082 0.158176
1.725 -0.0810343 -0.00119526 0.171913
1.72917 -0.0870298 -0.00137858 0.180684
1.73333 -0.090409 -0.00150601 0.183349
1.7375 -0.0906053 -0.00156675 0.178564
1.74167 -0.0869708 -0.00155398 0.165076
1.74583 -0.0789355 -0.00146342 0.142136
1.75 -0.0662181 -0.00129278 0.109897
1.75417 -0.0490138 -0.0010428 0.0696533
1.75833 -0.028094 -0.000719551 0.0238281
1.7625 -0.004776 -0.000336896 -0.0242899
1.76667 0.0192306 8.21032e-05 -0.0709927
1.77083 0.0420601 0.000506074 -0.112659
1.775 0.0619448 0.00089871 -0.1462
1.77917 0.0774291 0.00122405 -0.16937
1.78333 0.0875077 0.00145233 -0.180909
1.7875 0.0916817 0.00156494 -0.180559
1.79167 0.0899492 0.00155716 -0.168982
1.79583 0.0827548 0.00143833 -0.147635
1.8 0.0709203 0.00122941 -0.118623
1.80417 0.0555659 0.000958947 -0.0845294
1.80833 0.0380231 0.000658196 -0.048219
1.8125 0.019737 0.000356672 -0.0126217
1.81667 0.00215585 7.87436e-05 0.0195086
1.82083 -0.0133874 -0.0001582 0.0458372
1.825 -0.0257943 -0.000343974 0.0646776
1.82917 -0.0343104 -0.000474564 0.0751753
1.83333 -0.0386087 -0.000550475 0.077412
1.8375 -0.0388318 -0.000575191 0.07239
1.84167 -0.0355696 -0.000554286 0.0618676
1.84583 -0.0297637 -0.000495279 0.0480476
1.85 -0.0225414 -0.000407839 0.0331719
1.85417 -0.0150104 -0.000303643 0.0191198
1.85833 -0.00806435 -0.000195334 0.00712583
1.8625 -0.0022571 -9.45364e-05 -0.00230008
1.86667 0.00221879 -9.59729e-06 -0.00923941
1.87083 0.00545019 5.59045e-05 -0.0140959
1.875 0.00766229 0.000103019 -0.0173186
1.87917 0.00908363 0.000135555 -0.0192331
1.88333 0.00987187 0.000157338 -0.0200252
1.8875 0.0101156 0.000170015 -0.0198278
1.89167 0.00988194 0.0001726 -0.0188056
1.89583 0.00925602 0.000162972 -0.0171494
1.9 0.00833164 0.000140338 -0.0149731
1.90417 0.00715662 0.000107022 -0.0121982
1.90833 0.00567964 6.82992e-05 -0.00855023
1.9125 0.00375928 3.02091e-05 -0.00373355
1.91667 0.0012626 -3.32202e-06 0.00226418
1.92083 -0.00178081 -3.21086e-05 0.00890337
1.925 -0.00505622 -5.87881e-05 0.0150477
1.92917 -0.00796337 -8.56706e-05 0.0192367
1.93333 -0.00977443 -0.000111267 0.0201968
1.9375 -0.00989878 -0.000128925 0.0173665
1.94167 -0.00813495 -0.000128954 0.011177
1.94583 -0.00478488 -0.00010356 0.00294794
1.95 -0.000571511 -5.20264e-05 -0.00554722
1.95417 0.00359825 1.68838e-05 -0.0126271
1.95833 0.00690825 8.69417e-05 -0.0171111
1.9625 0.00882282 0.000140137 -0.0184554
1.96667 0.00913445 0.000163225 -0.0166593
1.97083 0.00790197 0.000151945 -0.0121075
1.975 0.00536671 0.000111147 -0.00549836
1.97917 0.00191739 5.14534e-05 0.00212735
1.98333 -0.00189616 -1.52322e-05 0.00938048
1.9875 -0.00536886 -7.893e-05 0.0147051
1.99167 -0.00774391 -0.000132559 0.0167955
1.99583 -0.00842815 -0.000171573 0.0151054
2 -0.00723754 -0.000193975 0.0101741
2.00417 -0.00453366 -0.000201669 0.00353661
2.00833 -0.00114434 -0.000202379 -0.00281048
2.0125 0.00192749 -0.000210124 -0.00715593
2.01667 0.0038785 -0.000242593 -0.00867254
2.02083 0.00438041 -0.000315663 -0.00758363
2.025 0.00362695 -0.000437433 -0.00486181
2.02917 0.00215329 -0.000604963 -0.00168029
2.03333 0.000551757 -0.000805557 0.00106088
2.0375 -0.000754104 -0.00102171 0.0029178
2.04167 -0.00157986 -0.00123654 0.00380361
2.04583 -0.00191368 -0.00143641 0.00379239
2.05 -0.00181307 -0.00160925 0.0030195
2.05417 -0.00135879 -0.00174038 0.00172509
2.05833 -0.000680258 -0.00180938 0.000319797
2.0625 1.43153e-05 -0.00179087 -0.000690519
2.06667 0.000482682 -0.00165971 -0.00095969
2.07083 0.000578264 -0.00139833 -0.000582206
2.075 0.000380641 -0.00100277 -0.000154688
2.07917 0.000206025 -0.000485372 -0.000480475
2.08333 0.000441561 0.000125698 -0.00203332
2.0875 0.00127637 0.000788158 -0.00451286
2.09167 0.00250142 0.00144732 -0.00682769
2.09583 0.00353634 0.0020384 -0.00759841
2.1 0.00370854 0.00249199 -0.00593198
2.10417 0.00264131 0.00274459 -0.00201265
2.10833 0.000519858 0.00275352 0.00286307
2.1125 -0.00193623 0.00251158 0.00685384
2.11667 -0.00379246 0.00205531 0.00843062
2.12083 -0.00433486 0.00146177 0.00705244
2.125 -0.00338334 0.000833568 0.00332499
2.12917 -0.00132987 0.000276616 -0.00137302
2.13333 0.00108368 -0.000121989 -0.00552452
2.1375 0.00309699 -0.000309221 -0.00802125
2.14167 0.00419604 -0.000271109 -0.00841596
2.14583 0.00421756 -2.80528e-05 -0.00689284
2.15 0.00331259 0.000376247 -0.00410075
2.15417 0.00184845 0.000888151 -0.000970968
2.15833 0.00031008 0.00145613 0.00146714
2.1625 -0.000795573 0.00203877 0.0023217
2.16667 -0.00105735 0.00260674 0.0011264
2.17083 -0.000297371 0.00313824 -0.00192797
2.175 0.00132855 0.00360964 -0.00597871
2.17917 0.00334478 0.00398557 -0.00977115
2.18333 0.00511417 0.00421439 -0.0121367
2.1875 0.00608262 0.00423353 -0.0124361
2.19167 0.00598925 0.003985 -0.010746
2.19583 0.00493705 0.0034358 -0.00772661
2.2 0.00330337 0.00259428 -0.00429054
2.20417 0.00156181 0.00151386 -0.00127818
2.20833 0.00011968 0.000281068 0.000728733
2.2125 -0.000765909 -0.00100828 0.00146025
2.21667 -0.00100308 -0.00227434 0.000967943
2.22083 -0.000659726 -0.00346869 -0.000354877
2.225 3.56251e-05 -0.00457251 -0.00178933
2.22917 0.000711079 -0.00557833 -0.00244037
2.23333 0.000932985 -0.00646419 -0.00154497
2.2375 0.000359428 -0.0071733 0.00117966
2.24167 -0.00109773 -0.00761103 0.00535557
2.24583 -0.00320372 -0.00766366 0.0100762
2.25 -0.00548748 -0.00723352 0.0143073
2.25417 -0.00745053 -0.00627725 0.0173333
2.25833 -0.00878159 -0.00483146 0.0189995
2.2625 -0.00945587 -0.00301528 0.0196392
2.26667 -0.0096772 -0.0010093 0.0197874
2.27083 -0.00972372 0.000979543 0.0198927
2.275 -0.00980711 0.00275355 0.0201896
2.27917 -0.01002 0.00414946 0.0207358
2.28333 -0.0103649 0.00505129 0.0214939
2.2875 -0.0107992 0.00539614 0.0223461
2.29167 -0.0112423 0.00517978 0.0230363
2.29583 -0.0115475 0.00446298 0.0231397
2.3 -0.0114925 0.00337196 0.022156
2.30417 -0.0108334 0.00208361 0.0197175
2.30833 -0.0094119 0.000792232 0.0157934
2.3125 -0.00725092 -0.000333216 0.0107495
2.31667 -0.00456992 -0.00118334 0.00521332
2.32083 -0.00170258 -0.001718 -0.000179663
2.325 0.00103724 -0.00194904 -0.00501968
2.32917 0.00346696 -0.00191071 -0.00922544
2.33333 0.00557287 -0.00163945 -0.012995
2.3375 0.00747142 -0.00117617 -0.0166568
2.34167 0.00932789 -0.000584172 -0.0204959
2.34583 0.011273 3.98029e-05 -0.0246162
2.35 0.0133442 0.000581547 -0.0288803
2.35417 0.0154661 0.000951346 -0.0329515
2.35833 0.0174747 0.00112589 -0.0364241
2.3625 0.0191791 0.0011563 -0.0389813
2.36667 0.020433 0.00112829 -0.04048
2.37083 0.021172 0.00109686 -0.0408989
2.375 0.0213912 0.00104325 -0.0401873
2.37917 0.0210783 0.000892384 -0.0381484
2.38333 0.0201636 0.000586403 -0.0344863
2.3875 0.0185421 0.000162178 -0.029017
2.39167 0.0161673 -0.000232375 -0.0218838
2.39583 0.0131428 -0.0004105 -0.0135799
2.4 0.00972655 -0.000267999 -0.0047153
2.40417 0.00622295 0.000131271 0.00430887
2.40833 0.00283961 0.000575566 0.0134485
2.4125 -0.00037158 0.000828525 0.0228393
2.41667 -0.00342995 0.000774663 0.0324205
2.42083 -0.00626244 0.000483952 0.0416808
2.425 -0.00860589 0.00014877 0.0497701
2.42917 -0.0100775 -5.77e-05 0.0559232
2.43333 -0.0103749 -9.2543e-05 0.059856
2.4375 -0.0094501 -4.09159e-05 0.0618021
2.44167 -0.00751052 -1.20495e-05 0.062157
2.44583 -0.00484905 -2.99834e-05 0.0610452
2.45 -0.00165243 -1.81319e-05 0.058211
2.45417 0.00203518 0.000108375 0.053354
2.45833 0.00615407 0.000329408 0.0466244
2.4625 0.010418 0.00049833 0.0388182
2.46667 0.0142564 0.000447343 0.0310456
2.47083 0.0169971 0.000137513 0.0240979
2.475 0.0181715 -0.000280484 0.0180147
2.47917 0.0177092 -0.000561987 0.0122104
2.48333 0.0158729 -0.00055346 0.00605212
2.4875 0.012996 -0.000315832 -0.000592231
2.49167 0.00924748 -7.92064e-05 -0.00728232
2.49583 0.00461417 -6.24664e-05 -0.0134402
2.5 -0.00090078 -0.000306539 -0.0188876
2.50417 -0.00705658 -0.000657663 -0.0240087
2.50833 -0.0133398 -0.000906798 -0.0294085
2.5125 -0.0191605 -0.000959098 -0.0353805
2.51667 -0.0241222 -0.000890114 -0.0416588
2.52083 -0.0281512 -0.000854166 -0.0476583
2.525 -0.0313957 -0.000941479 -0.0529712
2.52917 -0.0340072 -0.00111462 -0.0576697
2.53333 -0.0360063 -0.00126788 -0.0621563
2.5375 -0.0373443 -0.00133622 -0.0667196
2.54167 -0.038078 -0.00134519 -0.0712169
2.54583 -0.0384651 -0.00136496 -0.0751763
2.55 -0.0388515 -0.00142869 -0.0782172
2.55417 -0.0394151 -0.00150006 -0.0803838
2.55833 -0.0399692 -0.00151108 -0.0820484
2.5625 -0.039999 -0.00141746 -0.0834207
2.56667 -0.0389143 -0.00121315 -0.0840619
2.57083 -0.0363239 -0.000905546 -0.0828269
2.575 -0.0321207 -0.000499674 -0.0783224
2.57917 -0.0263379 -1.73364e-05 -0.0695472
2.58333 -0.0189412 0.000482411 -0.0562506
2.5875 -0.0097839 0.000929721 -0.0387967
2.59167 0.0011941 0.00130666 -0.0177549
2.59583 0.0136739 0.00167177 0.00634575
2.6 0.0268263 0.00209336 0.0328384
2.60417 0.0394804 0.00254095 0.0604806
2.60833 0.0504819 0.00285527 0.0872059
2.6125 0.058977 0.00285856 0.110399
2.61667 0.064436 0.00251834 0.127596
2.62083 0.0664754 0.00199795 0.137151
2.625 0.0647243 0.00152224 0.138432
2.62917 0.0589218 0.00117668 0.131532
2.63333 0.0491949 0.000842445 0.116861
2.6375 0.0362644 0.000341962 0.0950614
2.64167 0.0213592 -0.000349165 0.0672944
2.64583 0.00586772 -0.00104437 0.035574
2.65 -0.00902818 -0.00150548 0.00270389
2.65417 -0.0224946 -0.00165364 -0.028273
2.65833 -0.0339355 -0.00161456 -0.0547955
2.6625 -0.0428158 -0.00156376 -0.0752303
2.66667 -0.0486193 -0.00155149 -0.088859
2.67083 -0.0509712 -0.00149318 -0.0955903
2.675 -0.0497909 -0.00131091 -0.095719
2.67917 -0.045333 -0.00104136 -0.0898768
2.68333 -0.0381028 -0.000784384 -0.0790622
2.6875 -0.0287377 -0.00057395 -0.0645639
2.69167 -0.0179389 -0.000349614 -0.0477361
2.69583 -0.00644356 -6.94165e-05 -0.0297512
2.7 0.00501201 0.000191455 -0.0114745
2.70417 0.0157575 0.000308528 0.00651199
2.70833 0.0252538 0.000278172 0.023806
2.7125 0.0331363 0.000266782 0.0400757
2.71667 0.0392437 0.000438798 0.0549816
2.72083 0.0436341 0.000744424 0.0681552
2.725 0.04654 0.000936554 0.0792562
2.72917 0.0482222 0.000837119 0.0880608
2.73333 0.04878 0.000560344 0.0944567
2.7375 0.0480672 0.000415403 0.0982694
2.74167 0.0458145 0.00057353 0.0990382
2.74583 0.0418656 0.00087804 0.0960124
2.75 0.0363045 0.00102989 0.0885042
2.75417 0.0293556 0.00094194 0.0763843
2.75833 0.0211946 0.000842838 0.0602886
2.7625 0.011922 0.000999505 0.041335
2.76667 0.00176788 0.00138516 0.0206316
2.77083 -0.00870441 0.00169245 -0.000924165
2.775 -0.0186829 0.00167839 -0.0223928
2.77917 -0.0274741 0.00142674 -0.0424778
2.78333 -0.0348125 0.0012188 -0.0596679
2.7875 -0.0407905 0.00118651 -0.0728546
2.79167 -0.0454662 0.00118168 -0.0818524
2.79583 -0.048544 0.00100874 -0.0872483
2.8 -0.0494362 0.000702687 -0.0896586
2.80417 -0.0476145 0.000486461 -0.0890707
2.80833 -0.0428967 0.00047025 -0.0848425
2.8125 -0.0354605 0.00049858 -0.0762661
2.81667 -0.0257145 0.000355938 -0.0631157
2.82083 -0.0142717 6.08191e-05 -0.0457976
2.825 -0.00204756 -0.000149085 -0.0252498
2.82917 0.00973266 -0.000130994 -0.00293392
2.83333 0.0197725 -3.41719e-05 0.0190744
2.8375 0.027063 -0.00010861 0.0382457
2.84167 0.0310978 -0.000373138 0.0522111
2.84583 0.0318477 -0.000591915 0.0595389
2.85 0.0296303 -0.000604233 0.0601339
2.85417 0.0250344 -0.000570076 0.0550321
2.85833 0.0188773 -0.000787849 0.045848
2.8625 0.0120801 -0.00130623 0.0342799
2.86667 0.00546416 -0.00183793 0.0218253
2.87083 -0.000386584 -0.00209394 0.00963541
2.875 -0.00511599 -0.00210299 -0.00153323
2.87917 -0.00853126 -0.00210765 -0.0112071
2.88333 -0.0106042 -0.00220118 -0.018968
2.8875 -0.0114932 -0.00220828 -0.0243288
2.89167 -0.011448 -0.00195783 -0.0268664
2.89583 -0.0106194 -0.00154393 -0.0264594
2.9 -0.00899761 -0.00119945 -0.0233495
2.90417 -0.00661272 -0.000971027 -0.0180109
2.90833 -0.00379141 -0.000676105 -0.0111009
2.9125 -0.00113044 -0.000209625 -0.00361799
2.91667 0.00084463 0.000260434 0.00304139
2.92083 0.00197232 0.000523109 0.00750212
2.925 0.00238804 0.000651552 0.00913162
2.92917 0.00224858 0.000905371 0.00838358
2.93333 0.00165782 0.00129232 0.00636837
2.9375 0.000877734 0.00143667 0.00408995
2.94167 0.000432305 0.0010384 0.00213024
2.94583 0.000782268 0.000336457 0.000920274
2.95 0.00184543 -0.000130461 0.000937658
2.95417 0.00296076 -0.000236923 0.00231769
2.95833 0.0034301 -0.000481685 0.00431475
2.9625 0.00306123 -0.00130789 0.00549184
2.96667 0.0021241 -0.00239338 0.00472473
2.97083 0.000878791 -0.00294088 0.00203539
2.975 -0.000638898 -0.00269226 -0.00163424
2.97917 -0.0023005 -0.00231443 -0.00535929
2.98333 -0.00356247 -0.00253474 -0.0087294
2.9875 -0.00373026 -0.00310552 -0.011446
2.99167 -0.00259605 -0.00303264 -0.0128129
2.99583 -0.00065487 -0.00187205 -0.0120311
