0 0 0 0
0.00416667 0 0 0
0.00833333 0 0 0
0.0125 0 0 0
0.0166667 0 0 0
0.0208333 0 0 0
0.025 0 0 0
0.0291667 0 0 0
0.0333333 0 0 0
0.0375 0 0 0
0.0416667 0 0 0
0.0458333 0 0 0
0.05 0 0 0
0.0541667 0 0 0
0.0583333 0 0 0
0.0625 0 0 0
0.0666667 0 0 0
0.0708333 0 0 0
0.075 0 0 0
0.0791667 0 0 0
0.0833333 0 0 0
0.0875 0 0 0
0.0916667 0 0 0
0.0958333 0 0 0
0.1 0 0 0
0.104167 0 0 0
0.108333 0 0 0
0.1125 0 0 0
0.116667 0 0 0
0.120833 0 0 0
0.125 -1.82804e-322 3.78948e-321 8.18173e-321
0.129167 -2.0713e-316 2.85593e-315 6.08258e-315
0.133333 -1.00455e-310 1.3401e-309 2.85475e-309
0.1375 -3.2105e-305 4.14804e-304 8.83831e-304
0.141667 -6.93329e-300 8.68414e-299 1.85076e-298
0.145833 -1.03514e-294 1.25803e-293 2.68173e-293
0.15 -1.091e-289 1.28762e-288 2.74546e-288
0.154167 -8.27439e-285 9.49104e-284 2.02417e-283
0.158333 -4.59593e-280 5.12734e-279 1.09379e-278
0.1625 -1.9001e-275 2.0632e-274 4.40247e-274
0.166667 -5.93523e-271 6.27688e-270 1.33972e-269
0.170833 -1.42026e-266 1.46383e-265 3.12521e-265
0.175 -2.63716e-262 2.65056e-261 5.66038e-261
0.179167 -3.84511e-258 3.77086e-257 8.0551e-257
0.183333 -4.4514e-254 4.26181e-253 9.1065e-253
0.1875 -4.13408e-250 3.86607e-249 8.26335e-249
0.191667 -3.10983e-246 2.84208e-245 6.07653e-245
0.195833 -1.91195e-242 1.70841e-241 3.65382e-241
0.2 -9.68857e-239 8.46814e-238 1.81168e-237
0.204167 -4.07862e-235 3.48854e-234 7.46581e-234
0.208333 -1.437e-231 1.20329e-230 2.576e-230
0.2125 -4.26691e-228 3.49931e-227 7.49388e-227
0.216667 -1.07482e-224 8.63624e-224 1.85011e-223
0.220833 -2.311e-221 1.82e-220 3.9003e-220
0.225 -4.2662e-218 3.29417e-217 7.06201e-217
0.229167 -6.79903e-215 5.14913e-214 1.10427e-213
0.233333 -9.40325e-212 6.98694e-211 1.49896e-210
0.2375 -1.13415e-208 8.27064e-208 1.77502e-207
0.241667 -1.19853e-205 8.58043e-205 1.84222e-204
0.245833 -1.11465e-202 7.83633e-202 1.68312e-201
0.25 -9.16126e-200 6.32656e-199 1.35939e-198
0.254167 -6.68087e-197 4.53316e-196 9.74433e-196
0.258333 -4.33927e-194 2.8937e-193 6.22276e-193
0.2625 -2.51926e-191 1.65154e-190 3.55303e-190
0.266667 -1.31187e-188 8.4565e-188 1.82006e-187
0.270833 -6.14743e-186 3.89744e-185 8.39193e-185
0.275 -2.60037e-183 1.62183e-182 3.49364e-182
0.279167 -9.95883e-181 6.11168e-180 1.31712e-179
0.283333 -3.46298e-178 2.09158e-177 4.50958e-177
0.2875 -1.09632e-175 6.51818e-175 1.406e-174
0.291667 -3.16814e-173 1.85456e-172 4.00224e-172
0.295833 -8.37776e-171 4.82946e-170 1.04271e-169
0.3 -2.03209e-168 1.1538e-167 2.49231e-167
0.304167 -4.5315e-166 2.53467e-165 5.47778e-165
0.308333 -9.31052e-164 5.13127e-163 1.10948e-162
0.3125 -1.76625e-161 9.59283e-161 2.07519e-160
0.316667 -3.09991e-159 1.65944e-158 3.59163e-158
0.320833 -5.04322e-157 2.66138e-156 5.76313e-156
0.325 -7.61963e-155 3.96449e-154 8.58942e-154
0.329167 -1.07104e-152 5.49514e-152 1.19119e-151
0.333333 -1.40302e-150 7.09944e-150 1.53977e-149
0.3375 -1.71567e-148 8.56329e-148 1.85826e-147
0.341667 -1.96156e-146 9.65868e-146 2.0971e-145
0.345833 -2.10009e-144 1.02028e-143 2.21646e-143
0.35 -2.10853e-142 1.01085e-141 2.19719e-141
0.354167 -1.98815e-140 9.40668e-140 2.04579e-139
0.358333 -1.76296e-138 8.23309e-138 1.79157e-137
0.3625 -1.47209e-136 6.78642e-136 1.47761e-135
0.366667 -1.15899e-134 5.27502e-134 1.1492e-133
0.370833 -8.6142e-133 3.87122e-132 8.4387e-132
0.375 -6.05145e-131 2.68553e-130 5.85753e-130
0.379167 -4.02266e-129 1.76306e-128 3.84781e-128
0.383333 -2.53315e-127 1.09659e-126 2.39472e-126
0.3875 -1.51276e-125 6.46889e-125 1.41353e-124
0.391667 -8.57615e-124 3.62303e-123 7.92163e-123
0.395833 -4.62027e-122 1.92845e-121 4.21913e-121
0.4 -2.36766e-120 9.76481e-120 2.13772e-119
0.404167 -1.1552e-118 4.7081e-118 1.03136e-117
0.408333 -5.3713e-117 2.16348e-116 4.74237e-116
0.4125 -2.38217e-115 9.48346e-115 2.08014e-114
0.416667 -1.00857e-113 3.96883e-113 8.71108e-113
0.420833 -4.07989e-112 1.58708e-111 3.48575e-111
0.425 -1.57814e-110 6.06918e-110 1.33388e-109
0.429167 -5.84173e-109 2.22122e-108 4.88506e-108
0.433333 -2.07092e-107 7.786e-107 1.71351e-106
0.4375 -7.03612e-106 2.61588e-105 5.76088e-105
0.441667 -2.29278e-104 8.42975e-104 1.85774e-103
0.445833 -7.17057e-103 2.60738e-102 5.75011e-102
0.45 -2.15378e-101 7.74603e-101 1.70945e-100
0.454167 -6.21709e-100 2.21169e-99 4.88438e-99
0.458333 -1.72581e-98 6.0732e-98 1.34218e-97
0.4625 -4.60982e-97 1.60482e-96 3.54922e-96
0.466667 -1.18556e-95 4.08331e-95 9.03718e-95
0.470833 -2.93744e-94 1.00099e-93 2.217e-93
0.475 -7.01561e-93 2.3655e-92 5.243e-92
0.479167 -1.61605e-91 5.39182e-91 1.19595e-90
0.483333 -3.59227e-90 1.18604e-89 2.63271e-89
0.4875 -7.70972e-89 2.51909e-88 5.59594e-88
0.491667 -1.5984e-87 5.16879e-87 1.14907e-86
0.495833 -3.20277e-86 1.02506e-85 2.28055e-85
0.5 -6.20539e-85 1.9658e-84 4.37683e-84
0.504167 -1.16311e-83 3.64719e-83 8.1267e-83
0.508333 -2.11e-82 6.54949e-82 1.4605e-81
0.5125 -3.70634e-81 1.13889e-80 2.54164e-80
0.516667 -6.30668e-80 1.91853e-79 4.2849e-79
0.520833 -1.04e-78 3.13221e-78 7.00113e-78
0.525 -1.66274e-77 4.95806e-77 1.10911e-76
0.529167 -2.57838e-76 7.61245e-76 1.70425e-75
0.533333 -3.87947e-75 1.13412e-74 2.54108e-74
0.5375 -5.6659e-74 1.64015e-73 3.67784e-73
0.541667 -8.03524e-73 2.30334e-72 5.16917e-72
0.545833 -1.10693e-71 3.14226e-71 7.05764e-71
0.55 -1.4818e-70 4.16572e-70 9.36405e-70
0.554167 -1.92822e-69 5.36848e-69 1.20777e-68
0.558333 -2.43987e-68 6.72782e-68 1.51484e-67
0.5625 -3.00308e-67 8.20166e-67 1.84823e-66
0.566667 -3.59664e-66 9.72912e-66 2.19427e-65
0.570833 -4.19268e-65 1.12338e-64 2.53575e-64
0.575 -4.75868e-64 1.26297e-63 2.85325e-63
0.579167 -5.26031e-63 1.38294e-62 3.12692e-62
0.583333 -5.66491e-62 1.47531e-61 3.33862e-61
0.5875 -5.94507e-61 1.53377e-60 3.47387e-60
0.591667 -6.08168e-60 1.55436e-59 3.52352e-59
0.595833 -6.06613e-59 1.53596e-58 3.48478e-58
0.6 -5.90115e-58 1.48032e-57 3.36144e-57
0.604167 -5.60032e-57 1.39185e-56 3.16328e-56
0.608333 -5.18619e-56 1.27704e-55 2.90484e-55
0.6125 -4.68763e-55 1.14365e-54 2.60368e-54
0.616667 -4.13648e-54 9.99921e-54 2.27844e-53
0.620833 -3.56439e-53 8.53741e-53 1.94705e-52
0.625 -2.99996e-52 7.11989e-52 1.62518e-51
0.629167 -2.46673e-51 5.80103e-51 1.32529e-50
0.633333 -1.98197e-50 4.61867e-50 1.05609e-49
0.6375 -1.55646e-49 3.59419e-49 8.22558e-49
0.641667 -1.1949e-48 2.73433e-48 6.26318e-48
0.645833 -8.96955e-48 2.034e-47 4.66311e-47
0.65 -6.58478e-47 1.47977e-46 3.39545e-46
0.654167 -4.72855e-46 1.05307e-45 2.41848e-45
0.658333 -3.32211e-45 7.33217e-45 1.68537e-44
0.6625 -2.28392e-44 4.99566e-44 1.1493e-43
0.666667 -1.53676e-43 3.33136e-43 7.6708e-43
0.670833 -1.01221e-42 2.17467e-42 5.01176e-42
0.675 -6.52748e-42 1.3899e-41 3.20596e-41
0.679167 -4.12199e-41 8.69892e-41 2.00824e-40
0.683333 -2.54933e-40 5.33226e-40 1.23208e-39
0.6875 -1.54444e-39 3.20178e-39 7.40443e-39
0.691667 -9.16672e-39 1.88353e-38 4.35959e-38
0.695833 -5.33112e-38 1.08573e-37 2.51516e-37
0.7 -3.03844e-37 6.13343e-37 1.42206e-36
0.704167 -1.69736e-36 3.39611e-36 7.88068e-36
0.708333 -9.29504e-36 1.84339e-35 4.28119e-35
0.7125 -4.99046e-35 9.81001e-35 2.28024e-34
0.716667 -2.62725e-34 5.11915e-34 1.19089e-33
0.720833 -1.35641e-33 2.61974e-33 6.09944e-33
0.725 -6.86854e-33 1.31494e-32 3.06404e-32
0.729167 -3.41174e-32 6.47437e-32 1.50986e-31
0.733333 -1.66257e-31 3.12739e-31 7.29913e-31
0.7375 -7.94921e-31 1.48221e-30 3.46215e-30
0.741667 -3.72958e-30 6.89342e-30 1.61143e-29
0.745833 -1.71726e-29 3.14631e-29 7.36065e-29
0.75 -7.76067e-29 1.40947e-28 3.29994e-28
0.754167 -3.44266e-28 6.19792e-28 1.45219e-27
0.758333 -1.49922e-27 2.67555e-27 6.27358e-27
0.7625 -6.40997e-27 1.13397e-26 2.66086e-26
0.766667 -2.69095e-26 4.719e-26 1.10812e-25
0.770833 -1.10932e-25 1.92841e-25 4.53152e-25
0.775 -4.491e-25 7.73908e-25 1.81985e-24
0.779167 -1.78569e-24 3.05039e-24 7.17787e-24
0.783333 -6.97399e-24 1.18095e-23 2.78074e-23
0.7875 -2.67548e-23 4.49113e-23 1.05819e-22
0.791667 -1.00832e-22 1.67787e-22 3.95585e-22
0.795833 -3.73343e-22 6.15841e-22 1.45284e-21
0.8 -1.35818e-21 2.22086e-21 5.24234e-21
0.804167 -4.85482e-21 7.86938e-21 1.85863e-20
0.808333 -1.70525e-20 2.74004e-20 6.4751e-20
0.8125 -5.88605e-20 9.37549e-20 2.21673e-19
0.816667 -1.99667e-19 3.15266e-19 7.45784e-19
0.820833 -6.65672e-19 1.04191e-18 2.46588e-18
0.825 -2.18125e-18 3.38432e-18 8.01326e-18
0.829167 -7.02527e-18 1.0805e-17 2.55944e-17
0.833333 -2.22408e-17 3.39082e-17 8.03517e-17
0.8375 -6.92128e-17 1.046e-16 2.47958e-16
0.841667 -2.11731e-16 3.17189e-16 7.52156e-16
0.845833 -6.36739e-16 9.45541e-16 2.24283e-15
0.85 -1.88247e-15 2.77095e-15 6.57442e-15
0.854167 -5.47133e-15 7.98314e-15 1.89452e-14
0.858333 -1.56339e-14 2.26112e-14 5.36695e-14
0.8625 -4.39197e-14 6.29633e-14 1.49469e-13
0.866667 -1.21303e-13 1.72372e-13 4.09235e-13
0.870833 -3.29389e-13 4.63946e-13 1.10153e-12
0.875 -8.79373e-13 1.22769e-12 2.91486e-12
0.879167 -2.30814e-12 3.19398e-12 7.58298e-12
0.883333 -5.95628e-12 8.16943e-12 1.93935e-11
0.8875 -1.51114e-11 2.0543e-11 4.87596e-11
0.891667 -3.76917e-11 5.07854e-11 1.20516e-10
0.895833 -9.24247e-11 1.23427e-10 2.92816e-10
0.9 -2.22802e-10 2.9489e-10 6.99357e-10
0.904167 -5.27987e-10 6.92592e-10 1.64187e-09
0.908333 -1.22994e-09 1.59898e-09 3.78877e-09
0.9125 -2.8163e-09 3.62855e-09 8.5931e-09
0.916667 -6.3385e-09 8.09331e-09 1.91545e-08
0.920833 -1.4021e-08 1.77416e-08 4.19593e-08
0.925 -3.04806e-08 3.8221e-08 9.03215e-08
0.929167 -6.5116e-08 8.09131e-08 1.91039e-07
0.933333 -1.36689e-07 1.68307e-07 3.96988e-07
0.9375 -2.81913e-07 3.43962e-07 8.10424e-07
0.941667 -5.71198e-07 6.90548e-07 1.62508e-06
0.945833 -1.13683e-06 1.36175e-06 3.20044e-06
0.95 -2.2222e-06 2.63732e-06 6.18947e-06
0.954167 -4.26565e-06 5.01563e-06 1.17527e-05
0.958333 -8.03954e-06 9.36506e-06 2.19071e-05
0.9625 -1.48745e-05 1.71649e-05 4.00785e-05
0.966667 -2.70107e-05 3.08765e-05 7.19496e-05
0.970833 -4.81297e-05 5.44974e-05 0.000126716
0.975 -8.41344e-05 9.4358e-05 0.000218884
0.979167 -0.000144245 0.000160221 0.000370721
0.983333 -0.000242477 0.000266727 0.000615457
0.9875 -0.000399523 0.000435193 0.00100119
0.991667 -0.000644998 0.000695669 0.00159525
0.995833 -0.00101988 0.00108907 0.00248861
1 -0.00157878 0.00166893 0.00379916
1.00417 -0.00239143 0.00250228 0.00567264
1.00833 -0.00354255 0.00366856 0.00827916
1.0125 -0.00512888 0.00525577 0.0118029
1.01667 -0.00725208 0.00735252 0.0164226
1.02083 -0.0100063 0.0100352 0.0222818
1.025 -0.01346 0.0133497 0.0294473
1.02917 -0.017631 0.0172889 0.0378591
1.03333 -0.0224589 0.0217678 0.047278
1.0375 -0.0277763 0.0265998 0.0572394
1.04167 -0.0332862 0.0314813 0.067027
1.04583 -0.0385524 0.0359907 0.0756828
1.05 -0.0430124 0.0396078 0.0820644
1.05417 -0.0460185 0.04176 0.0849599
1.05833 -0.0469089 0.0418935 0.0832553
1.0625 -0.0451078 0.0395657 0.0761372
1.06667 -0.0402383 0.0345419 0.063296
1.07083 -0.0322301 0.0268797 0.0450851
1.075 -0.0213946 0.0169759 0.0225849
1.07917 -0.00844066 0.00555638 -0.00246491
1.08333 0.00558509 -0.00640214 -0.0278802
1.0875 0.0194378 -0.0178128 -0.0513684
1.09167 0.0318729 -0.02766 -0.0709235
1.09583 0.0418636 -0.0351801 -0.0851863
1.1 0.0487854 -0.039998 -0.0936716
1.10417 0.0525138 -0.0421776 -0.0967899
1.10833 0.0534042 -0.0421691 -0.0956504
1.1125 0.0521556 -0.0406669 -0.0917021
1.11667 0.0496001 -0.0384222 -0.0863352
1.12083 0.04649 -0.0360759 -0.0805904
1.125 0.0433618 -0.0340715 -0.0750913
1.12917 0.0405318 -0.0326814 -0.0702287
1.13333 0.0382223 -0.0321287 -0.0665122
1.1375 0.0367583 -0.0327412 -0.064903
1.14167 0.0367265 -0.0350444 -0.0669165
1.14583 0.0389847 -0.0397136 -0.0743444
1.15 0.0444584 -0.0473556 -0.0886049
1.15417 0.0537531 -0.0581718 -0.109909
1.15833 0.0667059 -0.0716203 -0.136569
1.1625 0.0820624 -0.0862301 -0.164793
1.16667 0.0974508 -0.099683 -0.189149
1.17083 0.109729 -0.109189 -0.203661
1.175 0.115639 -0.112066 -0.203196
1.17917 0.112573 -0.106341 -0.184696
1.18333 0.0991836 -0.0911829 -0.147812
1.1875 0.0756424 -0.0670248 -0.0947611
1.19167 0.0434771 -0.0353751 -0.0295536
1.19583 0.0051005 0.00156429 0.0430292
1.2 -0.0367362 0.0412928 0.118232
1.20417 -0.0793321 0.0812636 0.191621
1.20833 -0.120148 0.118949 0.258912
1.2125 -0.156695 0.151798 0.315644
1.21667 -0.186397 0.177245 0.357113
1.22083 -0.206628 0.192883 0.378831
1.225 -0.215039 0.196834 0.377434
1.22917 -0.21008 0.188203 0.351685
1.23333 -0.191517 0.167406 0.303116
1.2375 -0.160689 0.136245 0.235997
1.24167 -0.120389 0.0976537 0.156654
1.24583 -0.0744055 0.0552283 0.0724285
1.25 -0.0269222 0.0127024 -0.0093439
1.25417 0.0180267 -0.0264781 -0.0820822
1.25833 0.0569379 -0.0594287 -0.140445
1.2625 0.0870737 -0.0839885 -0.180687
1.26667 0.10664 -0.098848 -0.20101
1.27083 0.114957 -0.103671 -0.201822
1.275 0.112569 -0.0991641 -0.185699
1.27917 0.101181 -0.086997 -0.156887
1.28333 0.0833399 -0.0695412 -0.120401
1.2875 0.0619321 -0.0494667 -0.0810716
1.29167 0.0396727 -0.0293378 -0.0429375
1.29583 0.0188012 -0.0113284 -0.00916111
1.3 0.00104044 0.0029116 0.0177437
1.30417 -0.0123099 0.0123137 0.03582
1.30833 -0.0203688 0.0164756 0.0440247
1.3125 -0.0228804 0.0157829 0.0428966
1.31667 -0.0205131 0.0114494 0.0349529
1.32083 -0.0149416 0.0053001 0.024205
1.325 -0.00844394 -0.000764333 0.0146947
1.32917 -0.00305419 -0.00545082 0.0087136
1.33333 0.000314389 -0.00854432 0.00580564
1.3375 0.00220931 -0.0108328 0.00335153
1.34167 0.00412222 -0.01344 -0.0014363
1.34583 0.00733762 -0.0169083 -0.00929315
1.35 0.0118472 -0.0205993 -0.0179537
1.35417 0.0160796 -0.022845 -0.0232523
1.35833 0.017715 -0.0218354 -0.0216981
1.3625 0.015134 -0.0167369 -0.012885
1.36667 0.00857448 -0.00834515 -0.000109817
1.37083 0.00021194 0.00115972 0.011286
1.375 -0.00693321 0.00923172 0.0168132
1.37917 -0.010583 0.0141418 0.0151196
1.38333 -0.0102869 0.0156366 0.00828152
1.3875 -0.0073768 0.0147596 0.000123502
1.39167 -0.00394598 0.0130689 -0.00610065
1.39583 -0.00163154 0.0118274 -0.00908036
1.4 -0.00100267 0.0116427 -0.00920139
1.40417 -0.0018006 0.0126213 -0.00731936
1.40833 -0.0036062 0.0147142 -0.00384147
1.4125 -0.00625937 0.0178724 0.00109196
1.41667 -0.0096948 0.0219036 0.00669273
1.42083 -0.0134674 0.0262743 0.0110268
1.425 -0.0165735 0.0301885 0.0117741
1.42917 -0.0179237 0.03302 0.00791661
1.43333 -0.0171945 0.0347926 0.00100407
1.4375 -0.0153329 0.0362519 -0.00527518
1.44167 -0.0141411 0.0383243 -0.00725709
1.44583 -0.0150716 0.0412567 -0.00379268
1.45 -0.0180553 0.0440623 0.00279145
1.45417 -0.0212776 0.0447631 0.00811458
1.45833 -0.0221826 0.0413778 0.00864176
1.4625 -0.0190665 0.0330405 0.00400922
1.46667 -0.0121474 0.0205052 -0.00289195
1.47083 -0.00335621 0.00570219 -0.00808485
1.475 0.00497291 -0.00931872 -0.00928048
1.47917 0.0115357 -0.0233082 -0.00722075
1.48333 0.0165858 -0.0359937 -0.0047153
1.4875 0.0212542 -0.0474931 -0.00426984
1.49167 0.0262838 -0.0575186 -0.00620673
1.49583 0.0312039 -0.0650466 -0.0086687
1.5 0.0345679 -0.0687255 -0.00934243
1.50417 0.0350107 -0.067696 -0.0074024
1.50833 0.0322504 -0.0621832 -0.00409569
1.5125 0.0272509 -0.05341 -0.00156926
1.51667 0.0214669 -0.0429236 -0.000991073
1.52083 0.0158288 -0.0318672 -0.00156486
1.525 0.0103002 -0.0207296 -0.00127072
1.52917 0.00433907 -0.00968809 0.00127856
1.53333 -0.00217784 0.000840492 0.00542134
1.5375 -0.00839742 0.00998377 0.00870947
1.54167 -0.0128408 0.0167781 0.00874552
1.54583 -0.014445 0.020837 0.00518131
1.55 -0.01347 0.0227395 0.000241463
1.55417 -0.0114845 0.023728 -0.00277456
1.55833 -0.0103325 0.024842 -0.0019627
1.5625 -0.0108049 0.0261101 0.00164716
1.56667 -0.0120374 0.0264493 0.00477322
1.57083 -0.0121612 0.0244358 0.00438498
1.575 -0.00977862 0.0194438 0.00014508
1.57917 -0.00516041 0.0123221 -0.00516457
1.58333 -0.000210126 0.0050695 -0.00769015
1.5875 0.00283868 -0.000308312 -0.00552027
1.59167 0.0030289 -0.00295635 -0.00029258
1.59583 0.00134347 -0.0035129 0.00397092
1.6 -0.000117979 -0.00340986 0.00398071
1.60417 0.000177214 -0.00369116 -0.000198567
1.60833 0.00198648 -0.0042652 -0.00516492
1.6125 0.00353941 -0.00414617 -0.00689242
1.61667 0.00305107 -0.00244097 -0.00398513
1.62083 0.00026539 0.000757098 0.00118349
1.625 -0.00325324 0.0043155 0.00440498
1.62917 -0.00534031 0.00689043 0.00307242
1.63333 -0.00496441 0.00793496 -0.00171054
1.6375 -0.0030342 0.00803171 -0.00608007
1.64167 -0.00160367 0.00826218 -0.00660463
1.64583 -0.00213767 0.00914537 -0.00304749
1.65 -0.00428363 0.0100584 0.00156747
1.65417 -0.00616297 0.00966059 0.00355648
1.65833 -0.00591859 0.00700061 0.00159792
1.6625 -0.00321902 0.00239812 -0.0023331
1.66667 0.000508262 -0.00263906 -0.00478034
1.67083 0.00325273 -0.00641721 -0.00371833
1.675 0.00398483 -0.0081889 -9.29037e-05
1.67917 0.00332738 -0.00854202 0.00318516
1.68333 0.00286428 -0.00880184 0.00378053
1.6875 0.0037609 -0.00999656 0.00180156
1.69167 0.005877 -0.0122285 -0.000485472
1.69583 0.00804807 -0.0148718 -0.000688215
1.7 0.0091892 -0.0172897 0.00173645
1.70417 0.00922566 -0.0193737 0.00516381
1.70833 0.00908174 -0.0214568 0.00725552
1.7125 0.00980505 -0.023769 0.00686651
1.71667 0.0116178 -0.0260065 0.0048464
1.72083 0.0136946 -0.0274375 0.00319979
1.725 0.014819 -0.02745 0.00341191
1.72917 0.0143422 -0.0260486 0.00532358
1.73333 0.0126606 -0.0238734 0.00738634
1.7375 0.0108558 -0.021738 0.00798658
1.74167 0.00983035 -0.020069 0.00672502
1.74583 0.00964605 -0.0186691 0.00465464
1.75 0.00956348 -0.0169423 0.00335382
1.75417 0.00870248 -0.0143739 0.00362633
1.75833 0.00676195 -0.0109106 0.00487668
1.7625 0.00422975 -0.00697893 0.00563739
1.76667 0.0019453 -0.00313222 0.00479401
1.77083 0.000389683 0.000434724 0.00249976
1.775 -0.000726438 0.00413865 3.09473e-05
1.77917 -0.00225487 0.00877999 -0.00129702
1.78333 -0.00494358 0.0149233 -0.00125125
1.7875 -0.00882521 0.0223302 -0.000887115
1.79167 -0.0131365 0.029937 -0.00163297
1.79583 -0.0168421 0.0364701 -0.00400805
1.8 -0.019362 0.0412332 -0.00709054
1.80417 -0.0209154 0.0444014 -0.00925497
1.80833 -0.0221883 0.0465781 -0.00958332
1.8125 -0.0235984 0.0480489 -0.00868506
1.81667 -0.0248152 0.0484327 -0.0081154
1.82083 -0.0249946 0.0470067 -0.00885904
1.825 -0.0235319 0.0433128 -0.0103015
1.82917 -0.0206114 0.0374397 -0.0107476
1.83333 -0.0169979 0.029813 -0.00907558
1.8375 -0.0132715 0.0208705 -0.0059229
1.84167 -0.00931306 0.0110355 -0.00315806
1.84583 -0.00461953 0.000938452 -0.00208248
1.85 0.000858076 -0.00852296 -0.00216324
1.85417 0.00628541 -0.0165066 -0.0016414
1.85833 0.0104811 -0.0226501 0.000558903
1.8625 0.0129302 -0.0271265 0.00361008
1.86667 0.014196 -0.0302375 0.00557782
1.87083 0.0152342 -0.0319636 0.00542601
1.875 0.0163095 -0.0319479 0.00408207
1.87917 0.0166933 -0.0299178 0.00339759
1.88333 0.0154979 -0.0260896 0.00414084
1.8875 0.0127372 -0.0211548 0.00523406
1.89167 0.00943909 -0.0159008 0.00505058
1.89583 0.00669122 -0.0108347 0.00327177
1.9 0.00467604 -0.00606719 0.00121778
1.90417 0.00271431 -0.00144918 0.000359169
1.90833 0.000183535 0.00313537 0.000765464
1.9125 -0.00272625 0.00743069 0.00119495
1.91667 -0.00515839 0.0106764 0.000576739
1.92083 -0.00636831 0.0119913 -0.000851067
1.925 -0.00631454 0.0111476 -0.00190812
1.92917 -0.00558065 0.00898265 -0.0017767
1.93333 -0.00481916 0.00681158 -0.000803444
1.9375 -0.00425062 0.00528799 -5.86962e-05
1.94167 -0.00361817 0.00394899 -0.000202931
1.94583 -0.00259176 0.00198406 -0.000816315
1.95 -0.00120976 -0.000702317 -0.000865062
1.95417 0.000115911 -0.00337434 0.00013111
1.95833 0.0010423 -0.00525693 0.00145593
1.9625 0.00164022 -0.00612188 0.00188867
1.96667 0.00218704 -0.00610232 0.00108141
1.97083 0.00268632 -0.00533851 2.65225e-05
1.975 0.00280054 -0.00406978 -4.96383e-05
1.97917 0.00233719 -0.00284649 0.000879819
1.98333 0.00165547 -0.00228626 0.00160282
1.9875 0.00143604 -0.00256158 0.00106402
1.99167 0.00203876 -0.00323599 -0.000457419
1.99583 0.00310595 -0.00357765 -0.00165594
2 0.00377281 -0.00304006 -0.00152969
2.00417 0.00336097 -0.00171325 -0.000364451
2.00833 0.00208779 -0.000493159 0.000476579
2.0125 0.00108955 -0.000475577 -0.000175493
2.01667 0.00138401 -0.00176921 -0.0019593
2.02083 0.00262006 -0.00314883 -0.00304175
2.025 0.00325074 -0.00342064 -0.0020574
2.02917 0.0023576 -0.00293023 -2.12742e-05
2.03333 0.000940743 -0.00297035 0.000519884
2.0375 0.000705801 -0.00378287 -0.00130665
2.04167 0.00174584 -0.00421234 -0.00324619
2.04583 0.00238509 -0.0036402 -0.00268039
2.05 0.00154301 -0.00305072 -0.000199097
2.05417 0.000229922 -0.00336202 0.00109124
2.05833 1.95358e-05 -0.00382457 -0.00025372
2.0625 0.00088344 -0.00337697 -0.00222626
2.06667 0.00155499 -0.00269062 -0.00231729
2.07083 0.00147494 -0.00308381 -0.000675307
2.075 0.00115169 -0.00388389 0.000773491
2.07917 0.000857104 -0.00303432 0.00106793
2.08333 0.000310292 -0.000425801 0.000638532
2.0875 -0.000326994 0.00174159 -1.65106e-05
2.09167 -0.000560388 0.00261201 -0.000416734
2.09583 -0.000908125 0.00415808 0.000377407
2.1 -0.00254804 0.0075311 0.00241056
2.10417 -0.00501886 0.0104054 0.00356992
2.10833 -0.00602701 0.0103952 0.00199733
2.1125 -0.0047314 0.00912993 -0.000448494
2.11667 -0.00352459 0.00976314 4.16902e-05
2.12083 -0.00472385 0.0117945 0.00352444
2.125 -0.00692776 0.0121698 0.00553715
2.12917 -0.00713484 0.0109395 0.00349761
2.13333 -0.00555472 0.0114123 0.000690804
2.1375 -0.00524483 0.0141279 0.00126011
2.14167 -0.00705224 0.0153196 0.003947
2.14583 -0.00826293 0.0131522 0.00449063
2.15 -0.00714656 0.0109325 0.00243738
2.15417 -0.00554972 0.0111168 0.00115455
2.15833 -0.00521357 0.0104551 0.00173991
2.1625 -0.00458514 0.00556808 0.0016664
2.16667 -0.0019708 -0.000190015 2.45825e-05
2.17083 0.000704551 -0.00132125 -0.000638897
2.175 0.000809598 0.000488613 0.000584717
2.17917 -7.25853e-05 -0.00155659 0.00052843
2.18333 0.00175368 -0.00832083 -0.00256527
2.1875 0.00583015 -0.0130065 -0.00507893
2.19167 0.00782877 -0.0120455 -0.00343953
2.19583 0.00644826 -0.0105493 -0.000400341
2.2 0.00548768 -0.0132039 -0.00109899
2.20417 0.00744996 -0.0161514 -0.00476027
2.20833 0.00934151 -0.0136974 -0.0057589
2.2125 0.00771834 -0.0083258 -0.00252338
2.21667 0.00446282 -0.0068455 0.00017478
2.22083 0.0036773 -0.00920763 -0.00104316
2.225 0.00511607 -0.00898832 -0.00324996
2.22917 0.00509994 -0.00455786 -0.00256925
2.23333 0.00292375 -0.00186198 -0.000253803
2.2375 0.00176737 -0.00422451 0.000194304
2.24167 0.00295117 -0.00662218 -0.000969887
2.24583 0.00365635 -0.00408629 -0.000840672
2.25 0.00189748 8.46785e-05 0.000605019
2.25417 -3.46913e-07 9.49376e-05 0.000539039
2.25833 0.000557038 -0.0025512 -0.00132625
2.2625 0.00184881 -0.00187926 -0.00167924
2.26667 0.000712992 0.00193437 0.000851994
2.27083 -0.00181201 0.00239205 0.002854
2.275 -0.00177552 -0.00219625 0.00128202
2.27917 0.00110044 -0.00482535 -0.0013694
2.28333 0.00231028 -0.000421891 -0.00056278
2.2875 -0.000710926 0.00580147 0.00313956
2.29167 -0.00444851 0.00613927 0.00463304
2.29583 -0.00450414 0.0021535 0.00205458
2.3 -0.00210659 0.00147399 -0.00035622
2.30417 -0.00171409 0.00504862 0.00104263
2.30833 -0.00376721 0.00600801 0.00369907
2.3125 -0.00441388 0.00189981 0.00331812
2.31667 -0.00237276 -0.000652506 0.000848067
2.32083 -0.00115997 0.00281544 0.000404775
2.325 -0.00286128 0.00658187 0.00199738
2.32917 -0.00430127 0.00419012 0.00178604
2.33333 -0.00252585 -0.00041422 -0.000703259
2.3375 -0.000167056 0.000471967 -0.00148284
2.34167 -0.000980398 0.0048261 0.000580213
2.34583 -0.00299833 0.00395196 0.00122202
2.35 -0.00152162 -0.00270673 -0.00177615
2.35417 0.00271835 -0.00634788 -0.00412787
2.35833 0.00435612 -0.00331428 -0.00206914
2.3625 0.00211077 -0.000460162 0.000957717
2.36667 0.000625486 -0.00281668 -0.000141988
2.37083 0.00249962 -0.00561356 -0.00362311
2.375 0.00437489 -0.00392357 -0.00397105
2.37917 0.00332384 -0.00168972 -0.000970428
2.38333 0.00177209 -0.00401781 0.000651877
2.3875 0.00261719 -0.0073192 -0.000605724
2.39167 0.00394282 -0.00533852 -0.00150217
2.39583 0.00270784 -3.61137e-05 -0.00048453
2.4 0.000161049 0.00208766 0.000331879
2.40417 -0.000794561 0.00111356 0.000144285
2.40833 -0.000861984 0.00251769 0.000833894
2.4125 -0.00246422 0.00685138 0.0023035
2.41667 -0.00471181 0.0091043 0.00175746
2.42083 -0.00488112 0.00782731 -0.000810372
2.425 -0.00353398 0.00696921 -0.00151005
2.42917 -0.00359231 0.00811618 0.000932377
2.43333 -0.00504586 0.00814514 0.00238683
2.4375 -0.00501636 0.00584594 -0.000114991
2.44167 -0.0029456 0.00426253 -0.00336504
2.44583 -0.00148372 0.00464278 -0.00309343
2.45 -0.00180895 0.00412083 -0.000545051
2.45417 -0.00201455 0.00163911 0.000151572
2.45833 -0.00100346 0.000459865 -0.00141036
2.4625 -0.000296943 0.00204644 -0.00232219
2.46667 -0.000707576 0.00293197 -0.0017361
2.47083 -0.000705799 0.00115567 -0.00134267
2.475 0.000187913 0.000521444 -0.00121166
2.47917 -0.000217678 0.00378262 0.000255174
2.48333 -0.00260142 0.00634366 0.00205869
2.4875 -0.00353621 0.0029566 0.00108499
2.49167 -0.000521578 -0.00281737 -0.00188202
2.49583 0.00300471 -0.00343995 -0.00166729
2.5 0.00224218 7.19093e-05 0.00297604
2.50417 -0.000966972 -0.000721464 0.00560951
2.50833 -0.000327455 -0.00741752 0.00149931
2.5125 0.00474152 -0.011335 -0.00367913
2.51667 0.00752611 -0.00795407 -0.00160757
2.52083 0.00464362 -0.00505736 0.00513798
2.525 0.00171192 -0.00955864 0.00637263
2.52917 0.00412345 -0.0150631 0.000498054
2.53333 0.00811865 -0.0126397 -0.00290746
2.5375 0.00741276 -0.00684349 0.00117539
2.54167 0.00391106 -0.00807521 0.00552175
2.54583 0.00379331 -0.0137041 0.0035508
2.55 0.00624916 -0.0120739 -0.000197216
2.55417 0.00538969 -0.0036558 0.000473545
2.55833 0.00170174 -0.00134688 0.00254214
2.5625 0.0014625 -0.00785313 0.00102517
2.56667 0.00469774 -0.0102692 -0.000853256
2.57083 0.00437092 -0.00258823 0.00140715
2.575 -0.000635485 0.00362372 0.00339128
2.57917 -0.00260714 -0.000180278 -0.000617094
2.58333 0.00132017 -0.00436641 -0.00562464
2.5875 0.00326497 0.00156719 -0.00335245
2.59167 -0.00202936 0.0104596 0.00271167
2.59583 -0.0077613 0.010467 0.00218976
2.6 -0.00633979 0.00549204 -0.00480896
2.60417 -0.00182924 0.00718568 -0.00775695
2.60833 -0.00263521 0.0144214 -0.00271239
2.6125 -0.00791004 0.0163435 0.00237311
2.61667 -0.0100638 0.0112518 0.000774882
2.62083 -0.0069986 0.00798806 -0.00421719
2.625 -0.00379283 0.0104163 -0.00604447
2.62917 -0.00406807 0.0128827 -0.00336716
2.63333 -0.00610458 0.011127 0.000384465
2.6375 -0.0068977 0.00804959 0.0014588
2.64167 -0.00569921 0.00750799 -0.00102146
2.64583 -0.00376391 0.00882603 -0.00372693
2.65 -0.0028201 0.00858715 -0.00231375
2.65417 -0.00315943 0.00470207 0.00230901
2.65833 -0.00283024 -0.00124493 0.00439434
2.6625 -0.000324924 -0.00517687 0.00188313
2.66667 0.00275025 -0.00589063 -0.000564082
2.67083 0.00429726 -0.00763772 0.000587269
2.675 0.00530681 -0.0131929 0.00283972
2.67917 0.00722753 -0.0173976 0.00336734
2.68333 0.00816439 -0.0145668 0.0032424
2.6875 0.00636724 -0.00909866 0.00313546
2.69167 0.00476548 -0.00935823 0.00145368
2.69583 0.0064049 -0.0135472 -0.000650556
2.7 0.00820842 -0.0126563 0.000508286
2.70417 0.00572544 -0.00605246 0.003649
2.70833 0.0013803 -0.0021929 0.00287476
2.7125 0.000829636 -0.00373029 -0.00222308
2.71667 0.00327053 -0.00369394 -0.00482119
2.72083 0.00281637 0.00196719 -0.00172188
2.725 -0.00179605 0.00849403 0.00185779
2.72917 -0.00584144 0.011059 0.00100487
2.73333 -0.00626413 0.010812 -0.00235751
2.7375 -0.00482307 0.0103961 -0.00395415
2.74167 -0.00405654 0.0100963 -0.00246966
2.74583 -0.00456003 0.00941413 0.000725889
2.75 -0.00552436 0.00786487 0.00267471
2.75417 -0.0051608 0.004897 0.000604578
2.75833 -0.00236016 0.00189983 -0.00347369
2.7625 0.000617748 0.00132262 -0.00332906
2.76667 0.00041682 0.00190969 0.00208011
2.77083 -0.0017342 -2.09482e-05 0.005316
2.775 -0.00140734 -0.00332594 0.00182807
2.77917 0.0015256 -0.00334626 -0.00238361
2.78333 0.00279142 -0.00126541 -0.000874879
2.7875 0.00148873 -0.00280559 0.00306291
2.79167 0.00107365 -0.00680236 0.00350312
2.79583 0.00219486 -0.00620514 0.00156526
2.8 0.0019506 -0.00147724 0.000791376
2.80417 0.000541991 -0.000507016 0.000360765
2.80833 0.000943948 -0.0038421 -0.000522156
2.8125 0.0020365 -0.00349391 0.000770836
2.81667 0.000114507 0.00178057 0.00371715
2.82083 -0.00319549 0.00391108 0.00312757
2.825 -0.00286936 0.000335159 -0.00106661
2.82917 0.000334738 -0.00223376 -0.0018598
2.83333 0.00103125 -0.000885647 0.00275708
2.8375 -0.00129243 -0.000391136 0.00577386
2.84167 -0.00211844 -0.0024933 0.00319892
2.84583 -0.000262145 -0.00339586 4.37486e-05
2.85 0.00118636 -0.00251532 0.000702508
2.85417 0.00100495 -0.00277732 0.00294264
2.85833 0.000380004 -0.0031878 0.00409558
2.8625 -0.000623246 -0.0012082 0.00434332
2.86667 -0.0016865 0.000374162 0.00290693
2.87083 -0.000673501 -0.00145269 -0.000545738
2.875 0.0019567 -0.00278528 -0.00186977
2.87917 0.00200848 -9.88772e-05 0.00151273
2.88333 -0.00102549 0.00193256 0.00377382
2.8875 -0.00170636 -0.00077377 -0.000725949
2.89167 0.00203943 -0.00312086 -0.00672111
2.89583 0.00472972 -0.000336055 -0.0061988
2.9 0.00278167 0.00294513 -0.00186877
2.90417 0.000288644 0.00214327 -0.00169338
2.90833 0.00100288 0.00148024 -0.00543836
2.9125 0.00248243 0.00459565 -0.0072311
2.91667 0.0022774 0.00672999 -0.00618862
2.92083 0.0022186 0.0044005 -0.00504801
2.925 0.0032144 0.0024285 -0.00375585
2.92917 0.00324855 0.00415564 -0.00221398
2.93333 0.00276328 0.00520253 -0.0030186
2.9375 0.00458693 0.00293436 -0.00531659
2.94167 0.00752312 0.00149012 -0.00365506
2.94583 0.00769309 0.00266278 0.00211822
2.95 0.00623442 0.00231852 0.00493149
2.95417 0.00775299 -0.000804832 0.00269278
2.95833 0.0118729 -0.0030217 0.00229935
2.9625 0.014213 -0.00395763 0.00758019
2.96667 0.0143568 -0.00669838 0.0136605
2.97083 0.0152304 -0.00986724 0.0167632
2.975 0.0166233 -0.009709 0.0194519
2.97917 0.0164707 -0.00832952 0.0235454
2.98333 0.0157776 -0.00978511 0.0274376
2.9875 0.0157767 -0.0112481 0.0316514
2.99167 0.0139605 -0.00823591 0.0378139
2.99583 0.00896793 -0.00419859 0.0425267
