0 0 0 0
0.00416667 0 0 0
0.00833333 0 0 0
0.0125 0 0 0
0.0166667 0 0 0
0.0208333 0 0 0
0.025 0 0 0
0.0291667 0 0 0
0.0333333 0 0 0
0.0375 0 0 0
0.0416667 0 0 0
0.0458333 0 0 0
0.05 0 0 0
0.0541667 0 0 0
0.0583333 0 0 0
0.0625 0 0 0
0.0666667 0 0 0
0.0708333 0 0 0
0.075 0 0 0
0.0791667 0 0 0
0.0833333 0 0 0
0.0875 0 0 0
0.0916667 0 0 0
0.0958333 0 0 0
0.1 0 0 0
0.104167 0 0 0
0.108333 0 0 0
0.1125 0 0 0
0.116667 0 0 0
0.120833 0 0 0
0.125 0 0 0
0.129167 0 0 0
0.133333 0 0 0
0.1375 0 0 0
0.141667 0 0 0
0.145833 0 0 0
0.15 0 0 0
0.154167 0 0 0
0.158333 0 0 0
0.1625 0 0 0
0.166667 0 0 0
0.170833 0 0 0
0.175 0 0 0
0.179167 0 0 0
0.183333 0 0 0
0.1875 0 0 0
0.191667 0 0 0
0.195833 0 0 0
0.2 -1.16303e-320 -4.00193e-322 3.34512e-319
0.204167 -6.87142e-317 -3.07739e-318 1.91359e-315
0.208333 -3.35083e-313 -1.46309e-314 9.14019e-312
0.2125 -1.37418e-309 -5.84773e-311 3.67305e-308
0.216667 -4.77149e-306 -1.97829e-307 1.25022e-304
0.220833 -1.41169e-302 -5.70114e-304 3.62731e-301
0.225 -3.58016e-299 -1.40807e-300 9.02443e-298
0.229167 -7.82713e-296 -2.99734e-297 1.93617e-294
0.233333 -1.48307e-292 -5.52863e-294 3.60139e-291
0.2375 -2.44779e-289 -8.88059e-291 5.83707e-288
0.241667 -3.53611e-286 -1.24808e-287 8.28308e-285
0.245833 -4.49148e-283 -1.54136e-284 1.03379e-281
0.25 -5.03779e-280 -1.6794e-281 1.13969e-278
0.254167 -5.01027e-277 -1.62001e-278 1.11437e-275
0.258333 -4.43559e-274 -1.38761e-275 9.70202e-273
0.2625 -3.5086e-271 -1.05757e-272 7.54913e-270
0.266667 -2.48864e-268 -7.1776e-270 5.26847e-267
0.270833 -1.58829e-265 -4.33189e-267 3.30913e-264
0.275 -9.15143e-263 -2.31268e-264 1.87684e-261
0.279167 -4.77591e-260 -1.07808e-261 9.64346e-259
0.283333 -2.26486e-257 -4.25374e-259 4.5033e-256
0.2875 -9.79211e-255 -1.30195e-256 1.91749e-253
0.291667 -3.87302e-252 -2.02576e-254 7.4698e-251
0.295833 -1.4066e-249 9.41125e-252 2.67196e-248
0.3 -4.71013e-247 1.14162e-248 8.81142e-246
0.304167 -1.46116e-244 7.26751e-246 2.69127e-243
0.308333 -4.22267e-242 3.63196e-243 7.65431e-241
0.3125 -1.14425e-239 1.55651e-240 2.04e-238
0.316667 -2.92885e-237 5.92088e-238 5.13158e-236
0.320833 -7.13689e-235 2.03372e-235 1.22778e-233
0.325 -1.66785e-232 6.37042e-233 2.81496e-231
0.329167 -3.75958e-230 1.83139e-230 6.22204e-229
0.333333 -8.19917e-228 4.85365e-228 1.33051e-226
0.3375 -1.72976e-225 1.18987e-225 2.75353e-224
0.341667 -3.52e-223 2.70556e-223 5.50151e-222
0.345833 -6.87853e-221 5.71927e-221 1.05669e-219
0.35 -1.28449e-218 1.12624e-218 1.94173e-217
0.354167 -2.28219e-216 2.06982e-216 3.39832e-215
0.358333 -3.84481e-214 3.55614e-214 5.64449e-213
0.3625 -6.1273e-212 5.72094e-212 8.875e-211
0.366667 -9.22378e-210 8.63091e-210 1.31888e-208
0.370833 -1.31066e-207 1.22285e-207 1.85088e-206
0.375 -1.75773e-205 1.62937e-205 2.45238e-204
0.379167 -2.22539e-203 2.04445e-203 3.06843e-202
0.383333 -2.66123e-201 2.41879e-201 3.6272e-200
0.3875 -3.00809e-199 2.70163e-199 4.05366e-198
0.391667 -3.21657e-197 2.8522e-197 4.2864e-196
0.395833 -3.2567e-195 2.84947e-195 4.2923e-194
0.4 -3.12505e-193 2.69691e-193 4.07421e-192
0.404167 -2.84476e-191 2.42079e-191 3.66913e-190
0.408333 -2.45902e-189 2.06298e-189 3.13809e-188
0.4125 -2.02033e-187 1.6708e-187 2.5513e-186
0.416667 -1.57921e-185 1.28728e-185 1.97361e-184
0.420833 -1.17548e-183 9.4441e-184 1.45401e-182
0.425 -8.33953e-182 6.60376e-182 1.0211e-180
0.429167 -5.64429e-180 4.40512e-180 6.84157e-179
0.433333 -3.64748e-178 2.8057e-178 4.37724e-177
0.4375 -2.25247e-176 1.70771e-176 2.67651e-175
0.441667 -1.33036e-174 9.9411e-175 1.56538e-173
0.445833 -7.52081e-173 5.53928e-173 8.7639e-172
0.45 -4.07277e-171 2.95672e-171 4.70048e-170
0.454167 -2.11433e-169 1.51299e-169 2.41703e-168
0.458333 -1.05302e-167 7.42762e-168 1.19244e-166
0.4625 -5.03488e-166 3.5008e-166 5.64833e-165
0.466667 -2.3128e-164 1.58523e-164 2.57059e-163
0.470833 -1.02136e-162 6.90108e-163 1.12479e-161
0.475 -4.33909e-161 2.89024e-161 4.73504e-160
0.479167 -1.77451e-159 1.16525e-159 1.91897e-158
0.483333 -6.99024e-158 4.52531e-158 7.49169e-157
0.4875 -2.65402e-156 1.6939e-156 2.81917e-155
0.491667 -9.71796e-155 6.11494e-155 1.02318e-153
0.495833 -3.43365e-153 2.13018e-153 3.58363e-152
0.5 -1.17137e-151 7.16483e-152 1.21194e-150
0.504167 -3.86037e-150 2.32809e-150 3.95972e-149
0.508333 -1.22968e-148 7.31191e-149 1.25057e-147
0.5125 -3.78804e-147 2.22089e-147 3.81975e-146
0.516667 -1.12906e-145 6.52693e-146 1.12894e-144
0.520833 -3.25774e-144 1.85693e-144 3.2302e-143
0.525 -9.1038e-143 5.11674e-143 8.95207e-142
0.529167 -2.46515e-141 1.36619e-141 2.40413e-140
0.533333 -6.47113e-140 3.53632e-140 6.25939e-139
0.5375 -1.64751e-138 8.87783e-139 1.58068e-137
0.541667 -4.06986e-137 2.16257e-137 3.87331e-136
0.545833 -9.75938e-136 5.11362e-136 9.21375e-135
0.55 -2.27268e-134 1.17426e-134 2.12857e-133
0.554167 -5.1417e-133 2.61972e-133 4.77765e-132
0.558333 -1.13058e-131 5.68034e-132 1.04229e-130
0.5625 -2.41709e-130 1.19755e-130 2.21098e-129
0.566667 -5.02631e-129 2.45573e-129 4.5621e-128
0.570833 -1.01702e-127 4.9e-128 9.15995e-127
0.575 -2.00308e-126 9.51697e-127 1.79031e-125
0.579167 -3.84156e-125 1.79988e-125 3.40741e-124
0.583333 -7.17647e-124 3.31578e-124 6.31735e-123
0.5875 -1.30634e-122 5.9521e-123 1.14132e-121
0.591667 -2.31787e-121 1.04146e-121 2.00997e-120
0.595833 -4.01009e-120 1.77685e-120 3.45159e-119
0.6 -6.76689e-119 2.95683e-119 5.78147e-118
0.604167 -1.11412e-117 4.80078e-118 9.44894e-117
0.608333 -1.79025e-116 7.60742e-117 1.50725e-115
0.6125 -2.80845e-115 1.17689e-115 2.34736e-114
0.616667 -4.3025e-114 1.778e-114 3.57017e-113
0.620833 -6.43873e-113 2.62395e-113 5.30447e-112
0.625 -9.41516e-112 3.7838e-112 7.70121e-111
0.629167 -1.34563e-110 5.33296e-111 1.09285e-109
0.633333 -1.88022e-109 7.34845e-110 1.51624e-108
0.6375 -2.56918e-108 9.90207e-109 2.05728e-107
0.641667 -3.43398e-107 1.30519e-107 2.73054e-106
0.645833 -4.49084e-106 1.68324e-106 3.54608e-105
0.65 -5.7477e-105 2.12449e-105 4.50712e-104
0.654167 -7.20119e-104 2.62487e-104 5.608e-103
0.658333 -8.83411e-103 3.17548e-103 6.8325e-102
0.6625 -1.06138e-101 3.76236e-102 8.15299e-101
0.666667 -1.24921e-100 4.36682e-101 9.53059e-100
0.670833 -1.44062e-99 4.96614e-100 1.09166e-98
0.675 -1.6282e-98 5.53503e-99 1.22551e-97
0.679167 -1.8039e-97 6.04734e-98 1.34866e-96
0.683333 -1.95954e-96 6.47808e-97 1.45526e-95
0.6875 -2.08749e-95 6.80544e-96 1.53999e-94
0.691667 -2.18129e-94 7.01269e-95 1.59855e-93
0.695833 -2.2362e-93 7.08958e-94 1.628e-92
0.7 -2.24957e-92 7.03315e-93 1.627e-91
0.704167 -2.22111e-91 6.84792e-92 1.59593e-90
0.708333 -2.15279e-90 6.5453e-91 1.53679e-89
0.7125 -2.04871e-89 6.1425e-90 1.45301e-88
0.716667 -1.91462e-88 5.66092e-89 1.34916e-87
0.720833 -1.75748e-87 5.12428e-88 1.23047e-86
0.725 -1.58482e-86 4.55682e-87 1.10248e-85
0.729167 -1.4042e-85 3.98153e-86 9.70607e-85
0.733333 -1.22268e-84 3.41878e-85 8.39767e-84
0.7375 -1.04641e-83 2.88537e-84 7.14154e-83
0.741667 -8.80386e-83 2.39393e-83 5.97055e-82
0.745833 -7.28273e-82 1.95286e-82 4.90792e-81
0.75 -5.92429e-81 1.56659e-81 3.96745e-80
0.754167 -4.7399e-80 1.23602e-80 3.15447e-79
0.758333 -3.73044e-79 9.5931e-80 2.46722e-78
0.7625 -2.88853e-78 7.32515e-79 1.89856e-77
0.766667 -2.20081e-77 5.50382e-78 1.4376e-76
0.770833 -1.65022e-76 4.06974e-77 1.07131e-75
0.775 -1.21792e-75 2.96201e-76 7.8581e-75
0.779167 -8.84855e-75 2.12219e-75 5.6742e-74
0.783333 -6.32942e-74 1.497e-74 4.03402e-73
0.7875 -4.45814e-73 1.03982e-73 2.82409e-72
0.791667 -3.09243e-72 7.11293e-73 1.94707e-71
0.795833 -2.11281e-71 4.79243e-72 1.32223e-70
0.8 -1.42197e-70 3.18079e-71 8.84528e-70
0.804167 -9.42865e-70 2.0799e-70 5.82975e-69
0.808333 -6.16013e-69 1.34009e-69 3.78597e-68
0.8125 -3.96612e-68 8.50863e-69 2.42297e-67
0.816667 -2.51669e-67 5.32446e-68 1.52831e-66
0.820833 -1.57411e-66 3.28423e-67 9.50221e-66
0.825 -9.70577e-66 1.99702e-66 5.82418e-65
0.829167 -5.90022e-65 1.19723e-65 3.5196e-64
0.833333 -3.53669e-64 7.07719e-65 2.09724e-63
0.8375 -2.09057e-63 4.1256e-64 1.23239e-62
0.841667 -1.21877e-62 2.37192e-63 7.1424e-62
0.845833 -7.00829e-62 1.34509e-62 4.083e-61
0.85 -3.97542e-61 7.52455e-62 2.3025e-60
0.854167 -2.22474e-60 4.15277e-61 1.28101e-59
0.858333 -1.22842e-59 2.26134e-60 7.03199e-59
0.8625 -6.69309e-59 1.21509e-59 3.80912e-58
0.866667 -3.59885e-58 6.44334e-59 2.03626e-57
0.870833 -1.90986e-57 3.37219e-58 1.07435e-56
0.875 -1.00041e-56 1.74203e-57 5.59502e-56
0.879167 -5.17294e-56 8.88341e-57 2.87637e-55
0.883333 -2.64069e-55 4.47226e-56 1.45987e-54
0.8875 -1.33094e-54 2.22298e-55 7.31559e-54
0.891667 -6.62372e-54 1.09105e-54 3.61984e-53
0.895833 -3.25523e-53 5.28803e-54 1.76877e-52
0.9 -1.57993e-52 2.53115e-53 8.53554e-52
0.904167 -7.57364e-52 1.19661e-52 4.06824e-51
0.908333 -3.58608e-51 5.58777e-52 1.91529e-50
0.9125 -1.67733e-50 2.57754e-51 8.90733e-50
0.916667 -7.75059e-50 1.1746e-50 4.09244e-49
0.920833 -3.53836e-49 5.28844e-50 1.85768e-48
0.925 -1.59609e-48 2.35261e-49 8.332e-48
0.929167 -7.11424e-48 1.03416e-48 3.69274e-47
0.933333 -3.13365e-47 4.49241e-48 1.61734e-46
0.9375 -1.36413e-46 1.92864e-47 7.00064e-46
0.941667 -5.86913e-46 8.18342e-47 2.99496e-45
0.945833 -2.49595e-45 3.43212e-46 1.26646e-44
0.95 -1.04924e-44 1.42286e-45 5.29379e-44
0.954167 -4.36028e-44 5.83131e-45 2.1875e-43
0.958333 -1.79138e-43 2.36265e-44 8.93643e-43
0.9625 -7.27648e-43 9.46441e-44 3.60946e-42
0.966667 -2.92243e-42 3.74864e-43 1.44149e-41
0.970833 -1.1606e-41 1.46814e-42 5.69242e-41
0.975 -4.55789e-41 5.68592e-42 2.22293e-40
0.979167 -1.77017e-40 2.17772e-41 8.58471e-40
0.983333 -6.7992e-40 8.24884e-41 3.27884e-39
0.9875 -2.58299e-39 3.0903e-40 1.23861e-38
0.991667 -9.70577e-39 1.14512e-39 4.62801e-38
0.995833 -3.6075e-38 4.19723e-39 1.7105e-37
1 -1.3264e-37 1.52182e-38 6.25377e-37
1.00417 -4.82455e-37 5.45854e-38 2.26192e-36
1.00833 -1.73611e-36 1.93696e-37 8.09374e-36
1.0125 -6.18098e-36 6.8002e-37 2.86537e-35
1.01667 -2.1773e-35 2.3621e-36 1.00368e-34
1.02083 -7.58895e-35 8.11841e-36 3.47864e-34
1.025 -2.61739e-34 2.76097e-35 1.19302e-33
1.02917 -8.93302e-34 9.29158e-35 4.04879e-33
1.03333 -3.01711e-33 3.09438e-34 1.35977e-32
1.0375 -1.00848e-32 1.01984e-33 4.51949e-32
1.04167 -3.33613e-32 3.32649e-33 1.48666e-31
1.04583 -1.09229e-31 1.07387e-32 4.84006e-31
1.05 -3.53972e-31 3.43119e-32 1.55964e-30
1.05417 -1.13542e-30 1.08513e-31 4.97453e-30
1.05833 -3.60506e-30 3.39691e-31 1.57053e-29
1.0625 -1.13307e-29 1.0526e-30 4.90826e-29
1.06667 -3.52536e-29 3.22875e-30 1.51848e-28
1.07083 -1.08585e-28 9.80426e-30 4.65057e-28
1.075 -3.31108e-28 2.94725e-29 1.41005e-27
1.07917 -9.9958e-28 8.77115e-29 4.2326e-27
1.08333 -2.98763e-27 2.58432e-28 1.25788e-26
1.0875 -8.84124e-27 7.53872e-28 3.70121e-26
1.09167 -2.59052e-26 2.17734e-27 1.07828e-25
1.09583 -7.51559e-26 6.22646e-27 3.11043e-25
1.1 -2.159e-25 1.76301e-26 8.88416e-25
1.10417 -6.1414e-25 4.94287e-26 2.51266e-24
1.10833 -1.72989e-24 1.37222e-25 7.03693e-24
1.1125 -4.82522e-24 3.77225e-25 1.95153e-23
1.11667 -1.33283e-23 1.02687e-24 5.35944e-23
1.12083 -3.64583e-23 2.76809e-24 1.45756e-22
1.125 -9.87636e-23 7.3893e-24 3.92558e-22
1.12917 -2.64961e-22 1.9534e-23 1.04703e-21
1.13333 -7.03982e-22 5.1139e-23 2.7657e-21
1.1375 -1.85243e-21 1.32585e-22 7.23512e-21
1.14167 -4.82761e-21 3.40424e-22 1.87451e-20
1.14583 -1.24605e-20 8.65643e-22 4.80994e-20
1.15 -3.1854e-20 2.17999e-21 1.22238e-19
1.15417 -8.06528e-20 5.43718e-21 3.07675e-19
1.15833 -2.02259e-19 1.34307e-20 7.67013e-19
1.1625 -5.0238e-19 3.28573e-20 1.89384e-18
1.16667 -1.23595e-18 7.96119e-20 4.63146e-18
1.17083 -3.0117e-18 1.91047e-19 1.12183e-17
1.175 -7.26897e-18 4.54064e-19 2.6914e-17
1.17917 -1.73774e-17 1.06884e-18 6.39544e-17
1.18333 -4.1148e-17 2.49187e-18 1.50524e-16
1.1875 -9.65088e-17 5.75382e-18 3.509e-16
1.19167 -2.24202e-16 1.31584e-17 8.10225e-16
1.19583 -5.15902e-16 2.98035e-17 1.85298e-15
1.2 -1.17584e-15 6.68564e-17 4.1974e-15
1.20417 -2.65451e-15 1.48535e-16 9.41737e-15
1.20833 -5.93567e-15 3.26829e-16 2.09275e-14
1.2125 -1.31463e-14 7.12218e-16 4.60619e-14
1.21667 -2.88392e-14 1.5371e-15 1.00415e-13
1.22083 -6.26619e-14 3.28534e-15 2.16811e-13
1.225 -1.34853e-13 6.95409e-15 4.63645e-13
1.22917 -2.8744e-13 1.45772e-14 9.8199e-13
1.23333 -6.06819e-13 3.02605e-14 2.05986e-12
1.2375 -1.26879e-12 6.22058e-14 4.27925e-12
1.24167 -2.6274e-12 1.26628e-13 8.80424e-12
1.24583 -5.38847e-12 2.55248e-13 1.7939e-11
1.25 -1.09445e-11 5.09465e-13 3.61975e-11
1.25417 -2.20143e-11 1.00686e-12 7.23301e-11
1.25833 -4.38513e-11 1.97022e-12 1.43123e-10
1.2625 -8.64999e-11 3.8171e-12 2.80436e-10
1.26667 -1.68963e-10 7.32161e-12 5.441e-10
1.27083 -3.26808e-10 1.39032e-11 1.04527e-09
1.275 -6.25901e-10 2.61358e-11 1.98823e-09
1.27917 -1.18689e-09 4.8635e-11 3.74433e-09
1.28333 -2.2284e-09 8.95839e-11 6.98124e-09
1.2875 -4.14219e-09 1.63325e-10 1.2886e-08
1.29167 -7.62255e-09 2.94706e-10 2.35458e-08
1.29583 -1.38862e-08 5.26269e-10 4.25884e-08
1.3 -2.5041e-08 9.29994e-10 7.62475e-08
1.30417 -4.46973e-08 1.62619e-09 1.35111e-07
1.30833 -7.89669e-08 2.81346e-09 2.3695e-07
1.3125 -1.38074e-07 4.81565e-09 4.11238e-07
1.31667 -2.38921e-07 8.15396e-09 7.06264e-07
1.32083 -4.09105e-07 1.36565e-08 1.20017e-06
1.325 -6.93136e-07 2.26211e-08 2.01783e-06
1.32917 -1.1619e-06 3.70549e-08 3.35621e-06
1.33333 -1.92683e-06 6.00172e-08 5.52201e-06
1.3375 -3.16083e-06 9.61049e-08 8.98631e-06
1.34167 -5.12856e-06 1.52121e-07 1.44628e-05
1.34583 -8.22956e-06 2.37979e-07 2.30177e-05
1.35 -1.30585e-05 3.67889e-07 3.62204e-05
1.35417 -2.04874e-05 5.61876e-07 5.63462e-05
1.35833 -3.17761e-05 8.47662e-07 8.66434e-05
1.3625 -4.87156e-05 1.26289e-06 0.000131673
1.36667 -7.38111e-05 1.85764e-06 0.000197731
1.37083 -0.000110506 2.69708e-06 0.000293354
1.375 -0.00016345 3.86398e-06 0.000429897
1.37917 -0.000238797 5.46062e-06 0.000622157
1.38333 -0.00034453 7.60951e-06 0.000888998
1.3875 -0.000490771 1.0452e-05 0.00125389
1.39167 -0.000690044 1.41441e-05 0.00174526
1.39583 -0.000957422 1.88476e-05 0.00239648
1.4 -0.00131047 2.47162e-05 0.00324538
1.40417 -0.00176893 3.18754e-05 0.00433294
1.40833 -0.00235394 4.03949e-05 0.0057011
1.4125 -0.00308686 5.02553e-05 0.00738936
1.41667 -0.00398733 6.13094e-05 0.0094302
1.42083 -0.00507087 7.32413e-05 0.0118433
1.425 -0.00634573 8.55286e-05 0.0146284
1.42917 -0.00780935 9.74144e-05 0.0177586
1.43333 -0.00944453 0.000107897 0.0211721
1.4375 -0.0112158 0.000115746 0.0247671
1.44167 -0.0130668 0.000119555 0.0283978
1.44583 -0.0149183 0.000117833 0.0318753
1.45 -0.0166695 0.000109144 0.0349727
1.45417 -0.0182011 9.22759e-05 0.0374374
1.45833 -0.0193824 6.6443e-05 0.039009
1.4625 -0.0200806 3.14838e-05 0.0394442
1.46667 -0.0201744 -1.19691e-05 0.0385447
1.47083 -0.0195683 -6.23858e-05 0.0361864
1.475 -0.0182074 -0.000117338 0.0323459
1.47917 -0.0160901 -0.000173632 0.0271183
1.48333 -0.0132765 -0.000227589 0.0207219
1.4875 -0.00988891 -0.00027546 0.0134864
1.49167 -0.00610411 -0.000313946 0.00582153
1.49583 -0.00213595 -0.000340746 -0.00183067
1.5 0.00179095 -0.000355043 -0.00905787
1.50417 0.00547297 -0.00035783 -0.0155431
1.50833 0.00876114 -0.000351964 -0.0211241
1.5125 0.0115898 -0.000341896 -0.0258327
1.51667 0.0139942 -0.000333045 -0.029905
1.52083 0.0161123 -0.000330881 -0.0337534
1.525 0.0181664 -0.00033982 -0.0378988
1.52917 0.0204258 -0.000362138 -0.0428715
1.53333 0.0231533 -0.000397097 -0.0490918
1.5375 0.0265446 -0.000440503 -0.0567532
1.54167 0.0306693 -0.000484843 -0.0657305
1.54583 0.0354283 -0.000520049 -0.0755328
1.55 0.0405348 -0.000534829 -0.0853171
1.55417 0.0455272 -0.000518364 -0.0939655
1.55833 0.0498144 -0.000462082 -0.100218
1.5625 0.0527474 -0.000361215 -0.102843
1.56667 0.0537076 -0.00021582 -0.100813
1.57083 0.0521968 -3.11084e-05 -0.093463
1.575 0.0479144 0.000182976 -0.0806032
1.57917 0.0408095 0.000412818 -0.06257
1.58333 0.0311016 0.000642615 -0.040215
1.5875 0.0192695 0.000856009 -0.0148377
1.59167 0.00601261 0.00103765 0.0119225
1.59583 -0.00780731 0.00117447 0.0382195
1.6 -0.0212356 0.00125675 0.0621448
1.60417 -0.0332995 0.00127882 0.0818767
1.60833 -0.0430847 0.00123963 0.0958315
1.6125 -0.0498123 0.00114305 0.102812
1.61667 -0.0529142 0.000997998 0.10215
1.62083 -0.0521019 0.000817972 0.0938104
1.625 -0.0474184 0.000620025 0.0784567
1.62917 -0.0392603 0.000422955 0.0574177
1.63333 -0.0283549 0.000244878 0.032563
1.6375 -0.0156871 0.000100544 0.00607764
1.64167 -0.00237692 -1.01232e-06 -0.0198298
1.64583 0.0104708 -5.78228e-05 -0.0432303
1.65 0.0219171 -7.48451e-05 -0.0627183
1.65417 0.0313041 -6.22145e-05 -0.0775342
1.65833 0.0383037 -3.22693e-05 -0.0875332
1.6625 0.0428884 3.8102e-06 -0.0930125
1.66667 0.0452346 3.86945e-05 -0.0944556
1.67083 0.0455897 7.00139e-05 -0.0922786
1.675 0.0441489 9.94627e-05 -0.0866667
1.67917 0.0409837 0.000130184 -0.0775547
1.68333 0.036046 0.000163385 -0.0647531
1.6875 0.0292419 0.000195506 -0.0481645
1.69167 0.0205454 0.000217136 -0.0279981
1.69583 0.0101025 0.000214313 -0.00488928
1.7 -0.00172061 0.000171935 0.0201326
1.70417 -0.0143667 7.82204e-05 0.045821
1.70833 -0.0271876 -7.13197e-05 0.0709634
1.7125 -0.0395741 -0.000271777 0.0946044
1.71667 -0.0510632 -0.000509334 0.116143
1.72083 -0.0613758 -0.000764096 0.135261
1.725 -0.0703682 -0.00101415 0.151708
1.72917 -0.0779166 -0.00123941 0.165038
1.73333 -0.0837859 -0.00142384 0.174418
1.7375 -0.0875433 -0.00155582 0.178606
1.74167 -0.0885633 -0.00162674 0.176138
1.74583 -0.0861363 -0.00162929 0.165677
1.75 -0.0796507 -0.0015565 0.146413
1.75417 -0.0687917 -0.00140256 0.118388
1.75833 -0.0536917 -0.00116521 0.0826504
1.7625 -0.0349865 -0.000849008 0.0411898
1.76667 -0.0137641 -0.000467904 -0.00330062
1.77083 0.00857087 -4.59347e-05 -0.0477669
1.775 0.0304755 0.000384642 -0.0891441
1.77917 0.0504422 0.000787531 -0.124647
1.78333 0.0671377 0.00112787 -0.151978
1.7875 0.0794964 0.00137757 -0.169457
1.79167 0.0867761 0.00151929 -0.176105
1.79583 0.0885919 0.00154819 -0.171702
1.8 0.0849391 0.0014714 -0.156819
1.80417 0.0762034 0.00130567 -0.132817
1.80833 0.063153 0.0010739 -0.10178
1.8125 0.0469017 0.00080141 -0.066388
1.81667 0.028836 0.000512788 -0.0297053
1.82083 0.0105039 0.000229706 0.00510274
1.825 -0.00652989 -3.00838e-05 0.0350999
1.82917 -0.020851 -0.000252757 0.0579246
1.83333 -0.0313656 -0.000427906 0.072098
1.8375 -0.0374453 -0.000548153 0.0772295
1.84167 -0.039016 -0.000609354 0.0740593
1.84583 -0.0365603 -0.000611484 0.0642984
1.85 -0.0310194 -0.000559719 0.0502837
1.85417 -0.0236068 -0.000464929 0.0345209
1.85833 -0.0155757 -0.000342803 0.019237
1.8625 -0.00800123 -0.000211389 0.00605937
1.86667 -0.00163418 -8.76332e-05 -0.00410973
1.87083 0.00314388 1.59012e-05 -0.0110306
1.875 0.00627505 9.28561e-05 -0.0149517
1.87917 0.00793001 0.000142791 -0.0164178
1.88333 0.00841123 0.000169141 -0.0161254
1.8875 0.00808293 0.000176607 -0.0148268
1.89167 0.00732499 0.000169346 -0.0132397
1.89583 0.00648694 0.000150675 -0.0119186
1.9 0.00582289 0.000123936 -0.0110974
1.90417 0.00541589 9.33712e-05 -0.0105778
1.90833 0.00513181 6.38594e-05 -0.00976356
1.9125 0.00465125 3.92766e-05 -0.00789369
1.91667 0.00359909 2.04115e-05 -0.00441842
1.92083 0.00173605 4.05689e-06 0.000642136
1.925 -0.000872818 -1.55416e-05 0.00654852
1.92917 -0.00380586 -4.31064e-05 0.012013
1.93333 -0.00639474 -7.83963e-05 0.0156437
1.9375 -0.00796091 -0.000114351 0.0164665
1.94167 -0.00807269 -0.000138903 0.0142778
1.94583 -0.0067011 -0.000140058 0.00966809
1.95 -0.00420469 -0.000111844 0.00373281
1.95417 -0.00116449 -5.79747e-05 -0.00235386
1.95833 0.00183357 8.84612e-06 -0.00767194
1.9625 0.00435464 7.17299e-05 -0.0116552
1.96667 0.00614805 0.000116012 -0.0139827
1.97083 0.00708133 0.000134005 -0.0144212
1.975 0.00706063 0.000125971 -0.0127893
1.97917 0.00601957 9.75209e-05 -0.00909643
1.98333 0.0039949 5.56021e-05 -0.00375382
1.9875 0.00122904 5.67105e-06 0.00233111
1.99167 -0.0017955 -4.86658e-05 0.00790845
1.99583 -0.00444875 -0.000104272 0.0117604
2 -0.00614858 -0.000157351 0.0131149
2.00417 -0.00656126 -0.000204173 0.0118793
2.00833 -0.00570016 -0.000243589 0.00858196
2.0125 -0.00387672 -0.000279568 0.00409108
2.01667 -0.00154817 -0.000321603 -0.000699663
2.02083 0.00083779 -0.000382131 -0.00504197
2.025 0.00291899 -0.000472118 -0.00832646
2.02917 0.00440746 -0.000597237 -0.0100171
2.03333 0.00505645 -0.00075658 -0.0096893
2.0375 0.00468516 -0.000943971 -0.00722865
2.04167 0.00328105 -0.00115 -0.00307411
2.04583 0.00111284 -0.00136248 0.00171705
2.05 -0.00125649 -0.00156468 0.00573561
2.05417 -0.00312348 -0.00173268 0.00776127
2.05833 -0.00392205 -0.00183509 0.00730874
2.0625 -0.0034823 -0.00183712 0.00485671
2.06667 -0.00211405 -0.0017087 0.00159989
2.07083 -0.000451288 -0.00143339 -0.00115196
2.075 0.000862673 -0.00101426 -0.00258818
2.07917 0.00147116 -0.00047422 -0.00268239
2.08333 0.00141752 0.000148302 -0.00202184
2.0875 0.0010303 0.000805215 -0.00133913
2.09167 0.000676172 0.00144318 -0.00106795
2.09583 0.000546517 0.00200589 -0.00118428
2.1 0.000599612 0.00243628 -0.00137022
2.10417 0.00066166 0.002682 -0.00131851
2.10833 0.000584545 0.00270529 -0.00093585
2.1125 0.000339453 0.00249517 -0.00032781
2.11667 -3.25372e-06 0.00207692 0.000358498
2.12083 -0.00035993 0.00151332 0.00105406
2.125 -0.00069227 0.000895634 0.00173278
2.12917 -0.000985104 0.000326021 0.00226976
2.13333 -0.00117491 -0.000103006 0.00236129
2.1375 -0.00111572 -0.000326013 0.00164106
2.14167 -0.000644543 -0.000314542 -3.90862e-05
2.14583 0.000278517 -7.80798e-05 -0.00235953
2.15 0.00145759 0.000342808 -0.00453152
2.15417 0.00247997 0.000888566 -0.00561085
2.15833 0.00288789 0.00149477 -0.00497496
2.1625 0.00241645 0.00210473 -0.00268681
2.16667 0.00115736 0.002677 0.000472254
2.17083 -0.000451571 0.00318534 0.00331955
2.175 -0.00180639 0.00361123 0.00475915
2.17917 -0.00238625 0.00393248 0.00419432
2.18333 -0.00194754 0.0041142 0.00170122
2.1875 -0.00058873 0.00410835 -0.00204837
2.19167 0.00130973 0.0038641 -0.00602442
2.19583 0.00321794 0.0033458 -0.00913631
2.2 0.00460901 0.00255043 -0.0105341
2.20417 0.0051041 0.00151561 -0.00987571
2.20833 0.00459269 0.000313357 -0.00749018
2.2125 0.00329541 -0.000968608 -0.00433362
2.21667 0.00172236 -0.00224959 -0.00167915
2.22083 0.000504572 -0.00347205 -0.000615479
2.225 0.000143623 -0.00460345 -0.001574
2.22917 0.000791629 -0.00562305 -0.00413751
2.23333 0.00218208 -0.00650074 -0.00724997
2.2375 0.00375849 -0.00717937 -0.00971663
2.24167 0.00493319 -0.00757157 -0.0107134
2.24583 0.00533188 -0.00757567 -0.010037
2.25 0.00489659 -0.00710665 -0.00801065
2.25417 0.00381836 -0.00613016 -0.00518194
2.25833 0.00237807 -0.00468556 -0.002046
2.2625 0.00081352 -0.00288812 0.00105402
2.26667 -0.000718852 -0.000909844 0.00387074
2.27083 -0.00210798 0.00105264 0.00618295
2.275 -0.00325314 0.00281029 0.00783022
2.27917 -0.00408488 0.00420452 0.0088386
2.28333 -0.00462852 0.00511903 0.00951147
2.2875 -0.00504365 0.00548612 0.010366
2.29167 -0.00558352 0.00529383 0.0119129
2.29583 -0.00648039 0.0045945 0.0144033
2.3 -0.00782393 0.00350756 0.0176958
2.30417 -0.00950793 0.00220641 0.0213123
2.30833 -0.0112723 0.000886037 0.0246285
2.3125 -0.0128052 -0.000280158 0.0270785
2.31667 -0.013844 -0.00117593 0.0282887
2.32083 -0.0142324 -0.00175389 0.0281266
2.325 -0.0139351 -0.00202031 0.0267002
2.32917 -0.0130311 -0.002007 0.0243293
2.33333 -0.0116964 -0.00175171 0.0214746
2.3375 -0.0101668 -0.0012999 0.0186082
2.34167 -0.00867214 -0.000721004 0.0160509
2.34583 -0.00735348 -0.000117264 0.0138489
2.35 -0.00620415 0.000394569 0.0117563
2.35417 -0.00506915 0.000726605 0.00933597
2.35833 -0.00370724 0.000861528 0.00612482
2.3625 -0.00188425 0.000858655 0.00179439
2.36667 0.000543907 0.000811085 -0.00373333
2.37083 0.00358175 0.00077765 -0.0102204
2.375 0.00707958 0.000738662 -0.0171103
2.37917 0.0107514 0.000614398 -0.0236255
2.38333 0.0142347 0.000341134 -0.0289935
2.3875 0.017197 -4.85545e-05 -0.0327427
2.39167 0.0194637 -0.000407757 -0.0349121
2.39583 0.0210989 -0.000547395 -0.0360049
2.4 0.0223682 -0.000358969 -0.0366529
2.40417 0.0235769 9.80023e-05 -0.0371694
2.40833 0.0248677 0.000614353 -0.0372886
2.4125 0.0261122 0.000953295 -0.0362913
2.41667 0.0269784 0.000995393 -0.0334396
2.42083 0.0271336 0.000803443 -0.0284107
2.425 0.0264361 0.000560699 -0.0214115
2.42917 0.0249765 0.000431319 -0.0129182
2.43333 0.0229495 0.00045141 -0.00328783
2.4375 0.0204749 0.000532419 0.00740745
2.44167 0.0175263 0.000564706 0.019177
2.44583 0.0140285 0.000525066 0.0317235
2.45 0.0100344 0.000490368 0.044229
2.45417 0.00581728 0.000544836 0.0555311
2.45833 0.001788 0.000668282 0.0645682
2.4625 -0.00170437 0.00071707 0.070741
2.46667 -0.00452742 0.000531015 0.0739192
2.47083 -0.0067577 8.26225e-05 0.0741434
2.475 -0.00853699 -0.000465141 0.0713396
2.47917 -0.00993506 -0.000857949 0.0653342
2.48333 -0.0109435 -0.000937151 0.0561538
2.4875 -0.011591 -0.000762529 0.0443043
2.49167 -0.0120475 -0.000564704 0.0307187
2.49583 -0.0125885 -0.000562584 0.0163612
2.5 -0.0134249 -0.000796174 0.00181257
2.50417 -0.0145458 -0.00111131 -0.0127909
2.50833 -0.0157302 -0.00130129 -0.027382
2.5125 -0.016751 -0.00127775 -0.0414679
2.51667 -0.0176169 -0.00112654 -0.0539737
2.52083 -0.0186471 -0.00101404 -0.0636282
2.525 -0.0202944 -0.00104136 -0.0696525
2.52917 -0.0228334 -0.001178 -0.0722483
2.53333 -0.0261456 -0.00131917 -0.0725232
2.5375 -0.0297618 -0.00139399 -0.0719171
2.54167 -0.0331222 -0.00141644 -0.0715525
2.54583 -0.0358497 -0.00144219 -0.0719313
2.55 -0.0378407 -0.00149102 -0.0730716
2.55417 -0.0391368 -0.00151835 -0.0748196
2.55833 -0.03972 -0.00145555 -0.0769809
2.5625 -0.0394187 -0.00126521 -0.0791619
2.56667 -0.0379875 -0.000953271 -0.0805373
2.57083 -0.0352553 -0.000540963 -0.0798702
2.575 -0.0311767 -4.6159e-05 -0.0758973
2.57917 -0.0257253 0.000498946 -0.0678451
2.58333 -0.0187465 0.00102782 -0.0556853
2.5875 -0.00995791 0.00146626 -0.0399309
2.59167 0.000820538 0.00179537 -0.0211591
2.59583 0.0133413 0.00207645 0.000301176
2.6 0.0267617 0.00238398 0.0242135
2.60417 0.0397977 0.00269618 0.0499095
2.60833 0.0511173 0.00286405 0.0758452
2.6125 0.0597099 0.00272131 0.0996543
2.61667 0.0650014 0.0022483 0.118731
2.62083 0.0667145 0.00162247 0.130963
2.625 0.0646826 0.00108252 0.135155
2.62917 0.0588315 0.000724205 0.130982
2.63333 0.0493447 0.000431327 0.118719
2.6375 0.0368273 1.87147e-05 0.0990996
2.64167 0.0222767 -0.000554985 0.0734267
2.64583 0.00685016 -0.00112507 0.043707
2.65 -0.00838748 -0.00147393 0.0124942
2.65417 -0.0225525 -0.00153672 -0.0176136
2.65833 -0.0348566 -0.00144472 -0.0445402
2.6625 -0.0445106 -0.00137212 -0.06699
2.66667 -0.0507782 -0.00136418 -0.084286
2.67083 -0.0531758 -0.00133053 -0.0960132
2.675 -0.0516641 -0.00118753 -0.101803
2.67917 -0.0466826 -0.000965584 -0.101401
2.68333 -0.0390163 -0.000757075 -0.0948915
2.6875 -0.0295948 -0.000587962 -0.0828456
2.69167 -0.0193275 -0.000391512 -0.066287
2.69583 -0.00899976 -0.000123872 -0.0465343
2.7 0.000793046 0.000135888 -0.0250228
2.70417 0.00967442 0.000254561 -0.00315482
2.70833 0.0174666 0.00021793 0.0178244
2.7125 0.0241335 0.000183694 0.0369147
2.71667 0.0297344 0.00031244 0.0533982
2.72083 0.0344102 0.000556639 0.0668465
2.725 0.0383503 0.000677123 0.0771463
2.72917 0.0416811 0.00050771 0.0845235
2.73333 0.0443148 0.000175939 0.0894517
2.7375 0.0459037 2.67692e-06 0.0923639
2.74167 0.0460011 0.000166017 0.0933016
2.74583 0.0443297 0.000508726 0.091808
2.75 0.0409228 0.000723049 0.0872478
2.75417 0.0360057 0.000707046 0.0793465
2.75833 0.0297572 0.000673321 0.068477
2.7625 0.0222332 0.000877541 0.0554217
2.76667 0.0135576 0.00129114 0.0408532
2.77083 0.00416195 0.00161541 0.0250675
2.775 -0.00523447 0.00162281 0.0082217
2.77917 -0.0139481 0.00141257 -0.00924373
2.78333 -0.0216563 0.00127441 -0.0265216
2.7875 -0.0283974 0.00133741 -0.0428144
2.79167 -0.0342571 0.00143972 -0.0577227
2.79583 -0.039072 0.0013661 -0.0711456
2.8 -0.0424351 0.00113293 -0.082741
2.80417 -0.0439334 0.000952249 -0.0915181
2.80833 -0.0433212 0.000934893 -0.0960268
2.8125 -0.0404802 0.00093759 -0.0949886
2.81667 -0.0353206 0.000764809 -0.0878043
2.82083 -0.0278596 0.000456155 -0.074606
2.825 -0.0184594 0.00026384 -0.0560757
2.82917 -0.00796369 0.000332292 -0.0334297
2.83333 0.00246136 0.000499047 -0.00860028
2.8375 0.011683 0.000490262 0.0157642
2.84167 0.0188845 0.000262306 0.036775
2.84583 0.0236376 3.65503e-05 0.0520712
2.85 0.0258519 -2.34308e-05 0.0604034
2.85417 0.0257215 -5.92518e-05 0.0617536
2.85833 0.0236577 -0.00034627 0.0570984
2.8625 0.0201461 -0.000919943 0.0480519
2.86667 0.0155849 -0.00149966 0.0364729
2.87083 0.0102581 -0.00182234 0.0240412
2.875 0.00447495 -0.00195035 0.0119313
2.87917 -0.0012962 -0.00215095 0.000792982
2.88333 -0.00647335 -0.00251996 -0.00897212
2.8875 -0.0105274 -0.00285905 -0.0169348
2.89167 -0.0130681 -0.00295472 -0.0226255
2.89583 -0.0138016 -0.00285132 -0.0256975
2.9 -0.0125455 -0.00273629 -0.0259923
2.90417 -0.00943651 -0.00262332 -0.023471
2.90833 -0.00514076 -0.00231365 -0.0182805
2.9125 -0.000737365 -0.00170419 -0.0110749
2.91667 0.00274818 -0.000982138 -0.00323906
2.92083 0.0047726 -0.000390874 0.0034477
2.925 0.00530746 0.000104533 0.00761553
2.92917 0.00458369 0.000728644 0.00889586
2.93333 0.00294989 0.00146408 0.00780118
2.9375 0.000969183 0.00192112 0.00518022
2.94167 -0.000575734 0.00179221 0.00192655
2.94583 -0.00105068 0.00130836 -0.000912145
2.95 -0.000441049 0.000995625 -0.00218694
2.95417 0.000636691 0.000963904 -0.00126182
2.95833 0.00148555 0.000702783 0.00131644
2.9625 0.00185999 -0.000231033 0.00398492
2.96667 0.00190875 -0.00150041 0.0052403
2.97083 0.00170411 -0.00228044 0.0046134
2.975 0.00104815 -0.00228018 0.00261232
2.97917 -0.000174313 -0.00213713 -7.95352e-05
2.98333 -0.00162369 -0.00255885 -0.00306063
2.9875 -0.00270847 -0.00328946 -0.00587782
2.99167 -0.00316359 -0.00333622 -0.00764411
2.99583 -0.00323952 -0.00226167 -0.00743215
