0 0 0 0
0.00416667 0 0 0
0.00833333 0 0 0
0.0125 0 0 0
0.0166667 0 0 0
0.0208333 0 0 0
0.025 0 0 0
0.0291667 0 0 0
0.0333333 0 0 0
0.0375 0 0 0
0.0416667 0 0 0
0.0458333 0 0 0
0.05 0 0 0
0.0541667 0 0 0
0.0583333 0 0 0
0.0625 0 0 0
0.0666667 0 0 0
0.0708333 0 0 0
0.075 0 0 0
0.0791667 0 0 0
0.0833333 0 0 0
0.0875 0 0 0
0.0916667 0 0 0
0.0958333 0 0 0
0.1 0 0 0
0.104167 0 0 0
0.108333 0 0 0
0.1125 0 0 0
0.116667 0 0 0
0.120833 0 0 0
0.125 0 0 0
0.129167 0 0 0
0.133333 0 0 0
0.1375 0 0 0
0.141667 0 0 0
0.145833 0 0 0
0.15 0 0 0
0.154167 0 0 0
0.158333 0 0 0
0.1625 0 0 0
0.166667 0 0 0
0.170833 0 0 0
0.175 0 0 0
0.179167 0 0 0
0.183333 0 0 0
0.1875 0 0 0
0.191667 -2.94463e-321 4.49254e-320 6.03748e-320
0.195833 -1.03784e-316 1.48628e-315 1.99843e-315
0.2 -2.78814e-312 3.90721e-311 5.25317e-311
0.204167 -6.01419e-308 8.25099e-307 1.10924e-306
0.208333 -1.0509e-303 1.41206e-302 1.89819e-302
0.2125 -1.49996e-299 1.97473e-298 2.65437e-298
0.216667 -1.7625e-295 2.27439e-294 3.05694e-294
0.220833 -1.71756e-291 2.17329e-290 2.92085e-290
0.225 -1.3978e-287 1.73491e-286 2.33152e-286
0.229167 -9.56269e-284 1.16464e-282 1.56504e-282
0.233333 -5.53368e-280 6.6153e-279 8.88903e-279
0.2375 -2.72456e-276 3.19812e-275 4.29707e-275
0.241667 -1.14774e-272 1.32324e-271 1.77783e-271
0.245833 -4.15855e-269 4.71049e-268 6.32837e-268
0.25 -1.30248e-265 1.44993e-264 1.94781e-264
0.254167 -3.54314e-262 3.87739e-261 5.20855e-261
0.258333 -8.40934e-259 9.04906e-258 1.21551e-257
0.2625 -1.74887e-255 1.85098e-254 2.48619e-254
0.266667 -3.20001e-252 3.33202e-251 4.47527e-251
0.270833 -5.17176e-249 5.29924e-248 7.11713e-248
0.275 -7.4103e-246 7.47362e-245 1.0037e-244
0.279167 -9.44679e-243 9.37991e-242 1.25966e-241
0.283333 -1.07512e-239 1.0512e-238 1.41163e-238
0.2875 -1.09588e-236 1.05536e-235 1.41716e-235
0.291667 -1.00356e-233 9.52094e-233 1.27845e-232
0.295833 -8.28121e-231 7.7413e-230 1.03945e-229
0.3 -6.17508e-228 5.68895e-227 7.63849e-227
0.304167 -4.17228e-225 3.78892e-224 5.08718e-224
0.308333 -2.56106e-222 2.29294e-221 3.07852e-221
0.3125 -1.43175e-219 1.264e-218 1.69702e-218
0.316667 -7.30733e-217 6.36247e-216 8.54189e-216
0.320833 -3.4127e-214 2.93105e-213 3.93497e-213
0.325 -1.46166e-211 1.23851e-210 1.66269e-210
0.329167 -5.75349e-209 4.81043e-208 6.45783e-208
0.333333 -2.08565e-206 1.72091e-205 2.31023e-205
0.3375 -6.97643e-204 5.68175e-203 7.62733e-203
0.341667 -2.15741e-201 1.7345e-200 2.32842e-200
0.345833 -6.17918e-199 4.90492e-198 6.58435e-198
0.35 -1.64209e-196 1.28711e-195 1.7278e-195
0.354167 -4.05571e-194 3.13951e-193 4.21442e-193
0.358333 -9.3251e-192 7.12987e-191 9.57099e-191
0.3625 -1.99914e-189 1.50994e-188 2.02691e-188
0.366667 -4.00218e-187 2.98648e-186 4.00899e-186
0.370833 -7.49303e-185 5.52481e-184 7.41642e-184
0.375 -1.31384e-182 9.57306e-182 1.28508e-181
0.379167 -2.16047e-180 1.55581e-179 2.08853e-179
0.383333 -3.33621e-178 2.37472e-177 3.18786e-177
0.3875 -4.84414e-176 3.40858e-175 4.57579e-175
0.391667 -6.62185e-174 4.60659e-173 6.18415e-173
0.395833 -8.53224e-172 5.86887e-171 7.87883e-171
0.4 -1.03747e-169 7.0567e-169 9.47365e-169
0.404167 -1.19181e-167 8.017e-167 1.07631e-166
0.408333 -1.29488e-165 8.61506e-165 1.15663e-164
0.4125 -1.33202e-163 8.76599e-163 1.17692e-162
0.416667 -1.29864e-161 8.45443e-161 1.13512e-160
0.420833 -1.20116e-159 7.73644e-159 1.03875e-158
0.425 -1.05504e-157 6.72342e-157 9.02765e-157
0.429167 -8.80831e-156 5.5544e-155 7.45824e-155
0.433333 -6.99638e-154 4.36593e-153 5.86262e-153
0.4375 -5.29168e-152 3.26807e-151 4.38858e-151
0.441667 -3.81439e-150 2.3316e-149 3.13115e-149
0.445833 -2.62259e-148 1.58681e-147 2.13105e-147
0.45 -1.72132e-146 1.03099e-145 1.38466e-145
0.454167 -1.07934e-144 6.40004e-144 8.59591e-144
0.458333 -6.47071e-143 3.79877e-142 5.10239e-142
0.4625 -3.71166e-141 2.15753e-140 2.89807e-140
0.466667 -2.03854e-139 1.17337e-138 1.57621e-138
0.470833 -1.07278e-137 6.11486e-137 8.21463e-137
0.475 -5.41303e-136 3.05566e-135 4.10517e-135
0.479167 -2.62058e-134 1.46514e-133 1.96848e-133
0.483333 -1.21804e-132 6.74511e-132 9.06296e-132
0.4875 -5.43885e-131 2.98339e-130 4.00884e-130
0.491667 -2.33454e-129 1.26855e-128 1.70469e-128
0.495833 -9.63839e-128 5.18845e-127 6.97279e-127
0.5 -3.82974e-126 2.04248e-125 2.74509e-125
0.504167 -1.46535e-124 7.74301e-124 1.04074e-123
0.508333 -5.4021e-123 2.82837e-122 3.80191e-122
0.5125 -1.91984e-121 9.96024e-121 1.33897e-120
0.516667 -6.58082e-120 3.38328e-119 4.54855e-119
0.520833 -2.17684e-118 1.10908e-117 1.4912e-117
0.525 -6.95224e-117 3.51044e-116 4.72031e-116
0.529167 -2.14479e-115 1.07336e-114 1.44342e-114
0.533333 -6.3946e-114 3.17189e-113 4.26584e-113
0.5375 -1.84337e-112 9.06326e-112 1.21902e-111
0.541667 -5.14016e-111 2.50517e-110 3.36981e-110
0.545833 -1.38708e-109 6.70148e-109 9.0153e-109
0.55 -3.62386e-108 1.73568e-107 2.33519e-107
0.554167 -9.17e-107 4.35429e-106 5.85888e-106
0.558333 -2.24841e-105 1.0585e-104 1.42441e-104
0.5625 -5.34396e-104 2.49441e-103 3.35703e-103
0.566667 -1.23169e-102 5.70051e-102 7.6727e-102
0.570833 -2.75398e-101 1.26385e-100 1.70129e-100
0.575 -5.97585e-100 2.71942e-99 3.66108e-99
0.579167 -1.25886e-98 5.68087e-98 7.64886e-98
0.583333 -2.57544e-97 1.15256e-96 1.55202e-96
0.5875 -5.11883e-96 2.27184e-95 3.05958e-95
0.591667 -9.88745e-95 4.35212e-94 5.86191e-94
0.595833 -1.85668e-93 8.10549e-93 1.09187e-92
0.6 -3.39056e-92 1.4681e-91 1.97789e-91
0.604167 -6.02316e-91 2.58681e-90 3.48551e-90
0.608333 -1.0412e-89 4.4355e-89 5.97727e-89
0.6125 -1.75197e-88 7.40327e-88 9.97794e-88
0.616667 -2.87037e-87 1.20319e-86 1.62185e-86
0.620833 -4.58027e-86 1.90459e-85 2.56766e-85
0.625 -7.12051e-85 2.93731e-84 3.96046e-84
0.629167 -1.07875e-83 4.41466e-83 5.95327e-83
0.633333 -1.59306e-82 6.46792e-82 8.72339e-82
0.6375 -2.29387e-81 9.23988e-81 1.24638e-80
0.641667 -3.22136e-80 1.28741e-79 1.73686e-79
0.645833 -4.41322e-79 1.74994e-78 2.36122e-78
0.65 -5.89967e-78 2.32111e-77 3.13239e-77
0.654167 -7.69767e-77 3.00498e-76 4.05592e-76
0.658333 -9.80519e-76 3.79807e-75 5.12718e-75
0.6625 -1.21961e-74 4.68772e-74 6.32916e-74
0.666667 -1.48166e-73 5.65114e-73 7.63115e-73
0.670833 -1.7585e-72 6.65556e-72 8.98894e-72
0.675 -2.03934e-71 7.6595e-71 1.03466e-70
0.679167 -2.31148e-70 8.61542e-70 1.16398e-69
0.683333 -2.56115e-69 9.47337e-69 1.28011e-68
0.6875 -2.77466e-68 1.01853e-67 1.37655e-67
0.691667 -2.93972e-67 1.07096e-66 1.44766e-66
0.695833 -3.04653e-66 1.1015e-65 1.4892e-65
0.7 -3.08884e-65 1.10839e-64 1.49879e-64
0.704167 -3.06446e-64 1.09139e-63 1.47606e-63
0.708333 -2.97553e-63 1.05178e-62 1.42275e-62
0.7125 -2.82815e-62 9.92216e-62 1.34242e-61
0.716667 -2.63177e-61 9.16433e-61 1.24012e-60
0.720833 -2.39813e-60 8.28863e-60 1.12183e-59
0.725 -2.14019e-59 7.3422e-59 9.93922e-59
0.729167 -1.87093e-58 6.37091e-58 8.62602e-58
0.733333 -1.60236e-57 5.41602e-57 7.33453e-57
0.7375 -1.3447e-56 4.51158e-56 6.11091e-56
0.741667 -1.10593e-55 3.68312e-55 4.98974e-55
0.745833 -8.91506e-55 2.94718e-54 3.9935e-54
0.75 -7.04506e-54 2.31188e-53 3.13328e-53
0.754167 -5.45846e-53 1.77809e-52 2.41032e-52
0.758333 -4.14708e-52 1.34102e-51 1.8182e-51
0.7625 -3.09003e-51 9.91896e-51 1.34512e-50
0.766667 -2.25833e-50 7.19626e-50 9.76094e-50
0.770833 -1.6191e-49 5.12171e-49 6.94847e-49
0.775 -1.13889e-48 3.5764e-48 4.85299e-48
0.779167 -7.86073e-48 2.45049e-47 3.32589e-47
0.783333 -5.32442e-47 1.64775e-46 2.23685e-46
0.7875 -3.53965e-46 1.08746e-45 1.47655e-45
0.791667 -2.30982e-45 7.04477e-45 9.56737e-45
0.795833 -1.4797e-44 4.48024e-44 6.08584e-44
0.8 -9.30679e-44 2.79747e-43 3.80083e-43
0.804167 -5.7478e-43 1.71517e-42 2.33085e-42
0.808333 -3.48598e-42 1.0327e-41 1.4037e-41
0.8125 -2.07642e-41 6.10671e-41 8.30238e-41
0.816667 -1.21483e-40 3.54693e-40 4.82327e-40
0.820833 -6.9818e-40 2.02372e-39 2.75255e-39
0.825 -3.94198e-39 1.13434e-38 1.5432e-38
0.829167 -2.18673e-38 6.24699e-38 8.50049e-38
0.833333 -1.19193e-37 3.38043e-37 4.60087e-37
0.8375 -6.38434e-37 1.79756e-36 2.44707e-36
0.841667 -3.3607e-36 9.3938e-36 1.27908e-35
0.845833 -1.73871e-35 4.82483e-35 6.57106e-35
0.85 -8.84186e-35 2.43579e-34 3.31809e-34
0.854167 -4.41988e-34 1.20878e-33 1.64699e-33
0.858333 -2.17201e-33 5.89711e-33 8.03666e-33
0.8625 -1.04937e-32 2.82841e-32 3.85543e-32
0.866667 -4.98473e-32 1.33379e-31 1.8185e-31
0.870833 -2.32824e-31 6.18453e-31 8.43383e-31
0.875 -1.06934e-30 2.81984e-30 3.84623e-30
0.879167 -4.82987e-30 1.26435e-29 1.72493e-29
0.883333 -2.1454e-29 5.57521e-29 7.60775e-29
0.8875 -9.37264e-29 2.41786e-28 3.30002e-28
0.891667 -4.02734e-28 1.03133e-27 1.40791e-27
0.895833 -1.70216e-27 4.327e-27 5.90817e-27
0.9 -7.07665e-27 1.78574e-26 2.43877e-26
0.904167 -2.89416e-26 7.24951e-26 9.90262e-26
0.908333 -1.1644e-25 2.89521e-25 3.95556e-25
0.9125 -4.6088e-25 1.13749e-24 1.55439e-24
0.916667 -1.7947e-24 4.39674e-24 6.00934e-24
0.920833 -6.87596e-24 1.67202e-23 2.28571e-23
0.925 -2.59194e-23 6.25598e-23 8.55371e-23
0.929167 -9.61344e-23 2.30306e-22 3.1495e-22
0.933333 -3.50839e-22 8.34219e-22 1.14102e-21
0.9375 -1.25986e-21 2.97326e-21 4.06745e-21
0.941667 -4.45178e-21 1.04273e-20 1.4267e-20
0.945833 -1.54791e-20 3.59834e-20 4.92419e-20
0.95 -5.29627e-20 1.2219e-19 1.67238e-19
0.954167 -1.78324e-19 4.08291e-19 5.58901e-19
0.958333 -5.90836e-19 1.3425e-18 1.83798e-18
0.9625 -1.9264e-18 4.34378e-18 5.94776e-18
0.966667 -6.18088e-18 1.38303e-17 1.89397e-17
0.970833 -1.95153e-17 4.33318e-17 5.93471e-17
0.975 -6.0635e-17 1.33594e-16 1.82991e-16
0.979167 -1.8539e-16 4.05296e-16 5.5521e-16
0.983333 -5.57781e-16 1.20991e-15 1.6576e-15
0.9875 -1.65138e-15 3.55408e-15 4.86952e-15
0.991667 -4.8109e-15 1.02726e-14 1.40757e-14
0.995833 -1.37909e-14 2.92148e-14 4.0033e-14
1 -3.88986e-14 8.1749e-14 1.12026e-13
1.00417 -1.07953e-13 2.25063e-13 3.08427e-13
1.00833 -2.9477e-13 6.09609e-13 8.35423e-13
1.0125 -7.91875e-13 1.62444e-12 2.22618e-12
1.01667 -2.09284e-12 4.25836e-12 5.83567e-12
1.02083 -5.44126e-12 1.0981e-11 1.50478e-11
1.025 -1.39162e-11 2.78531e-11 3.81667e-11
1.02917 -3.50083e-11 6.94885e-11 9.52121e-11
1.03333 -8.66207e-11 1.70501e-10 2.33595e-10
1.0375 -2.10785e-10 4.11413e-10 5.63594e-10
1.04167 -5.04414e-10 9.76187e-10 1.33709e-09
1.04583 -1.18693e-09 2.27745e-09 3.11891e-09
1.05 -2.74608e-09 5.22373e-09 7.15238e-09
1.05417 -6.24599e-09 1.17783e-08 1.61233e-08
1.05833 -1.3965e-08 2.61036e-08 3.5724e-08
1.0625 -3.06886e-08 5.68562e-08 7.77877e-08
1.06667 -6.62752e-08 1.2169e-07 1.66435e-07
1.07083 -1.40637e-07 2.55897e-07 3.49861e-07
1.075 -2.93192e-07 5.28613e-07 7.22421e-07
1.07917 -6.00392e-07 1.0725e-06 1.46504e-06
1.08333 -1.20745e-06 2.13677e-06 2.91737e-06
1.0875 -2.38433e-06 4.17955e-06 5.70323e-06
1.09167 -4.62201e-06 8.02447e-06 1.09431e-05
1.09583 -8.79353e-06 1.51186e-05 2.06034e-05
1.1 -1.64154e-05 2.79449e-05 3.80543e-05
1.10417 -3.00589e-05 5.06595e-05 6.89294e-05
1.10833 -5.39758e-05 9.00434e-05 0.000122406
1.1125 -9.50133e-05 0.000156865 0.000213031
1.11667 -0.000163897 0.000267746 0.000363214
1.12083 -0.000276943 0.000447568 0.000606422
1.125 -0.000458193 0.000732385 0.000991009
1.12917 -0.000741884 0.00117259 0.00158433
1.13333 -0.00117495 0.00183583 0.00247644
1.1375 -0.00181904 0.00280884 0.00378218
1.14167 -0.0027511 0.00419688 0.00563991
1.14583 -0.00406147 0.006119 0.00820458
1.15 -0.00584784 0.00869745 0.0116327
1.15417 -0.00820365 0.0120393 0.016057
1.15833 -0.0111999 0.0162097 0.0215497
1.1625 -0.0148599 0.0211971 0.0280763
1.16667 -0.0191292 0.026874 0.0354437
1.17083 -0.0238439 0.0329611 0.0432532
1.175 -0.0287048 0.0390016 0.0508713
1.17917 -0.0332661 0.0443616 0.0574341
1.18333 -0.0369484 0.0482655 0.0619011
1.1875 -0.0390857 0.0498753 0.0631687
1.19167 -0.039008 0.048414 0.060239
1.19583 -0.0361566 0.0433189 0.0524277
1.2 -0.0302142 0.0343996 0.0395704
1.20417 -0.0212247 0.0219619 0.022179
1.20833 -0.00966873 0.00685777 0.00149152
1.2125 0.00353744 -0.00957282 -0.0206244
1.21667 0.0171368 -0.0256771 -0.0419242
1.22083 0.0297182 -0.0397601 -0.0601588
1.225 0.0399617 -0.050395 -0.0734873
1.22917 0.0468847 -0.0566914 -0.0808206
1.23333 0.0500217 -0.0584443 -0.0819942
1.2375 0.0494814 -0.0561141 -0.0777117
1.24167 0.0458613 -0.0506412 -0.0692774
1.24583 0.0400482 -0.0431652 -0.0582187
1.25 0.0329825 -0.0347553 -0.0459463
1.25417 0.0254781 -0.0262643 -0.0335936
1.25833 0.0181725 -0.0183603 -0.022091
1.2625 0.0116185 -0.0117047 -0.0124134
1.26667 0.00645109 -0.00715648 -0.00582391
1.27083 0.00350852 -0.00584291 -0.00390463
1.275 0.00378725 -0.00898103 -0.00824365
1.27917 0.00818114 -0.0174553 -0.0198234
1.28333 0.017074 -0.0313036 -0.0383511
1.2875 0.0299628 -0.0493617 -0.0618791
1.29167 0.0453237 -0.0692952 -0.0869959
1.29583 0.0608537 -0.0880943 -0.109628
1.3 0.0740518 -0.102877 -0.126177
1.30417 0.0829179 -0.111665 -0.134499
1.30833 0.0864535 -0.113763 -0.134247
1.3125 0.0847155 -0.109559 -0.126395
1.31667 0.0783944 -0.0998424 -0.112197
1.32083 0.0681459 -0.085045 -0.0921702
1.325 0.0540647 -0.0648501 -0.0657252
1.32917 0.0356315 -0.0384493 -0.0317084
1.33333 0.012202 -0.00534304 0.0103967
1.3375 -0.016217 0.0337544 0.0593021
1.34167 -0.0483553 0.0764398 0.111491
1.34583 -0.0816098 0.118882 0.161834
1.35 -0.112592 0.156709 0.204941
1.35417 -0.138007 0.186054 0.236502
1.35833 -0.155396 0.204253 0.253963
1.3625 -0.163416 0.20994 0.25634
1.36667 -0.16163 0.202746 0.243596
1.37083 -0.150156 0.182999 0.216246
1.375 -0.129523 0.151772 0.175572
1.37917 -0.100887 0.111224 0.124233
1.38333 -0.0663631 0.0648252 0.0666059
1.3875 -0.0290769 0.0170614 0.00830602
1.39167 0.00731578 -0.0274469 -0.0450815
1.39583 0.0394795 -0.0649939 -0.0893437
1.4 0.0651263 -0.0933873 -0.122213
1.40417 0.083172 -0.111767 -0.14287
1.40833 0.0932894 -0.119898 -0.150923
1.4125 0.0953098 -0.117617 -0.145884
1.41667 0.0890695 -0.105016 -0.12776
1.42083 0.0749321 -0.0832843 -0.0983949
1.425 0.0545883 -0.0554933 -0.0623648
1.42917 0.0313678 -0.0264476 -0.026329
1.43333 0.00953531 -0.00133074 0.00319519
1.4375 -0.00721867 0.0162045 0.0223931
1.44167 -0.0172018 0.0253136 0.0313745
1.44583 -0.0211136 0.0277557 0.0332208
1.45 -0.0211395 0.0263624 0.0315534
1.45417 -0.0193952 0.0232652 0.028369
1.45833 -0.0168156 0.0190798 0.0235889
1.4625 -0.0131874 0.0134524 0.0163716
1.46667 -0.00810695 0.00630052 0.00686622
1.47083 -0.0019476 -0.00138491 -0.0031313
1.475 0.00399078 -0.00783292 -0.0110874
1.47917 0.008211 -0.0115447 -0.0152914
1.48333 0.00993022 -0.0121466 -0.0156762
1.4875 0.0093852 -0.0103502 -0.0133089
1.49167 0.00736153 -0.00718893 -0.00924649
1.49583 0.00450383 -0.00334051 -0.00397521
1.5 0.00110687 0.00083751 0.00206249
1.50417 -0.0024753 0.00473523 0.00758927
1.50833 -0.00536658 0.0071712 0.0104867
1.5125 -0.00633517 0.00690368 0.00906901
1.51667 -0.00464842 0.00367744 0.00366103
1.52083 -0.000896945 -0.00116856 -0.0030599
1.525 0.0030719 -0.00527418 -0.00757813
1.52917 0.00525775 -0.00674299 -0.0078751
1.53333 0.00484554 -0.00539635 -0.00470816
1.5375 0.00268744 -0.00276424 -0.000778171
1.54167 0.000528584 -0.000826827 0.00147032
1.54583 -0.000353884 -0.000574034 0.00153482
1.55 4.59547e-05 -0.00155328 0.000703727
1.55417 0.000812255 -0.00265122 0.000447174
1.55833 0.0011578 -0.00327058 0.00096948
1.5625 0.00115362 -0.00380525 0.00121417
1.56667 0.00151457 -0.00506329 0.000137105
1.57083 0.00274783 -0.00728365 -0.00209163
1.575 0.0045306 -0.00971073 -0.00408896
1.57917 0.00589128 -0.0111076 -0.0043744
1.58333 0.00598562 -0.010726 -0.00253905
1.5875 0.00476161 -0.0089048 0.000469011
1.59167 0.00299611 -0.00685485 0.00299276
1.59583 0.0017651 -0.00585304 0.00362489
1.6 0.00179104 -0.00642437 0.00190741
1.60417 0.00304703 -0.00798298 -0.00139879
1.60833 0.00473446 -0.00908821 -0.00450016
1.6125 0.00561232 -0.00820722 -0.00533901
1.61667 0.00462804 -0.00466836 -0.00287913
1.62083 0.00164911 0.000712041 0.00180467
1.625 -0.00218072 0.00586859 0.00574272
1.62917 -0.00494626 0.00869899 0.00599053
1.63333 -0.00524974 0.00856882 0.00206835
1.6375 -0.00339812 0.00693406 -0.00321615
1.64167 -0.00138703 0.00636843 -0.00569977
1.64583 -0.00143182 0.00856494 -0.00325691
1.65 -0.00412741 0.0129126 0.00226198
1.65417 -0.00785236 0.016948 0.00645297
1.65833 -0.0100726 0.0184181 0.00606204
1.6625 -0.00949298 0.0172155 0.00170722
1.66667 -0.00716215 0.015494 -0.00281058
1.67083 -0.0055443 0.0158706 -0.00389201
1.675 -0.00642164 0.0193152 -0.00107576
1.67917 -0.00951534 0.0245223 0.00299694
1.68333 -0.0129459 0.0291277 0.00519114
1.6875 -0.0149121 0.0315096 0.00441383
1.69167 -0.0149763 0.0316113 0.00194208
1.69583 -0.0139639 0.0303541 -0.000188784
1.7 -0.0129044 0.028502 -0.00082717
1.70417 -0.0121675 0.0260464 -5.12143e-05
1.70833 -0.0114156 0.0223869 0.00141815
1.7125 -0.010044 0.0168253 0.00267953
1.71667 -0.00751001 0.00892551 0.00275604
1.72083 -0.0034591 -0.00123861 0.000976472
1.725 0.00204762 -0.0128194 -0.00220111
1.72917 0.00821306 -0.0241702 -0.00491496
1.73333 0.0136161 -0.0334637 -0.0051475
1.7375 0.0170761 -0.0397634 -0.00276999
1.74167 0.0186563 -0.0435949 -0.000189309
1.74583 0.0196646 -0.0462249 -0.000344649
1.75 0.021325 -0.0481113 -0.00365907
1.75417 0.0232982 -0.0480727 -0.00718389
1.75833 0.0237033 -0.0442483 -0.00728508
1.7625 0.0208975 -0.0360998 -0.0034091
1.76667 0.0153173 -0.0254337 0.00108144
1.77083 0.00937665 -0.0152326 0.00218631
1.775 0.00533669 -0.00731764 -0.000602526
1.77917 0.00326886 -0.0011683 -0.00374095
1.78333 0.00126813 0.00490436 -0.00337602
1.7875 -0.00227178 0.0114964 0.000553488
1.79167 -0.0067479 0.0171872 0.00428422
1.79583 -0.0098772 0.0199458 0.00429659
1.8 -0.0101046 0.0193406 0.00103957
1.80417 -0.00827374 0.0171458 -0.00171823
1.80833 -0.00674876 0.0156629 -0.00108651
1.8125 -0.00696119 0.0155373 0.0019005
1.81667 -0.0080558 0.0153753 0.00368216
1.82083 -0.00804575 0.0134845 0.00227167
1.825 -0.00609869 0.00975931 -0.000635213
1.82917 -0.00338353 0.0056745 -0.00182321
1.83333 -0.00162213 0.00255935 -0.000338093
1.8375 -0.00112716 0.000278289 0.0015432
1.84167 -0.000635964 -0.00214181 0.00119318
1.84583 0.00092649 -0.00481588 -0.00115243
1.85 0.00293886 -0.00644961 -0.0027244
1.85417 0.00370509 -0.00572626 -0.00167688
1.85833 0.00248248 -0.00295851 0.000577202
1.8625 0.000431623 8.22911e-05 0.00109017
1.86667 -0.000717516 0.00201034 -0.0008948
1.87083 -0.000667849 0.00309315 -0.00287188
1.875 -0.000741445 0.00443115 -0.00214334
1.87917 -0.00201253 0.00620406 0.000683602
1.88333 -0.00375919 0.00730109 0.00222695
1.8875 -0.00425616 0.00680953 0.000440713
1.89167 -0.00297894 0.00539937 -0.00271307
1.89583 -0.00143871 0.00475816 -0.00346757
1.9 -0.00150292 0.0056881 -0.000790827
1.90417 -0.00317021 0.00711502 0.00225832
1.90833 -0.00448165 0.00714175 0.00208354
1.9125 -0.00370312 0.00495671 -0.00120016
1.91667 -0.00125063 0.00160826 -0.00386175
1.92083 0.000805119 -0.00103038 -0.002848
1.925 0.00102009 -0.00201556 0.0007379
1.92917 8.34902e-05 -0.00213301 0.00290664
1.93333 -4.97604e-05 -0.00295201 0.00127455
1.9375 0.001593 -0.00498781 -0.00225611
1.94167 0.00382261 -0.00694391 -0.00355276
1.94583 0.00453145 -0.00719971 -0.000812407
1.95 0.00314758 -0.00614675 0.00332416
1.95417 0.00159491 -0.00641236 0.00454682
1.95833 0.00241096 -0.0100766 0.00170783
1.9625 0.0058561 -0.015929 -0.00168226
1.96667 0.00937871 -0.0204262 -0.00132961
1.97083 0.0103804 -0.0215994 0.00276333
1.975 0.00918742 -0.0210887 0.00609732
1.97917 0.00853377 -0.0216293 0.00497705
1.98333 0.0100398 -0.0233196 0.00105042
1.9875 0.0121066 -0.0236707 -0.00065993
1.99167 0.0119813 -0.0212221 0.00204702
1.99583 0.00933928 -0.017657 0.005905
2 0.00672924 -0.0156589 0.00638283
2.00417 0.0064024 -0.0156859 0.00322976
2.00833 0.00772289 -0.0158948 0.000381954
2.0125 0.00828643 -0.0146709 0.000841368
2.01667 0.00688822 -0.0120461 0.00334441
2.02083 0.00451862 -0.00879331 0.00453616
2.025 0.00270984 -0.00536609 0.00309311
2.02917 0.00181671 -0.00201296 0.000676317
2.03333 0.00106685 0.00111721 -0.000492469
2.0375 -0.00039252 0.00451337 0.000101488
2.04167 -0.00281026 0.0090739 0.00122741
2.04583 -0.00571699 0.0147018 0.0012743
2.05 -0.00821846 0.0199521 -0.000355042
2.05417 -0.00981154 0.0239325 -0.0026209
2.05833 -0.0111286 0.0277691 -0.00370953
2.0625 -0.0133538 0.0329283 -0.00307573
2.06667 -0.0165569 0.0385543 -0.00234494
2.07083 -0.0192102 0.0420499 -0.00334863
2.075 -0.0199635 0.0423686 -0.00552789
2.07917 -0.0193608 0.0411166 -0.00654797
2.08333 -0.0189059 0.0398163 -0.00558698
2.0875 -0.0187667 0.0376022 -0.00445539
2.09167 -0.0175741 0.0327448 -0.00473286
2.09583 -0.0145558 0.0253025 -0.00535824
2.1 -0.0106301 0.0168276 -0.00449426
2.10417 -0.00688688 0.00817776 -0.00259235
2.10833 -0.00311772 -0.000775776 -0.00160741
2.1125 0.00125609 -0.00956368 -0.00171542
2.11667 0.00565357 -0.0168774 -0.00107724
2.12083 0.00888825 -0.022078 0.000953443
2.125 0.0107949 -0.0256191 0.00261717
2.12917 0.0121558 -0.0277643 0.00256677
2.13333 0.0132323 -0.0281815 0.00194035
2.1375 0.0135073 -0.0270454 0.00233335
2.14167 0.0128206 -0.0251062 0.00330991
2.14583 0.0116078 -0.0222583 0.00350349
2.15 0.00995126 -0.0176281 0.002898
2.15417 0.0075839 -0.0117372 0.00228136
2.15833 0.00498973 -0.00677948 0.001551
2.1625 0.00315243 -0.003641 0.000493948
2.16667 0.0018683 -0.000542972 0.000191373
2.17083 -0.000136306 0.00369206 0.00129936
2.175 -0.00274139 0.00698544 0.00184516
2.17917 -0.00388669 0.00712059 -0.000272369
2.18333 -0.0027732 0.00588401 -0.00304311
2.1875 -0.00179871 0.00668042 -0.00232955
2.19167 -0.00320425 0.00883367 0.00142942
2.19583 -0.00522092 0.00830868 0.00274646
2.2 -0.00440054 0.00438012 -0.000790943
2.20417 -0.00109909 0.00124963 -0.00414606
2.20833 0.00070572 0.00151844 -0.00208121
2.2125 -0.000614449 0.00224822 0.0026833
2.21667 -0.00198582 0.000181834 0.00345558
2.22083 -0.000592711 -0.00289741 -0.000334908
2.225 0.0019679 -0.00373044 -0.00273086
2.22917 0.00273248 -0.00335388 -0.000600126
2.23333 0.00196561 -0.00462619 0.00236899
2.2375 0.00180506 -0.00622152 0.00228578
2.24167 0.00223232 -0.00459441 0.000430554
2.24583 0.00172346 -0.00090198 -0.000405964
2.25 0.000709044 3.43322e-05 -0.000460596
2.25417 0.000831343 -0.00208664 -0.000751823
2.25833 0.00136842 -0.00217759 -0.000168784
2.2625 0.000173345 0.00133704 0.001555
2.26667 -0.00186505 0.00318548 0.00142697
2.27083 -0.00141721 0.000105972 -0.00195248
2.275 0.00144281 -0.00301981 -0.00421258
2.27917 0.00233645 -0.00100951 -0.00114033
2.28333 -0.000533987 0.00260281 0.00355333
2.2875 -0.00279063 0.00103862 0.00271857
2.29167 -0.000391401 -0.00448367 -0.00294752
2.29583 0.00376013 -0.00652277 -0.00516619
2.3 0.00403526 -0.00318487 -0.00058482
2.30417 0.000600203 -0.000448043 0.00403711
2.30833 -0.0012184 -0.00211279 0.00218695
2.3125 0.000828045 -0.00470203 -0.00295581
2.31667 0.00329919 -0.0046013 -0.00412138
2.32083 0.00311442 -0.00380044 -0.00058298
2.325 0.00167292 -0.0050035 0.00225675
2.32917 0.00145768 -0.00632698 0.001346
2.33333 0.00221686 -0.00511563 -0.00118575
2.3375 0.00251086 -0.00295514 -0.00250133
2.34167 0.00224615 -0.0025054 -0.00193592
2.34583 0.00172766 -0.00260842 -5.18999e-07
2.35 0.000528023 -0.000944328 0.0018847
2.35417 -0.000942217 0.00119693 0.00140652
2.35833 -0.0010084 0.00133901 -0.00158364
2.3625 0.000359472 0.000758183 -0.00321293
2.36667 0.000556173 0.00233116 -0.00048462
2.37083 -0.00172514 0.00519554 0.00333954
2.375 -0.00393538 0.00626599 0.00280702
2.37917 -0.0034764 0.00569712 -0.00123583
2.38333 -0.0018271 0.00605762 -0.00264318
2.3875 -0.00196089 0.00722049 0.000504271
2.39167 -0.00357322 0.00709689 0.00327284
2.39583 -0.00420443 0.00649188 0.00210251
2.4 -0.00361616 0.00774616 -0.000173364
2.40417 -0.00344806 0.00924376 -6.6139e-05
2.40833 -0.00362235 0.00751151 0.00117356
2.4125 -0.00293594 0.00464653 0.00131539
2.41667 -0.00245383 0.00640006 0.00149134
2.42083 -0.00409562 0.0118336 0.00272811
2.425 -0.00621315 0.0130569 0.00255109
2.42917 -0.00530946 0.00811213 -0.000223961
2.43333 -0.00243967 0.00539856 -0.00142902
2.4375 -0.00256014 0.00997002 0.0020387
2.44167 -0.00613599 0.0139322 0.00539035
2.44583 -0.00718343 0.00869464 0.00252698
2.45 -0.00265288 -0.000262778 -0.00316546
2.45417 0.00188728 -0.00170673 -0.00295735
2.45833 0.0007403 0.00277036 0.00305745
2.4625 -0.00251688 0.00127468 0.00521766
2.46667 -0.000631994 -0.00830711 -0.000495662
2.47083 0.00543056 -0.0143728 -0.00578167
2.475 0.00791474 -0.0107213 -0.00315681
2.47917 0.00474019 -0.00660086 0.00234384
2.48333 0.00248802 -0.0108892 0.00168977
2.4875 0.0053806 -0.0173689 -0.00385025
2.49167 0.00879898 -0.0157415 -0.00565195
2.49583 0.00750436 -0.00906076 -0.00181134
2.5 0.00407226 -0.00798289 0.00094816
2.50417 0.00379621 -0.0124025 -0.000958718
2.50833 0.00572022 -0.0121418 -0.00304865
2.5125 0.00504852 -0.00489947 -0.00151924
2.51667 0.00180765 -0.000181561 0.00067415
2.52083 0.000445206 -0.00280821 8.77847e-05
2.525 0.00171644 -0.00486353 -0.00105089
2.52917 0.0015439 0.000200162 0.000365201
2.53333 -0.0013704 0.00602558 0.00216191
2.5375 -0.002967 0.00421916 0.00090786
2.54167 -0.00092882 -0.00141006 -0.00136805
2.54583 0.00112648 -0.00160179 -0.000379638
2.55 -0.000176789 0.00276816 0.00263969
2.55417 -0.00220055 0.00304487 0.00259007
2.55833 -0.00098906 -0.00173585 -0.000797882
2.5625 0.00174734 -0.0032775 -0.0022257
2.56667 0.00144221 0.00147644 0.000437128
2.57083 -0.00160189 0.005141 0.00267393
2.575 -0.00272846 0.00245207 0.000833587
2.57917 -0.000568835 -0.00140581 -0.0020941
2.58333 0.0011095 -0.000248364 -0.00170923
2.5875 -0.000102137 0.00304818 0.000821734
2.59167 -0.00170803 0.00257209 0.00129825
2.59583 -0.00106372 -0.000287501 -0.000637188
2.6 0.000336039 -1.47385e-05 -0.00166747
2.60417 -6.44943e-05 0.0031407 -0.000568641
2.60833 -0.00152359 0.00405439 0.000439581
2.6125 -0.00170851 0.00183969 -7.00238e-05
2.61667 -0.000752208 0.000901255 -0.000780566
2.62083 -0.000605782 0.00294935 -0.000447187
2.625 -0.0014928 0.0043314 0.00021171
2.62917 -0.0017792 0.00252171 0.000285171
2.63333 -0.000901752 9.59423e-06 0.000163247
2.6375 -6.98625e-05 -0.000239666 0.000404472
2.64167 -9.54862e-05 0.000855798 0.000726865
2.64583 -0.000396785 0.000876074 0.000805954
2.65 -0.000296629 -0.000361237 0.000819041
2.65417 0.000132409 -0.00157728 0.00079062
2.65833 0.000664004 -0.00242426 0.000513838
2.6625 0.00124515 -0.00326494 0.000266798
2.66667 0.00166715 -0.00397578 0.000456312
2.67083 0.00176181 -0.00424069 0.000587346
2.675 0.0017882 -0.0039877 -9.55939e-05
2.67917 0.00188463 -0.00297029 -0.00101595
2.68333 0.00153647 -0.0011419 -0.000856097
2.6875 0.000462246 0.000401845 0.00018105
2.69167 -0.000488703 0.000513162 0.000405187
2.69583 -0.000437661 0.000172663 -0.00067948
2.7 -4.65231e-05 0.00155476 -0.00144128
2.70417 -0.00068433 0.00451205 -0.000645044
2.70833 -0.00223625 0.00627051 0.000608807
2.7125 -0.00314486 0.00550036 0.000591173
2.71667 -0.0027263 0.0043704 -0.000521097
2.72083 -0.00207758 0.00508535 -0.00110421
2.725 -0.00227069 0.00645515 -0.00047068
2.72917 -0.00284071 0.00596737 0.000416273
2.73333 -0.00274566 0.00378251 0.000448199
2.7375 -0.00193178 0.00225026 -0.000337137
2.74167 -0.00113965 0.00217732 -0.00107147
2.74583 -0.000729545 0.00205148 -0.00109553
2.75 -0.000505307 0.0010299 -0.000535923
2.75417 -0.000398707 0.000414491 -0.000113739
2.75833 -0.000570513 0.00132364 -0.000401815
2.7625 -0.000885816 0.00260998 -0.00112463
2.76667 -0.000912593 0.00240823 -0.00133987
2.77083 -0.000554193 0.000807649 -0.000557651
2.775 -0.000224722 -0.000358554 0.000489084
2.77917 -0.000227787 -3.47823e-05 0.000610339
2.78333 -0.000331 0.000894916 -0.000293428
2.7875 -0.000185956 0.000997594 -0.000957768
2.79167 0.000132099 -2.84811e-05 -0.000343106
2.79583 0.000316412 -0.00133087 0.000925275
2.8 0.000372866 -0.00205717 0.00132192
2.80417 0.000627774 -0.00227521 0.000475683
2.80833 0.00124682 -0.00289053 -0.000315556
2.8125 0.00202827 -0.00459665 0.000152058
2.81667 0.00267889 -0.00684977 0.00140495
2.82083 0.0031078 -0.00833366 0.00198884
2.825 0.00347135 -0.0086998 0.00133219
2.82917 0.00402879 -0.00909309 0.000343432
2.83333 0.00480517 -0.0102837 0.000268522
2.8375 0.00531481 -0.0111588 0.00131462
2.84167 0.00497386 -0.010311 0.00240587
2.84583 0.00401368 -0.00846195 0.00228314
2.85 0.00347727 -0.00759159 0.00101767
2.85417 0.00381522 -0.00782765 0.000194406
2.85833 0.00400633 -0.00711456 0.00101945
2.8625 0.00287 -0.00438967 0.00249446
2.86667 0.000887673 -0.00129117 0.00251281
2.87083 -0.00031463 0.000210963 0.000834457
2.875 -0.000238252 0.000491714 -0.000360766
2.87917 -0.000181007 0.00144595 0.000533176
2.88333 -0.00136212 0.00388294 0.00227799
2.8875 -0.0033117 0.00679348 0.00256936
2.89167 -0.00465098 0.00875161 0.00118523
2.89583 -0.00486523 0.00934828 8.44929e-05
2.9 -0.00474556 0.00948348 0.000729123
2.90417 -0.00531521 0.0104191 0.00240374
2.90833 -0.0066353 0.0121625 0.00324766
2.9125 -0.00764855 0.0130835 0.00236817
2.91667 -0.00731908 0.0120033 0.000845861
2.92083 -0.00604285 0.0102026 0.000662063
2.925 -0.00541885 0.00986268 0.00231044
2.92917 -0.00613187 0.0107379 0.00376977
2.93333 -0.0067396 0.010364 0.00283172
2.9375 -0.00555424 0.00786114 0.000286177
2.94167 -0.00319262 0.00532591 -0.000802845
2.94583 -0.00181841 0.0044808 0.000622132
2.95 -0.00194637 0.00396504 0.00192391
2.95417 -0.00161871 0.00150615 0.000495069
2.95833 0.000759071 -0.00267044 -0.00247263
2.9625 0.00416839 -0.0063236 -0.00369274
2.96667 0.0064532 -0.00825521 -0.00227277
2.97083 0.00711802 -0.00938186 -0.000596996
2.975 0.00766308 -0.0111187 -0.000941832
2.97917 0.00950805 -0.0137243 -0.00271775
2.98333 0.0123145 -0.0160901 -0.00338494
2.9875 0.0144046 -0.0168051 -0.0014128
2.99167 0.0146894 -0.0158326 0.00192153
2.99583 0.0141211 -0.0149692 0.00379819
