0 0 0 0
0.00416667 0 0 0
0.00833333 0 0 0
0.0125 0 0 0
0.0166667 0 0 0
0.0208333 0 0 0
0.025 0 0 0
0.0291667 0 0 0
0.0333333 0 0 0
0.0375 0 0 0
0.0416667 0 0 0
0.0458333 0 0 0
0.05 0 0 0
0.0541667 0 0 0
0.0583333 0 0 0
0.0625 0 0 0
0.0666667 0 0 0
0.0708333 0 0 0
0.075 0 0 0
0.0791667 0 0 0
0.0833333 0 0 0
0.0875 0 0 0
0.0916667 0 0 0
0.0958333 0 0 0
0.1 0 0 0
0.104167 0 0 0
0.108333 0 0 0
0.1125 0 0 0
0.116667 0 0 0
0.120833 0 0 0
0.125 -1.82804e-322 3.78948e-321 8.18173e-321
0.129167 -2.0713e-316 2.85593e-315 6.08258e-315
0.133333 -1.00455e-310 1.3401e-309 2.85475e-309
0.1375 -3.2105e-305 4.14804e-304 8.83831e-304
0.141667 -6.93329e-300 8.68414e-299 1.85076e-298
0.145833 -1.03514e-294 1.25803e-293 2.68173e-293
0.15 -1.091e-289 1.28762e-288 2.74546e-288
0.154167 -8.27439e-285 9.49104e-284 2.02417e-283
0.158333 -4.59593e-280 5.12734e-279 1.09379e-278
0.1625 -1.9001e-275 2.0632e-274 4.40247e-274
0.166667 -5.93523e-271 6.27688e-270 1.33972e-269
0.170833 -1.42026e-266 1.46383e-265 3.12521e-265
0.175 -2.63716e-262 2.65056e-261 5.66038e-261
0.179167 -3.84511e-258 3.77086e-257 8.0551e-257
0.183333 -4.4514e-254 4.26181e-253 9.1065e-253
0.1875 -4.13408e-250 3.86607e-249 8.26335e-249
0.191667 -3.10983e-246 2.84208e-245 6.07653e-245
0.195833 -1.91195e-242 1.70841e-241 3.65382e-241
0.2 -9.68857e-239 8.46814e-238 1.81168e-237
0.204167 -4.07862e-235 3.48854e-234 7.46581e-234
0.208333 -1.437e-231 1.20329e-230 2.576e-230
0.2125 -4.26691e-228 3.49931e-227 7.49388e-227
0.216667 -1.07482e-224 8.63624e-224 1.85011e-223
0.220833 -2.311e-221 1.82e-220 3.9003e-220
0.225 -4.2662e-218 3.29417e-217 7.06201e-217
0.229167 -6.79903e-215 5.14913e-214 1.10427e-213
0.233333 -9.40325e-212 6.98694e-211 1.49896e-210
0.2375 -1.13415e-208 8.27064e-208 1.77502e-207
0.241667 -1.19853e-205 8.58043e-205 1.84222e-204
0.245833 -1.11465e-202 7.83633e-202 1.68312e-201
0.25 -9.16126e-200 6.32656e-199 1.35939e-198
0.254167 -6.68087e-197 4.53316e-196 9.74433e-196
0.258333 -4.33927e-194 2.8937e-193 6.22276e-193
0.2625 -2.51926e-191 1.65154e-190 3.55303e-190
0.266667 -1.31187e-188 8.4565e-188 1.82006e-187
0.270833 -6.14743e-186 3.89744e-185 8.39193e-185
0.275 -2.60037e-183 1.62183e-182 3.49364e-182
0.279167 -9.95883e-181 6.11168e-180 1.31712e-179
0.283333 -3.46298e-178 2.09158e-177 4.50958e-177
0.2875 -1.09632e-175 6.51818e-175 1.406e-174
0.291667 -3.16814e-173 1.85456e-172 4.00224e-172
0.295833 -8.37776e-171 4.82946e-170 1.04271e-169
0.3 -2.03209e-168 1.1538e-167 2.49231e-167
0.304167 -4.5315e-166 2.53467e-165 5.47778e-165
0.308333 -9.31052e-164 5.13127e-163 1.10948e-162
0.3125 -1.76625e-161 9.59283e-161 2.07519e-160
0.316667 -3.09991e-159 1.65944e-158 3.59163e-158
0.320833 -5.04322e-157 2.66138e-156 5.76313e-156
0.325 -7.61963e-155 3.96449e-154 8.58942e-154
0.329167 -1.07104e-152 5.49514e-152 1.19119e-151
0.333333 -1.40302e-150 7.09944e-150 1.53977e-149
0.3375 -1.71567e-148 8.56329e-148 1.85826e-147
0.341667 -1.96156e-146 9.65868e-146 2.0971e-145
0.345833 -2.10009e-144 1.02028e-143 2.21646e-143
0.35 -2.10853e-142 1.01085e-141 2.19719e-141
0.354167 -1.98815e-140 9.40668e-140 2.04579e-139
0.358333 -1.76296e-138 8.23309e-138 1.79157e-137
0.3625 -1.47209e-136 6.78642e-136 1.47761e-135
0.366667 -1.15899e-134 5.27502e-134 1.1492e-133
0.370833 -8.6142e-133 3.87122e-132 8.4387e-132
0.375 -6.05145e-131 2.68553e-130 5.85753e-130
0.379167 -4.02266e-129 1.76306e-128 3.84781e-128
0.383333 -2.53315e-127 1.09659e-126 2.39472e-126
0.3875 -1.51276e-125 6.46889e-125 1.41353e-124
0.391667 -8.57615e-124 3.62303e-123 7.92163e-123
0.395833 -4.62027e-122 1.92845e-121 4.21913e-121
0.4 -2.36766e-120 9.76481e-120 2.13772e-119
0.404167 -1.1552e-118 4.7081e-118 1.03136e-117
0.408333 -5.3713e-117 2.16348e-116 4.74237e-116
0.4125 -2.38217e-115 9.48346e-115 2.08014e-114
0.416667 -1.00857e-113 3.96883e-113 8.71108e-113
0.420833 -4.07989e-112 1.58708e-111 3.48575e-111
0.425 -1.57814e-110 6.06918e-110 1.33388e-109
0.429167 -5.84173e-109 2.22122e-108 4.88506e-108
0.433333 -2.07092e-107 7.786e-107 1.71351e-106
0.4375 -7.03612e-106 2.61588e-105 5.76088e-105
0.441667 -2.29278e-104 8.42975e-104 1.85774e-103
0.445833 -7.17057e-103 2.60738e-102 5.75011e-102
0.45 -2.15378e-101 7.74603e-101 1.70945e-100
0.454167 -6.21709e-100 2.21169e-99 4.88438e-99
0.458333 -1.72581e-98 6.0732e-98 1.34218e-97
0.4625 -4.60982e-97 1.60482e-96 3.54922e-96
0.466667 -1.18556e-95 4.08331e-95 9.03718e-95
0.470833 -2.93744e-94 1.00099e-93 2.217e-93
0.475 -7.01561e-93 2.3655e-92 5.243e-92
0.479167 -1.61605e-91 5.39182e-91 1.19595e-90
0.483333 -3.59227e-90 1.18604e-89 2.63271e-89
0.4875 -7.70972e-89 2.51909e-88 5.59594e-88
0.491667 -1.5984e-87 5.16879e-87 1.14907e-86
0.495833 -3.20277e-86 1.02506e-85 2.28055e-85
0.5 -6.20539e-85 1.9658e-84 4.37683e-84
0.504167 -1.16311e-83 3.64719e-83 8.1267e-83
0.508333 -2.11e-82 6.54949e-82 1.4605e-81
0.5125 -3.70634e-81 1.13889e-80 2.54164e-80
0.516667 -6.30668e-80 1.91853e-79 4.2849e-79
0.520833 -1.04e-78 3.13221e-78 7.00113e-78
0.525 -1.66274e-77 4.95806e-77 1.10911e-76
0.529167 -2.57838e-76 7.61245e-76 1.70425e-75
0.533333 -3.87947e-75 1.13412e-74 2.54108e-74
0.5375 -5.6659e-74 1.64015e-73 3.67784e-73
0.541667 -8.03524e-73 2.30334e-72 5.16917e-72
0.545833 -1.10693e-71 3.14226e-71 7.05764e-71
0.55 -1.4818e-70 4.16572e-70 9.36405e-70
0.554167 -1.92822e-69 5.36848e-69 1.20777e-68
0.558333 -2.43987e-68 6.72782e-68 1.51484e-67
0.5625 -3.00308e-67 8.20166e-67 1.84823e-66
0.566667 -3.59664e-66 9.72912e-66 2.19427e-65
0.570833 -4.19268e-65 1.12338e-64 2.53575e-64
0.575 -4.75868e-64 1.26297e-63 2.85325e-63
0.579167 -5.26031e-63 1.38294e-62 3.12692e-62
0.583333 -5.66491e-62 1.47531e-61 3.33862e-61
0.5875 -5.94507e-61 1.53377e-60 3.47387e-60
0.591667 -6.08168e-60 1.55436e-59 3.52352e-59
0.595833 -6.06613e-59 1.53596e-58 3.48478e-58
0.6 -5.90115e-58 1.48032e-57 3.36144e-57
0.604167 -5.60032e-57 1.39185e-56 3.16328e-56
0.608333 -5.18619e-56 1.27704e-55 2.90484e-55
0.6125 -4.68763e-55 1.14365e-54 2.60368e-54
0.616667 -4.13648e-54 9.99921e-54 2.27844e-53
0.620833 -3.56439e-53 8.53741e-53 1.94705e-52
0.625 -2.99996e-52 7.11989e-52 1.62518e-51
0.629167 -2.46673e-51 5.80103e-51 1.32529e-50
0.633333 -1.98197e-50 4.61867e-50 1.05609e-49
0.6375 -1.55646e-49 3.59419e-49 8.22558e-49
0.641667 -1.1949e-48 2.73433e-48 6.26318e-48
0.645833 -8.96955e-48 2.034e-47 4.66311e-47
0.65 -6.58478e-47 1.47977e-46 3.39545e-46
0.654167 -4.72855e-46 1.05307e-45 2.41848e-45
0.658333 -3.32211e-45 7.33217e-45 1.68537e-44
0.6625 -2.28392e-44 4.99566e-44 1.1493e-43
0.666667 -1.53676e-43 3.33136e-43 7.6708e-43
0.670833 -1.01221e-42 2.17467e-42 5.01176e-42
0.675 -6.52748e-42 1.3899e-41 3.20596e-41
0.679167 -4.12199e-41 8.69892e-41 2.00824e-40
0.683333 -2.54933e-40 5.33226e-40 1.23208e-39
0.6875 -1.54444e-39 3.20178e-39 7.40443e-39
0.691667 -9.16672e-39 1.88353e-38 4.35959e-38
0.695833 -5.33112e-38 1.08573e-37 2.51516e-37
0.7 -3.03844e-37 6.13343e-37 1.42206e-36
0.704167 -1.69736e-36 3.39611e-36 7.88068e-36
0.708333 -9.29504e-36 1.84339e-35 4.28119e-35
0.7125 -4.99046e-35 9.81001e-35 2.28024e-34
0.716667 -2.62725e-34 5.11915e-34 1.19089e-33
0.720833 -1.35641e-33 2.61974e-33 6.09944e-33
0.725 -6.86854e-33 1.31494e-32 3.06404e-32
0.729167 -3.41174e-32 6.47437e-32 1.50986e-31
0.733333 -1.66257e-31 3.12739e-31 7.29913e-31
0.7375 -7.94921e-31 1.48221e-30 3.46215e-30
0.741667 -3.72958e-30 6.89342e-30 1.61143e-29
0.745833 -1.71726e-29 3.14631e-29 7.36065e-29
0.75 -7.76067e-29 1.40947e-28 3.29994e-28
0.754167 -3.44266e-28 6.19792e-28 1.45219e-27
0.758333 -1.49922e-27 2.67555e-27 6.27358e-27
0.7625 -6.40997e-27 1.13397e-26 2.66086e-26
0.766667 -2.69095e-26 4.719e-26 1.10812e-25
0.770833 -1.10932e-25 1.92841e-25 4.53152e-25
0.775 -4.491e-25 7.73908e-25 1.81985e-24
0.779167 -1.78569e-24 3.05039e-24 7.17787e-24
0.783333 -6.97399e-24 1.18095e-23 2.78074e-23
0.7875 -2.67548e-23 4.49113e-23 1.05819e-22
0.791667 -1.00832e-22 1.67787e-22 3.95585e-22
0.795833 -3.73343e-22 6.15841e-22 1.45284e-21
0.8 -1.35818e-21 2.22086e-21 5.24234e-21
0.804167 -4.85482e-21 7.86938e-21 1.85863e-20
0.808333 -1.70525e-20 2.74004e-20 6.4751e-20
0.8125 -5.88605e-20 9.37549e-20 2.21673e-19
0.816667 -1.99667e-19 3.15266e-19 7.45784e-19
0.820833 -6.65672e-19 1.04191e-18 2.46588e-18
0.825 -2.18125e-18 3.38432e-18 8.01326e-18
0.829167 -7.02527e-18 1.0805e-17 2.55944e-17
0.833333 -2.22408e-17 3.39082e-17 8.03517e-17
0.8375 -6.92128e-17 1.046e-16 2.47958e-16
0.841667 -2.11731e-16 3.17189e-16 7.52156e-16
0.845833 -6.36739e-16 9.45541e-16 2.24283e-15
0.85 -1.88247e-15 2.77095e-15 6.57442e-15
0.854167 -5.47133e-15 7.98314e-15 1.89452e-14
0.858333 -1.56339e-14 2.26112e-14 5.36695e-14
0.8625 -4.39197e-14 6.29633e-14 1.49469e-13
0.866667 -1.21303e-13 1.72372e-13 4.09235e-13
0.870833 -3.29389e-13 4.63946e-13 1.10153e-12
0.875 -8.79373e-13 1.22769e-12 2.91486e-12
0.879167 -2.30814e-12 3.19398e-12 7.58298e-12
0.883333 -5.95628e-12 8.16943e-12 1.93935e-11
0.8875 -1.51114e-11 2.0543e-11 4.87596e-11
0.891667 -3.76917e-11 5.07854e-11 1.20516e-10
0.895833 -9.24247e-11 1.23427e-10 2.92816e-10
0.9 -2.22802e-10 2.9489e-10 6.99357e-10
0.904167 -5.27987e-10 6.92592e-10 1.64187e-09
0.908333 -1.22994e-09 1.59898e-09 3.78877e-09
0.9125 -2.8163e-09 3.62855e-09 8.5931e-09
0.916667 -6.3385e-09 8.09331e-09 1.91545e-08
0.920833 -1.4021e-08 1.77416e-08 4.19593e-08
0.925 -3.04806e-08 3.8221e-08 9.03215e-08
0.929167 -6.5116e-08 8.09131e-08 1.91039e-07
0.933333 -1.36689e-07 1.68307e-07 3.96988e-07
0.9375 -2.81913e-07 3.43962e-07 8.10424e-07
0.941667 -5.71198e-07 6.90548e-07 1.62508e-06
0.945833 -1.13683e-06 1.36175e-06 3.20044e-06
0.95 -2.2222e-06 2.63732e-06 6.18947e-06
0.954167 -4.26565e-06 5.01562e-06 1.17527e-05
0.958333 -8.03953e-06 9.36506e-06 2.1907e-05
0.9625 -1.48745e-05 1.71649e-05 4.00785e-05
0.966667 -2.70106e-05 3.08765e-05 7.19496e-05
0.970833 -4.81297e-05 5.44974e-05 0.000126716
0.975 -8.41344e-05 9.43579e-05 0.000218884
0.979167 -0.000144245 0.000160221 0.000370721
0.983333 -0.000242477 0.000266727 0.000615457
0.9875 -0.000399523 0.000435192 0.00100118
0.991667 -0.000644998 0.000695667 0.00159525
0.995833 -0.00101988 0.00108906 0.00248861
1 -0.00157877 0.00166892 0.00379915
1.00417 -0.00239142 0.00250226 0.00567264
1.00833 -0.00354254 0.00366853 0.00827914
1.0125 -0.00512886 0.0052557 0.0118028
1.01667 -0.00725203 0.00735239 0.0164225
1.02083 -0.0100063 0.0100349 0.0222817
1.025 -0.0134598 0.0133492 0.029447
1.02917 -0.0176306 0.017288 0.0378587
1.03333 -0.0224583 0.0217662 0.0472773
1.0375 -0.0277753 0.0265969 0.0572381
1.04167 -0.0332842 0.0314762 0.0670248
1.04583 -0.038549 0.0359819 0.075679
1.05 -0.0430066 0.0395926 0.0820578
1.05417 -0.0460085 0.0417342 0.0849488
1.05833 -0.0468922 0.0418506 0.0832368
1.0625 -0.0450801 0.0394954 0.0761069
1.06667 -0.0401932 0.0344286 0.0632471
1.07083 -0.0321578 0.0267001 0.0450075
1.075 -0.0212807 0.0166957 0.0224637
1.07917 -0.00826411 0.00512639 -0.00265119
1.08333 0.00585417 -0.00705068 -0.0281616
1.0875 0.0198409 -0.0187742 -0.0517862
1.09167 0.0324663 -0.0290597 -0.0715329
1.09583 0.0427217 -0.0371815 -0.0860591
1.1 0.0500035 -0.0428067 -0.0948985
1.10417 0.0542105 -0.046044 -0.098482
1.10833 0.055722 -0.0473869 -0.0979382
1.1125 0.055259 -0.0475653 -0.0947326
1.11667 0.0536695 -0.0473499 -0.0902647
1.12083 0.0517112 -0.0473755 -0.0855733
1.125 0.0499104 -0.0480433 -0.0812639
1.12917 0.0485513 -0.0495376 -0.0776883
1.13333 0.0477975 -0.0519402 -0.0752928
1.1375 0.047886 -0.0553831 -0.0749497
1.14167 0.0492866 -0.0601473 -0.0780619
1.14583 0.052716 -0.0666308 -0.0862921
1.15 0.0589458 -0.0751569 -0.100924
1.15417 0.0684304 -0.0856725 -0.122046
1.15833 0.0808801 -0.0974524 -0.147877
1.1625 0.0949608 -0.108954 -0.174582
1.16667 0.108289 -0.117933 -0.196754
1.17083 0.117796 -0.121832 -0.208515
1.175 0.120383 -0.11835 -0.204907
1.17917 0.113678 -0.106008 -0.183104
1.18333 0.0966205 -0.0845073 -0.143016
1.1875 0.0696758 -0.0547703 -0.0871105
1.19167 0.0346238 -0.0186584 -0.0195899
1.19583 -0.00596083 0.0214862 0.0546653
1.2 -0.049293 0.0632762 0.130921
1.20417 -0.0927798 0.104524 0.204887
1.20833 -0.134119 0.143246 0.272525
1.2125 -0.171145 0.177512 0.32967
1.21667 -0.201625 0.205324 0.371913
1.22083 -0.223228 0.224666 0.394988
1.225 -0.23378 0.233792 0.395639
1.22917 -0.231754 0.231643 0.372596
1.23333 -0.216781 0.218225 0.327223
1.2375 -0.189933 0.194753 0.263523
1.24167 -0.153658 0.163511 0.187501
1.24583 -0.111375 0.127456 0.106166
1.25 -0.0669201 0.0897342 0.0265442
1.25417 -0.0240057 0.0532417 -0.0450726
1.25833 0.0141663 0.0203022 -0.103621
1.2625 0.0451669 -0.00752724 -0.14564
1.26667 0.0675287 -0.0295622 -0.169616
1.27083 0.0808912 -0.0460034 -0.1762
1.275 0.0860392 -0.0578155 -0.1681
1.27917 0.0847272 -0.0664305 -0.14948
1.28333 0.0792477 -0.0733126 -0.12497
1.2875 0.0718501 -0.0795168 -0.0986852
1.29167 0.0642409 -0.0854286 -0.0736574
1.29583 0.0573888 -0.0908004 -0.0518846
1.3 0.0516828 -0.0950441 -0.0347489
1.30417 0.0472659 -0.0975844 -0.0233137
1.30833 0.0442516 -0.0980504 -0.0181223
1.3125 0.0426375 -0.096209 -0.0185943
1.31667 0.0420006 -0.0917589 -0.0225824
1.32083 0.0412925 -0.0842294 -0.0267229
1.325 0.0390526 -0.0731723 -0.0277289
1.32917 0.0340708 -0.0585956 -0.0240241
1.33333 0.0261449 -0.0413491 -0.0166618
1.3375 0.0163965 -0.0231195 -0.00874029
1.34167 0.00680873 -0.00591243 -0.00346514
1.34583 -0.000840513 0.00874282 -0.00199554
1.35 -0.00600729 0.0203788 -0.00253021
1.35417 -0.00966071 0.0295531 -0.00138537
1.35833 -0.0135446 0.0371621 0.0045024
1.3625 -0.0188443 0.043531 0.015258
1.36667 -0.025138 0.0479032 0.0275272
1.37083 -0.0303798 0.0487235 0.0361705
1.375 -0.0319978 0.0445969 0.0371489
1.37917 -0.0284324 0.035335 0.0297573
1.38333 -0.0201344 0.0224246 0.0168347
1.3875 -0.00940437 0.0086078 0.00298174
1.39167 0.000768107 -0.00318218 -0.00787807
1.39583 0.0080773 -0.0109178 -0.0139946
1.4 0.0116581 -0.0140426 -0.0156419
1.40417 0.0119308 -0.0133341 -0.0139227
1.40833 0.00990241 -0.0103109 -0.00977699
1.4125 0.00657578 -0.00659987 -0.00398727
1.41667 0.00283339 -0.00351846 0.00213826
1.42083 -0.000378869 -0.0018655 0.00646209
1.425 -0.0020485 -0.00178763 0.00684118
1.42917 -0.00153772 -0.00269701 0.00270355
1.43333 0.000803242 -0.00339507 -0.00393389
1.4375 0.00347092 -0.00256265 -0.00916372
1.44167 0.0044926 0.000477005 -0.00950275
1.44583 0.00268636 0.00514164 -0.00432859
1.45 -0.00136138 0.00962024 0.00340426
1.45417 -0.00541735 0.0117195 0.0089013
1.45833 -0.00690987 0.0101284 0.00865099
1.4625 -0.00461261 0.00531635 0.00276242
1.46667 0.000468838 -0.000577578 -0.00515736
1.47083 0.0056737 -0.00487961 -0.0104896
1.475 0.00835748 -0.00585406 -0.0106441
1.47917 0.0075011 -0.00358089 -0.00649375
1.48333 0.00415945 0.000293854 -0.00130852
1.4875 0.000516929 0.00369321 0.00183147
1.49167 -0.00167495 0.00530869 0.00211524
1.49583 -0.00211456 0.00507661 0.00109384
1.5 -0.00176138 0.0037427 0.000946419
1.50417 -0.001748 0.00201362 0.00248424
1.50833 -0.00236204 4.04202e-05 0.00454334
1.5125 -0.00292378 -0.00238429 0.00518129
1.51667 -0.00258809 -0.0051863 0.00357798
1.52083 -0.00131466 -0.00759717 0.000971607
1.525 -0.000114377 -0.00845132 -0.000223953
1.52917 -0.000295552 -0.00705146 0.00154964
1.53333 -0.00229404 -0.00391347 0.00548273
1.5375 -0.00507327 -0.000700871 0.00872696
1.54167 -0.00667897 0.00075602 0.00845
1.54583 -0.00562598 -0.00027608 0.00408578
1.55 -0.00208912 -0.00282176 -0.00200846
1.55417 0.00205711 -0.00476634 -0.00612227
1.55833 0.00447139 -0.00428484 -0.0059
1.5625 0.00399178 -0.00114257 -0.00213724
1.56667 0.00146873 0.0030816 0.00178079
1.57083 -0.000876515 0.006047 0.00246583
1.575 -0.00112442 0.00624703 -0.000809343
1.57917 0.000892688 0.00400568 -0.00547279
1.58333 0.00348311 0.00115934 -0.00762885
1.5875 0.00443688 -0.000324878 -0.00516845
1.59167 0.00278753 0.000241388 0.000444965
1.59583 -0.000391131 0.00187299 0.00520711
1.6 -0.0028029 0.00279275 0.00568741
1.60417 -0.00273367 0.00187806 0.00176576
1.60833 -0.000408245 -0.000454301 -0.00324295
1.6125 0.00219686 -0.0025928 -0.0052344
1.61667 0.00294409 -0.00300447 -0.00261587
1.62083 0.00124595 -0.00142218 0.00242946
1.625 -0.00148972 0.000973439 0.00575799
1.62917 -0.00303064 0.00248418 0.00466268
1.63333 -0.00213295 0.00217519 4.41127e-05
1.6375 0.000490187 0.000508501 -0.00441329
1.64167 0.00280588 -0.0011126 -0.00531412
1.64583 0.00312635 -0.00146121 -0.00227136
1.65 0.00140164 -0.000365155 0.00196137
1.65417 -0.000885879 0.00128637 0.00393816
1.65833 -0.00203961 0.00230495 0.00238237
1.6625 -0.00150353 0.00206026 -0.000947821
1.66667 -0.00013719 0.000792645 -0.00298852
1.67083 0.000706287 -0.000728991 -0.00206479
1.675 0.000393057 -0.00179465 0.000795665
1.67917 -0.000557398 -0.00209896 0.00294984
1.68333 -0.00110911 -0.00170335 0.0025329
1.6875 -0.000739931 -0.000843359 2.14872e-05
1.69167 0.000104283 0.000153236 -0.00231477
1.69583 0.000503696 0.000841616 -0.00246474
1.7 -1.37138e-05 0.000752103 -0.000382963
1.70417 -0.00100852 -0.000292026 0.0020762
1.70833 -0.00154749 -0.0018649 0.00282931
1.7125 -0.00109492 -0.00303273 0.00133289
1.71667 -4.00684e-05 -0.00296495 -0.00103665
1.72083 0.000630934 -0.00164839 -0.00222547
1.725 0.000224841 -5.28052e-05 -0.00124498
1.72917 -0.00101006 0.000529285 0.00104824
1.73333 -0.00206334 -0.000482195 0.00272509
1.7375 -0.00202124 -0.00241064 0.00240491
1.74167 -0.000857672 -0.0037924 0.00037042
1.74583 0.000530303 -0.00352613 -0.00170784
1.75 0.00107484 -0.00175365 -0.00216821
1.75417 0.000434065 0.000272456 -0.000714636
1.75833 -0.000726037 0.00121793 0.00136386
1.7625 -0.00129369 0.000721391 0.00226947
1.76667 -0.000635238 -0.000387468 0.00117816
1.77083 0.000888807 -0.000832644 -0.00108186
1.775 0.00222606 6.31798e-05 -0.00270914
1.77917 0.00248221 0.00187959 -0.00241328
1.78333 0.00161837 0.00348405 -0.000487686
1.7875 0.000447877 0.00393028 0.00142562
1.79167 -3.99786e-05 0.00315247 0.00170934
1.79583 0.00052193 0.00195568 0.000153274
1.8 0.00158801 0.00134878 -0.00183632
1.80417 0.00214436 0.00173986 -0.00243148
1.80833 0.0015441 0.00261297 -0.000998659
1.8125 6.93957e-05 0.0029582 0.00128654
1.81667 -0.00126018 0.00214003 0.00244451
1.82083 -0.00152137 0.000486102 0.00148706
1.825 -0.000686637 -0.000950557 -0.000634384
1.82917 0.000328401 -0.00130045 -0.00188227
1.83333 0.000475363 -0.000649552 -0.00106506
1.8375 -0.000450574 6.93748e-05 0.000990098
1.84167 -0.00159325 -8.39462e-06 0.00222582
1.84583 -0.00184415 -0.000844196 0.00139781
1.85 -0.00093757 -0.00157852 -0.000655738
1.85417 0.000262597 -0.00145055 -0.00185201
1.85833 0.000626362 -0.000605157 -0.00100676
1.8625 -7.17338e-05 5.72911e-05 0.000926567
1.86667 -0.000902636 -0.00016397 0.00185579
1.87083 -0.000767415 -0.00101054 0.000771362
1.875 0.000393975 -0.00149876 -0.00117374
1.87917 0.00148079 -0.000904012 -0.00190815
1.88333 0.00137312 0.000517355 -0.000675978
1.8875 0.000127258 0.0017766 0.00117445
1.89167 -0.00107498 0.00206887 0.00169511
1.89583 -0.00116878 0.00143627 0.000446013
1.9 -0.000286033 0.000616073 -0.00111397
1.90417 0.000469809 0.000336919 -0.00130121
1.90833 0.00024294 0.000729867 -1.2381e-05
1.9125 -0.000704979 0.00127206 0.00128835
1.91667 -0.00133966 0.00123748 0.0012299
1.92083 -0.000952019 0.000346878 -5.83356e-05
1.925 0.000147013 -0.000856524 -0.00121021
1.92917 0.000963596 -0.00135563 -0.00109755
1.93333 0.000789806 -0.000647788 7.42864e-05
1.9375 -0.000121462 0.000538095 0.0010615
1.94167 -0.000786124 0.000766933 0.000862789
1.94583 -0.00042449 -0.000615262 -0.000291874
1.95 0.000760505 -0.00262049 -0.00120205
1.95417 0.00174853 -0.00350697 -0.000962551
1.95833 0.0017011 -0.002542 6.79527e-05
1.9625 0.000779926 -0.000675803 0.000685475
1.96667 -8.71891e-05 0.000552068 0.000231951
1.97083 -0.000208264 0.000524509 -0.000652458
1.975 0.000225192 -0.000118777 -0.000832015
1.97917 0.000482442 -0.000372241 -4.99442e-05
1.98333 0.000126565 0.000153611 0.000802688
1.9875 -0.000573687 0.000991579 0.000775302
1.99167 -0.000964429 0.00131637 -7.54573e-05
1.99583 -0.00066569 0.000749816 -0.000812009
2 2.02147e-05 -0.00016909 -0.00063428
2.00417 0.000347268 -0.000440644 0.000303822
2.00833 -8.60038e-05 0.000298065 0.000983815
2.0125 -0.000785671 0.00133127 0.000494521
2.01667 -0.000877532 0.00175952 -0.000849474
2.02083 -0.000271067 0.00152345 -0.00151768
2.025 0.000116109 0.00108214 -0.000438859
2.02917 -0.000342744 0.000437895 0.00133263
2.03333 -0.000904455 -0.000654663 0.00148543
2.0375 -0.00041381 -0.00160613 -0.000554707
2.04167 0.000850156 -0.0012902 -0.00242061
2.04583 0.00129168 0.000165054 -0.0016386
2.05 0.000223284 0.00104694 0.000954201
2.05417 -0.00103247 0.000363816 0.00212895
2.05833 -0.000949636 -0.000569781 0.000535759
2.0625 0.000114778 -9.47319e-05 -0.00162362
2.06667 0.000629094 0.00114057 -0.00175186
2.07083 0.000113522 0.00121217 -0.000110241
2.075 -0.0005391 8.01938e-05 0.00116609
2.07917 -0.000682164 -0.000423158 0.00101603
2.08333 -0.000528278 0.000204405 -9.5885e-06
2.0875 -0.000170246 0.000359002 -0.0011612
2.09167 0.000565368 -0.000542684 -0.00178642
2.09583 0.00104551 -0.000712671 -0.000994726
2.1 0.000218017 0.000714348 0.00104113
2.10417 -0.00130512 0.00148172 0.00201616
2.10833 -0.00128856 -0.000294529 6.2895e-05
2.1125 0.000832039 -0.00244996 -0.00280008
2.11667 0.00240172 -0.00176308 -0.00259193
2.12083 0.00110896 0.000743988 0.000780935
2.125 -0.00134047 0.00128757 0.00275464
2.12917 -0.00157056 -0.000470859 0.000633688
2.13333 0.000368013 -0.00102368 -0.00229949
2.1375 0.00125995 0.000739012 -0.00179258
2.14167 -7.23864e-05 0.00156392 0.00100369
2.14583 -0.00118382 -0.000178029 0.00182826
2.15 -0.000429633 -0.00121514 0.000124036
2.15417 0.000391299 0.000826775 -0.000842305
2.15833 -0.000390458 0.00262804 2.7288e-05
2.1625 -0.00115872 0.000639818 0.000300996
2.16667 -0.000111515 -0.00213033 -0.000839876
2.17083 0.00100826 -0.000564246 -0.000855098
2.175 -0.000257398 0.00351997 0.00106053
2.17917 -0.00229742 0.00356684 0.00162256
2.18333 -0.00157237 -0.000892027 -0.00097835
2.1875 0.0012572 -0.00292392 -0.00310732
2.19167 0.00183238 0.000673997 -0.00116594
2.19583 -0.000909431 0.00410465 0.00207293
2.2 -0.00279061 0.00214316 0.00141777
2.20417 -0.00105114 -0.00138271 -0.00238565
2.20833 0.00127549 -0.000334599 -0.00367485
2.2125 0.000460014 0.00335923 -0.000792848
2.21667 -0.00192764 0.00320865 0.00156157
2.22083 -0.00193602 -0.000707829 2.3801e-05
2.225 0.000211565 -0.00200338 -0.00251479
2.22917 0.000892286 0.00107428 -0.00221351
2.23333 -0.000641359 0.00284902 -0.000315842
2.2375 -0.00134374 0.00017047 -0.000265754
2.24167 1.51908e-05 -0.00209775 -0.00173665
2.24583 0.000700404 0.000533117 -0.00178333
2.25 -0.00102355 0.00426372 -0.000400972
2.25417 -0.00257656 0.00315698 -0.000484498
2.25833 -0.00130445 -0.000898021 -0.00239525
2.2625 0.000856352 -0.00123173 -0.00285088
2.26667 0.000375386 0.00248527 -0.000440609
2.27083 -0.00196383 0.00362409 0.00149784
2.275 -0.00212412 -0.000302885 -3.63779e-05
2.27917 0.000599604 -0.00325373 -0.00258265
2.28333 0.00219456 -0.000558934 -0.00168724
2.2875 0.000280031 0.0031091 0.00204063
2.29167 -0.00193254 0.00119308 0.00355356
2.29583 -0.000640893 -0.00385506 0.00112646
2.3 0.00248365 -0.00448009 -0.000888375
2.30417 0.00303476 -0.000695416 0.00113953
2.30833 0.00105565 -0.000384237 0.00452798
2.3125 0.000885839 -0.00618902 0.00485152
2.31667 0.00387124 -0.0107186 0.00305096
2.32083 0.00609372 -0.00851101 0.0033544
2.325 0.00497667 -0.00496055 0.00586197
2.32917 0.00355418 -0.0070703 0.00666925
2.33333 0.00506051 -0.0116311 0.00510815
2.3375 0.00720675 -0.0110055 0.00501188
2.34167 0.00623807 -0.0064936 0.00753165
2.34583 0.00377191 -0.00607314 0.00855212
2.35 0.00422032 -0.0104713 0.00596668
2.35417 0.00702401 -0.0119583 0.00401718
2.35833 0.00738476 -0.00789825 0.00629834
2.3625 0.00448596 -0.00511623 0.00921694
2.36667 0.00287739 -0.00751096 0.00767107
2.37083 0.00454689 -0.00905156 0.00353668
2.375 0.00552994 -0.0045327 0.00245665
2.37917 0.00284413 0.00114459 0.00463528
2.38333 -0.000511815 0.00146649 0.00523007
2.3875 -0.000901871 -0.000762359 0.00270697
2.39167 8.72014e-05 0.000962683 0.000463035
2.39583 -0.000828161 0.00546032 0.000257253
2.4 -0.00287573 0.00677909 1.12938e-05
2.40417 -0.00344567 0.00511081 -0.00122333
2.40833 -0.00328304 0.00600064 -0.00169614
2.4125 -0.00483088 0.0103364 -0.0014823
2.41667 -0.00733005 0.0134471 -0.003264
2.42083 -0.00815575 0.0137401 -0.00694991
2.425 -0.00775357 0.0145065 -0.00858154
2.42917 -0.00874869 0.0166645 -0.00683557
2.43333 -0.0108564 0.01689 -0.00583839
2.4375 -0.011103 0.0142464 -0.00856624
2.44167 -0.00902851 0.0121868 -0.011738
2.44583 -0.00747263 0.0121796 -0.0109779
2.45 -0.00772741 0.0112846 -0.00758896
2.45417 -0.00781677 0.00821002 -0.00592242
2.45833 -0.00648758 0.00606051 -0.00645739
2.4625 -0.00521862 0.00626962 -0.00603647
2.46667 -0.00488318 0.00523966 -0.00357441
2.47083 -0.00387431 0.000693522 -0.000919207
2.475 -0.00147138 -0.00359057 0.00149146
2.47917 0.000127071 -0.00403111 0.00514915
2.48333 -0.000328951 -0.00386274 0.00919569
2.4875 -0.000177605 -0.00758883 0.0104584
2.49167 0.00282087 -0.0121407 0.00937404
2.49583 0.00560826 -0.0109786 0.0108768
2.5 0.00386691 -0.00552846 0.0162111
2.50417 -0.000394252 -0.00398211 0.0188549
2.50833 -0.00089755 -0.0078154 0.0138737
2.5125 0.00298055 -0.00875234 0.00705096
2.51667 0.00462231 -0.00286146 0.00712772
2.52083 0.000783322 0.00172281 0.0116123
2.525 -0.00265722 -0.00185992 0.00989629
2.52917 -0.000131376 -0.00668006 0.000282386
2.53333 0.00428972 -0.0030878 -0.00694437
2.5375 0.00372986 0.00436724 -0.00611287
2.54167 7.79755e-05 0.00411831 -0.00469325
2.54583 0.00030135 -0.00241019 -0.00971792
2.55 0.00416534 -0.00320554 -0.0162247
2.55417 0.00528421 0.00288184 -0.0172079
2.55833 0.00324307 0.00378574 -0.0157561
2.5625 0.00420751 -0.00404404 -0.0175905
2.56667 0.00876498 -0.00869272 -0.0195998
2.57083 0.010048 -0.00381306 -0.016804
2.575 0.006549 -3.04014e-05 -0.0138484
2.57917 0.00585962 -0.00576709 -0.017399
2.58333 0.0111645 -0.0119043 -0.0226261
2.5875 0.0146329 -0.00811785 -0.0204196
2.59167 0.0107155 -0.00151841 -0.0141183
2.59583 0.00633082 -0.00418358 -0.0150774
2.6 0.00950944 -0.0120954 -0.0233739
2.60417 0.0158534 -0.0125003 -0.0269955
2.60833 0.0158329 -0.00561525 -0.0209062
2.6125 0.00989737 -0.00298272 -0.0138602
2.61667 0.00647791 -0.00748901 -0.0133944
2.62083 0.00813314 -0.00988121 -0.0150456
2.625 0.0088464 -0.00495968 -0.0107849
2.62917 0.00422859 0.00124401 -9.34874e-05
2.63333 -0.00301116 0.00241259 0.0116361
2.6375 -0.00838419 0.000805585 0.0204332
2.64167 -0.0112516 0.00215816 0.0263553
2.64583 -0.0139507 0.00735565 0.0319025
2.65 -0.0181103 0.0120968 0.0391285
2.65417 -0.0228044 0.012782 0.0465354
2.65833 -0.0256521 0.0110715 0.0496748
2.6625 -0.0256395 0.011593 0.0464586
2.66667 -0.0240915 0.0147322 0.0396962
2.67083 -0.0220252 0.0150797 0.0327742
2.675 -0.0184752 0.0100896 0.0258658
2.67917 -0.0132755 0.00549817 0.0178924
2.68333 -0.00869781 0.00632671 0.00868678
2.6875 -0.00553678 0.00777405 -0.00184102
2.69167 -0.00102298 0.00338798 -0.0127793
2.69583 0.00572229 -0.00275584 -0.0203759
2.7 0.0102322 -0.00247412 -0.0219328
2.70417 0.00937891 0.00205445 -0.0209546
2.70833 0.00725366 0.00200245 -0.0226614
2.7125 0.00878602 -0.00270187 -0.0253913
2.71667 0.0115416 -0.00381262 -0.0231359
2.72083 0.0100545 0.000825657 -0.0155745
2.725 0.00481953 0.00483352 -0.00845617
2.72917 0.000767194 0.00476368 -0.00492249
2.73333 -0.000344845 0.00387368 -0.00319316
2.7375 -0.000539856 0.00470683 -0.00145834
2.74167 -0.00129155 0.00622096 0.00105492
2.74583 -0.00291954 0.00746551 0.00533965
2.75 -0.00535795 0.00773581 0.00943082
2.75417 -0.00655328 0.00539915 0.00840755
2.75833 -0.00406173 0.0014637 0.00302658
2.7625 -0.000177295 3.24965e-05 0.00168617
2.76667 -2.94362e-05 0.00122423 0.00737931
2.77083 -0.00303638 -6.53757e-05 0.0110657
2.775 -0.00305844 -0.00485102 0.00586842
2.77917 0.00136267 -0.00769683 -0.00142319
2.78333 0.00476495 -0.00702779 -0.00224753
2.7875 0.00457639 -0.00804695 -0.000221007
2.79167 0.00472477 -0.0119236 -0.00296866
2.79583 0.0073451 -0.0129965 -0.00882936
2.8 0.00939585 -0.010225 -0.0119791
2.80417 0.00956982 -0.00960205 -0.0126416
2.80833 0.0101539 -0.0117428 -0.0127874
2.8125 0.0104545 -0.00965913 -0.00986295
2.81667 0.00694736 -0.00241474 -0.00331461
2.82083 0.00115446 0.00193687 0.00108655
2.825 -0.00129408 0.000628427 0.000945775
2.82917 -0.000321583 0.000629869 0.00230815
2.83333 -0.00152164 0.00538536 0.00832157
2.8375 -0.00600623 0.00925106 0.0124094
2.84167 -0.00855153 0.00828834 0.0093176
2.84583 -0.00655375 0.00568687 0.00374579
2.85 -0.00331089 0.00433715 0.0019807
2.85417 -0.00197363 0.00351804 0.00330099
2.85833 -0.0024124 0.00332541 0.0043252
2.8625 -0.00358693 0.00403509 0.00421139
2.86667 -0.00409044 0.00286968 0.00259739
2.87083 -0.00214707 -0.00106866 -0.000556547
2.875 0.0010792 -0.00288478 -0.00229636
2.87917 0.00162043 -0.000143632 -0.000714981
2.88333 -0.000678686 0.00143713 -6.40399e-05
2.8875 -0.00083152 -0.00210729 -0.00436275
2.89167 0.00289448 -0.00552014 -0.00912447
2.89583 0.00556812 -0.00416181 -0.00765113
2.9 0.0038111 -0.00200548 -0.00171867
2.90417 0.000671797 -0.00264115 0.00209149
2.90833 -0.000646011 -0.00255488 0.00233376
2.9125 -0.00100385 -4.431e-05 0.00164344
2.91667 -0.00105036 0.000229329 0.000792732
2.92083 0.000231133 -0.00251373 4.07475e-06
2.925 0.00144541 -0.00220801 0.000547023
2.92917 0.000357957 0.00186555 0.000789289
2.93333 -0.000651017 0.00261876 -0.0021756
2.9375 0.001698 -0.00106067 -0.00467388
2.94167 0.00406133 -0.00153994 8.65912e-05
2.94583 0.00127481 0.00308869 0.00915343
2.95 -0.00373277 0.00554453 0.012174
2.95417 -0.00417586 0.00313546 0.00792234
2.95833 -0.000715253 0.0013215 0.00532133
2.9625 0.00111673 0.00171696 0.00691107
2.96667 0.00143167 3.41746e-05 0.00583255
2.97083 0.00402226 -0.00324443 0.000735174
2.975 0.00746243 -0.00332024 -0.0012528
2.97917 0.00792592 -0.00174972 0.00183077
2.98333 0.00713392 -0.00381915 0.00449509
2.9875 0.00833765 -0.00700086 0.00605444
2.99167 0.0088179 -0.00486393 0.0109565
2.99583 0.00531156 2.79316e-05 0.0166927
