0 0 0 0
0.00416667 0 0 0
0.00833333 0 0 0
0.0125 0 0 0
0.0166667 0 0 0
0.0208333 0 0 0
0.025 0 0 0
0.0291667 0 0 0
0.0333333 0 0 0
0.0375 0 0 0
0.0416667 0 0 0
0.0458333 0 0 0
0.05 0 0 0
0.0541667 0 0 0
0.0583333 0 0 0
0.0625 0 0 0
0.0666667 0 0 0
0.0708333 0 0 0
0.075 0 0 0
0.0791667 0 0 0
0.0833333 0 0 0
0.0875 0 0 0
0.0916667 0 0 0
0.0958333 0 0 0
0.1 0 0 0
0.104167 0 0 0
0.108333 0 0 0
0.1125 0 0 0
0.116667 0 0 0
0.120833 0 0 0
0.125 0 0 0
0.129167 0 0 0
0.133333 0 0 0
0.1375 0 0 0
0.141667 0 0 0
0.145833 0 0 0
0.15 0 0 0
0.154167 0 0 0
0.158333 0 0 0
0.1625 0 0 0
0.166667 0 0 0
0.170833 0 0 0
0.175 0 0 0
0.179167 0 0 0
0.183333 0 0 0
0.1875 0 0 0
0.191667 -2.94463e-321 4.49254e-320 6.03748e-320
0.195833 -1.03784e-316 1.48628e-315 1.99843e-315
0.2 -2.78814e-312 3.90721e-311 5.25317e-311
0.204167 -6.01419e-308 8.25099e-307 1.10924e-306
0.208333 -1.0509e-303 1.41206e-302 1.89819e-302
0.2125 -1.49996e-299 1.97473e-298 2.65437e-298
0.216667 -1.7625e-295 2.27439e-294 3.05694e-294
0.220833 -1.71756e-291 2.17329e-290 2.92085e-290
0.225 -1.3978e-287 1.73491e-286 2.33152e-286
0.229167 -9.56269e-284 1.16464e-282 1.56504e-282
0.233333 -5.53368e-280 6.6153e-279 8.88903e-279
0.2375 -2.72456e-276 3.19812e-275 4.29707e-275
0.241667 -1.14774e-272 1.32324e-271 1.77783e-271
0.245833 -4.15855e-269 4.71049e-268 6.32837e-268
0.25 -1.30248e-265 1.44993e-264 1.94781e-264
0.254167 -3.54314e-262 3.87739e-261 5.20855e-261
0.258333 -8.40934e-259 9.04906e-258 1.21551e-257
0.2625 -1.74887e-255 1.85098e-254 2.48619e-254
0.266667 -3.20001e-252 3.33202e-251 4.47527e-251
0.270833 -5.17176e-249 5.29924e-248 7.11713e-248
0.275 -7.4103e-246 7.47362e-245 1.0037e-244
0.279167 -9.44679e-243 9.37991e-242 1.25966e-241
0.283333 -1.07512e-239 1.0512e-238 1.41163e-238
0.2875 -1.09588e-236 1.05536e-235 1.41716e-235
0.291667 -1.00356e-233 9.52094e-233 1.27845e-232
0.295833 -8.28121e-231 7.7413e-230 1.03945e-229
0.3 -6.17508e-228 5.68895e-227 7.63849e-227
0.304167 -4.17228e-225 3.78892e-224 5.08718e-224
0.308333 -2.56106e-222 2.29294e-221 3.07852e-221
0.3125 -1.43175e-219 1.264e-218 1.69702e-218
0.316667 -7.30733e-217 6.36247e-216 8.54189e-216
0.320833 -3.4127e-214 2.93105e-213 3.93497e-213
0.325 -1.46166e-211 1.23851e-210 1.66269e-210
0.329167 -5.75349e-209 4.81043e-208 6.45783e-208
0.333333 -2.08565e-206 1.72091e-205 2.31023e-205
0.3375 -6.97643e-204 5.68175e-203 7.62733e-203
0.341667 -2.15741e-201 1.7345e-200 2.32842e-200
0.345833 -6.17918e-199 4.90492e-198 6.58435e-198
0.35 -1.64209e-196 1.28711e-195 1.7278e-195
0.354167 -4.05571e-194 3.13951e-193 4.21442e-193
0.358333 -9.3251e-192 7.12987e-191 9.57099e-191
0.3625 -1.99914e-189 1.50994e-188 2.02691e-188
0.366667 -4.00218e-187 2.98648e-186 4.00899e-186
0.370833 -7.49303e-185 5.52481e-184 7.41642e-184
0.375 -1.31384e-182 9.57306e-182 1.28508e-181
0.379167 -2.16047e-180 1.55581e-179 2.08853e-179
0.383333 -3.33621e-178 2.37472e-177 3.18786e-177
0.3875 -4.84414e-176 3.40858e-175 4.57579e-175
0.391667 -6.62185e-174 4.60659e-173 6.18415e-173
0.395833 -8.53224e-172 5.86887e-171 7.87883e-171
0.4 -1.03747e-169 7.0567e-169 9.47365e-169
0.404167 -1.19181e-167 8.017e-167 1.07631e-166
0.408333 -1.29488e-165 8.61506e-165 1.15663e-164
0.4125 -1.33202e-163 8.76599e-163 1.17692e-162
0.416667 -1.29864e-161 8.45443e-161 1.13512e-160
0.420833 -1.20116e-159 7.73644e-159 1.03875e-158
0.425 -1.05504e-157 6.72342e-157 9.02765e-157
0.429167 -8.80831e-156 5.5544e-155 7.45824e-155
0.433333 -6.99638e-154 4.36593e-153 5.86262e-153
0.4375 -5.29168e-152 3.26807e-151 4.38858e-151
0.441667 -3.81439e-150 2.3316e-149 3.13115e-149
0.445833 -2.62259e-148 1.58681e-147 2.13105e-147
0.45 -1.72132e-146 1.03099e-145 1.38466e-145
0.454167 -1.07934e-144 6.40004e-144 8.59591e-144
0.458333 -6.47071e-143 3.79877e-142 5.10239e-142
0.4625 -3.71166e-141 2.15753e-140 2.89807e-140
0.466667 -2.03854e-139 1.17337e-138 1.57621e-138
0.470833 -1.07278e-137 6.11486e-137 8.21463e-137
0.475 -5.41303e-136 3.05566e-135 4.10517e-135
0.479167 -2.62058e-134 1.46514e-133 1.96848e-133
0.483333 -1.21804e-132 6.74511e-132 9.06296e-132
0.4875 -5.43885e-131 2.98339e-130 4.00884e-130
0.491667 -2.33454e-129 1.26855e-128 1.70469e-128
0.495833 -9.63839e-128 5.18845e-127 6.97279e-127
0.5 -3.82974e-126 2.04248e-125 2.74509e-125
0.504167 -1.46535e-124 7.74301e-124 1.04074e-123
0.508333 -5.4021e-123 2.82837e-122 3.80191e-122
0.5125 -1.91984e-121 9.96024e-121 1.33897e-120
0.516667 -6.58082e-120 3.38328e-119 4.54855e-119
0.520833 -2.17684e-118 1.10908e-117 1.4912e-117
0.525 -6.95224e-117 3.51044e-116 4.72031e-116
0.529167 -2.14479e-115 1.07336e-114 1.44342e-114
0.533333 -6.3946e-114 3.17189e-113 4.26584e-113
0.5375 -1.84337e-112 9.06326e-112 1.21902e-111
0.541667 -5.14016e-111 2.50517e-110 3.36981e-110
0.545833 -1.38708e-109 6.70148e-109 9.0153e-109
0.55 -3.62385e-108 1.73568e-107 2.33519e-107
0.554167 -9.16999e-107 4.35429e-106 5.85888e-106
0.558333 -2.24841e-105 1.0585e-104 1.42441e-104
0.5625 -5.34395e-104 2.49441e-103 3.35703e-103
0.566667 -1.23169e-102 5.7005e-102 7.6727e-102
0.570833 -2.75398e-101 1.26385e-100 1.70129e-100
0.575 -5.97585e-100 2.71942e-99 3.66108e-99
0.579167 -1.25886e-98 5.68087e-98 7.64886e-98
0.583333 -2.57544e-97 1.15256e-96 1.55202e-96
0.5875 -5.11883e-96 2.27184e-95 3.05958e-95
0.591667 -9.88745e-95 4.35212e-94 5.86191e-94
0.595833 -1.85668e-93 8.10549e-93 1.09187e-92
0.6 -3.39056e-92 1.4681e-91 1.97789e-91
0.604167 -6.02316e-91 2.58681e-90 3.48551e-90
0.608333 -1.0412e-89 4.4355e-89 5.97727e-89
0.6125 -1.75197e-88 7.40327e-88 9.97794e-88
0.616667 -2.87037e-87 1.20319e-86 1.62185e-86
0.620833 -4.58027e-86 1.90459e-85 2.56766e-85
0.625 -7.12051e-85 2.93731e-84 3.96046e-84
0.629167 -1.07875e-83 4.41466e-83 5.95327e-83
0.633333 -1.59306e-82 6.46792e-82 8.72339e-82
0.6375 -2.29387e-81 9.23988e-81 1.24638e-80
0.641667 -3.22136e-80 1.28741e-79 1.73686e-79
0.645833 -4.41322e-79 1.74994e-78 2.36122e-78
0.65 -5.89967e-78 2.32111e-77 3.13239e-77
0.654167 -7.69767e-77 3.00498e-76 4.05592e-76
0.658333 -9.80519e-76 3.79807e-75 5.12718e-75
0.6625 -1.2196e-74 4.68771e-74 6.32916e-74
0.666667 -1.48166e-73 5.65113e-73 7.63115e-73
0.670833 -1.75849e-72 6.65553e-72 8.98894e-72
0.675 -2.03934e-71 7.65947e-71 1.03466e-70
0.679167 -2.31148e-70 8.6154e-70 1.16398e-69
0.683333 -2.56115e-69 9.47337e-69 1.28011e-68
0.6875 -2.77466e-68 1.01853e-67 1.37655e-67
0.691667 -2.93972e-67 1.07096e-66 1.44766e-66
0.695833 -3.04653e-66 1.1015e-65 1.4892e-65
0.7 -3.08884e-65 1.10839e-64 1.49879e-64
0.704167 -3.06446e-64 1.09139e-63 1.47606e-63
0.708333 -2.97553e-63 1.05178e-62 1.42275e-62
0.7125 -2.82815e-62 9.92216e-62 1.34242e-61
0.716667 -2.63177e-61 9.16433e-61 1.24012e-60
0.720833 -2.39813e-60 8.28863e-60 1.12183e-59
0.725 -2.14019e-59 7.3422e-59 9.93922e-59
0.729167 -1.87093e-58 6.37091e-58 8.62602e-58
0.733333 -1.60236e-57 5.41602e-57 7.33453e-57
0.7375 -1.3447e-56 4.51158e-56 6.11091e-56
0.741667 -1.10593e-55 3.68312e-55 4.98974e-55
0.745833 -8.91506e-55 2.94718e-54 3.9935e-54
0.75 -7.04506e-54 2.31188e-53 3.13328e-53
0.754167 -5.45846e-53 1.77809e-52 2.41032e-52
0.758333 -4.14708e-52 1.34102e-51 1.8182e-51
0.7625 -3.09003e-51 9.91896e-51 1.34512e-50
0.766667 -2.25833e-50 7.19627e-50 9.76095e-50
0.770833 -1.61911e-49 5.12171e-49 6.94847e-49
0.775 -1.13889e-48 3.5764e-48 4.853e-48
0.779167 -7.86074e-48 2.45049e-47 3.32589e-47
0.783333 -5.32441e-47 1.64775e-46 2.23685e-46
0.7875 -3.53964e-46 1.08746e-45 1.47655e-45
0.791667 -2.30981e-45 7.04474e-45 9.5674e-45
0.795833 -1.4797e-44 4.48023e-44 6.08586e-44
0.8 -9.30681e-44 2.79747e-43 3.80085e-43
0.804167 -5.74781e-43 1.71518e-42 2.33086e-42
0.808333 -3.48599e-42 1.0327e-41 1.40371e-41
0.8125 -2.07643e-41 6.10674e-41 8.30242e-41
0.816667 -1.21483e-40 3.54694e-40 4.8233e-40
0.820833 -6.98184e-40 2.02373e-39 2.75256e-39
0.825 -3.942e-39 1.13435e-38 1.54321e-38
0.829167 -2.18674e-38 6.24702e-38 8.50053e-38
0.833333 -1.19193e-37 3.38044e-37 4.60089e-37
0.8375 -6.38437e-37 1.79756e-36 2.44708e-36
0.841667 -3.36072e-36 9.39384e-36 1.27909e-35
0.845833 -1.73872e-35 4.82485e-35 6.57108e-35
0.85 -8.84189e-35 2.4358e-34 3.3181e-34
0.854167 -4.4199e-34 1.20879e-33 1.64699e-33
0.858333 -2.17202e-33 5.89713e-33 8.03668e-33
0.8625 -1.04937e-32 2.82842e-32 3.85544e-32
0.866667 -4.98474e-32 1.3338e-31 1.8185e-31
0.870833 -2.32825e-31 6.18455e-31 8.43384e-31
0.875 -1.06935e-30 2.81984e-30 3.84623e-30
0.879167 -4.82988e-30 1.26435e-29 1.72493e-29
0.883333 -2.14541e-29 5.57522e-29 7.60776e-29
0.8875 -9.37266e-29 2.41786e-28 3.30003e-28
0.891667 -4.02734e-28 1.03133e-27 1.40791e-27
0.895833 -1.70216e-27 4.32701e-27 5.90818e-27
0.9 -7.07666e-27 1.78574e-26 2.43878e-26
0.904167 -2.89417e-26 7.24953e-26 9.90265e-26
0.908333 -1.16441e-25 2.89522e-25 3.95557e-25
0.9125 -4.60882e-25 1.1375e-24 1.5544e-24
0.916667 -1.79471e-24 4.39676e-24 6.00937e-24
0.920833 -6.87599e-24 1.67203e-23 2.28572e-23
0.925 -2.59195e-23 6.25601e-23 8.55375e-23
0.929167 -9.61349e-23 2.30307e-22 3.14952e-22
0.933333 -3.50841e-22 8.34224e-22 1.14103e-21
0.9375 -1.25987e-21 2.97327e-21 4.06747e-21
0.941667 -4.4518e-21 1.04273e-20 1.42671e-20
0.945833 -1.54792e-20 3.59836e-20 4.92422e-20
0.95 -5.2963e-20 1.2219e-19 1.67238e-19
0.954167 -1.78325e-19 4.08293e-19 5.58903e-19
0.958333 -5.90839e-19 1.34251e-18 1.83799e-18
0.9625 -1.92641e-18 4.3438e-18 5.94778e-18
0.966667 -6.18091e-18 1.38304e-17 1.89398e-17
0.970833 -1.95154e-17 4.33319e-17 5.93473e-17
0.975 -6.06352e-17 1.33595e-16 1.82991e-16
0.979167 -1.85391e-16 4.05298e-16 5.55212e-16
0.983333 -5.57783e-16 1.20992e-15 1.6576e-15
0.9875 -1.65138e-15 3.55409e-15 4.86954e-15
0.991667 -4.81091e-15 1.02726e-14 1.40757e-14
0.995833 -1.37909e-14 2.92149e-14 4.00331e-14
1 -3.88987e-14 8.17493e-14 1.12026e-13
1.00417 -1.07954e-13 2.25064e-13 3.08428e-13
1.00833 -2.94771e-13 6.09611e-13 8.35425e-13
1.0125 -7.91877e-13 1.62445e-12 2.22618e-12
1.01667 -2.09285e-12 4.25837e-12 5.83568e-12
1.02083 -5.44127e-12 1.0981e-11 1.50479e-11
1.025 -1.39162e-11 2.78532e-11 3.81668e-11
1.02917 -3.50084e-11 6.94886e-11 9.52123e-11
1.03333 -8.66209e-11 1.70501e-10 2.33596e-10
1.0375 -2.10785e-10 4.11414e-10 5.63595e-10
1.04167 -5.04415e-10 9.76189e-10 1.33709e-09
1.04583 -1.18694e-09 2.27745e-09 3.11892e-09
1.05 -2.74609e-09 5.22375e-09 7.15239e-09
1.05417 -6.24601e-09 1.17783e-08 1.61233e-08
1.05833 -1.3965e-08 2.61036e-08 3.5724e-08
1.0625 -3.06887e-08 5.68563e-08 7.77878e-08
1.06667 -6.62753e-08 1.2169e-07 1.66436e-07
1.07083 -1.40637e-07 2.55897e-07 3.49862e-07
1.075 -2.93192e-07 5.28614e-07 7.22423e-07
1.07917 -6.00393e-07 1.0725e-06 1.46505e-06
1.08333 -1.20745e-06 2.13677e-06 2.91737e-06
1.0875 -2.38433e-06 4.17956e-06 5.70324e-06
1.09167 -4.62202e-06 8.02449e-06 1.09431e-05
1.09583 -8.79355e-06 1.51187e-05 2.06035e-05
1.1 -1.64154e-05 2.79449e-05 3.80544e-05
1.10417 -3.0059e-05 5.06596e-05 6.89294e-05
1.10833 -5.39758e-05 9.00435e-05 0.000122406
1.1125 -9.50134e-05 0.000156865 0.000213031
1.11667 -0.000163898 0.000267746 0.000363214
1.12083 -0.000276943 0.000447568 0.000606422
1.125 -0.000458193 0.000732386 0.00099101
1.12917 -0.000741885 0.00117259 0.00158433
1.13333 -0.00117496 0.00183583 0.00247644
1.1375 -0.00181904 0.00280885 0.00378218
1.14167 -0.0027511 0.00419688 0.00563992
1.14583 -0.00406147 0.006119 0.00820459
1.15 -0.00584784 0.00869746 0.0116327
1.15417 -0.00820366 0.0120394 0.016057
1.15833 -0.0111999 0.0162098 0.0215497
1.1625 -0.0148599 0.0211971 0.0280763
1.16667 -0.0191292 0.026874 0.0354437
1.17083 -0.0238439 0.0329611 0.0432532
1.175 -0.0287048 0.0390016 0.0508714
1.17917 -0.0332661 0.0443616 0.0574341
1.18333 -0.0369484 0.0482655 0.0619011
1.1875 -0.0390857 0.0498753 0.0631687
1.19167 -0.039008 0.048414 0.060239
1.19583 -0.0361566 0.0433189 0.0524277
1.2 -0.0302141 0.0343996 0.0395704
1.20417 -0.0212247 0.0219619 0.022179
1.20833 -0.00966871 0.00685775 0.0014915
1.2125 0.00353745 -0.00957284 -0.0206244
1.21667 0.0171368 -0.0256771 -0.0419242
1.22083 0.0297182 -0.0397602 -0.0601588
1.225 0.0399617 -0.0503951 -0.0734873
1.22917 0.0468847 -0.0566914 -0.0808206
1.23333 0.0500217 -0.0584444 -0.0819942
1.2375 0.0494814 -0.0561141 -0.0777117
1.24167 0.0458613 -0.0506413 -0.0692774
1.24583 0.0400483 -0.0431653 -0.0582187
1.25 0.0329826 -0.0347555 -0.0459463
1.25417 0.0254782 -0.0262648 -0.0335937
1.25833 0.0181727 -0.018361 -0.0220912
1.2625 0.0116189 -0.011706 -0.0124137
1.26667 0.00645181 -0.00715868 -0.00582439
1.27083 0.00350975 -0.00584662 -0.00390547
1.275 0.00378932 -0.00898721 -0.00824506
1.27917 0.00818458 -0.0174655 -0.0198257
1.28333 0.0170796 -0.03132 -0.0383548
1.2875 0.0299719 -0.049388 -0.061885
1.29167 0.0453381 -0.0693368 -0.0870052
1.29583 0.0608763 -0.0881592 -0.109642
1.3 0.074087 -0.102977 -0.126199
1.30417 0.0829719 -0.111816 -0.134533
1.30833 0.086535 -0.11399 -0.134299
1.3125 0.084837 -0.109894 -0.126471
1.31667 0.0785731 -0.10033 -0.112308
1.32083 0.0684048 -0.0857444 -0.0923305
1.325 0.0544343 -0.0658384 -0.0659524
1.32917 0.0361513 -0.0398247 -0.0320257
1.33333 0.0129218 -0.00722714 0.0099604
1.3375 -0.0152359 0.031215 0.0587116
1.34167 -0.0470396 0.0730737 0.110705
1.34583 -0.079875 0.114497 0.160806
1.35 -0.110344 0.151097 0.203619
1.35417 -0.135146 0.179005 0.234834
1.35833 -0.151825 0.19557 0.251898
1.3625 -0.159043 0.199462 0.253834
1.36667 -0.156387 0.190372 0.24062
1.37083 -0.144008 0.16872 0.212792
1.375 -0.122482 0.1357 0.171661
1.37917 -0.0930271 0.0936185 0.11992
1.38333 -0.0578316 0.0461092 0.0619907
1.3875 -0.020102 -0.00217254 0.00353027
1.39167 0.0164259 -0.0464505 -0.0498335
1.39583 0.0483452 -0.0828977 -0.0938526
1.4 0.0733167 -0.109258 -0.126237
1.40417 0.0902349 -0.124682 -0.146162
1.40833 0.0987893 -0.129034 -0.153254
1.4125 0.0988708 -0.122342 -0.147066
1.41667 0.0904187 -0.104964 -0.127668
1.42083 0.0739344 -0.0784088 -0.0969862
1.425 0.0512665 -0.0460762 -0.0596822
1.42917 0.0259012 -0.0130607 -0.0224984
1.43333 0.00223475 0.0152537 0.00798232
1.4375 -0.0159592 0.035144 0.027909
1.44167 -0.0269718 0.0458497 0.0373939
1.44583 -0.0315612 0.0493651 0.0395621
1.45 -0.0320426 0.0488756 0.0381149
1.45417 -0.0307126 0.0469246 0.0351513
1.45833 -0.0287065 0.0445192 0.0307001
1.4625 -0.0259912 0.0415922 0.0240107
1.46667 -0.0222841 0.0381721 0.0152863
1.47083 -0.0179881 0.0351407 0.00632397
1.475 -0.0143241 0.0339348 -0.000401591
1.47917 -0.0126035 0.0355294 -0.00329494
1.48333 -0.0133381 0.0396536 -0.002446
1.4875 -0.0159707 0.0449175 0.000899315
1.49167 -0.0193897 0.0496618 0.00550678
1.49583 -0.0226587 0.0527035 0.0107348
1.5 -0.0252558 0.0533402 0.0160232
1.50417 -0.0266814 0.0507901 0.0200237
1.50833 -0.0259993 0.0438682 0.0205957
1.5125 -0.0220005 0.0314923 0.0160794
1.51667 -0.0140555 0.0137367 0.00687422
1.52083 -0.00294369 -0.00753417 -0.00421578
1.525 0.00920099 -0.0292056 -0.0134894
1.52917 0.019979 -0.048378 -0.0186786
1.53333 0.0280589 -0.0636447 -0.0202309
1.5375 0.0336781 -0.0751725 -0.0204937
1.54167 0.0379203 -0.0836034 -0.0215488
1.54583 0.0414377 -0.0888232 -0.0235753
1.55 0.0437506 -0.0897217 -0.0250556
1.55417 0.0436943 -0.0851311 -0.024433
1.55833 0.0405351 -0.0750512 -0.0215858
1.5625 0.0347079 -0.0610371 -0.0178161
1.56667 0.0275459 -0.045414 -0.014537
1.57083 0.0203178 -0.0300156 -0.0120058
1.575 0.0134689 -0.0154902 -0.00925177
1.57917 0.00667872 -0.00162999 -0.00513074
1.58333 -0.00043973 0.0117096 0.00054055
1.5875 -0.00768595 0.0239323 0.0066983
1.59167 -0.0141867 0.0337533 0.0116497
1.59583 -0.0188438 0.0398391 0.0139879
1.6 -0.0209114 0.0415319 0.0132545
1.60417 -0.0203555 0.0392296 0.010195
1.60833 -0.0178968 0.0342556 0.00658635
1.6125 -0.0147484 0.0282684 0.00450232
1.61667 -0.0120659 0.0224441 0.00506539
1.62083 -0.0102723 0.0168767 0.00737828
1.625 -0.00870115 0.0107073 0.0087321
1.62917 -0.00603581 0.00311312 0.00648722
1.63333 -0.00148451 -0.00545325 0.000453244
1.6375 0.00415905 -0.012865 -0.00634907
1.64167 0.00863051 -0.0164084 -0.009662
1.64583 0.00970563 -0.0147607 -0.00739498
1.65 0.00701715 -0.0092776 -0.00154149
1.65417 0.00257521 -0.00333941 0.00328819
1.65833 -0.000637717 -7.94068e-05 0.00362376
1.6625 -0.000917816 -0.000275775 -9.52849e-05
1.66667 0.000978264 -0.00212844 -0.00417666
1.67083 0.00271812 -0.00302192 -0.00504787
1.675 0.00248376 -0.00167462 -0.00220131
1.67917 0.000378438 0.00112696 0.00181537
1.68333 -0.00197612 0.00359189 0.00397109
1.6875 -0.00304262 0.00456201 0.00324808
1.69167 -0.00257919 0.00421542 0.000940656
1.69583 -0.00149206 0.00346021 -0.000964542
1.7 -0.000780537 0.00289925 -0.00140968
1.70417 -0.000732181 0.00240588 -0.000565188
1.70833 -0.000969393 0.00149371 0.000813136
1.7125 -0.000971544 -0.000113512 0.00188588
1.71667 -0.000423139 -0.00223839 0.00183388
1.72083 0.000734614 -0.00430028 0.000188366
1.725 0.00222997 -0.00541843 -0.00243129
1.72917 0.00331055 -0.0046452 -0.0041287
1.73333 0.0029572 -0.00157688 -0.00302199
1.7375 0.000715909 0.00289517 0.000737028
1.74167 -0.00247631 0.00654505 0.0044073
1.74583 -0.00455081 0.00706105 0.00478358
1.75 -0.00387311 0.0038907 0.0013437
1.75417 -0.000832248 -0.000992231 -0.00286492
1.75833 0.0022433 -0.00442402 -0.00396269
1.7625 0.00306422 -0.0045511 -0.00111059
1.76667 0.00145839 -0.00223531 0.00254319
1.77083 -0.000566486 7.56707e-07 0.00307777
1.775 -0.000923721 0.000460443 -6.41865e-05
1.77917 0.000427853 -0.000282598 -0.00345444
1.78333 0.00156824 -0.000367753 -0.00334521
1.7875 0.000810572 0.00109428 0.000280059
1.79167 -0.00137817 0.00294404 0.00367658
1.79583 -0.00282816 0.00320832 0.003373
1.8 -0.00199813 0.00126684 -0.00014194
1.80417 0.000363783 -0.00141087 -0.00308389
1.80833 0.00203069 -0.00273033 -0.00255802
1.8125 0.0016523 -0.00201746 0.000417453
1.81667 5.7272e-05 -0.000454951 0.00231607
1.82083 -0.000863029 0.000431636 0.00118147
1.825 -0.000330623 0.000412998 -0.00130153
1.82917 0.000578341 0.00046079 -0.00199294
1.83333 0.000403857 0.00117659 -6.11305e-05
1.8375 -0.0008247 0.00178732 0.00210271
1.84167 -0.00157258 0.00104989 0.00182829
1.84583 -0.000678819 -0.000994087 -0.000591929
1.85 0.00112939 -0.0026622 -0.00226295
1.85417 0.00196553 -0.00232621 -0.0012195
1.85833 0.000955785 -0.00026378 0.00116462
1.8625 -0.000733508 0.00156513 0.00187646
1.86667 -0.00127432 0.00162704 3.35386e-05
1.87083 -0.00031235 0.000354215 -0.00195893
1.875 0.000727928 -0.000620984 -0.00140795
1.87917 0.000504848 -0.000457591 0.00117858
1.88333 -0.000563663 0.000134565 0.00256062
1.8875 -0.000909752 0.000112314 0.000785616
1.89167 8.94003e-05 -0.000457847 -0.0021991
1.89583 0.00122459 -0.000583942 -0.00273734
1.9 0.000941321 0.00021499 7.18278e-05
1.90417 -0.000646279 0.00115504 0.00310541
1.90833 -0.00175249 0.0010723 0.00280878
1.9125 -0.000996747 -0.000150621 -0.000590996
1.91667 0.000906658 -0.00129695 -0.00326518
1.92083 0.00185711 -0.00101852 -0.00215187
1.925 0.000697122 0.00068137 0.00155299
1.92917 -0.00143498 0.00219412 0.00372447
1.93333 -0.0022336 0.00172985 0.0018899
1.9375 -0.000678377 -0.000728514 -0.00203175
1.94167 0.00176374 -0.00297057 -0.00379617
1.94583 0.00254842 -0.00256408 -0.00146591
1.95 0.000753466 0.000397735 0.00239149
1.95417 -0.00178779 0.00299585 0.0034382
1.95833 -0.00236072 0.00252424 0.000427114
1.9625 -0.000399445 -0.000383081 -0.00322664
1.96667 0.00179831 -0.00245323 -0.00325098
1.97083 0.0017324 -0.00168741 0.000420891
1.975 -0.000305074 0.000392622 0.00340516
1.97917 -0.00163649 0.00102811 0.0020925
1.98333 -0.000616354 -0.000115153 -0.00186883
1.9875 0.00127989 -0.000852008 -0.00354138
1.99167 0.00143899 0.000161794 -0.000838683
1.99583 -0.000431287 0.00149705 0.00290625
2 -0.0019313 0.00106045 0.00319295
2.00417 -0.00110446 -0.000948769 -0.000111515
2.00833 0.00111458 -0.00233095 -0.00293314
2.0125 0.0021913 -0.0016696 -0.00219799
2.01667 0.00105986 0.000287312 0.000784175
2.02083 -0.000925746 0.00188435 0.00251127
2.025 -0.00182978 0.00211743 0.00149428
2.02917 -0.00108586 0.000874851 -0.000686877
2.03333 0.000411918 -0.00120042 -0.00174819
2.0375 0.00140664 -0.00262434 -0.000996807
2.04167 0.0011974 -0.00192441 0.000524999
2.04583 3.89866e-05 0.000562181 0.0012836
2.05 -0.00100319 0.00247776 0.00059009
2.05417 -0.000978009 0.00198954 -0.000726276
2.05833 -0.000115052 7.65898e-06 -0.00104908
2.0625 0.000426928 -0.00115996 0.000109003
2.06667 0.000118328 -0.000839927 0.00123369
2.07083 -0.000238922 -0.000286328 0.000678413
2.075 0.00013097 -0.00017677 -0.000897374
2.07917 0.000593492 0.00036095 -0.00124873
2.08333 4.21189e-05 0.00166711 0.000196928
2.0875 -0.00114852 0.0022206 0.00137619
2.09167 -0.00136442 0.000718082 0.000625801
2.09583 -9.21137e-05 -0.00160077 -0.000844755
2.1 0.00119623 -0.00226209 -0.000917177
2.10417 0.00104902 -0.000701847 0.000178889
2.10833 -8.96178e-05 0.00129777 0.000508664
2.1125 -0.000807444 0.00202932 -0.000270063
2.11667 -0.000688634 0.00134598 -0.000508335
2.12083 -0.000327425 -9.81693e-05 0.000410161
2.125 9.59791e-06 -0.0015612 0.000917345
2.12917 0.000508055 -0.00201963 -3.3715e-05
2.13333 0.000863631 -0.000801289 -0.00109725
2.1375 0.000470952 0.00111542 -0.000698056
2.14167 -0.000413011 0.00179562 0.000513494
2.14583 -0.000823214 0.000862946 0.000934184
2.15 -0.000525173 -6.12994e-05 0.000460913
2.15417 -0.000201896 4.17985e-05 -1.82364e-05
2.15833 -0.000100905 0.000286209 -0.000437507
2.1625 0.000197787 7.69445e-05 -0.000943473
2.16667 0.000419733 0.000524712 -0.000568683
2.17083 -0.000364283 0.00197019 0.00112519
2.175 -0.00166314 0.00215526 0.00200606
2.17917 -0.00137953 -0.000479663 -1.66029e-05
2.18333 0.000950096 -0.00322642 -0.00278153
2.1875 0.0025134 -0.00228687 -0.00199852
2.19167 0.000932936 0.0011973 0.0019207
2.19583 -0.00176493 0.00224901 0.00338068
2.2 -0.00168923 -0.000546542 -0.000166747
2.20417 0.00109458 -0.00298137 -0.00372263
2.20833 0.00257009 -0.00193155 -0.00195558
2.2125 0.000854063 0.000125751 0.0025577
2.21667 -0.00117685 -9.96632e-05 0.00320048
2.22083 -0.000664881 -0.00128481 -0.000639134
2.225 0.00101962 -0.000626429 -0.00310154
2.22917 0.00111751 0.00072926 -0.00110192
2.23333 -6.94882e-05 9.37457e-05 0.00172593
2.2375 -0.000486607 -0.00111176 0.00159677
2.24167 -0.000190307 0.000455932 -0.000155152
2.24583 -0.000608886 0.00332716 -0.000792074
2.25 -0.0011827 0.00269334 -0.000665348
2.25417 -0.000303222 -0.00118701 -0.000866061
2.25833 0.00103126 -0.00241435 -0.000251265
2.2625 0.000310166 0.0010351 0.00154307
2.26667 -0.00174833 0.00358673 0.00158198
2.27083 -0.00164173 0.0011671 -0.00158683
2.275 0.000932546 -0.00195218 -0.00371944
2.27917 0.0018466 -0.000441977 -0.000688907
2.28333 -0.000800251 0.00293723 0.00383662
2.2875 -0.0029922 0.00206603 0.00285423
2.29167 -0.000958146 -0.00198707 -0.00281011
2.29583 0.00251063 -0.00272069 -0.00487882
2.3 0.00223089 0.000812186 -0.000129252
2.30417 -0.00123039 0.00256661 0.00453741
2.30833 -0.00257332 -0.000267076 0.00258435
2.3125 -3.59357e-05 -0.00292399 -0.00269174
2.31667 0.00237596 -0.00130346 -0.00386864
2.32083 0.00142671 0.00179282 -0.000173658
2.325 -0.00105356 0.00211834 0.00288095
2.32917 -0.00187236 0.000474075 0.00206905
2.33333 -0.000842046 -0.000277071 -0.000567117
2.3375 0.000430939 -0.000438676 -0.00211331
2.34167 0.00123387 -0.00137605 -0.00173063
2.34583 0.00130725 -0.00162684 0.000188054
2.35 0.000144597 0.000323165 0.00218201
2.35417 -0.00143452 0.00207337 0.00177678
2.35833 -0.00125764 0.000718581 -0.00131436
2.3625 0.000854303 -0.00189582 -0.00321282
2.36667 0.00199544 -0.00189958 -0.000780301
2.37083 0.000404417 0.000368456 0.0028724
2.375 -0.00157351 0.00147374 0.00232339
2.37917 -0.00114471 0.000761847 -0.00168933
2.38333 0.000585372 0.000335496 -0.00316307
2.3875 0.000827127 0.000382291 -0.000227209
2.39167 -0.000290321 -0.000407949 0.00226808
2.39583 -0.000665186 -0.00074393 0.000895173
2.4 -0.000249554 0.00141757 -0.00145484
2.40417 -0.000508877 0.00359845 -0.00135958
2.40833 -0.000960436 0.00162132 -0.000191971
2.4125 -0.000105848 -0.00238612 -0.000240466
2.41667 0.000933737 -0.00197089 -0.000305958
2.42083 -0.000106167 0.00268899 0.000777016
2.425 -0.00191509 0.00392821 0.000625505
2.42917 -0.0010692 -0.000583741 -0.00197729
2.43333 0.0015665 -0.00293895 -0.00298833
2.4375 0.00125259 0.00185161 0.000587092
2.44167 -0.00247244 0.00636386 0.00395752
2.44583 -0.0038575 0.00260197 0.0011191
2.45 -0.000115261 -0.0037752 -0.00444059
2.45417 0.00313565 -0.00195478 -0.0039728
2.45833 0.000420379 0.00576584 0.00235622
2.4625 -0.00435474 0.00701103 0.0047945
2.46667 -0.00373271 -0.000343138 -0.00070271
2.47083 0.00130742 -0.00442959 -0.00577893
2.475 0.00288401 0.00108342 -0.00287577
2.47917 -0.00113068 0.00672769 0.00298503
2.48333 -0.0040412 0.0032307 0.0027013
2.4875 -0.00144628 -0.00337666 -0.0025604
2.49167 0.0021017 -0.00256306 -0.00422603
2.49583 0.00123697 0.00309584 -0.000352904
2.5 -0.00168799 0.00325821 0.00242452
2.50417 -0.00150852 -0.00208961 0.000584786
2.50833 0.000893507 -0.00320428 -0.00139262
2.5125 0.00092569 0.00186976 0.000249849
2.51667 -0.00124514 0.00370414 0.00253768
2.52083 -0.00123636 -0.00203931 0.00207481
2.525 0.00146503 -0.00689299 0.00117868
2.52917 0.00252579 -0.00402536 0.00302034
2.53333 0.000528178 0.000167425 0.00541408
2.5375 -0.000440044 -0.00284489 0.00485602
2.54167 0.00200453 -0.00925487 0.00330599
2.54583 0.00424698 -0.00968843 0.00503916
2.55 0.00286937 -0.00504641 0.0088641
2.55417 0.000540009 -0.00434651 0.00971666
2.55833 0.00139681 -0.00912406 0.00729886
2.5625 0.00399008 -0.0114411 0.00681272
2.56667 0.00389845 -0.00802837 0.0102771
2.57083 0.00130688 -0.00554951 0.0131078
2.575 0.000543348 -0.00853559 0.0116412
2.57917 0.00267388 -0.0116032 0.00886634
2.58333 0.00389007 -0.00903657 0.00914197
2.5875 0.00203784 -0.00444743 0.0112141
2.59167 -3.88141e-05 -0.00415916 0.010799
2.59583 0.000480508 -0.00660113 0.00752345
2.6 0.00200197 -0.00575306 0.00477247
2.60417 0.00173567 -0.00157345 0.00387621
2.60833 0.000295671 0.000602314 0.00269227
2.6125 0.000105899 -0.00059285 -0.000185169
2.61667 0.00122098 -0.000973831 -0.00343735
2.62083 0.0017361 0.00152245 -0.00577317
2.625 0.00121424 0.00393775 -0.00779139
2.62917 0.00094541 0.00419091 -0.0102465
2.63333 0.00129221 0.00454354 -0.0126286
2.6375 0.00116349 0.00719951 -0.014345
2.64167 9.99729e-05 0.010534 -0.0157177
2.64583 -0.00100241 0.0119961 -0.0171315
2.65 -0.00141138 0.011845 -0.0184458
2.65417 -0.00137896 0.011862 -0.0196535
2.65833 -0.00130555 0.012404 -0.0209953
2.6625 -0.00117958 0.0125205 -0.0222643
2.66667 -0.000893246 0.0115844 -0.0231317
2.67083 -0.000269048 0.00958332 -0.0241083
2.675 0.00105866 0.00691933 -0.0258444
2.67917 0.00300616 0.0045331 -0.0275315
2.68333 0.00466175 0.00298299 -0.0275411
2.6875 0.00542615 0.00117878 -0.0257545
2.69167 0.00604973 -0.00236911 -0.0235793
2.69583 0.00745238 -0.00688381 -0.0212903
2.7 0.00894474 -0.0098645 -0.017115
2.70417 0.0089165 -0.0106283 -0.009792
2.70833 0.00707935 -0.0110387 -0.000562091
2.7125 0.00464371 -0.0119315 0.00849936
2.71667 0.0022256 -0.0112738 0.0170194
2.72083 -0.000990821 -0.00744118 0.0259244
2.725 -0.00556713 -0.00225506 0.0351505
2.72917 -0.0105059 0.00136995 0.0430269
2.73333 -0.0143552 0.00339952 0.0478602
2.7375 -0.0167785 0.00595788 0.0492743
2.74167 -0.0182735 0.00941656 0.0479221
2.74583 -0.0189427 0.0117133 0.0444629
2.75 -0.0183792 0.0116642 0.0389972
2.75417 -0.0164944 0.0107072 0.0312554
2.75833 -0.0137139 0.0105114 0.0213124
2.7625 -0.010386 0.0104964 0.0102239
2.76667 -0.00657041 0.00895744 -0.000244782
2.77083 -0.00246763 0.00566366 -0.00883273
2.775 0.00143908 0.00201655 -0.0156282
2.77917 0.00484441 -0.000957047 -0.0213497
2.78333 0.00783631 -0.00355651 -0.0258254
2.7875 0.0104122 -0.00630823 -0.0277379
2.79167 0.012092 -0.00883825 -0.0262212
2.79583 0.0123563 -0.0101984 -0.0222841
2.8 0.0113232 -0.0099024 -0.0179888
2.80417 0.00967034 -0.00843159 -0.014306
2.80833 0.00794212 -0.00686178 -0.0105022
2.8125 0.00619341 -0.00589525 -0.00583066
2.81667 0.00428408 -0.00513315 -0.00108055
2.82083 0.00228492 -0.00367642 0.00213097
2.825 0.000565607 -0.00165118 0.00322487
2.82917 -0.000445556 -0.000375922 0.00324908
2.83333 -0.000733843 -0.00037929 0.00369438
2.8375 -0.00098366 -0.000176539 0.00503274
2.84167 -0.00200053 0.00171743 0.00636897
2.84583 -0.00359038 0.00421655 0.00646852
2.85 -0.00450283 0.00481394 0.00527105
2.85417 -0.00397969 0.0031312 0.00414527
2.85833 -0.00285509 0.00143646 0.00410169
2.8625 -0.00235455 0.00126274 0.00406043
2.86667 -0.00221119 0.00134798 0.00200203
2.87083 -0.00104681 -0.000143643 -0.00204621
2.875 0.00142356 -0.00279602 -0.00548715
2.87917 0.0036871 -0.00454942 -0.00622724
2.88333 0.00426581 -0.00429397 -0.0050827
2.8875 0.003382 -0.00281111 -0.00416417
2.89167 0.00231447 -0.0015595 -0.00384266
2.89583 0.00171668 -0.00119362 -0.00263793
2.9 0.00111955 -0.00104461 0.000256126
2.90417 -0.000158451 8.50733e-05 0.00351175
2.90833 -0.00195484 0.00223417 0.00489101
2.9125 -0.00313477 0.00373198 0.00346186
2.91667 -0.0026897 0.00325799 0.000603203
2.92083 -0.00112388 0.00200129 -0.00116648
2.925 -0.000229822 0.00222851 -0.00075354
2.92917 -0.000937095 0.00387834 0.000280689
2.93333 -0.00199158 0.0045659 -0.000114491
2.9375 -0.00172141 0.00331131 -0.00135632
2.94167 -0.000573487 0.00209622 -0.000877546
2.94583 -0.000478311 0.00273321 0.00180706
2.95 -0.00182296 0.00415088 0.00368794
2.95417 -0.00269899 0.0042793 0.00216746
2.95833 -0.00165035 0.00316561 -0.00119818
2.9625 0.000228277 0.00253407 -0.00260395
2.96667 0.00081525 0.00313668 -0.000715626
2.97083 -0.000340033 0.00406525 0.00227595
2.975 -0.00177298 0.00427795 0.00392776
2.97917 -0.00208783 0.00372038 0.00427781
2.98333 -0.00142345 0.00312135 0.00507512
2.9875 -0.000975218 0.00313573 0.00713355
2.99167 -0.0013128 0.00332401 0.00885033
2.99583 -0.00129406 0.00210961 0.00762194
