0 0 0 0
0.00416667 0 0 0
0.00833333 0 0 0
0.0125 0 0 0
0.0166667 0 0 0
0.0208333 0 0 0
0.025 0 0 0
0.0291667 0 0 0
0.0333333 0 0 0
0.0375 0 0 0
0.0416667 0 0 0
0.0458333 0 0 0
0.05 0 0 0
0.0541667 0 0 0
0.0583333 0 0 0
0.0625 0 0 0
0.0666667 0 0 0
0.0708333 0 0 0
0.075 0 0 0
0.0791667 0 0 0
0.0833333 0 0 0
0.0875 0 0 0
0.0916667 0 0 0
0.0958333 0 0 0
0.1 0 0 0
0.104167 0 0 0
0.108333 0 0 0
0.1125 0 0 0
0.116667 0 0 0
0.120833 0 0 0
0.125 0 0 0
0.129167 0 0 0
0.133333 0 0 0
0.1375 0 0 0
0.141667 0 0 0
0.145833 0 0 0
0.15 0 0 0
0.154167 0 0 0
0.158333 0 0 0
0.1625 0 0 0
0.166667 0 0 0
0.170833 0 0 0
0.175 0 0 0
0.179167 0 0 0
0.183333 0 0 0
0.1875 0 0 0
0.191667 0 0 0
0.195833 0 0 0
0.2 0 0 0
0.204167 0 0 0
0.208333 0 0 0
0.2125 0 0 0
0.216667 0 0 0
0.220833 0 0 0
0.225 0 0 0
0.229167 0 0 0
0.233333 0 0 1.03754e-322
0.2375 -2.35719e-320 -9.68369e-322 5.67395e-319
0.241667 -3.4913e-317 -1.62296e-318 8.20709e-316
0.245833 -4.51974e-314 -2.05433e-315 1.04408e-312
0.25 -5.16844e-311 -2.29691e-312 1.17362e-309
0.254167 -5.2421e-308 -2.27801e-309 1.17043e-306
0.258333 -4.73416e-305 -2.01198e-306 1.03961e-303
0.2625 -3.82104e-302 -1.58844e-303 8.25496e-301
0.266667 -2.76601e-299 -1.125e-300 5.88035e-298
0.270833 -1.80185e-296 -7.17197e-298 3.77044e-295
0.275 -1.05966e-293 -4.12891e-295 2.18309e-292
0.279167 -5.64328e-291 -2.15319e-292 1.14489e-289
0.283333 -2.72947e-288 -1.02013e-289 5.45433e-287
0.2875 -1.20232e-285 -4.40323e-287 2.36705e-284
0.291667 -4.83637e-283 -1.73619e-284 9.3826e-282
0.295833 -1.78108e-280 -6.26968e-282 3.40561e-279
0.3 -6.01971e-278 -2.07864e-279 1.1347e-276
0.304167 -1.87161e-275 -6.34186e-277 3.47857e-274
0.308333 -5.36512e-273 -1.78458e-274 9.83393e-272
0.3125 -1.42103e-270 -4.64161e-272 2.56918e-269
0.316667 -3.4849e-268 -1.11819e-269 6.21587e-267
0.320833 -7.92869e-266 -2.49996e-267 1.39544e-264
0.325 -1.67675e-263 -5.19699e-265 2.91238e-262
0.329167 -3.30209e-261 -1.00639e-262 5.66125e-260
0.333333 -6.06642e-259 -1.8186e-260 1.02676e-257
0.3375 -1.04145e-256 -3.07187e-258 1.74043e-255
0.341667 -1.67347e-254 -4.85813e-256 2.76176e-253
0.345833 -2.52091e-252 -7.20476e-254 4.10903e-251
0.35 -3.56547e-250 -1.00348e-251 5.74088e-249
0.354167 -4.74174e-248 -1.31454e-249 7.5429e-247
0.358333 -5.93788e-246 -1.62188e-247 9.33326e-245
0.3625 -7.01122e-244 -1.8873e-245 1.08907e-242
0.366667 -7.81623e-242 -2.074e-243 1.19999e-240
0.370833 -8.23752e-240 -2.1551e-241 1.25011e-238
0.375 -8.21723e-238 -2.12008e-239 1.23284e-236
0.379167 -7.76788e-236 -1.97687e-237 1.1523e-234
0.383333 -6.9667e-234 -1.7492e-235 1.02194e-232
0.3875 -5.93449e-232 -1.47034e-233 8.60935e-231
0.391667 -4.80662e-230 -1.17539e-231 6.89706e-229
0.395833 -3.70553e-228 -8.94493e-230 5.2597e-227
0.4 -2.72178e-226 -6.48698e-228 3.82207e-225
0.404167 -1.90666e-224 -4.48747e-226 2.64911e-223
0.408333 -1.27504e-222 -2.96389e-224 1.75299e-221
0.4125 -8.14711e-221 -1.87078e-222 1.10849e-219
0.416667 -4.97852e-219 -1.12946e-220 6.70421e-218
0.420833 -2.912e-217 -6.52789e-219 3.88149e-216
0.425 -1.63169e-215 -3.61491e-217 2.15303e-214
0.429167 -8.76592e-214 -1.91952e-215 1.14513e-212
0.433333 -4.51868e-212 -9.78145e-214 5.8446e-211
0.4375 -2.23674e-210 -4.78693e-212 2.86473e-209
0.441667 -1.06397e-208 -2.25153e-210 1.34948e-207
0.445833 -4.86716e-207 -1.01854e-208 6.11382e-206
0.45 -2.14266e-205 -4.43464e-207 2.66583e-204
0.454167 -9.08371e-204 -1.85959e-205 1.11949e-202
0.458333 -3.71103e-202 -7.51519e-204 4.53071e-201
0.4625 -1.46194e-200 -2.9289e-202 1.76828e-199
0.466667 -5.55698e-199 -1.1015e-200 6.65957e-198
0.470833 -2.03935e-197 -3.99982e-199 2.4217e-196
0.475 -7.23018e-196 -1.40323e-197 8.50803e-195
0.479167 -2.47777e-194 -4.75885e-196 2.88953e-193
0.483333 -8.21248e-193 -1.56099e-194 9.49203e-192
0.4875 -2.63408e-191 -4.95517e-193 3.01762e-190
0.491667 -8.18009e-190 -1.52303e-191 9.28915e-189
0.495833 -2.46088e-188 -4.53497e-190 2.77026e-187
0.5 -7.1754e-187 -1.3088e-188 8.00791e-186
0.504167 -2.02882e-185 -3.66281e-187 2.24486e-184
0.508333 -5.56534e-184 -9.94508e-186 6.10575e-183
0.5125 -1.48183e-182 -2.62093e-184 1.61204e-181
0.516667 -3.83144e-181 -6.70732e-183 4.13332e-180
0.520833 -9.62456e-180 -1.66756e-181 1.02968e-178
0.525 -2.34988e-178 -4.02941e-180 2.49334e-177
0.529167 -5.57881e-177 -9.46686e-179 5.87107e-176
0.533333 -1.2884e-175 -2.16348e-177 1.34491e-174
0.5375 -2.89571e-174 -4.81123e-176 2.99841e-173
0.541667 -6.33614e-173 -1.04155e-174 6.50845e-172
0.545833 -1.3503e-171 -2.19579e-173 1.37603e-170
0.55 -2.80375e-170 -4.5097e-172 2.83467e-169
0.554167 -5.67429e-169 -9.02615e-171 5.69202e-168
0.558333 -1.11971e-167 -1.7612e-169 1.11449e-166
0.5625 -2.15517e-166 -3.35126e-168 2.12858e-165
0.566667 -4.04748e-165 -6.2207e-167 3.96694e-164
0.570833 -7.41936e-164 -1.12675e-165 7.21643e-163
0.575 -1.32792e-162 -1.99192e-164 1.28184e-161
0.579167 -2.32136e-161 -3.4374e-163 2.224e-160
0.583333 -3.96479e-160 -5.78963e-162 3.77017e-159
0.5875 -6.61822e-159 -9.51186e-161 6.24672e-158
0.591667 -1.08005e-157 -1.52166e-159 1.01192e-156
0.595833 -1.72376e-156 -2.36025e-158 1.60317e-155
0.6 -2.69145e-155 -3.51419e-157 2.48488e-154
0.604167 -4.11301e-154 -4.90054e-156 3.76955e-153
0.608333 -6.15513e-153 -5.97557e-155 5.5995e-152
0.6125 -9.02802e-152 -4.77203e-154 8.15089e-151
0.616667 -1.29976e-150 4.79935e-153 1.16408e-149
0.620833 -1.84173e-149 4.02714e-151 1.63471e-148
0.625 -2.58164e-148 1.49876e-149 2.26653e-147
0.629167 -3.61398e-147 4.61655e-148 3.1267e-146
0.633333 -5.1367e-146 1.30494e-146 4.35103e-145
0.6375 -7.6041e-145 3.50188e-145 6.24513e-144
0.641667 -1.20897e-143 9.04587e-144 9.52319e-143
0.645833 -2.11177e-142 2.26337e-142 1.58514e-141
0.65 -4.05074e-141 5.50216e-141 2.90435e-140
0.654167 -8.33363e-140 1.30158e-139 5.76099e-139
0.658333 -1.78199e-138 2.99891e-138 1.20023e-137
0.6625 -3.85903e-137 6.73383e-137 2.55274e-136
0.666667 -8.32201e-136 1.47419e-135 5.43388e-135
0.670833 -1.77006e-134 3.14769e-134 1.14411e-133
0.675 -3.69449e-133 6.557e-133 2.36764e-132
0.679167 -7.54798e-132 1.33297e-131 4.79996e-131
0.683333 -1.50765e-130 2.64516e-130 9.51812e-130
0.6875 -2.94272e-129 5.12527e-129 1.84482e-128
0.691667 -5.61203e-128 9.69892e-128 3.49418e-127
0.695833 -1.04576e-126 1.793e-126 6.46723e-126
0.7 -1.90436e-125 3.23886e-125 1.16983e-124
0.704167 -3.38958e-124 5.71828e-124 2.06837e-123
0.708333 -5.89813e-123 9.86959e-123 3.57539e-122
0.7125 -1.00357e-121 1.66569e-121 6.04364e-121
0.716667 -1.67009e-120 2.74947e-120 9.99189e-120
0.720833 -2.71887e-119 4.43977e-119 1.61609e-118
0.725 -4.33095e-118 7.01492e-118 2.55766e-117
0.729167 -6.75179e-117 1.08475e-116 3.96163e-116
0.733333 -1.03036e-115 1.64198e-115 6.0069e-115
0.7375 -1.53949e-114 2.43352e-114 8.91785e-114
0.741667 -2.25256e-113 3.53194e-113 1.29656e-112
0.745833 -3.2283e-112 5.02101e-112 1.84643e-111
0.75 -4.53266e-111 6.99286e-111 2.57613e-110
0.754167 -6.23589e-110 9.54306e-110 3.52193e-109
0.758333 -8.408e-109 1.27635e-108 4.71904e-108
0.7625 -1.11126e-107 1.67335e-107 6.19823e-107
0.766667 -1.43996e-106 2.15087e-106 7.98183e-106
0.770833 -1.82968e-105 2.71102e-105 1.00794e-104
0.775 -2.28014e-104 3.35133e-104 1.24838e-103
0.779167 -2.78734e-103 4.06391e-103 1.51673e-102
0.783333 -3.34299e-102 4.83491e-102 1.80799e-101
0.7875 -3.93431e-101 5.64446e-101 2.11486e-100
0.791667 -4.54427e-100 6.46723e-100 2.42796e-99
0.795833 -5.15218e-99 7.27357e-99 2.73616e-98
0.8 -5.73483e-98 8.03118e-98 3.02729e-97
0.804167 -6.26788e-97 8.70728e-97 3.28888e-96
0.808333 -6.72758e-96 9.27094e-96 3.50904e-95
0.8125 -7.09255e-95 9.6955e-95 3.67742e-94
0.816667 -7.34541e-94 9.96062e-94 3.78598e-93
0.820833 -7.47419e-93 1.0054e-92 3.82963e-92
0.825 -7.47327e-92 9.97206e-92 3.80665e-91
0.829167 -7.34374e-91 9.72058e-91 3.71875e-90
0.833333 -7.09326e-90 9.31367e-90 3.57094e-89
0.8375 -6.73529e-89 8.77264e-89 3.371e-88
0.841667 -6.28795e-88 8.12419e-88 3.12885e-87
0.845833 -5.77246e-87 7.39824e-87 2.85575e-86
0.85 -5.2116e-86 6.62572e-86 2.56342e-85
0.854167 -4.62803e-85 5.83647e-85 2.26331e-84
0.858333 -4.04288e-84 5.0575e-84 1.96583e-83
0.8625 -3.47465e-83 4.31166e-83 1.67989e-82
0.866667 -2.9384e-82 3.61685e-82 1.41254e-81
0.870833 -2.44536e-81 2.9857e-81 1.16886e-80
0.875 -2.00291e-80 2.42575e-80 9.51961e-80
0.879167 -1.61479e-79 1.93989e-79 7.63164e-79
0.883333 -1.28162e-78 1.5272e-78 6.02299e-78
0.8875 -1.00147e-77 1.18371e-77 4.68006e-77
0.891667 -7.70557e-77 9.03404e-77 3.58083e-76
0.895833 -5.83859e-76 6.78968e-76 2.69811e-75
0.9 -4.35707e-75 5.0257e-75 2.00228e-74
0.904167 -3.20266e-74 3.66413e-74 1.46362e-73
0.908333 -2.31902e-73 2.63159e-73 1.05394e-72
0.9125 -1.65433e-72 1.86201e-72 7.47708e-72
0.916667 -1.1628e-71 1.29811e-71 5.22664e-71
0.920833 -8.05385e-71 8.91759e-71 3.60024e-70
0.925 -5.49738e-70 6.03718e-70 2.444e-69
0.929167 -3.69834e-69 4.02823e-69 1.63522e-68
0.933333 -2.45244e-68 2.6493e-68 1.07845e-67
0.9375 -1.60315e-67 1.71761e-67 7.01146e-67
0.941667 -1.03317e-66 1.09783e-66 4.49416e-66
0.945833 -6.56502e-66 6.91841e-66 2.84026e-65
0.95 -4.11342e-65 4.29907e-65 1.77001e-64
0.954167 -2.54164e-64 2.63439e-64 1.08779e-63
0.958333 -1.54884e-63 1.59206e-63 6.59324e-63
0.9625 -9.30932e-63 9.48974e-63 3.94165e-62
0.966667 -5.51935e-62 5.57955e-62 2.32445e-61
0.970833 -3.22813e-61 3.23617e-61 1.35226e-60
0.975 -1.86271e-60 1.85177e-60 7.76137e-60
0.979167 -1.06049e-59 1.04544e-59 4.39527e-59
0.983333 -5.95758e-59 5.82384e-59 2.45606e-58
0.9875 -3.3027e-58 3.20144e-58 1.35436e-57
0.991667 -1.80692e-57 1.73678e-57 7.37059e-57
0.995833 -9.7569e-57 9.29907e-57 3.95894e-56
1 -5.20023e-56 4.91431e-56 2.09893e-55
1.00417 -2.73591e-55 2.56358e-55 1.09847e-54
1.00833 -1.42097e-54 1.32015e-54 5.67526e-54
1.0125 -7.28617e-54 6.71158e-54 2.89481e-53
1.01667 -3.68875e-53 3.36884e-53 1.45788e-52
1.02083 -1.84397e-52 1.66963e-52 7.24973e-52
1.025 -9.10232e-52 8.17103e-52 3.56e-51
1.02917 -4.43717e-51 3.9489e-51 1.72638e-50
1.03333 -2.1362e-50 1.88473e-50 8.26814e-50
1.0375 -1.01576e-49 8.88431e-50 3.91107e-49
1.04167 -4.77069e-49 4.13645e-49 1.82737e-48
1.04583 -2.21329e-48 1.90234e-48 8.43387e-48
1.05 -1.01436e-47 8.64236e-48 3.84526e-47
1.05417 -4.59268e-47 3.8787e-47 1.732e-46
1.05833 -2.05442e-46 1.7198e-46 7.70765e-46
1.0625 -9.08e-46 7.53405e-46 3.389e-45
1.06667 -3.96535e-45 3.26112e-45 1.47239e-44
1.07083 -1.71121e-44 1.39482e-44 6.32121e-44
1.075 -7.29746e-44 5.89526e-44 2.68181e-43
1.07917 -3.07549e-43 2.46234e-43 1.12442e-42
1.08333 -1.28101e-42 1.01643e-42 4.6594e-42
1.0875 -5.27365e-42 4.14676e-42 1.90832e-41
1.09167 -2.14592e-41 1.67213e-41 7.72532e-41
1.09583 -8.63135e-41 6.66471e-41 3.09134e-40
1.1 -3.43187e-40 2.62581e-40 1.22283e-39
1.10417 -1.34894e-39 1.02268e-39 4.78181e-39
1.10833 -5.24181e-39 3.93756e-39 1.84863e-38
1.1125 -2.01382e-38 1.49882e-38 7.06572e-38
1.11667 -7.64946e-38 5.64057e-38 2.67014e-37
1.12083 -2.87296e-37 2.0988e-37 9.97702e-37
1.125 -1.06694e-36 7.72165e-37 3.68618e-36
1.12917 -3.9181e-36 2.80905e-36 1.34673e-35
1.13333 -1.42285e-35 1.0105e-35 4.86554e-35
1.1375 -5.10982e-35 3.59468e-35 1.73838e-34
1.14167 -1.81483e-34 1.26458e-34 6.14244e-34
1.14583 -6.37479e-34 4.3996e-34 2.14652e-33
1.15 -2.21469e-33 1.51383e-33 7.419e-33
1.15417 -7.61011e-33 5.15171e-33 2.53622e-32
1.15833 -2.58654e-32 1.73402e-32 8.57583e-32
1.1625 -8.69584e-32 5.77299e-32 2.86832e-31
1.16667 -2.8919e-31 1.9011e-31 9.48981e-31
1.17083 -9.51372e-31 6.19268e-31 3.10584e-30
1.175 -3.09618e-30 1.99544e-30 1.00556e-29
1.17917 -9.96837e-30 6.36061e-30 3.22075e-29
1.18333 -3.17511e-29 2.00572e-29 1.02056e-28
1.1875 -1.00056e-28 6.25699e-29 3.19939e-28
1.19167 -3.11951e-28 1.93107e-28 9.92326e-28
1.19583 -9.6229e-28 5.89626e-28 3.04518e-27
1.2 -2.93705e-27 1.78121e-27 9.24597e-27
1.20417 -8.86979e-27 5.3238e-27 2.7777e-26
1.20833 -2.65047e-26 1.57438e-26 8.25702e-26
1.2125 -7.83703e-26 4.60665e-26 2.4287e-25
1.21667 -2.29302e-25 1.33371e-25 7.06887e-25
1.22083 -6.63901e-25 3.82069e-25 2.03591e-24
1.225 -1.90215e-24 1.08303e-24 5.80241e-24
1.22917 -5.39314e-24 3.03781e-24 1.63647e-23
1.23333 -1.51322e-23 8.43162e-24 4.56739e-23
1.2375 -4.2018e-23 2.31579e-23 1.26151e-22
1.24167 -1.15464e-22 6.29407e-23 3.44817e-22
1.24583 -3.14009e-22 1.69283e-22 9.32746e-22
1.25 -8.45141e-22 4.50554e-22 2.49703e-21
1.25417 -2.2512e-21 1.1867e-21 6.61566e-21
1.25833 -5.93473e-21 3.09313e-21 1.73467e-20
1.2625 -1.54844e-20 7.97851e-21 4.50154e-20
1.26667 -3.99852e-20 2.03664e-20 1.15613e-19
1.27083 -1.02193e-19 5.14493e-20 2.93874e-19
1.275 -2.58498e-19 1.28623e-19 7.39303e-19
1.27917 -6.47164e-19 3.18222e-19 1.84075e-18
1.28333 -1.60359e-18 7.79146e-19 4.53608e-18
1.2875 -3.93276e-18 1.88791e-18 1.10631e-17
1.29167 -9.54607e-18 4.52709e-18 2.67049e-17
1.29583 -2.29338e-17 1.07431e-17 6.37993e-17
1.3 -5.45321e-17 2.52295e-17 1.50853e-16
1.30417 -1.28337e-16 5.86349e-17 3.53022e-16
1.30833 -2.9893e-16 1.34855e-16 8.17635e-16
1.3125 -6.8914e-16 3.06929e-16 1.87422e-15
1.31667 -1.57239e-15 6.91294e-16 4.25193e-15
1.32083 -3.55079e-15 1.54076e-15 9.54657e-15
1.325 -7.93589e-15 3.3982e-15 2.12129e-14
1.32917 -1.75537e-14 7.41646e-15 4.66488e-14
1.33333 -3.84269e-14 1.60165e-14 1.01522e-13
1.3375 -8.32513e-14 3.42259e-14 2.1865e-13
1.34167 -1.78496e-13 7.23679e-14 4.66019e-13
1.34583 -3.78735e-13 1.51401e-13 9.82903e-13
1.35 -7.95254e-13 3.13396e-13 2.05145e-12
1.35417 -1.65245e-12 6.41833e-13 4.23686e-12
1.35833 -3.39774e-12 1.30048e-12 8.65859e-12
1.3625 -6.91321e-12 2.60686e-12 1.75088e-11
1.36667 -1.39182e-11 5.16952e-12 3.50314e-11
1.37083 -2.7726e-11 1.0141e-11 6.93483e-11
1.375 -5.46481e-11 1.96784e-11 1.35823e-10
1.37917 -1.06569e-10 3.77706e-11 2.6318e-10
1.38333 -2.05605e-10 7.17053e-11 5.04493e-10
1.3875 -3.92435e-10 1.34635e-10 9.56664e-10
1.39167 -7.40985e-10 2.50002e-10 1.7945e-09
1.39583 -1.38401e-09 4.59074e-10 3.32954e-09
1.4 -2.557e-09 8.33573e-10 6.1102e-09
1.40417 -4.67261e-09 1.49656e-09 1.109e-08
1.40833 -8.44502e-09 2.65644e-09 1.9906e-08
1.4125 -1.50947e-08 4.66147e-09 3.53332e-08
1.41667 -2.66808e-08 8.08579e-09 6.20149e-08
1.42083 -4.6633e-08 1.3863e-08 1.07619e-07
1.425 -8.05885e-08 2.349e-08 1.84639e-07
1.42917 -1.3769e-07 3.93323e-08 3.13157e-07
1.43333 -2.32563e-07 6.50737e-08 5.25006e-07
1.4375 -3.88284e-07 1.06364e-07 8.69934e-07
1.44167 -6.40741e-07 1.71735e-07 1.42456e-06
1.44583 -1.04495e-06 2.73863e-07 2.30515e-06
1.45 -1.68397e-06 4.31272e-07 3.68543e-06
1.45417 -2.68135e-06 6.70557e-07 5.82093e-06
1.45833 -4.21786e-06 1.02922e-06 9.08137e-06
1.4625 -6.55378e-06 1.55915e-06 1.39927e-05
1.46667 -1.00575e-05 2.33064e-06 2.129e-05
1.47083 -1.52412e-05 3.43696e-06 3.19815e-05
1.475 -2.28037e-05 4.9989e-06 4.74239e-05
1.47917 -3.36802e-05 7.169e-06 6.94042e-05
1.48333 -4.90956e-05 1.01343e-05 0.000100225
1.4875 -7.06192e-05 1.41171e-05 0.000142782
1.49167 -0.000100212 1.93709e-05 0.00020062
1.49583 -0.000140261 2.61719e-05 0.000277952
1.5 -0.00019358 3.48027e-05 0.000379614
1.50417 -0.000263377 4.55267e-05 0.000510931
1.50833 -0.000353152 5.85536e-05 0.000677473
1.5125 -0.00046653 7.3995e-05 0.000884669
1.51667 -0.000606994 9.18118e-05 0.00113728
1.52083 -0.000777531 0.000111759 0.0014387
1.525 -0.000980185 0.00013333 0.00179017
1.52917 -0.00121554 0.000155716 0.00218992
1.53333 -0.00148216 0.000177786 0.00263229
1.5375 -0.00177609 0.000198094 0.00310705
1.54167 -0.0020904 0.00021494 0.00359895
1.54583 -0.00241501 0.000226469 0.00408777
1.55 -0.0027367 0.000230832 0.00454887
1.55417 -0.0030396 0.000226378 0.00495441
1.55833 -0.00330596 0.000211881 0.00527528
1.5625 -0.00351746 0.000186757 0.0054835
1.56667 -0.00365673 0.000151242 0.00555507
1.57083 -0.00370912 0.000106494 0.00547273
1.575 -0.00366438 5.45792e-05 0.00522841
1.57917 -0.0035181 -1.67461e-06 0.00482473
1.58333 -0.00327246 -5.89687e-05 0.00427534
1.5875 -0.00293631 -0.000113934 0.00360367
1.59167 -0.00252427 -0.000163597 0.00284031
1.59583 -0.00205488 -0.000205833 0.00201896
1.6 -0.00154811 -0.000239715 0.00117182
1.60417 -0.00102254 -0.000265693 0.000324999
1.60833 -0.000492624 -0.000285525 -0.000505209
1.6125 3.33497e-05 -0.000301957 -0.00131425
1.61667 0.000554162 -0.000318193 -0.00210909
1.62083 0.00107523 -0.000337234 -0.00290563
1.625 0.00160679 -0.000361222 -0.00372418
1.62917 0.00216097 -0.000390916 -0.00458382
1.63333 0.00274835 -0.00042542 -0.00549672
1.6375 0.00337462 -0.000462222 -0.00646359
1.64167 0.00403799 -0.000497527 -0.00747096
1.64583 0.00472792 -0.000526791 -0.00849098
1.65 0.00542515 -0.000545335 -0.00948321
1.65417 0.00610297 -0.000548885 -0.010398
1.65833 0.00672931 -0.000533919 -0.0111801
1.6625 0.00726891 -0.000497809 -0.0117724
1.66667 0.00768536 -0.000438804 -0.0121182
1.67083 0.00794253 -0.000355975 -0.0121638
1.675 0.00800593 -0.000249285 -0.0118598
1.67917 0.00784412 -0.000119862 -0.0111648
1.68333 0.00743099 2.9508e-05 -0.0100499
1.6875 0.00674911 0.000193809 -0.0085059
1.69167 0.00579415 0.000365387 -0.00655019
1.69583 0.00457949 0.000533974 -0.00423387
1.7 0.00313998 0.000687335 -0.00164472
1.70417 0.00153326 0.000812596 0.00109493
1.70833 -0.000162369 0.00089805 0.00383688
1.7125 -0.00185403 0.000935084 0.00642152
1.71667 -0.00344357 0.000919732 0.00869577
1.72083 -0.0048386 0.000853458 0.010531
1.725 -0.00596303 0.000742906 0.0118372
1.72917 -0.00676494 0.000598702 0.0125706
1.73333 -0.00722035 0.000433619 0.0127335
1.7375 -0.00733257 0.000260638 0.0123683
1.74167 -0.00712793 9.1381e-05 0.0115467
1.74583 -0.00664965 -6.47307e-05 0.0103594
1.75 -0.00595181 -0.00020056 0.00890741
1.75417 -0.00509463 -0.000310827 0.00729641
1.75833 -0.00414165 -0.000391565 0.0056341
1.7625 -0.00315807 -0.000439872 0.00402785
1.76667 -0.00220918 -0.000454139 0.00258092
1.77083 -0.00135747 -0.000434707 0.00138588
1.775 -0.0006582 -0.000384617 0.000515601
1.77917 -0.000153629 -0.000310053 1.38946e-05
1.78333 0.000132582 -0.000220115 -0.000111433
1.7875 0.000199081 -0.000125818 0.000109587
1.79167 6.72204e-05 -3.8476e-05 0.000613704
1.79583 -0.000222478 3.21473e-05 0.00131511
1.8 -0.000617316 7.94506e-05 0.0021201
1.80417 -0.00106145 0.000100972 0.0029426
1.80833 -0.00150511 9.8512e-05 0.00371756
1.8125 -0.00191208 7.74035e-05 0.00440939
1.81667 -0.0022641 4.5105e-05 0.00501433
1.82083 -0.00256143 9.44023e-06 0.00555631
1.825 -0.0028197 -2.31408e-05 0.00607761
1.82917 -0.00306379 -4.88877e-05 0.00662632
1.83333 -0.00332033 -6.73276e-05 0.00724404
1.8375 -0.00361069 -8.0908e-05 0.00795682
1.84167 -0.00394642 -9.37532e-05 0.00877237
1.84583 -0.00432861 -0.000109889 0.0096841
1.85 -0.00475115 -0.000131536 0.0106807
1.85417 -0.00520689 -0.000158152 0.0117572
1.85833 -0.00569377 -0.000186686 0.0129215
1.8625 -0.0062181 -0.000213057 0.0141945
1.86667 -0.00679293 -0.000234305 0.0155994
1.87083 -0.00743139 -0.000250461 0.017147
1.875 -0.00813741 -0.000265208 0.0188205
1.87917 -0.00889779 -0.000284844 0.0205675
1.88333 -0.00967922 -0.000315838 0.0223041
1.8875 -0.0104322 -0.000361966 0.0239285
1.89167 -0.0111003 -0.000422306 0.0253395
1.89583 -0.0116312 -0.000491068 0.0264513
1.9 -0.0119843 -0.00055938 0.0271974
1.90417 -0.0121314 -0.000618293 0.0275223
1.90833 -0.0120508 -0.000661655 0.0273649
1.9125 -0.0117168 -0.000687606 0.0266417
1.91667 -0.0110901 -0.000698132 0.0252376
1.92083 -0.0101142 -0.000697035 0.023009
1.925 -0.00871767 -0.000687384 0.0197972
1.92917 -0.0068232 -0.000669607 0.0154481
1.93333 -0.00435836 -0.000640951 0.00983002
1.9375 -0.0012654 -0.000596263 0.00284765
1.94167 0.00249236 -0.000529506 -0.00555077
1.94583 0.00692747 -0.000435239 -0.0153692
1.95 0.0120271 -0.000309609 -0.0265607
1.95417 0.0177525 -0.000150815 -0.0390244
1.95833 0.0240378 4.07133e-05 -0.0526023
1.9625 0.0307898 0.000262236 -0.067079
1.96667 0.0378884 0.00050878 -0.0821823
1.97083 0.0451873 0.000773598 -0.097585
1.975 0.0525156 0.0010491 -0.112906
1.97917 0.0596775 0.001328 -0.12771
1.98333 0.066452 0.00160409 -0.141508
1.9875 0.0725939 0.00187207 -0.15377
1.99167 0.0778388 0.00212633 -0.16394
1.99583 0.081915 0.00235933 -0.171469
2 0.0845597 0.00256045 -0.17585
2.00417 0.0855375 0.00271636 -0.17665
2.00833 0.0846562 0.00281278 -0.173528
2.0125 0.0817756 0.00283706 -0.166253
2.01667 0.076811 0.00278023 -0.1547
2.02083 0.0697326 0.00263764 -0.138856
2.025 0.0605656 0.00240814 -0.118825
2.02917 0.0493932 0.00209276 -0.0948323
2.03333 0.0363606 0.00169403 -0.0672345
2.0375 0.0216774 0.00121686 -0.0365098
2.04167 0.00561281 0.00067061 -0.00324079
2.04583 -0.0115154 7.11756e-05 0.0319145
2.05 -0.0293567 -0.000558147 0.0682527
2.05417 -0.047544 -0.00118788 0.105047
2.05833 -0.0657036 -0.00178534 0.14156
2.0625 -0.0834609 -0.00231845 0.177045
2.06667 -0.10044 -0.00275929 0.210745
2.07083 -0.116263 -0.00308708 0.241892
2.075 -0.130551 -0.00329074 0.269709
2.07917 -0.142927 -0.00337125 0.293413
2.08333 -0.153014 -0.00334379 0.312206
2.0875 -0.160434 -0.00323841 0.325274
2.09167 -0.164806 -0.00309787 0.331782
2.09583 -0.165744 -0.00297131 0.330886
2.1 -0.162863 -0.00290423 0.321772
2.10417 -0.155802 -0.00292634 0.303717
2.10833 -0.144258 -0.00304066 0.276175
2.1125 -0.128027 -0.00321698 0.23887
2.11667 -0.107056 -0.00339229 0.191905
2.12083 -0.0814913 -0.00347884 0.13584
2.125 -0.0517159 -0.0033789 0.0717793
2.12917 -0.0183841 -0.00300337 0.00141089
2.13333 0.0175606 -0.00229081 -0.0729701
2.1375 0.0548851 -0.00122271 -0.148491
2.14167 0.0920876 0.00016828 -0.221785
2.14583 0.127449 0.00179946 -0.289137
2.15 0.159113 0.00354892 -0.346698
2.15417 0.185201 0.00527395 -0.390746
2.15833 0.203947 0.00683301 -0.417987
2.1625 0.213842 0.00810562 -0.425853
2.16667 0.213786 0.00900512 -0.412782
2.17083 0.203208 0.00948119 -0.378435
2.175 0.182169 0.00951278 -0.323855
2.17917 0.151421 0.00909614 -0.251521
2.18333 0.112426 0.00823479 -0.165309
2.1875 0.0673133 0.00693791 -0.0703258
2.19167 0.0187878 0.00522967 0.0273852
2.19583 -0.0300385 0.00316555 0.121268
2.2 -0.0758706 0.00084694 0.204775
2.20417 -0.115502 -0.00157628 0.271941
2.20833 -0.146104 -0.0039214 0.317934
2.2125 -0.16549 -0.00600429 0.339526
2.21667 -0.172332 -0.00767584 0.335416
2.22083 -0.166295 -0.00884855 0.306386
2.225 -0.148087 -0.00950157 0.255278
2.22917 -0.119416 -0.00966264 0.186787
2.23333 -0.0828634 -0.00937635 0.107084
2.2375 -0.0416818 -0.00867515 0.0232856
2.24167 0.000490609 -0.00756831 -0.0572024
2.24583 0.0399632 -0.00605432 -0.127401
2.25 0.0733528 -0.00415038 -0.181453
2.25417 0.097923 -0.00192355 -0.215203
2.25833 0.111857 0.000492431 -0.226597
2.2625 0.114431 0.00290399 -0.215848
2.26667 0.106061 0.00508606 -0.185359
2.27083 0.0882384 0.00682136 -0.139425
2.275 0.0633435 0.00793723 -0.0837318
2.27917 0.034375 0.00833057 -0.0247062
2.28333 0.00460957 0.00797859 0.0312152
2.2875 -0.0227679 0.0069387 0.0783148
2.29167 -0.0450224 0.00534207 0.112222
2.29583 -0.0601652 0.00338187 0.130353
2.3 -0.0671481 0.00129353 0.132112
2.30417 -0.0659321 -0.000675877 0.118833
2.30833 -0.0574279 -0.00230741 0.0934964
2.3125 -0.0433253 -0.00344937 0.0602678
2.31667 -0.0258396 -0.00404186 0.0239174
2.32083 -0.00740797 -0.00411591 -0.0108081
2.325 0.00962658 -0.00376823 -0.0397855
2.32917 0.0233051 -0.003125 -0.0600059
2.33333 0.0322784 -0.00231386 -0.0698887
2.3375 0.0359376 -0.0014555 -0.0693773
2.34167 0.0344362 -0.000669657 -0.0598168
2.34583 0.0286063 -7.75475e-05 -0.0436481
2.35 0.0197891 0.000216259 -0.0239755
2.35417 0.00960523 0.000160973 -0.00406928
2.35833 -0.000302058 -0.000207478 0.0131305
2.3625 -0.00851676 -0.000768082 0.0254388
2.36667 -0.0140532 -0.00136307 0.0317083
2.37083 -0.0164747 -0.00187068 0.031915
2.375 -0.0159037 -0.00225527 0.0270324
2.37917 -0.0129299 -0.00255567 0.0187389
2.38333 -0.00844631 -0.00281455 0.00903949
2.3875 -0.00346307 -0.00299941 -0.00010705
2.39167 0.00106394 -0.00298134 -0.00709777
2.39583 0.00437209 -0.0026014 -0.0109098
2.4 0.00599809 -0.0017881 -0.0112362
2.40417 0.00584889 -0.000641447 -0.0085181
2.40833 0.00421872 0.000587647 -0.00384256
2.4125 0.00172586 0.00162206 0.00131181
2.41667 -0.00083996 0.00230693 0.00544415
2.42083 -0.0027273 0.00267779 0.00741527
2.425 -0.00342104 0.0029001 0.00671916
2.42917 -0.00275693 0.0031289 0.00355749
2.43333 -0.000920709 0.00339753 -0.00127912
2.4375 0.00164361 0.00361827 -0.00664261
2.44167 0.0043581 0.00368253 -0.0112764
2.44583 0.00662079 0.00356444 -0.014033
2.45 0.00789426 0.00333153 -0.0140654
2.45417 0.00779516 0.00305375 -0.0110103
2.45833 0.00619513 0.00270136 -0.00513214
2.4625 0.0033025 0.00214151 0.00265084
2.46667 -0.000334681 0.00125865 0.0109264
2.47083 -0.00394224 0.000104473 0.0181228
2.475 -0.00672367 -0.00106187 0.0229003
2.47917 -0.00806829 -0.0019027 0.0244466
2.48333 -0.00767444 -0.00221612 0.0225835
2.4875 -0.00555769 -0.00206866 0.0177074
2.49167 -0.00198767 -0.00173592 0.0106644
2.49583 0.00257493 -0.0014954 0.00264079
2.5 0.00750848 -0.00143766 -0.00494165
2.50417 0.0120605 -0.00144258 -0.0105968
2.50833 0.0154372 -0.00132468 -0.0130567
2.5125 0.0169719 -0.00101018 -0.0116058
2.51667 0.016315 -0.000593742 -0.00632517
2.52083 0.0135515 -0.000241271 0.00187839
2.525 0.00918226 -4.41865e-05 0.0114741
2.52917 0.003989 3.78052e-05 0.0206416
2.53333 -0.00114498 0.000105322 0.0276109
2.5375 -0.00538843 0.0002042 0.0309432
2.54167 -0.00807718 0.00028392 0.0297589
2.54583 -0.00881498 0.000262868 0.0239278
2.55 -0.00757035 0.000125147 0.0141801
2.55417 -0.00473292 -5.04109e-05 0.0020477
2.55833 -0.00107085 -0.000151668 -0.0104164
2.5625 0.0024325 -0.000117469 -0.0210883
2.56667 0.00481699 3.34933e-05 -0.0282489
2.57083 0.00537308 0.000237992 -0.0309381
2.575 0.00378943 0.000432142 -0.0291138
2.57917 0.000202663 0.000559656 -0.0236257
2.58333 -0.00483576 0.000563268 -0.0160358
2.5875 -0.0104636 0.000406345 -0.00830395
2.59167 -0.0156812 0.000124124 -0.00237008
2.59583 -0.0195745 -0.000159605 0.00028595
2.6 -0.0215268 -0.000302546 -0.00102927
2.60417 -0.0213431 -0.000259019 -0.00611615
2.60833 -0.0192467 -0.000125875 -0.0140015
2.6125 -0.0157796 -5.36842e-05 -0.0231935
2.61667 -0.011671 -9.68258e-05 -0.031972
2.62083 -0.00771062 -0.00015723 -0.038677
2.625 -0.00461741 -9.36907e-05 -0.0420049
2.62917 -0.00288401 0.000107771 -0.0412827
2.63333 -0.00263517 0.000287304 -0.0366208
2.6375 -0.00358101 0.000254546 -0.0288442
2.64167 -0.00511755 -1.59529e-05 -0.0192124
2.64583 -0.00653077 -0.000342755 -0.0090732
2.65 -0.00718968 -0.000500491 0.00038883
2.65417 -0.00664411 -0.000422509 0.00826498
2.65833 -0.00464259 -0.000236357 0.0139775
2.6625 -0.0011484 -0.000108418 0.0173595
2.66667 0.00361037 -7.87463e-05 0.0187243
2.67083 0.00911249 -6.34095e-05 0.0188094
2.675 0.0146178 2.20131e-06 0.0185444
2.67917 0.0193443 6.83003e-05 0.0187513
2.68333 0.0226493 4.24408e-05 0.0199441
2.6875 0.0241173 -6.90088e-05 0.0222882
2.69167 0.0235586 -0.000140236 0.0256259
2.69583 0.021006 -6.69049e-05 0.0294569
2.7 0.0167617 0.000102019 0.0329062
2.70417 0.0114292 0.000214992 0.034831
2.70833 0.00582733 0.000200302 0.0341394
2.7125 0.000776862 0.000152293 0.0301853
2.71667 -0.00311682 0.000199878 0.0230002
2.72083 -0.00555132 0.000313459 0.0132566
2.725 -0.0064846 0.000308171 0.0020835
2.72917 -0.00607948 7.30328e-05 -0.00908953
2.73333 -0.00471286 -0.000242867 -0.0186534
2.7375 -0.00297915 -0.000343313 -0.0250602
2.74167 -0.00155949 -0.00010671 -0.0272487
2.74583 -0.000957094 0.000250166 -0.0250584
2.75 -0.00127687 0.000381803 -0.0193212
2.75417 -0.00223102 0.000180376 -0.0115326
2.75833 -0.00335256 -0.000118535 -0.00334518
2.7625 -0.00421479 -0.000215794 0.00378861
2.76667 -0.00449745 -8.52449e-05 0.00874676
2.77083 -0.00395327 2.88625e-05 0.0108302
2.775 -0.00244413 -6.22257e-05 0.00996143
2.77917 -8.86548e-05 -0.000250731 0.00684152
2.78333 0.00264284 -0.000272598 0.00278462
2.7875 0.0050592 -4.59613e-05 -0.000801892
2.79167 0.00655412 0.000222355 -0.00296012
2.79583 0.00684317 0.000294348 -0.00337794
2.8 0.00596657 0.000189459 -0.00222139
2.80417 0.00414743 0.000135522 8.94266e-05
2.80833 0.00171303 0.000254243 0.00293366
2.8125 -0.000869642 0.000399728 0.00549204
2.81667 -0.00300321 0.000365013 0.00695061
2.82083 -0.00414647 0.000180529 0.00688529
2.825 -0.00407039 9.88495e-05 0.00548891
2.82917 -0.00294082 0.000273405 0.00339043
2.83333 -0.00115083 0.000553631 0.00124007
2.8375 0.000905275 0.000675825 -0.000531109
2.84167 0.00289549 0.000603875 -0.00162771
2.84583 0.00447655 0.00056557 -0.00175136
2.85 0.00529914 0.000731004 -0.00070714
2.85417 0.00518366 0.000964365 0.00133819
2.85833 0.00428504 0.000991728 0.00381873
2.8625 0.00302185 0.000768027 0.00609162
2.86667 0.00181162 0.000545965 0.00780101
2.87083 0.000886749 0.000541036 0.00889812
2.875 0.000350999 0.000635074 0.00936315
2.87917 0.000321609 0.000520074 0.00904513
2.88333 0.000909294 9.63729e-05 0.00785178
2.8875 0.0020415 -0.000402714 0.00602893
2.89167 0.00338378 -0.000715271 0.00413043
2.89583 0.00450975 -0.000861756 0.0026796
2.9 0.00514864 -0.00105186 0.00191294
2.90417 0.0052441 -0.00135275 0.00185148
2.90833 0.00481927 -0.00160697 0.00248506
2.9125 0.003891 -0.00170032 0.00373775
2.91667 0.00255845 -0.00174967 0.00526607
2.92083 0.0010855 -0.00189958 0.00645398
2.925 -0.000232359 -0.00203134 0.00672814
2.92917 -0.00130782 -0.00187722 0.00585208
2.93333 -0.0022955 -0.00144738 0.00385956
2.9375 -0.00335569 -0.00113801 0.000791375
2.94167 -0.00446955 -0.00125871 -0.00331851
2.94583 -0.0055785 -0.00157392 -0.00815919
2.95 -0.00685107 -0.00155592 -0.0130458
2.95417 -0.00864373 -0.00110752 -0.0173369
2.95833 -0.0111152 -0.000773786 -0.0209679
2.9625 -0.0139801 -0.0010569 -0.0244209
2.96667 -0.0167797 -0.00169693 -0.0281212
2.97083 -0.0193688 -0.00194597 -0.0320232
2.975 -0.0219761 -0.00156194 -0.0359242
2.97917 -0.0247322 -0.00118158 -0.0400254
2.98333 -0.0273025 -0.00146606 -0.044842
2.9875 -0.0291752 -0.00210036 -0.0504256
2.99167 -0.0302693 -0.00205932 -0.0558964
2.99583 -0.0310321 -0.000914289 -0.0600196
