0 0 0 0
0.00416667 0 0 0
0.00833333 0 0 0
0.0125 0 0 0
0.0166667 0 0 0
0.0208333 0 0 0
0.025 0 0 0
0.0291667 0 0 0
0.0333333 0 0 0
0.0375 0 0 0
0.0416667 0 0 0
0.0458333 0 0 0
0.05 0 0 0
0.0541667 0 0 0
0.0583333 0 0 0
0.0625 0 0 0
0.0666667 0 0 0
0.0708333 0 0 0
0.075 0 0 0
0.0791667 0 0 0
0.0833333 0 0 0
0.0875 0 0 0
0.0916667 0 0 0
0.0958333 0 0 0
0.1 0 0 0
0.104167 0 0 0
0.108333 0 0 0
0.1125 0 0 0
0.116667 0 0 0
0.120833 0 0 0
0.125 -1.82804e-322 3.78948e-321 8.18173e-321
0.129167 -2.0713e-316 2.85593e-315 6.08258e-315
0.133333 -1.00455e-310 1.3401e-309 2.85475e-309
0.1375 -3.2105e-305 4.14804e-304 8.83831e-304
0.141667 -6.93329e-300 8.68414e-299 1.85076e-298
0.145833 -1.03514e-294 1.25803e-293 2.68173e-293
0.15 -1.091e-289 1.28762e-288 2.74546e-288
0.154167 -8.27439e-285 9.49104e-284 2.02417e-283
0.158333 -4.59593e-280 5.12734e-279 1.09379e-278
0.1625 -1.9001e-275 2.0632e-274 4.40247e-274
0.166667 -5.93523e-271 6.27688e-270 1.33972e-269
0.170833 -1.42026e-266 1.46383e-265 3.12521e-265
0.175 -2.63716e-262 2.65056e-261 5.66038e-261
0.179167 -3.84511e-258 3.77086e-257 8.0551e-257
0.183333 -4.4514e-254 4.26181e-253 9.1065e-253
0.1875 -4.13408e-250 3.86607e-249 8.26335e-249
0.191667 -3.10983e-246 2.84208e-245 6.07653e-245
0.195833 -1.91195e-242 1.70841e-241 3.65382e-241
0.2 -9.68857e-239 8.46814e-238 1.81168e-237
0.204167 -4.07862e-235 3.48854e-234 7.46581e-234
0.208333 -1.437e-231 1.20329e-230 2.576e-230
0.2125 -4.26691e-228 3.49931e-227 7.49388e-227
0.216667 -1.07482e-224 8.63624e-224 1.85011e-223
0.220833 -2.311e-221 1.82e-220 3.9003e-220
0.225 -4.2662e-218 3.29417e-217 7.06201e-217
0.229167 -6.79903e-215 5.14913e-214 1.10427e-213
0.233333 -9.40325e-212 6.98694e-211 1.49896e-210
0.2375 -1.13415e-208 8.27064e-208 1.77502e-207
0.241667 -1.19853e-205 8.58043e-205 1.84222e-204
0.245833 -1.11465e-202 7.83633e-202 1.68312e-201
0.25 -9.16126e-200 6.32656e-199 1.35939e-198
0.254167 -6.68087e-197 4.53316e-196 9.74433e-196
0.258333 -4.33927e-194 2.8937e-193 6.22276e-193
0.2625 -2.51926e-191 1.65154e-190 3.55303e-190
0.266667 -1.31187e-188 8.4565e-188 1.82006e-187
0.270833 -6.14743e-186 3.89744e-185 8.39193e-185
0.275 -2.60037e-183 1.62183e-182 3.49364e-182
0.279167 -9.95883e-181 6.11168e-180 1.31712e-179
0.283333 -3.46298e-178 2.09158e-177 4.50958e-177
0.2875 -1.09632e-175 6.51818e-175 1.406e-174
0.291667 -3.16814e-173 1.85456e-172 4.00224e-172
0.295833 -8.37776e-171 4.82946e-170 1.04271e-169
0.3 -2.03209e-168 1.1538e-167 2.49231e-167
0.304167 -4.5315e-166 2.53467e-165 5.47778e-165
0.308333 -9.31052e-164 5.13127e-163 1.10948e-162
0.3125 -1.76625e-161 9.59283e-161 2.07519e-160
0.316667 -3.09991e-159 1.65944e-158 3.59163e-158
0.320833 -5.04322e-157 2.66138e-156 5.76313e-156
0.325 -7.61963e-155 3.96449e-154 8.58942e-154
0.329167 -1.07104e-152 5.49514e-152 1.19119e-151
0.333333 -1.40302e-150 7.09944e-150 1.53977e-149
0.3375 -1.71567e-148 8.56329e-148 1.85826e-147
0.341667 -1.96156e-146 9.65868e-146 2.0971e-145
0.345833 -2.10009e-144 1.02028e-143 2.21646e-143
0.35 -2.10853e-142 1.01085e-141 2.19719e-141
0.354167 -1.98815e-140 9.40668e-140 2.04579e-139
0.358333 -1.76296e-138 8.23309e-138 1.79157e-137
0.3625 -1.47209e-136 6.78642e-136 1.47761e-135
0.366667 -1.15899e-134 5.27502e-134 1.1492e-133
0.370833 -8.6142e-133 3.87122e-132 8.4387e-132
0.375 -6.05145e-131 2.68553e-130 5.85753e-130
0.379167 -4.02266e-129 1.76306e-128 3.84781e-128
0.383333 -2.53315e-127 1.09659e-126 2.39472e-126
0.3875 -1.51276e-125 6.46889e-125 1.41353e-124
0.391667 -8.57615e-124 3.62303e-123 7.92163e-123
0.395833 -4.62027e-122 1.92845e-121 4.21913e-121
0.4 -2.36766e-120 9.76481e-120 2.13772e-119
0.404167 -1.1552e-118 4.7081e-118 1.03136e-117
0.408333 -5.3713e-117 2.16348e-116 4.74237e-116
0.4125 -2.38217e-115 9.48346e-115 2.08014e-114
0.416667 -1.00857e-113 3.96883e-113 8.71108e-113
0.420833 -4.07989e-112 1.58708e-111 3.48575e-111
0.425 -1.57814e-110 6.06918e-110 1.33388e-109
0.429167 -5.84173e-109 2.22122e-108 4.88506e-108
0.433333 -2.07092e-107 7.786e-107 1.71351e-106
0.4375 -7.03612e-106 2.61588e-105 5.76088e-105
0.441667 -2.29278e-104 8.42975e-104 1.85774e-103
0.445833 -7.17057e-103 2.60738e-102 5.75011e-102
0.45 -2.15378e-101 7.74603e-101 1.70945e-100
0.454167 -6.21709e-100 2.21169e-99 4.88438e-99
0.458333 -1.72581e-98 6.0732e-98 1.34218e-97
0.4625 -4.60982e-97 1.60482e-96 3.54922e-96
0.466667 -1.18556e-95 4.08331e-95 9.03718e-95
0.470833 -2.93744e-94 1.00099e-93 2.217e-93
0.475 -7.01561e-93 2.3655e-92 5.243e-92
0.479167 -1.61605e-91 5.39182e-91 1.19595e-90
0.483333 -3.59227e-90 1.18604e-89 2.63271e-89
0.4875 -7.70972e-89 2.51909e-88 5.59594e-88
0.491667 -1.5984e-87 5.16879e-87 1.14907e-86
0.495833 -3.20277e-86 1.02506e-85 2.28055e-85
0.5 -6.20539e-85 1.9658e-84 4.37683e-84
0.504167 -1.16311e-83 3.64719e-83 8.1267e-83
0.508333 -2.11e-82 6.54949e-82 1.4605e-81
0.5125 -3.70634e-81 1.13889e-80 2.54164e-80
0.516667 -6.30668e-80 1.91853e-79 4.2849e-79
0.520833 -1.04e-78 3.13221e-78 7.00113e-78
0.525 -1.66274e-77 4.95806e-77 1.10911e-76
0.529167 -2.57838e-76 7.61245e-76 1.70425e-75
0.533333 -3.87947e-75 1.13412e-74 2.54108e-74
0.5375 -5.6659e-74 1.64015e-73 3.67784e-73
0.541667 -8.03524e-73 2.30334e-72 5.16917e-72
0.545833 -1.10693e-71 3.14226e-71 7.05764e-71
0.55 -1.4818e-70 4.16572e-70 9.36405e-70
0.554167 -1.92822e-69 5.36848e-69 1.20777e-68
0.558333 -2.43987e-68 6.72782e-68 1.51484e-67
0.5625 -3.00308e-67 8.20166e-67 1.84823e-66
0.566667 -3.59664e-66 9.72912e-66 2.19427e-65
0.570833 -4.19268e-65 1.12338e-64 2.53575e-64
0.575 -4.75868e-64 1.26297e-63 2.85325e-63
0.579167 -5.26031e-63 1.38294e-62 3.12692e-62
0.583333 -5.66491e-62 1.47531e-61 3.33862e-61
0.5875 -5.94507e-61 1.53377e-60 3.47387e-60
0.591667 -6.08168e-60 1.55436e-59 3.52352e-59
0.595833 -6.06613e-59 1.53596e-58 3.48478e-58
0.6 -5.90115e-58 1.48032e-57 3.36144e-57
0.604167 -5.60032e-57 1.39185e-56 3.16328e-56
0.608333 -5.18619e-56 1.27704e-55 2.90484e-55
0.6125 -4.68763e-55 1.14365e-54 2.60368e-54
0.616667 -4.13648e-54 9.99921e-54 2.27844e-53
0.620833 -3.56439e-53 8.53741e-53 1.94705e-52
0.625 -2.99996e-52 7.11989e-52 1.62518e-51
0.629167 -2.46673e-51 5.80103e-51 1.32529e-50
0.633333 -1.98197e-50 4.61867e-50 1.05609e-49
0.6375 -1.55646e-49 3.59419e-49 8.22558e-49
0.641667 -1.1949e-48 2.73433e-48 6.26318e-48
0.645833 -8.96955e-48 2.034e-47 4.66311e-47
0.65 -6.58478e-47 1.47977e-46 3.39545e-46
0.654167 -4.72855e-46 1.05307e-45 2.41848e-45
0.658333 -3.32211e-45 7.33217e-45 1.68537e-44
0.6625 -2.28392e-44 4.99566e-44 1.1493e-43
0.666667 -1.53676e-43 3.33136e-43 7.6708e-43
0.670833 -1.01221e-42 2.17467e-42 5.01176e-42
0.675 -6.52748e-42 1.3899e-41 3.20596e-41
0.679167 -4.12199e-41 8.69892e-41 2.00824e-40
0.683333 -2.54933e-40 5.33226e-40 1.23208e-39
0.6875 -1.54444e-39 3.20178e-39 7.40443e-39
0.691667 -9.16672e-39 1.88353e-38 4.35959e-38
0.695833 -5.33112e-38 1.08573e-37 2.51516e-37
0.7 -3.03844e-37 6.13343e-37 1.42206e-36
0.704167 -1.69736e-36 3.39611e-36 7.88068e-36
0.708333 -9.29504e-36 1.84339e-35 4.28119e-35
0.7125 -4.99046e-35 9.81001e-35 2.28024e-34
0.716667 -2.62725e-34 5.11915e-34 1.19089e-33
0.720833 -1.35641e-33 2.61974e-33 6.09944e-33
0.725 -6.86854e-33 1.31494e-32 3.06404e-32
0.729167 -3.41174e-32 6.47437e-32 1.50986e-31
0.733333 -1.66257e-31 3.12739e-31 7.29913e-31
0.7375 -7.94921e-31 1.48221e-30 3.46215e-30
0.741667 -3.72958e-30 6.89342e-30 1.61143e-29
0.745833 -1.71726e-29 3.14631e-29 7.36065e-29
0.75 -7.76067e-29 1.40947e-28 3.29994e-28
0.754167 -3.44266e-28 6.19792e-28 1.45219e-27
0.758333 -1.49922e-27 2.67555e-27 6.27358e-27
0.7625 -6.40997e-27 1.13397e-26 2.66086e-26
0.766667 -2.69095e-26 4.719e-26 1.10812e-25
0.770833 -1.10932e-25 1.92841e-25 4.53152e-25
0.775 -4.491e-25 7.73908e-25 1.81985e-24
0.779167 -1.78569e-24 3.05039e-24 7.17787e-24
0.783333 -6.97399e-24 1.18095e-23 2.78074e-23
0.7875 -2.67548e-23 4.49113e-23 1.05819e-22
0.791667 -1.00832e-22 1.67787e-22 3.95585e-22
0.795833 -3.73343e-22 6.15841e-22 1.45284e-21
0.8 -1.35818e-21 2.22086e-21 5.24234e-21
0.804167 -4.85482e-21 7.86938e-21 1.85863e-20
0.808333 -1.70525e-20 2.74004e-20 6.4751e-20
0.8125 -5.88605e-20 9.37549e-20 2.21673e-19
0.816667 -1.99667e-19 3.15266e-19 7.45784e-19
0.820833 -6.65672e-19 1.04191e-18 2.46588e-18
0.825 -2.18125e-18 3.38432e-18 8.01326e-18
0.829167 -7.02527e-18 1.0805e-17 2.55944e-17
0.833333 -2.22408e-17 3.39082e-17 8.03517e-17
0.8375 -6.92128e-17 1.046e-16 2.47958e-16
0.841667 -2.11731e-16 3.17189e-16 7.52156e-16
0.845833 -6.36739e-16 9.45541e-16 2.24283e-15
0.85 -1.88247e-15 2.77095e-15 6.57442e-15
0.854167 -5.47133e-15 7.98314e-15 1.89452e-14
0.858333 -1.56339e-14 2.26112e-14 5.36695e-14
0.8625 -4.39197e-14 6.29633e-14 1.49469e-13
0.866667 -1.21303e-13 1.72372e-13 4.09235e-13
0.870833 -3.29389e-13 4.63946e-13 1.10153e-12
0.875 -8.79373e-13 1.22769e-12 2.91486e-12
0.879167 -2.30814e-12 3.19398e-12 7.58298e-12
0.883333 -5.95628e-12 8.16943e-12 1.93935e-11
0.8875 -1.51114e-11 2.0543e-11 4.87596e-11
0.891667 -3.76917e-11 5.07854e-11 1.20516e-10
0.895833 -9.24247e-11 1.23427e-10 2.92816e-10
0.9 -2.22802e-10 2.9489e-10 6.99357e-10
0.904167 -5.27987e-10 6.92592e-10 1.64187e-09
0.908333 -1.22994e-09 1.59898e-09 3.78877e-09
0.9125 -2.8163e-09 3.62855e-09 8.5931e-09
0.916667 -6.3385e-09 8.09331e-09 1.91545e-08
0.920833 -1.4021e-08 1.77416e-08 4.19593e-08
0.925 -3.04806e-08 3.8221e-08 9.03215e-08
0.929167 -6.5116e-08 8.09131e-08 1.91039e-07
0.933333 -1.36689e-07 1.68307e-07 3.96988e-07
0.9375 -2.81913e-07 3.43962e-07 8.10424e-07
0.941667 -5.71198e-07 6.90548e-07 1.62508e-06
0.945833 -1.13683e-06 1.36175e-06 3.20044e-06
0.95 -2.2222e-06 2.63732e-06 6.18947e-06
0.954167 -4.26565e-06 5.01563e-06 1.17527e-05
0.958333 -8.03954e-06 9.36506e-06 2.19071e-05
0.9625 -1.48745e-05 1.71649e-05 4.00785e-05
0.966667 -2.70107e-05 3.08765e-05 7.19496e-05
0.970833 -4.81297e-05 5.44974e-05 0.000126716
0.975 -8.41344e-05 9.4358e-05 0.000218884
0.979167 -0.000144245 0.000160221 0.000370721
0.983333 -0.000242477 0.000266727 0.000615457
0.9875 -0.000399523 0.000435193 0.00100119
0.991667 -0.000644998 0.000695669 0.00159525
0.995833 -0.00101988 0.00108907 0.00248861
1 -0.00157878 0.00166893 0.00379916
1.00417 -0.00239143 0.00250228 0.00567264
1.00833 -0.00354255 0.00366856 0.00827916
1.0125 -0.00512888 0.00525577 0.0118029
1.01667 -0.00725208 0.00735252 0.0164226
1.02083 -0.0100063 0.0100352 0.0222818
1.025 -0.01346 0.0133497 0.0294472
1.02917 -0.017631 0.0172889 0.0378591
1.03333 -0.0224589 0.0217678 0.047278
1.0375 -0.0277763 0.0265997 0.0572394
1.04167 -0.0332862 0.0314813 0.067027
1.04583 -0.0385523 0.0359907 0.0756828
1.05 -0.0430124 0.0396078 0.0820644
1.05417 -0.0460185 0.0417599 0.0849599
1.05833 -0.0469089 0.0418934 0.0832553
1.0625 -0.0451077 0.0395655 0.0761371
1.06667 -0.0402382 0.0345415 0.0632959
1.07083 -0.0322299 0.026879 0.0450849
1.075 -0.0213941 0.0169747 0.0225846
1.07917 -0.00843988 0.00555416 -0.00246556
1.08333 0.00558646 -0.00640599 -0.0278813
1.0875 0.0194402 -0.0178194 -0.0513704
1.09167 0.0318769 -0.0276711 -0.0709268
1.09583 0.0418704 -0.0351986 -0.0851918
1.1 0.0487966 -0.0400284 -0.0936806
1.10417 0.0525321 -0.0422268 -0.0968045
1.10833 0.0534336 -0.0422476 -0.0956739
1.1125 0.0522023 -0.0407902 -0.091739
1.11667 0.0496731 -0.0386131 -0.0863925
1.12083 0.0466023 -0.0363668 -0.0806779
1.125 0.0435321 -0.0345079 -0.0752228
1.12917 0.0407859 -0.0333256 -0.0704234
1.13333 0.0385953 -0.0330644 -0.0667958
1.1375 0.037297 -0.0340778 -0.0653094
1.14167 0.0374916 -0.0369213 -0.0674889
1.14583 0.0400528 -0.0423034 -0.0751368
1.15 0.0459235 -0.0508652 -0.0896823
1.15417 0.0557262 -0.0628399 -0.111347
1.15833 0.0693134 -0.0777106 -0.138452
1.1625 0.0854418 -0.094018 -0.16721
1.16667 0.101742 -0.109435 -0.192187
1.17083 0.115063 -0.121135 -0.207396
1.175 0.122123 -0.126364 -0.207685
1.17917 0.120268 -0.123037 -0.189958
1.18333 0.108088 -0.110171 -0.153819
1.1875 0.0856673 -0.088007 -0.101424
1.19167 0.0544305 -0.0578394 -0.0367097
1.19583 0.0166761 -0.0216474 0.0356169
1.2 -0.0249587 0.0182713 0.110872
1.20417 -0.0678721 0.0595235 0.184682
1.20833 -0.109593 0.0996544 0.252794
1.2125 -0.147655 0.136081 0.310746
1.21667 -0.179444 0.16608 0.353794
1.22083 -0.202234 0.18697 0.377365
1.225 -0.213512 0.196504 0.377975
1.22917 -0.211523 0.193361 0.354241
1.23333 -0.195807 0.177548 0.307548
1.2375 -0.167494 0.150537 0.242035
1.24167 -0.129221 0.115082 0.163942
1.24583 -0.084709 0.0747966 0.0805863
1.25 -0.0381807 0.0336444 -0.000646472
1.25417 0.00618027 -0.00451283 -0.0730567
1.25833 0.0446306 -0.0362565 -0.131132
1.2625 0.0741433 -0.0588733 -0.170936
1.26667 0.0926407 -0.0705965 -0.190494
1.27083 0.0992248 -0.0708321 -0.190093
1.275 0.0943391 -0.060297 -0.172275
1.27917 0.0797349 -0.0409637 -0.14135
1.28333 0.0581588 -0.0157617 -0.102494
1.2875 0.0328214 0.0119008 -0.0607772
1.29167 0.00684514 0.0386443 -0.020522
1.29583 -0.0170971 0.0615018 0.0148162
1.3 -0.036874 0.078128 0.042454
1.30417 -0.050839 0.0868991 0.0602101
1.30833 -0.0578437 0.0870098 0.0668746
1.3125 -0.0574502 0.0785993 0.0628817
1.31667 -0.0502321 0.0628078 0.0507124
1.32083 -0.0378683 0.0416065 0.0344227
1.325 -0.0227662 0.0173343 0.0182004
1.32917 -0.00725324 -0.00791143 0.00460795
1.33333 0.00726694 -0.0327116 -0.00639984
1.3375 0.020647 -0.0563009 -0.0168999
1.34167 0.0335203 -0.0780574 -0.0290482
1.34583 0.0462457 -0.0968392 -0.0429368
1.35 0.0579642 -0.110681 -0.0557463
1.35417 0.0664831 -0.117206 -0.0629479
1.35833 0.0692155 -0.11465 -0.0609498
1.3625 0.0646814 -0.102951 -0.0495266
1.36667 0.0536226 -0.0841852 -0.0323929
1.37083 0.038955 -0.0620079 -0.0154499
1.375 0.024498 -0.0402995 -0.00376786
1.37917 0.0132188 -0.0217522 0.000805932
1.38333 0.00604152 -0.00715172 -7.16371e-07
1.3875 0.00188122 0.00432591 -0.00256328
1.39167 -0.0012569 0.0141018 -0.00373142
1.39583 -0.00493323 0.0231496 -0.00227644
1.4 -0.00954575 0.0315053 0.00129297
1.40417 -0.014518 0.0384582 0.00593668
1.40833 -0.0190043 0.0430912 0.0110333
1.4125 -0.0224229 0.0447106 0.0162693
1.41667 -0.024437 0.0429546 0.0208039
1.42083 -0.0246004 0.0377266 0.0228253
1.425 -0.0222281 0.0292449 0.020317
1.42917 -0.0168339 0.0183059 0.0126991
1.43333 -0.0088778 0.00651689 0.0020123
1.4375 -0.00013463 -0.00388108 -0.00760381
1.44167 0.00684836 -0.0107479 -0.0121488
1.44583 0.0100483 -0.0130208 -0.0102942
1.45 0.00918701 -0.0113085 -0.00434833
1.45417 0.00596098 -0.00762483 0.00119305
1.45833 0.00301256 -0.00432358 0.00259621
1.4625 0.00228622 -0.00285938 -0.000725625
1.46667 0.00389087 -0.00314489 -0.00607148
1.47083 0.00623885 -0.00388095 -0.00958118
1.475 0.0073066 -0.00357891 -0.00899888
1.47917 0.0060641 -0.00155541 -0.00504468
1.48333 0.00305509 0.00173082 -0.000513339
1.4875 -0.000195068 0.00510839 0.00202507
1.49167 -0.0023736 0.00745954 0.00205777
1.49583 -0.00321142 0.00823863 0.00113735
1.5 -0.00336708 0.00746307 0.00123964
1.50417 -0.00358983 0.00536878 0.00294748
1.50833 -0.00395647 0.00216115 0.004986
1.5125 -0.00385502 -0.00188252 0.00544683
1.51667 -0.00270528 -0.00611008 0.00361371
1.52083 -0.000746056 -0.00940308 0.000801152
1.525 0.000865421 -0.0105733 -0.000566805
1.52917 0.00082882 -0.00908713 0.00105311
1.53333 -0.00121852 -0.00558769 0.00488049
1.5375 -0.00420573 -0.00172454 0.00816308
1.54167 -0.00620752 0.000731542 0.00817115
1.54583 -0.0057563 0.000950612 0.00434177
1.55 -0.00292962 -0.000460137 -0.00112986
1.55417 0.000640467 -0.00191801 -0.00481743
1.55833 0.00290552 -0.00199495 -0.00462554
1.5625 0.00287145 -0.000416915 -0.00142137
1.56667 0.00128978 0.0018001 0.00160159
1.57083 1.37856e-05 0.00318256 0.00143547
1.575 0.00048512 0.00297025 -0.0022678
1.57917 0.00252346 0.00171679 -0.00675585
1.58333 0.00440493 0.000830137 -0.00824253
1.5875 0.00422917 0.00138781 -0.00495333
1.59167 0.00153137 0.00316075 0.001268
1.59583 -0.00216634 0.00466319 0.00618216
1.6 -0.00438636 0.0042646 0.00636991
1.60417 -0.00357528 0.00153976 0.00193559
1.60833 -0.000364449 -0.00221753 -0.00350605
1.6125 0.0028325 -0.00479394 -0.00563747
1.61667 0.0036337 -0.00462931 -0.00284051
1.62083 0.00151553 -0.00198139 0.00254658
1.625 -0.001798 0.00123299 0.0061505
1.62917 -0.0037053 0.00283443 0.00510252
1.63333 -0.00276858 0.00196448 0.000305891
1.6375 0.000202221 -0.000352412 -0.004398
1.64167 0.00286724 -0.00208567 -0.0054178
1.64583 0.0032549 -0.00180772 -0.00228078
1.65 0.00128237 0.000232143 0.00215667
1.65417 -0.00130253 0.002388 0.00421925
1.65833 -0.00243169 0.00298005 0.00245008
1.6625 -0.00138091 0.00162051 -0.00135493
1.66667 0.000765225 -0.000544647 -0.00385315
1.67083 0.00214265 -0.00181664 -0.00302171
1.675 0.00168775 -0.00130369 0.000262363
1.67917 -6.01361e-05 0.000441162 0.00314558
1.68333 -0.00152831 0.00196138 0.00328222
1.6875 -0.00147949 0.0021017 0.000717264
1.69167 3.272e-07 0.000871112 -0.00232744
1.69583 0.00166625 -0.000682301 -0.00341529
1.7 0.00219938 -0.0013841 -0.00186172
1.70417 0.00125645 -0.000832701 0.000880344
1.70833 -0.000352417 0.000406757 0.00257429
1.7125 -0.00141178 0.0013578 0.00204163
1.71667 -0.00128261 0.00139339 -2.00726e-05
1.72083 -0.000314653 0.000597475 -0.00178548
1.725 0.000568851 -0.000450243 -0.00186541
1.72917 0.000681298 -0.00116885 -0.000370334
1.73333 7.90537e-05 -0.00132294 0.00132025
1.7375 -0.000606944 -0.001032 0.00178585
1.74167 -0.000791922 -0.000565619 0.000733021
1.74583 -0.000438453 -0.000156601 -0.00082946
1.75 -2.35064e-05 5.30565e-05 -0.00149487
1.75417 -4.70865e-05 -1.64351e-05 -0.000660786
1.75833 -0.000548002 -0.000391881 0.00096659
1.7625 -0.00106195 -0.0010015 0.00197445
1.76667 -0.00105501 -0.00162727 0.00144996
1.77083 -0.000445845 -0.00194013 -0.000214888
1.775 0.000253737 -0.00166277 -0.00161115
1.77917 0.000333047 -0.000805112 -0.001488
1.78333 -0.00049154 0.000197133 0.000150436
1.7875 -0.00174504 0.000638449 0.00197529
1.79167 -0.0024814 2.09298e-05 0.00241428
1.79583 -0.00202343 -0.00144114 0.00101766
1.8 -0.000578661 -0.00276997 -0.00107582
1.80417 0.00082227 -0.00285577 -0.00205913
1.80833 0.0011127 -0.00138719 -0.00104505
1.8125 0.000113021 0.000732787 0.00107493
1.81667 -0.00122018 0.00200217 0.00235513
1.82083 -0.00154043 0.00157162 0.00154877
1.825 -0.000295585 4.10456e-05 -0.000697321
1.82917 0.00170063 -0.00099788 -0.00238897
1.83333 0.00291206 -0.000346463 -0.00204611
1.8375 0.00244036 0.0017217 -0.000125562
1.84167 0.00086151 0.00368164 0.001417
1.84583 -0.00029239 0.00407859 0.00104904
1.85 3.59743e-05 0.00274723 -0.000829878
1.85417 0.00144529 0.000865425 -0.00232692
1.85833 0.00249839 -0.000120958 -0.00200393
1.8625 0.00212865 0.000312458 -0.000318777
1.86667 0.000628058 0.00146488 0.00093724
1.87083 -0.00073677 0.00212344 0.000576293
1.875 -0.00101506 0.00158131 -0.000775031
1.87917 -0.000412292 0.00013344 -0.00147637
1.88333 0.000109817 -0.00123554 -0.000738379
1.8875 -8.95438e-05 -0.00163353 0.000555684
1.89167 -0.000771924 -0.00091873 0.000947039
1.89583 -0.00126145 0.000219904 8.78924e-05
1.9 -0.00123236 0.00082642 -0.000930663
1.90417 -0.000941094 0.00048058 -0.000908001
1.90833 -0.000786127 -0.000345889 9.77467e-05
1.9125 -0.000834152 -0.000775948 0.000917716
1.91667 -0.000834503 -0.000438755 0.000650886
1.92083 -0.000581471 0.000159992 -0.00036412
1.925 -0.000152031 0.00026481 -0.00100262
1.92917 0.000192996 -0.000215046 -0.000602416
1.93333 0.000272657 -0.000611435 0.000371759
1.9375 0.000146524 -0.000330164 0.000863101
1.94167 4.121e-05 0.000456567 0.000333676
1.94583 0.000102339 0.00109578 -0.000669421
1.95 0.000207226 0.00123921 -0.00106436
1.95417 8.38134e-05 0.00108972 -0.000395248
1.95833 -0.000333646 0.000966353 0.000600183
1.9625 -0.00074649 0.000963381 0.000741329
1.96667 -0.000813045 0.00109995 -0.000237048
1.97083 -0.000599714 0.00147698 -0.00129233
1.975 -0.000549497 0.00205943 -0.00123134
1.97917 -0.000943294 0.00249603 -0.000115186
1.98333 -0.00151643 0.00241965 0.0007835
1.9875 -0.00171112 0.00187316 0.000429107
1.99167 -0.00126118 0.00126742 -0.000833069
1.99583 -0.000479183 0.000971856 -0.00167592
2 -1.02573e-05 0.00104543 -0.0011772
2.00417 -0.000266804 0.00121581 0.0002401
2.00833 -0.000946894 0.000997845 0.00113191
2.0125 -0.00114403 0.000122645 0.000384892
2.01667 -0.000270111 -0.00086528 -0.00148459
2.02083 0.00100519 -0.000815646 -0.00252205
2.025 0.00119282 0.000630474 -0.00138906
2.02917 -0.00020808 0.00210971 0.00073536
2.03333 -0.00173274 0.00188054 0.00114121
2.0375 -0.00152947 0.000136296 -0.0010574
2.04167 0.00020713 -0.00103653 -0.00343995
2.04583 0.0013174 -0.000361185 -0.00316633
2.05 0.000434049 0.00105993 -0.000723473
2.05417 -0.00130414 0.00158863 0.000687749
2.05833 -0.00191713 0.00132652 -0.000585212
2.0625 -0.0011128 0.00132274 -0.00268346
2.06667 -0.000188744 0.00147971 -0.00307208
2.07083 -1.98383e-05 0.00102616 -0.00173531
2.075 -0.000361844 0.000536353 -0.000444394
2.07917 -0.00085438 0.00127035 -0.000140045
2.08333 -0.00134771 0.00243461 -0.000500671
2.0875 -0.00123418 0.00156852 -0.00114366
2.09167 7.17113e-05 -0.00152959 -0.00158779
2.09583 0.00168865 -0.00375564 -0.000767346
2.1 0.00187722 -0.00313699 0.00150036
2.10417 0.000736008 -0.00198833 0.0031198
2.10833 0.000610529 -0.00333577 0.00209874
2.1125 0.00268459 -0.00621459 0.000112739
2.11667 0.00486798 -0.00762407 0.000887285
2.12083 0.00486075 -0.00769444 0.00456199
2.125 0.00383412 -0.00904196 0.00685338
2.12917 0.00456597 -0.0115665 0.00530707
2.13333 0.00684669 -0.0123138 0.00318468
2.1375 0.00781455 -0.0110614 0.00448254
2.14167 0.00676654 -0.0113766 0.00779542
2.14583 0.00627637 -0.0143331 0.00882705
2.15 0.00766251 -0.0157902 0.00720606
2.15417 0.00867154 -0.0130293 0.0064051
2.15833 0.00748176 -0.0098661 0.00754525
2.1625 0.00598541 -0.0107021 0.00801829
2.16667 0.00640895 -0.0129395 0.00680401
2.17083 0.00717985 -0.0110696 0.00640755
2.175 0.00561325 -0.00611543 0.00779544
2.17917 0.00293243 -0.00418399 0.0078908
2.18333 0.00250468 -0.00604558 0.00495498
2.1875 0.00387465 -0.00553048 0.00250653
2.19167 0.0030751 2.37481e-05 0.00395566
2.19583 -0.000729459 0.00494953 0.00643169
2.2 -0.00348579 0.00465807 0.00479751
2.20417 -0.00277733 0.00353414 -7.50873e-05
2.20833 -0.00188611 0.00771962 -0.00245887
2.2125 -0.00448305 0.014756 -0.000751842
2.21667 -0.00869122 0.0175277 0.000235948
2.22083 -0.0102519 0.015833 -0.00290836
2.225 -0.00928755 0.0162038 -0.00721271
2.22917 -0.00952467 0.0206668 -0.0086669
2.23333 -0.0118384 0.0235865 -0.00835948
2.2375 -0.0131591 0.0215209 -0.00966874
2.24167 -0.01207 0.0189538 -0.012279
2.24583 -0.0111159 0.0202625 -0.0132515
2.25 -0.0120198 0.0219484 -0.0125092
2.25417 -0.0124046 0.0185723 -0.0127963
2.25833 -0.00988437 0.012312 -0.0143281
2.2625 -0.00650878 0.00966538 -0.0137844
2.26667 -0.00566631 0.0104785 -0.00986442
2.27083 -0.00629909 0.00779029 -0.00610036
2.275 -0.00422858 -0.00066741 -0.00565529
2.27917 0.00106727 -0.00810232 -0.00613007
2.28333 0.00512472 -0.00901944 -0.00307388
2.2875 0.00511719 -0.00770094 0.00284705
2.29167 0.00407987 -0.0108713 0.00640117
2.29583 0.00594104 -0.0164501 0.00559727
2.3 0.00924494 -0.0169951 0.00457548
2.30417 0.00964493 -0.0122708 0.006922
2.30833 0.00704829 -0.00990615 0.0100691
2.3125 0.00566167 -0.012723 0.00973829
2.31667 0.00693022 -0.0139795 0.00692436
2.32083 0.00727816 -0.00887689 0.00581785
2.325 0.00447155 -0.0029621 0.00651789
2.32917 0.00162196 -0.00282891 0.00526778
2.33333 0.00176521 -0.0048092 0.00165648
2.3375 0.0024112 -0.00134108 -0.000275206
2.34167 -0.000115769 0.00561072 0.000674499
2.34583 -0.00384486 0.00736425 0.000338669
2.35 -0.00402998 0.00304013 -0.00339781
2.35417 -0.00118986 0.000800228 -0.00618214
2.35833 -0.000354251 0.00377481 -0.00425204
2.3625 -0.00257498 0.0052116 -0.00111034
2.36667 -0.00332501 0.00092606 -0.00193106
2.37083 -0.000481415 -0.00319617 -0.0050326
2.375 0.00203556 -0.00158945 -0.00494573
2.37917 0.0010271 0.00153624 -0.00150312
2.38333 -0.000881751 0.000136518 0.000506267
2.3875 -0.000287458 -0.00311573 -0.000477337
2.39167 0.00133126 -0.00226706 -0.00123442
2.39583 0.00101602 0.00109312 -0.000183223
2.4 -0.000249858 0.00109055 0.000617506
2.40417 6.91264e-05 -0.00177532 0.000407153
2.40833 0.00104884 -0.00194375 0.00106877
2.4125 0.000247268 0.00110154 0.00247853
2.41667 -0.00139162 0.00244284 0.00182288
2.42083 -0.00115983 0.000853144 -0.000885277
2.425 0.00028525 0.000405812 -0.001705
2.42917 -3.79541e-05 0.00251638 0.000689779
2.43333 -0.0020374 0.00364818 0.00219394
2.4375 -0.00263258 0.00220397 -0.000169894
2.44167 -0.00107375 0.00111567 -0.00322608
2.44583 4.92583e-05 0.00181445 -0.00274523
2.45 -0.000520963 0.00170851 -6.11556e-06
2.45417 -0.000998311 -0.000142432 0.000846805
2.45833 -0.000333155 -0.000620934 -0.000592896
2.4625 2.51076e-05 0.00142216 -0.00141929
2.46667 -0.000591303 0.00225547 -0.000810412
2.47083 -0.000540054 -8.28368e-05 -0.000500646
2.475 0.000639469 -0.00145192 -0.000589555
2.47917 0.000579198 0.00143067 0.00053603
2.48333 -0.00165244 0.00437556 0.00194009
2.4875 -0.00280529 0.00213911 0.000593959
2.49167 -0.000362909 -0.00212673 -0.00265295
2.49583 0.00243358 -0.00140434 -0.00261511
2.5 0.00101647 0.00305381 0.00191164
2.50417 -0.00267791 0.00302481 0.00444257
2.50833 -0.00246549 -0.00263715 0.000245913
2.5125 0.00202718 -0.00500041 -0.00496456
2.51667 0.00399248 0.000224784 -0.00286305
2.52083 0.000190577 0.00469185 0.00392353
2.525 -0.00347853 0.00104926 0.00516314
2.52917 -0.00144012 -0.00428508 -0.000712749
2.53333 0.00249122 -0.0020225 -0.00403529
2.5375 0.00184504 0.00353907 0.000285035
2.54167 -0.00157123 0.00190734 0.00502898
2.54583 -0.00150963 -0.00451899 0.00357351
2.55 0.00132147 -0.00406806 0.00039312
2.55417 0.000999856 0.00314738 0.00162096
2.55833 -0.00217268 0.00462077 0.00423385
2.5625 -0.0021087 -0.00231558 0.00333496
2.56667 0.00120072 -0.00515015 0.00223692
2.57083 0.000932826 0.00159538 0.00541322
2.575 -0.00372711 0.00612615 0.00834254
2.57917 -0.00493621 0.000168932 0.00527667
2.58333 -1.1185e-05 -0.00611746 0.00126821
2.5875 0.00285644 -0.00195872 0.00457361
2.59167 -0.00170376 0.00529535 0.0115229
2.59583 -0.00673333 0.00351961 0.0115684
2.6 -0.00448527 -0.00325458 0.00481471
2.60417 0.000889357 -0.00287611 0.00183852
2.60833 0.000764923 0.00385011 0.00653278
2.6125 -0.00409528 0.00587233 0.0108938
2.61667 -0.00599373 0.00104308 0.00828281
2.62083 -0.00268196 -0.00206429 0.00207948
2.625 0.000869708 0.000401317 -0.0012571
2.62917 0.00111279 0.00286073 -0.000519102
2.63333 -0.000251276 0.00114018 0.000983631
2.6375 -0.000367452 -0.00178443 -0.00025886
2.64167 0.00139013 -0.00207005 -0.00513116
2.64583 0.00382601 -0.000401529 -0.0104712
2.65 0.00525728 0.000122328 -0.0117921
2.65417 0.00511124 -0.00195331 -0.00955629
2.65833 0.00489266 -0.00473387 -0.00934025
2.6625 0.00603481 -0.00466646 -0.0134754
2.66667 0.00735464 -0.0014822 -0.0174312
2.67083 0.00718803 1.49645e-05 -0.0173638
2.675 0.00666125 -0.00309522 -0.0155991
2.67917 0.00735958 -0.00593261 -0.0153418
2.68333 0.00773961 -0.0031548 -0.0158657
2.6875 0.00621361 0.00109428 -0.0162503
2.69167 0.00535469 -0.000729285 -0.0177869
2.69583 0.00777459 -0.00635641 -0.0196576
2.7 0.0104243 -0.0070512 -0.0186063
2.70417 0.00906605 -0.0024955 -0.0155427
2.70833 0.00596646 -0.00101043 -0.0156321
2.7125 0.00646734 -0.00516921 -0.0192696
2.71667 0.0098452 -0.00830316 -0.0200415
2.72083 0.0104169 -0.0063314 -0.0143723
2.725 0.00653894 -0.00315892 -0.00651888
2.72917 0.00220272 -0.00272836 -0.00134978
2.73333 0.000287484 -0.00373947 0.00205417
2.7375 -0.000612253 -0.00352499 0.00750217
2.74167 -0.00308764 -0.00124701 0.0168164
2.74583 -0.00819143 0.00273602 0.0284673
2.75 -0.014775 0.00657566 0.0379223
2.75417 -0.019625 0.00791049 0.041107
2.75833 -0.0205287 0.00782799 0.0402243
2.7625 -0.0198789 0.00973963 0.0417838
2.76667 -0.0213962 0.0125984 0.0458526
2.77083 -0.0234116 0.0117678 0.0441747
2.775 -0.0210118 0.00797672 0.0332193
2.77917 -0.0145815 0.006703 0.0205708
2.78333 -0.00923779 0.00741618 0.0127767
2.7875 -0.00595585 0.00410334 0.00613502
2.79167 -0.0011623 -0.00218674 -0.0039731
2.79583 0.00499804 -0.00377701 -0.0142352
2.8 0.00861507 -0.000977798 -0.0207355
2.80417 0.0100722 -0.00242712 -0.0254845
2.80833 0.0131131 -0.00864204 -0.029237
2.8125 0.016218 -0.0100379 -0.0279012
2.81667 0.014425 -0.00428477 -0.0219585
2.82083 0.00930718 -0.000562512 -0.0186117
2.825 0.0072695 -0.00299645 -0.019101
2.82917 0.00830774 -0.0045327 -0.0155104
2.83333 0.00639586 -0.00102973 -0.00544815
2.8375 0.000750037 0.00234281 0.00236896
2.84167 -0.00300882 0.00218367 0.00260687
2.84583 -0.00277617 0.00184598 0.00127199
2.85 -0.00215474 0.00294862 0.00395247
2.85417 -0.00308517 0.00303136 0.00756422
2.85833 -0.00402988 0.0024728 0.00838964
2.8625 -0.00450947 0.00370681 0.00782447
2.86667 -0.00491458 0.0047058 0.0069062
2.87083 -0.0038899 0.00260383 0.00481638
2.875 -0.00141792 0.000682403 0.00401868
2.87917 -0.000989376 0.0027445 0.00727369
2.88333 -0.00373496 0.00536357 0.0102196
2.8875 -0.00520515 0.00443316 0.00690515
2.89167 -0.00272379 0.00312027 0.00067567
2.89583 -0.000179608 0.00489298 -0.000822132
2.9 -0.000882005 0.00613262 0.00138976
2.90417 -0.00195791 0.00369287 0.000223481
2.90833 -0.000309009 0.00143482 -0.00496142
2.9125 0.00220152 0.00193041 -0.00847221
2.91667 0.00334416 0.000878811 -0.00791444
2.92083 0.00406019 -0.00365856 -0.00524374
2.925 0.0046127 -0.00633796 -0.00175117
2.92917 0.00347574 -0.00459766 0.0013306
2.93333 0.00172163 -0.00348926 0.00179206
2.9375 0.00218051 -0.00581509 0.000891645
2.94167 0.00383446 -0.00773653 0.00285592
2.94583 0.00359049 -0.00752672 0.00669215
2.95 0.00276814 -0.0082839 0.00632593
2.95417 0.00483481 -0.0100064 0.00143094
2.95833 0.00837338 -0.00931436 -0.000998458
2.9625 0.00944193 -0.0073352 0.00195146
2.96667 0.00856813 -0.00756602 0.00568989
2.97083 0.00849874 -0.0074842 0.00749098
2.975 0.00825711 -0.0028994 0.00952315
2.97917 0.00614208 0.00250737 0.0119628
2.98333 0.00455045 0.00295242 0.0126973
2.9875 0.00540148 0.00146297 0.0133062
2.99167 0.00563468 0.00388944 0.0160636
2.99583 0.00326249 0.00737267 0.0173038
