0 0 0 0
0.00416667 0 0 0
0.00833333 0 0 0
0.0125 0 0 0
0.0166667 0 0 0
0.0208333 0 0 0
0.025 0 0 0
0.0291667 0 0 0
0.0333333 0 0 0
0.0375 0 0 0
0.0416667 0 0 0
0.0458333 0 0 0
0.05 0 0 0
0.0541667 0 0 0
0.0583333 0 0 0
0.0625 0 0 0
0.0666667 0 0 0
0.0708333 0 0 0
0.075 0 0 0
0.0791667 0 0 0
0.0833333 0 0 0
0.0875 0 0 0
0.0916667 0 0 0
0.0958333 0 0 0
0.1 0 0 0
0.104167 0 0 0
0.108333 0 0 0
0.1125 0 0 0
0.116667 0 0 0
0.120833 0 0 0
0.125 0 0 0
0.129167 0 0 0
0.133333 0 0 0
0.1375 0 0 0
0.141667 0 0 0
0.145833 0 0 0
0.15 0 0 0
0.154167 0 0 0
0.158333 0 0 0
0.1625 0 0 0
0.166667 0 0 0
0.170833 0 0 0
0.175 0 0 0
0.179167 0 0 0
0.183333 0 0 0
0.1875 0 0 0
0.191667 0 0 0
0.195833 0 0 0
0.2 0 0 0
0.204167 0 0 0
0.208333 0 0 0
0.2125 0 0 0
0.216667 0 0 0
0.220833 0 0 0
0.225 -4.95054e-321 0 1.29317e-319
0.229167 -1.16352e-317 4.87796e-319 2.87143e-316
0.233333 -2.27573e-314 9.5261e-316 5.51332e-313
0.2375 -3.87624e-311 1.6147e-312 9.22196e-310
0.241667 -5.77732e-308 2.38773e-309 1.3502e-306
0.245833 -7.56897e-305 3.09498e-306 1.73822e-303
0.25 -8.75411e-302 3.5324e-303 1.97608e-300
0.254167 -8.97488e-299 3.5651e-300 1.99193e-297
0.258333 -8.18797e-296 3.19466e-297 1.78729e-294
0.2625 -6.67212e-293 2.55153e-294 1.43276e-291
0.266667 -4.87332e-290 1.82299e-291 1.02977e-288
0.270833 -3.20125e-287 1.16921e-288 6.65811e-286
0.275 -1.89734e-284 6.75398e-286 3.88506e-283
0.279167 -1.01773e-281 3.52501e-283 2.05216e-280
0.283333 -4.95511e-279 1.66726e-280 9.84142e-278
0.2875 -2.19597e-276 7.16694e-278 4.29688e-275
0.291667 -8.8821e-274 2.80767e-275 1.71262e-272
0.295833 -3.28727e-271 1.00503e-272 6.24725e-270
0.3 -1.11598e-268 3.29551e-270 2.09077e-267
0.304167 -3.48337e-266 9.92239e-268 6.43476e-265
0.308333 -1.00196e-263 2.74953e-265 1.82536e-262
0.3125 -2.66162e-261 7.02756e-263 4.78293e-260
0.316667 -6.54332e-259 1.66023e-260 1.16004e-257
0.320833 -1.49167e-256 3.63267e-258 2.60946e-255
0.325 -3.15941e-254 7.37593e-256 5.45459e-253
0.329167 -6.22877e-252 1.39235e-253 1.06147e-250
0.333333 -1.14508e-249 2.44789e-251 1.92647e-248
0.3375 -1.96629e-247 4.01503e-249 3.26636e-246
0.341667 -3.15905e-245 6.1539e-247 5.1824e-244
0.345833 -4.75614e-243 8.82794e-245 7.70638e-242
0.35 -6.72056e-241 1.18705e-242 1.07569e-239
0.354167 -8.92591e-239 1.49834e-240 1.4115e-237
0.358333 -1.11587e-236 1.7778e-238 1.74362e-235
0.3625 -1.31489e-234 1.98548e-236 2.03045e-233
0.366667 -1.46236e-232 2.08982e-234 2.23193e-231
0.370833 -1.53697e-230 2.07561e-232 2.31885e-229
0.375 -1.52849e-228 1.9475e-230 2.27985e-227
0.379167 -1.44002e-226 1.72818e-228 2.12373e-225
0.383333 -1.28671e-224 1.4519e-226 1.87652e-223
0.3875 -1.09167e-222 1.15601e-224 1.57455e-221
0.391667 -8.80385e-221 8.73114e-223 1.25596e-219
0.395833 -6.7558e-219 6.26115e-221 9.53393e-218
0.4 -4.93796e-217 4.26652e-219 6.89414e-216
0.404167 -3.44122e-215 2.7648e-217 4.75367e-214
0.408333 -2.28869e-213 1.70502e-215 3.12848e-212
0.4125 -1.45403e-211 1.00126e-213 1.96695e-210
0.416667 -8.83197e-210 5.60202e-212 1.18249e-208
0.420833 -5.1336e-208 2.98761e-210 6.80333e-207
0.425 -2.8578e-206 1.51924e-208 3.74916e-205
0.429167 -1.52491e-204 7.36776e-207 1.98056e-203
0.433333 -7.80552e-203 3.40767e-205 1.00376e-201
0.4375 -3.83568e-201 1.50279e-203 4.8842e-200
0.441667 -1.81089e-199 6.31596e-202 2.28351e-198
0.445833 -8.21989e-198 2.52739e-200 1.02654e-196
0.45 -3.58982e-196 9.61466e-199 4.44038e-195
0.454167 -1.50943e-194 3.4687e-197 1.8494e-193
0.458333 -6.11467e-193 1.18221e-195 7.42165e-192
0.4625 -2.38803e-191 3.7825e-194 2.87151e-190
0.466667 -8.99681e-190 1.12391e-192 1.07185e-188
0.470833 -3.27179e-188 3.03913e-191 3.86227e-187
0.475 -1.14919e-186 7.15548e-190 1.34429e-185
0.479167 -3.90088e-185 1.2893e-188 4.52209e-184
0.483333 -1.28039e-183 6.78193e-188 1.47105e-182
0.4875 -4.06608e-182 -8.47529e-186 4.63019e-181
0.491667 -1.24996e-180 -5.62461e-184 1.41087e-179
0.495833 -3.72161e-179 -2.46929e-182 4.16411e-178
0.5 -1.07376e-177 -8.93127e-181 1.19104e-176
0.504167 -3.00365e-176 -2.76141e-179 3.30312e-175
0.508333 -8.15037e-175 -6.96323e-178 8.88654e-174
0.5125 -2.14644e-173 -1.05755e-176 2.32047e-172
0.516667 -5.48927e-172 2.47658e-175 5.88422e-171
0.520833 -1.3641e-170 3.4614e-173 1.4499e-169
0.525 -3.29662e-169 2.25911e-171 3.47418e-168
0.529167 -7.75684e-168 1.2004e-169 8.10369e-167
0.533333 -1.78026e-166 5.75137e-168 1.84299e-165
0.5375 -3.99748e-165 2.57674e-166 4.09747e-164
0.541667 -8.82809e-164 1.0972e-164 8.94578e-163
0.545833 -1.93454e-162 4.4766e-163 1.9327e-161
0.55 -4.26665e-161 1.75779e-161 4.18402e-160
0.554167 -9.66361e-160 6.65934e-160 9.24523e-159
0.558333 -2.29987e-158 2.43788e-158 2.1328e-157
0.5625 -5.8505e-157 8.63295e-157 5.23826e-156
0.566667 -1.59327e-155 2.95936e-155 1.37854e-154
0.570833 -4.57578e-154 9.82628e-154 3.84539e-153
0.575 -1.35438e-152 3.16196e-152 1.11265e-151
0.579167 -4.04427e-151 9.86503e-151 3.26587e-150
0.583333 -1.19961e-149 2.9854e-149 9.55905e-149
0.5875 -3.50042e-148 8.76694e-148 2.75907e-147
0.591667 -9.99181e-147 2.49922e-146 7.80163e-146
0.595833 -2.78164e-145 6.91888e-145 2.15332e-144
0.6 -7.54098e-144 1.86083e-143 5.7905e-143
0.604167 -1.98941e-142 4.86375e-142 1.51573e-141
0.608333 -5.10613e-141 1.23591e-140 3.86084e-140
0.6125 -1.27509e-139 3.05421e-139 9.56921e-139
0.616667 -3.09844e-138 7.34279e-138 2.30813e-137
0.620833 -7.32818e-137 1.71796e-136 5.41909e-136
0.625 -1.68741e-135 3.91292e-135 1.23876e-134
0.629167 -3.78389e-134 8.67879e-134 2.75781e-133
0.633333 -8.26569e-133 1.87511e-132 5.98113e-132
0.6375 -1.75943e-131 3.9476e-131 1.26407e-130
0.641667 -3.65044e-130 8.1005e-130 2.60411e-129
0.645833 -7.38455e-129 1.62065e-128 5.23083e-128
0.65 -1.45692e-127 3.16223e-127 1.02478e-126
0.654167 -2.80414e-126 6.01929e-126 1.95866e-125
0.658333 -5.26671e-125 1.11806e-124 3.65326e-124
0.6625 -9.65544e-124 2.0271e-123 6.65137e-123
0.666667 -1.72828e-122 3.58828e-122 1.1824e-121
0.670833 -3.0212e-121 6.20321e-121 2.05286e-120
0.675 -5.15918e-120 1.04755e-119 3.4818e-119
0.679167 -8.6085e-119 1.72852e-118 5.77044e-118
0.683333 -1.40387e-117 2.78754e-117 9.3472e-117
0.6875 -2.23813e-116 4.39461e-116 1.48022e-115
0.691667 -3.48905e-115 6.77449e-115 2.29219e-114
0.695833 -5.31978e-114 1.02139e-113 3.47179e-113
0.7 -7.93498e-113 1.50649e-112 5.14441e-112
0.704167 -1.15814e-111 2.1742e-111 7.45925e-111
0.708333 -1.65439e-110 3.07104e-110 1.05859e-109
0.7125 -2.31349e-109 4.24641e-109 1.47072e-108
0.716667 -3.16773e-108 5.7491e-108 2.00075e-107
0.720833 -4.24783e-107 7.62275e-107 2.66569e-106
0.725 -5.57978e-106 9.90028e-106 3.47911e-105
0.729167 -7.181e-105 1.25978e-104 4.44895e-104
0.733333 -9.05644e-104 1.57088e-103 5.57526e-103
0.7375 -1.11949e-102 1.91988e-102 6.84817e-102
0.741667 -1.35662e-101 2.30025e-101 8.24653e-101
0.745833 -1.61196e-100 2.70226e-100 9.73726e-100
0.75 -1.87839e-99 3.11323e-99 1.12759e-98
0.754167 -2.14703e-98 3.51809e-98 1.28084e-97
0.758333 -2.4076e-97 3.90025e-97 1.4274e-96
0.7625 -2.64913e-96 4.24273e-96 1.56093e-95
0.766667 -2.86069e-95 4.52941e-95 1.67524e-94
0.770833 -3.03222e-94 4.7463e-94 1.76484e-93
0.775 -3.15535e-93 4.8827e-93 1.82533e-92
0.779167 -3.22406e-92 4.93205e-92 1.85377e-91
0.783333 -3.23517e-91 4.89247e-91 1.84893e-90
0.7875 -3.1886e-90 4.76687e-90 1.81135e-89
0.791667 -3.0873e-89 4.56258e-89 1.7433e-88
0.795833 -2.937e-88 4.29068e-88 1.64853e-87
0.8 -2.74561e-87 3.96505e-87 1.53193e-86
0.804167 -2.5226e-86 3.60116e-86 1.39917e-85
0.808333 -2.27824e-85 3.21493e-85 1.25617e-84
0.8125 -2.0228e-84 2.82162e-84 1.10877e-83
0.816667 -1.76593e-83 2.43493e-83 9.62296e-83
0.820833 -1.51607e-82 2.06632e-82 8.21316e-82
0.825 -1.28012e-81 1.7246e-81 6.89458e-81
0.829167 -1.06323e-80 1.41587e-80 5.69324e-80
0.833333 -8.6878e-80 1.14355e-79 4.62512e-79
0.8375 -6.98477e-79 9.08755e-79 3.69706e-78
0.841667 -5.52602e-78 7.10642e-78 2.90814e-77
0.845833 -4.30274e-77 5.4692e-77 2.25142e-76
0.85 -3.29766e-76 4.14306e-76 1.71567e-75
0.854167 -2.48799e-75 3.08955e-75 1.28706e-74
0.858333 -1.8481e-74 2.2683e-74 9.50617e-74
0.8625 -1.35172e-73 1.63979e-73 6.91364e-73
0.866667 -9.73615e-73 1.16738e-72 4.95169e-72
0.870833 -6.90678e-72 8.18497e-72 3.49297e-71
0.875 -4.82616e-71 5.65273e-71 2.42707e-70
0.879167 -3.32211e-70 3.84576e-70 1.66135e-69
0.883333 -2.253e-69 2.57773e-69 1.12043e-68
0.8875 -1.50554e-68 1.70244e-68 7.44552e-68
0.891667 -9.91401e-68 1.10798e-67 4.87575e-67
0.895833 -6.43401e-67 7.10659e-67 3.1468e-66
0.9 -4.11561e-66 4.49271e-66 2.00181e-65
0.904167 -2.59508e-65 2.79974e-65 1.2553e-64
0.908333 -1.61316e-64 1.72001e-64 7.7604e-64
0.9125 -9.88672e-64 1.04182e-63 4.7302e-63
0.916667 -5.97478e-63 6.22217e-63 2.84298e-62
0.920833 -3.56063e-62 3.66459e-62 1.68504e-61
0.925 -2.09271e-61 2.12854e-61 9.84981e-61
0.929167 -1.21313e-60 1.21941e-60 5.67895e-60
0.933333 -6.93684e-60 6.89087e-60 3.22976e-59
0.9375 -3.91302e-59 3.8414e-59 1.81206e-58
0.941667 -2.1777e-58 2.11269e-58 1.00303e-57
0.945833 -1.19579e-57 1.14644e-57 5.47816e-57
0.95 -6.47922e-57 6.13864e-57 2.95236e-56
0.954167 -3.46447e-56 3.24366e-56 1.5702e-55
0.958333 -1.82824e-55 1.69153e-55 8.24188e-55
0.9625 -9.52242e-55 8.70633e-55 4.26993e-54
0.966667 -4.89571e-54 4.42325e-54 2.1836e-53
0.970833 -2.48468e-53 2.21836e-53 1.10234e-52
0.975 -1.24494e-52 1.09834e-52 5.49397e-52
0.979167 -6.15858e-52 5.36903e-52 2.70343e-51
0.983333 -3.00816e-51 2.59141e-51 1.31351e-50
0.9875 -1.45091e-50 1.23507e-50 6.30198e-50
0.991667 -6.91085e-50 5.81293e-50 2.98589e-49
0.995833 -3.25092e-49 2.70194e-49 1.3972e-48
1 -1.51041e-48 1.24041e-48 6.45741e-48
1.00417 -6.93146e-48 5.62461e-48 2.94785e-47
1.00833 -3.14217e-47 2.51934e-47 1.32931e-46
1.0125 -1.40714e-46 1.11475e-46 5.92182e-46
1.01667 -6.2255e-46 4.87299e-46 2.60625e-45
1.02083 -2.72127e-45 2.10458e-45 1.13328e-44
1.025 -1.17532e-44 8.9808e-45 4.86911e-44
1.02917 -5.01594e-44 3.7868e-44 2.06717e-43
1.03333 -2.11539e-43 1.57784e-43 8.67254e-43
1.0375 -8.81647e-43 6.49701e-43 3.59571e-42
1.04167 -3.63155e-42 2.64392e-42 1.47338e-41
1.04583 -1.47845e-41 1.06339e-41 5.96714e-41
1.05 -5.94927e-41 4.22741e-41 2.3887e-40
1.05417 -2.36639e-40 1.66116e-40 9.45197e-40
1.05833 -9.30467e-40 6.45257e-40 3.69722e-39
1.0625 -3.61684e-39 2.47775e-39 1.42969e-38
1.06667 -1.38993e-38 9.40613e-39 5.46573e-38
1.07083 -5.28101e-38 3.53031e-38 2.06592e-37
1.075 -1.98391e-37 1.31005e-37 7.72073e-37
1.07917 -7.36935e-37 4.80677e-37 2.85303e-36
1.08333 -2.70683e-36 1.74394e-36 1.04251e-35
1.0875 -9.83187e-36 6.25671e-36 3.767e-35
1.09167 -3.53164e-35 2.21979e-35 1.34609e-34
1.09583 -1.25459e-34 7.78845e-35 4.75707e-34
1.1 -4.40788e-34 2.7026e-34 1.66267e-33
1.10417 -1.53172e-33 9.27516e-34 5.74771e-33
1.10833 -5.26468e-33 3.1484e-33 1.96527e-32
1.1125 -1.78987e-32 1.05707e-32 6.64673e-32
1.11667 -6.01935e-32 3.51059e-32 2.22366e-31
1.12083 -2.00249e-31 1.15328e-31 7.35903e-31
1.125 -6.59024e-31 3.74788e-31 2.40924e-30
1.12917 -2.14565e-30 1.20489e-30 7.80306e-30
1.13333 -6.91127e-30 3.83208e-30 2.50028e-29
1.1375 -2.2025e-29 1.20577e-29 7.92626e-29
1.14167 -6.94456e-29 3.75359e-29 2.48609e-28
1.14583 -2.16651e-28 1.15611e-28 7.71523e-28
1.15 -6.68771e-28 3.52318e-28 2.36907e-27
1.15417 -2.04272e-27 1.06234e-27 7.19812e-27
1.15833 -6.17402e-27 3.16959e-27 2.16413e-26
1.1625 -1.84657e-26 9.35753e-27 6.43848e-26
1.16667 -5.46535e-26 2.7337e-26 1.89554e-25
1.17083 -1.60078e-25 7.90281e-26 5.52255e-25
1.175 -4.64005e-25 2.26082e-25 1.59227e-24
1.17917 -1.33106e-24 6.40047e-25 4.54335e-24
1.18333 -3.77895e-24 1.79321e-24 1.283e-23
1.1875 -1.06182e-23 4.97199e-24 3.58572e-23
1.19167 -2.95287e-23 1.36433e-23 9.91829e-23
1.19583 -8.1276e-23 3.70516e-23 2.71528e-22
1.2 -2.21418e-22 9.9586e-23 7.35732e-22
1.20417 -5.97042e-22 2.64912e-22 1.97314e-21
1.20833 -1.59347e-21 6.97468e-22 5.23765e-21
1.2125 -4.20958e-21 1.81748e-21 1.37614e-20
1.21667 -1.10076e-20 4.68755e-21 3.57885e-20
1.22083 -2.84916e-20 1.19662e-20 9.2126e-20
1.225 -7.29979e-20 3.02345e-20 2.34739e-19
1.22917 -1.85132e-19 7.56123e-20 5.92046e-19
1.23333 -4.64766e-19 1.87165e-19 1.47808e-18
1.2375 -1.15497e-18 4.5857e-19 3.65272e-18
1.24167 -2.84117e-18 1.11208e-18 8.93536e-18
1.24583 -6.9185e-18 2.66939e-18 2.16365e-17
1.25 -1.6677e-17 6.3422e-18 5.18615e-17
1.25417 -3.97941e-17 1.49148e-17 1.23051e-16
1.25833 -9.39968e-17 3.4717e-17 2.89005e-16
1.2625 -2.19786e-16 7.99859e-17 6.71905e-16
1.26667 -5.08723e-16 1.82402e-16 1.54629e-15
1.27083 -1.16561e-15 4.11703e-16 3.52251e-15
1.275 -2.64372e-15 9.19764e-16 7.94311e-15
1.27917 -5.9356e-15 2.03376e-15 1.77297e-14
1.28333 -1.31916e-14 4.45092e-15 3.91724e-14
1.2875 -2.90207e-14 9.64091e-15 8.56687e-14
1.29167 -6.31964e-14 2.0668e-14 1.85448e-13
1.29583 -1.36221e-13 4.38511e-14 3.97351e-13
1.3 -2.90642e-13 9.20783e-14 8.42695e-13
1.30417 -6.13799e-13 1.91345e-13 1.76889e-12
1.30833 -1.28303e-12 3.93503e-13 3.67502e-12
1.3125 -2.65452e-12 8.00824e-13 7.55674e-12
1.31667 -5.43576e-12 1.61277e-12 1.53785e-11
1.32083 -1.10166e-11 3.21393e-12 3.09733e-11
1.325 -2.20972e-11 6.33746e-12 6.17361e-11
1.32917 -4.38645e-11 1.23649e-11 1.21775e-10
1.33333 -8.61716e-11 2.38694e-11 2.37698e-10
1.3375 -1.67522e-10 4.55879e-11 4.59119e-10
1.34167 -3.22271e-10 8.61375e-11 8.77488e-10
1.34583 -6.1347e-10 1.61007e-10 1.6594e-09
1.35 -1.15549e-09 2.97704e-10 3.10483e-09
1.35417 -2.15339e-09 5.44481e-10 5.74747e-09
1.35833 -3.97044e-09 9.84938e-10 1.05255e-08
1.3625 -7.24252e-09 1.76211e-09 1.90684e-08
1.36667 -1.30692e-08 3.11762e-09 3.41712e-08
1.37083 -2.33288e-08 5.45432e-09 6.05693e-08
1.375 -4.11895e-08 9.43516e-09 1.06185e-07
1.37917 -7.19288e-08 1.61364e-08 1.841e-07
1.38333 -1.24225e-07 2.72817e-08 3.15641e-07
1.3875 -2.12161e-07 4.55926e-08 5.35111e-07
1.39167 -3.58293e-07 7.53053e-08 8.96943e-07
1.39583 -5.98256e-07 1.22917e-07 1.48633e-06
1.4 -9.8757e-07 1.98242e-07 2.4347e-06
1.40417 -1.61152e-06 3.15873e-07 3.94196e-06
1.40833 -2.59921e-06 4.97162e-07 6.30758e-06
1.4125 -4.14319e-06 7.72821e-07 9.97333e-06
1.41667 -6.52619e-06 1.18625e-06 1.55807e-05
1.42083 -1.01568e-05 1.79767e-06 2.4046e-05
1.425 -1.56158e-05 2.68897e-06 3.66554e-05
1.42917 -2.37146e-05 3.96923e-06 5.51824e-05
1.43333 -3.55661e-05 5.78046e-06 8.20268e-05
1.4375 -5.26686e-05 8.30306e-06 0.00012037
1.44167 -7.69979e-05 1.17599e-05 0.000174343
1.44583 -0.000111104 1.6418e-05 0.000249182
1.45 -0.0001582 2.25855e-05 0.000351358
1.45417 -0.000222234 3.06026e-05 0.000488648
1.45833 -0.000307914 4.08239e-05 0.000670094
1.4625 -0.000420671 5.35898e-05 0.000905809
1.46667 -0.000566529 6.91856e-05 0.00120659
1.47083 -0.000751841 8.77886e-05 0.00158325
1.475 -0.000982882 0.000109403 0.00204567
1.47917 -0.00126526 0.000133788 0.00260157
1.48333 -0.00160317 0.000160385 0.00325494
1.4875 -0.00199847 0.000188256 0.00400435
1.49167 -0.00244968 0.000216041 0.00484116
1.49583 -0.00295099 0.000241958 0.00574793
1.5 -0.00349134 0.000263851 0.00669727
1.50417 -0.00405388 0.000279301 0.00765143
1.50833 -0.0046158 0.000285813 0.00856296
1.5125 -0.00514887 0.000281057 0.00937668
1.51667 -0.0056207 0.000263167 0.010033
1.52083 -0.00599683 0.000231047 0.0104729
1.525 -0.00624352 0.000184652 0.010643
1.52917 -0.00633111 0.000125187 0.0105026
1.53333 -0.00623748 5.51659e-05 0.0100286
1.5375 -0.00595119 -2.17031e-05 0.0092205
1.54167 -0.00547378 -0.000100844 0.008102
1.54583 -0.00482054 -0.000177321 0.00672003
1.55 -0.00401955 -0.000246499 0.00514019
1.55417 -0.00310869 -0.000304739 0.0034387
1.55833 -0.00213083 -0.000350034 0.00169208
1.5625 -0.00112785 -0.000382441 -3.42098e-05
1.56667 -0.000134262 -0.000404183 -0.00169614
1.57083 0.000828284 -0.000419364 -0.00327828
1.575 0.0017546 -0.000433289 -0.00479615
1.57917 0.00265657 -0.000451465 -0.00629255
1.58333 0.00356044 -0.000478443 -0.00782795
1.5875 0.00450079 -0.000516732 -0.00946626
1.59167 0.00551219 -0.000565988 -0.0112583
1.59583 0.00661988 -0.000622688 -0.013226
1.6 0.00783124 -0.000680373 -0.0153507
1.60417 0.00912985 -0.000730442 -0.0175678
1.60833 0.0104731 -0.000763346 -0.0197687
1.6125 0.0117945 -0.00076995 -0.02181
1.61667 0.0130088 -0.000742769 -0.0235282
1.62083 0.0140212 -0.000676886 -0.0247556
1.625 0.0147359 -0.000570386 -0.0253368
1.62917 0.0150654 -0.000424364 -0.0251411
1.63333 0.014937 -0.000242633 -0.0240718
1.6375 0.0142976 -3.13471e-05 -0.022072
1.64167 0.0131177 0.000201265 -0.0191291
1.64583 0.011393 0.000444974 -0.0152795
1.65 0.00914843 0.000687524 -0.0106139
1.65417 0.00644071 0.000914724 -0.00528324
1.65833 0.00336182 0.00111095 0.000498317
1.6625 3.97927e-05 0.00126031 0.00645767
1.66667 -0.00336452 0.00134844 0.0122765
1.67083 -0.00666672 0.00136478 0.0176167
1.675 -0.00967441 0.00130474 0.0221555
1.67917 -0.0122075 0.00117123 0.0256237
1.68333 -0.01412 0.000974899 0.0278407
1.6875 -0.0153182 0.000732909 0.0287366
1.69167 -0.0157715 0.000466387 0.0283569
1.69583 -0.0155133 0.00019711 0.0268481
1.7 -0.0146312 -5.57e-05 0.0244287
1.70417 -0.0132498 -0.000277655 0.0213538
1.70833 -0.0115113 -0.000460026 0.0178825
1.7125 -0.0095583 -0.000599068 0.0142564
1.71667 -0.00752326 -0.00069435 0.0106912
1.72083 -0.00552508 -0.000746876 0.00737946
1.725 -0.00367107 -0.000757846 0.00449734
1.72917 -0.00206029 -0.00072854 0.00220733
1.73333 -0.000783916 -0.00066131 0.000651647
1.7375 7.98696e-05 -0.000561129 -6.45295e-05
1.74167 0.00047621 -0.000436844 0.00010509
1.74583 0.000385786 -0.000301369 0.00112949
1.75 -0.000165925 -0.000170417 0.00289399
1.75417 -0.0011069 -5.99704e-05 0.00521105
1.75833 -0.00232659 1.68084e-05 0.00784756
1.7625 -0.0036926 5.227e-05 0.0105623
1.76667 -0.00507216 4.57364e-05 0.0131438
1.77083 -0.00635264 3.29709e-06 0.0154387
1.775 -0.00745616 -6.39469e-05 0.0173649
1.77917 -0.00834491 -0.000142627 0.0189063
1.78333 -0.00901702 -0.000220049 0.0200943
1.7875 -0.0094949 -0.000286597 0.0209799
1.79167 -0.00980967 -0.000337077 0.0216054
1.79583 -0.00998566 -0.000370839 0.0219802
1.8 -0.0100281 -0.000390753 0.022067
1.80417 -0.00991673 -0.000401389 0.0217795
1.80833 -0.00960603 -0.000406876 0.0209927
1.8125 -0.00903221 -0.000409023 0.0195634
1.81667 -0.00812485 -0.000406286 0.0173536
1.82083 -0.00681987 -0.000394006 0.0142519
1.825 -0.00506958 -0.000365954 0.0101829
1.82917 -0.00284611 -0.000316772 0.005103
1.83333 -0.000136958 -0.00024438 -0.00101627
1.8375 0.00306528 -0.000151285 -0.00820718
1.84167 0.0067733 -4.4006e-05 -0.0165152
1.84583 0.0110087 6.94145e-05 -0.0259876
1.85 0.0157936 0.000182937 -0.0366405
1.85417 0.0211309 0.000295545 -0.0484108
1.85833 0.0269787 0.000412227 -0.0611138
1.8625 0.033228 0.000542164 -0.0744227
1.86667 0.0396963 0.000694601 -0.0878831
1.87083 0.0461388 0.000874059 -0.10096
1.875 0.0522769 0.00107698 -0.1131
1.87917 0.0578319 0.00129135 -0.123788
1.88333 0.0625545 0.00149954 -0.132581
1.8875 0.0662377 0.00168322 -0.139107
1.89167 0.0687149 0.00182807 -0.143052
1.89583 0.0698466 0.00192659 -0.144131
1.9 0.0695085 0.00197792 -0.142087
1.90417 0.0675884 0.00198543 -0.136706
1.90833 0.0639958 0.00195333 -0.127844
1.9125 0.0586794 0.00188424 -0.115471
1.91667 0.0516451 0.00177838 -0.0996842
1.92083 0.0429658 0.00163426 -0.0807138
1.925 0.0327809 0.0014502 -0.0589069
1.92917 0.0212863 0.00122546 -0.0346999
1.93333 0.00871999 0.000960944 -0.00858913
1.9375 -0.00465416 0.000659343 0.0188991
1.94167 -0.0185616 0.000325391 0.0472383
1.94583 -0.0327328 -3.3865e-05 0.0759314
1.95 -0.0469184 -0.000409092 0.104534
1.95417 -0.0608995 -0.000789598 0.132657
1.95833 -0.0744879 -0.0011653 0.159948
1.9625 -0.0875119 -0.00152905 0.18604
1.96667 -0.099788 -0.0018781 0.210486
1.97083 -0.111088 -0.00221337 0.2327
1.975 -0.12111 -0.00253664 0.251931
1.97917 -0.129469 -0.00284648 0.267263
1.98333 -0.135704 -0.00313522 0.277654
1.9875 -0.139298 -0.00338841 0.28199
1.99167 -0.139712 -0.00358721 0.279144
1.99583 -0.136411 -0.00371236 0.268039
2 -0.1289 -0.00374778 0.247732
2.00417 -0.116762 -0.00368195 0.217533
2.00833 -0.0997232 -0.00350723 0.177158
2.0125 -0.0777304 -0.00321837 0.1269
2.01667 -0.0510333 -0.00281226 0.0677782
2.02083 -0.0202554 -0.00228994 0.00163058
2.025 0.0135714 -0.00166037 -0.0688919
2.02917 0.0490202 -0.000943859 -0.140421
2.03333 0.0843314 -0.000173022 -0.209055
2.0375 0.117514 0.000609677 -0.270603
2.04167 0.146479 0.00135703 -0.320885
2.04583 0.169189 0.0020229 -0.35606
2.05 0.183828 0.00256695 -0.372987
2.05417 0.188977 0.00295757 -0.369581
2.05833 0.183789 0.00317374 -0.345121
2.0625 0.168131 0.00320679 -0.300463
2.06667 0.142673 0.0030624 -0.238106
2.07083 0.108897 0.00276203 -0.162073
2.075 0.0690154 0.00234185 -0.0776391
2.07917 0.025813 0.00184828 0.00908825
2.08333 -0.0175799 0.00133032 0.0916782
2.0875 -0.0579496 0.000830832 0.16393
2.09167 -0.0922786 0.000379996 0.220429
2.09583 -0.118017 -7.0032e-06 0.257057
2.1 -0.133327 -0.000327281 0.271418
2.10417 -0.137274 -0.000584125 0.263102
2.10833 -0.129941 -0.000780089 0.233771
2.1125 -0.112437 -0.000911969 0.187006
2.11667 -0.0867996 -0.000969257 0.127941
2.12083 -0.0557765 -0.000936255 0.0627126
2.125 -0.0225359 -0.000796882 -0.00220791
2.12917 0.00967768 -0.000540658 -0.0607004
2.13333 0.0378862 -0.000168259 -0.107627
2.1375 0.0596804 0.000304714 -0.139328
2.14167 0.0734473 0.000846889 -0.153942
2.14583 0.0785027 0.00141393 -0.151513
2.15 0.0751191 0.0019552 -0.133899
2.15417 0.0644509 0.00242337 -0.10448
2.15833 0.0483651 0.00278498 -0.0676956
2.1625 0.0291933 0.0030285 -0.0284718
2.16667 0.00942938 0.00316634 0.00841983
2.17083 -0.00858978 0.00322824 0.0389614
2.175 -0.0229758 0.00324693 0.0603606
2.17917 -0.032503 0.00324034 0.0713109
2.18333 -0.0367091 0.00319802 0.0720049
2.1875 -0.0358704 0.00307886 0.0639211
2.19167 -0.0308685 0.0028233 0.0494549
2.19583 -0.0229909 0.00237607 0.0314825
2.2 -0.0137089 0.0017097 0.0129321
2.20417 -0.00446906 0.000837324 -0.00359509
2.20833 0.00348594 -0.000191903 -0.0161347
2.2125 0.00926027 -0.00131235 -0.0235814
2.21667 0.0124042 -0.00246536 -0.0257909
2.22083 0.012951 -0.00361295 -0.0235215
2.225 0.0113721 -0.00473295 -0.0182022
2.22917 0.0084448 -0.00579813 -0.0115685
2.23333 0.00505897 -0.00675151 -0.00525916
2.2375 0.00201318 -0.00749391 -0.000489311
2.24167 -0.000140142 -0.00789416 0.00212153
2.24583 -0.00116397 -0.00782102 0.00255334
2.25 -0.00112014 -0.00718451 0.00126973
2.25417 -0.000296684 -0.0059697 -0.000950052
2.25833 0.000884368 -0.00424993 -0.00318719
2.2625 0.00195736 -0.00217565 -0.00455958
2.26667 0.00249983 5.42949e-05 -0.0044036
2.27083 0.00221934 0.00222731 -0.00244415
2.275 0.00103141 0.00414654 0.0010984
2.27917 -0.000898037 0.00565026 0.00552397
2.28333 -0.00317396 0.00662262 0.00981377
2.2875 -0.00526479 0.00700052 0.0128942
2.29167 -0.00664061 0.00678037 0.0139131
2.29583 -0.00690937 0.00602358 0.0124397
2.3 -0.00590766 0.00485508 0.00854389
2.30417 -0.00372884 0.00344835 0.00277173
2.30833 -0.00069883 0.00199544 -0.00394733
2.3125 0.00267945 0.000669094 -0.0104358
2.31667 0.00580151 -0.000409274 -0.0154502
2.32083 0.00805766 -0.00118249 -0.0179136
2.325 0.00895064 -0.00164744 -0.0171691
2.32917 0.00821623 -0.00183135 -0.0131797
2.33333 0.00590918 -0.00177155 -0.00658944
2.3375 0.00241586 -0.00151191 0.00139332
2.34167 -0.00161963 -0.00111363 0.00925849
2.34583 -0.00543374 -0.000663749 0.0155134
2.35 -0.00830129 -0.000263366 0.0189693
2.35417 -0.00967188 6.68139e-06 0.0189455
2.35833 -0.00926546 0.000122379 0.0153866
2.3625 -0.007125 0.000124951 0.00889437
2.36667 -0.00362387 8.58922e-05 0.000658319
2.37083 0.000584275 4.66003e-05 -0.00774366
2.375 0.00468485 -2.29539e-05 -0.0146684
2.37917 0.00787852 -0.000207589 -0.0187816
2.38333 0.00956658 -0.000573818 -0.0193608
2.3875 0.00948086 -0.00109027 -0.0164192
2.39167 0.00771397 -0.00160831 -0.0106281
2.39583 0.00465561 -0.00193372 -0.00310734
2.4 0.000882808 -0.00195162 0.0048095
2.40417 -0.00294337 -0.00171708 0.0117708
2.40833 -0.00615769 -0.00143654 0.0165736
2.4125 -0.00816879 -0.00134021 0.0183476
2.41667 -0.00856209 -0.0015294 0.0167592
2.42083 -0.00721662 -0.00190862 0.012161
2.425 -0.00437918 -0.00225393 0.00557684
2.42917 -0.00063267 -0.00236617 -0.00153044
2.43333 0.00325559 -0.00219253 -0.00763929
2.4375 0.00654706 -0.00182618 -0.0115403
2.44167 0.00871012 -0.00139506 -0.0125542
2.44583 0.00949589 -0.000942566 -0.0105622
2.45 0.00891784 -0.000407136 -0.005927
2.45417 0.00719767 0.00028292 0.000593081
2.45833 0.00473225 0.00109081 0.00791078
2.4625 0.00207678 0.0018482 0.0147232
2.46667 -0.000112283 0.00236465 0.0197499
2.47083 -0.00121865 0.00258216 0.0220752
2.475 -0.000862797 0.00263426 0.0214527
2.47917 0.000945539 0.00274178 0.0183946
2.48333 0.0037976 0.00302008 0.013975
2.4875 0.00703476 0.00335943 0.00944675
2.49167 0.00997162 0.00348867 0.00587543
2.49583 0.0120706 0.00317932 0.00394319
2.5 0.0130008 0.0024257 0.00392986
2.50417 0.0126126 0.00145387 0.0057581
2.50833 0.0109102 0.000557451 0.00900098
2.5125 0.00807286 -9.79263e-05 0.0128651
2.51667 0.00449038 -0.000542255 0.0162583
2.52083 0.000732128 -0.000902911 0.0180236
2.525 -0.00259087 -0.00124805 0.0172881
2.52917 -0.0050209 -0.00151758 0.0137541
2.53333 -0.00639592 -0.00159218 0.00777336
2.5375 -0.00685903 -0.00141897 0.000179641
2.54167 -0.00674787 -0.00107028 -0.00799556
2.54583 -0.00645081 -0.000688551 -0.0157647
2.55 -0.00631274 -0.00038179 -0.0223118
2.55417 -0.00660546 -0.000168548 -0.0270509
2.55833 -0.00751835 -7.10037e-06 -0.0296917
2.5625 -0.00912729 0.000142067 -0.0303203
2.56667 -0.0113507 0.000287761 -0.0294253
2.57083 -0.0139396 0.000423818 -0.027798
2.575 -0.0165312 0.000545318 -0.0263187
2.57917 -0.0187473 0.000634851 -0.0257227
2.58333 -0.0202844 0.000645065 -0.0264386
2.5875 -0.0209632 0.000523337 -0.0285271
2.59167 -0.0207405 0.000272399 -0.0316861
2.59583 -0.0197057 -2.15492e-05 -0.0352929
2.6 -0.018062 -0.00024649 -0.0384969
2.60417 -0.0160744 -0.000366833 -0.0403821
2.60833 -0.0139844 -0.000459691 -0.0401736
2.6125 -0.0119266 -0.000626202 -0.0374097
2.61667 -0.00989647 -0.000855893 -0.0320141
2.62083 -0.0077803 -0.000995435 -0.024271
2.625 -0.00540996 -0.000882043 -0.0147625
2.62917 -0.00259676 -0.000523539 -0.00429773
2.63333 0.0008512 -0.000133984 0.00619479
2.6375 0.00508078 3.56076e-05 0.0158526
2.64167 0.0100891 -8.06725e-05 0.0241029
2.64583 0.0156132 -0.000308241 0.0307998
2.65 0.021111 -0.00040009 0.036169
2.65417 0.0258806 -0.000257689 0.0405841
2.65833 0.0292603 1.34938e-05 0.0443206
2.6625 0.0307927 0.000247782 0.0474213
2.66667 0.0302867 0.000385416 0.0496853
2.67083 0.0278097 0.000481047 0.050702
2.675 0.0236768 0.000574356 0.0498914
2.67917 0.0184396 0.000605038 0.0466169
2.68333 0.0128081 0.000486732 0.0404361
2.6875 0.00746866 0.000243633 0.0314159
2.69167 0.00287237 2.38038e-05 0.0203007
2.69583 -0.000860444 -4.63192e-05 0.00837288
2.7 -0.00385209 5.98698e-06 -0.00292686
2.70417 -0.00628098 5.08483e-05 -0.0123769
2.70833 -0.00825177 3.35944e-05 -0.0191598
2.7125 -0.00978621 4.99272e-05 -0.0228863
2.71667 -0.0108582 0.000203481 -0.0236092
2.72083 -0.0113771 0.000413088 -0.0218682
2.725 -0.0111415 0.000434136 -0.0186194
2.72917 -0.00988827 0.000117643 -0.0149214
2.73333 -0.00748385 -0.000378715 -0.0114907
2.7375 -0.00413082 -0.00070048 -0.00844874
2.74167 -0.000386759 -0.000640961 -0.00546646
2.74583 0.00305624 -0.000341735 -0.00216788
2.75 0.00565995 -0.000114358 0.00156185
2.75417 0.00717615 -8.62153e-05 0.00556165
2.75833 0.00759007 -8.67083e-05 0.0095369
2.7625 0.0070262 9.39733e-05 0.0131065
2.76667 0.0057523 0.000394685 0.0157276
2.77083 0.0042227 0.000513107 0.0167286
2.775 0.00299203 0.000254718 0.0156159
2.77917 0.00246377 -0.000216925 0.0124774
2.78333 0.00266114 -0.000535722 0.0081094
2.7875 0.0032372 -0.000512069 0.00370739
2.79167 0.00372092 -0.000288484 0.000361278
2.79583 0.0037767 -0.00011211 -0.00127195
2.8 0.00328859 -3.72317e-05 -0.00101038
2.80417 0.00230447 6.88753e-05 0.000903936
2.80833 0.000999927 0.000261423 0.00379058
2.8125 -0.000296999 0.000382581 0.0065693
2.81667 -0.00115194 0.000258253 0.00806226
2.82083 -0.00123551 -3.45941e-05 0.00750065
2.825 -0.000572926 -0.000209477 0.00487378
2.82917 0.00040543 -9.68517e-05 0.000840784
2.83333 0.00107666 0.000162321 -0.00366957
2.8375 0.000904368 0.000317275 -0.00780594
2.84167 -0.0004364 0.000343162 -0.0109278
2.84583 -0.00307546 0.000460313 -0.0127049
2.85 -0.00692255 0.000799381 -0.0133514
2.85417 -0.0115474 0.00115897 -0.0138049
2.85833 -0.0161575 0.00120069 -0.0154821
2.8625 -0.0198626 0.000851959 -0.0195772
2.86667 -0.0221107 0.000398337 -0.0263787
2.87083 -0.0229479 0.000143278 -0.0351238
2.875 -0.0229001 7.54033e-05 -0.0444092
2.87917 -0.0226417 -3.93071e-05 -0.0527218
2.88333 -0.0227527 -0.000299172 -0.05875
2.8875 -0.0236423 -0.000546079 -0.0615741
2.89167 -0.0254692 -0.000632516 -0.0609575
2.89583 -0.0279719 -0.000673605 -0.0576195
2.9 -0.0303942 -0.000907271 -0.0530947
2.90417 -0.0317217 -0.00135419 -0.0490621
2.90833 -0.0311372 -0.00176665 -0.0465632
2.9125 -0.0283408 -0.00194334 -0.0456425
2.91667 -0.0235374 -0.00195165 -0.0454865
2.92083 -0.0172543 -0.00193266 -0.0447236
2.925 -0.0102349 -0.00179908 -0.0416868
2.92917 -0.00337295 -0.00133398 -0.0348204
2.93333 0.00253959 -0.000606169 -0.0233546
2.9375 0.0072292 -6.89239e-05 -0.00786362
2.94167 0.0111351 -7.58517e-05 0.00986387
2.94583 0.0150955 -0.000410996 0.0276538
2.95 0.0197785 -0.000537361 0.0437887
2.95417 0.0254017 -0.000324363 0.0572612
2.95833 0.0318986 -0.000267961 0.0676214
2.9625 0.0391144 -0.000811569 0.0750136
2.96667 0.0466502 -0.00163291 0.0804601
2.97083 0.0535992 -0.00193359 0.0857389
2.975 0.0587465 -0.00145942 0.0924538
2.97917 0.0612747 -0.000895631 0.10093
2.98333 0.0612818 -0.00100614 0.110003
2.9875 0.0595141 -0.00158834 0.117862
2.99167 0.0566236 -0.00167782 0.122974
2.99583 0.0528142 -0.000818343 0.124189
