0 0 0 0
0.00416667 0 0 0
0.00833333 0 0 0
0.0125 0 0 0
0.0166667 0 0 0
0.0208333 0 0 0
0.025 0 0 0
0.0291667 0 0 0
0.0333333 0 0 0
0.0375 0 0 0
0.0416667 0 0 0
0.0458333 0 0 0
0.05 0 0 0
0.0541667 0 0 0
0.0583333 0 0 0
0.0625 0 0 0
0.0666667 0 0 0
0.0708333 0 0 0
0.075 0 0 0
0.0791667 0 0 0
0.0833333 0 0 0
0.0875 0 0 0
0.0916667 0 0 0
0.0958333 0 0 0
0.1 0 0 0
0.104167 0 0 0
0.108333 0 0 0
0.1125 0 0 0
0.116667 0 0 0
0.120833 0 0 0
0.125 0 0 0
0.129167 0 0 0
0.133333 0 0 0
0.1375 0 0 0
0.141667 0 0 0
0.145833 0 0 0
0.15 0 0 0
0.154167 0 0 0
0.158333 0 0 0
0.1625 0 0 0
0.166667 0 0 0
0.170833 0 0 0
0.175 0 0 0
0.179167 0 0 0
0.183333 0 0 0
0.1875 0 0 0
0.191667 -2.94463e-321 4.49254e-320 6.03748e-320
0.195833 -1.03784e-316 1.48628e-315 1.99843e-315
0.2 -2.78814e-312 3.90721e-311 5.25317e-311
0.204167 -6.01419e-308 8.25099e-307 1.10924e-306
0.208333 -1.0509e-303 1.41206e-302 1.89819e-302
0.2125 -1.49996e-299 1.97473e-298 2.65437e-298
0.216667 -1.7625e-295 2.27439e-294 3.05694e-294
0.220833 -1.71756e-291 2.17329e-290 2.92085e-290
0.225 -1.3978e-287 1.73491e-286 2.33152e-286
0.229167 -9.56269e-284 1.16464e-282 1.56504e-282
0.233333 -5.53368e-280 6.6153e-279 8.88903e-279
0.2375 -2.72456e-276 3.19812e-275 4.29707e-275
0.241667 -1.14774e-272 1.32324e-271 1.77783e-271
0.245833 -4.15855e-269 4.71049e-268 6.32837e-268
0.25 -1.30248e-265 1.44993e-264 1.94781e-264
0.254167 -3.54314e-262 3.87739e-261 5.20855e-261
0.258333 -8.40934e-259 9.04906e-258 1.21551e-257
0.2625 -1.74887e-255 1.85098e-254 2.48619e-254
0.266667 -3.20001e-252 3.33202e-251 4.47527e-251
0.270833 -5.17176e-249 5.29924e-248 7.11713e-248
0.275 -7.4103e-246 7.47362e-245 1.0037e-244
0.279167 -9.44679e-243 9.37991e-242 1.25966e-241
0.283333 -1.07512e-239 1.0512e-238 1.41163e-238
0.2875 -1.09588e-236 1.05536e-235 1.41716e-235
0.291667 -1.00356e-233 9.52094e-233 1.27845e-232
0.295833 -8.28121e-231 7.7413e-230 1.03945e-229
0.3 -6.17508e-228 5.68895e-227 7.63849e-227
0.304167 -4.17228e-225 3.78892e-224 5.08718e-224
0.308333 -2.56106e-222 2.29294e-221 3.07852e-221
0.3125 -1.43175e-219 1.264e-218 1.69702e-218
0.316667 -7.30733e-217 6.36247e-216 8.54189e-216
0.320833 -3.4127e-214 2.93105e-213 3.93497e-213
0.325 -1.46166e-211 1.23851e-210 1.66269e-210
0.329167 -5.75349e-209 4.81043e-208 6.45783e-208
0.333333 -2.08565e-206 1.72091e-205 2.31023e-205
0.3375 -6.97643e-204 5.68175e-203 7.62733e-203
0.341667 -2.15741e-201 1.7345e-200 2.32842e-200
0.345833 -6.17918e-199 4.90492e-198 6.58435e-198
0.35 -1.64209e-196 1.28711e-195 1.7278e-195
0.354167 -4.05571e-194 3.13951e-193 4.21442e-193
0.358333 -9.3251e-192 7.12987e-191 9.57099e-191
0.3625 -1.99914e-189 1.50994e-188 2.02691e-188
0.366667 -4.00218e-187 2.98648e-186 4.00899e-186
0.370833 -7.49303e-185 5.52481e-184 7.41642e-184
0.375 -1.31384e-182 9.57306e-182 1.28508e-181
0.379167 -2.16047e-180 1.55581e-179 2.08853e-179
0.383333 -3.33621e-178 2.37472e-177 3.18786e-177
0.3875 -4.84414e-176 3.40858e-175 4.57579e-175
0.391667 -6.62185e-174 4.60659e-173 6.18415e-173
0.395833 -8.53224e-172 5.86887e-171 7.87883e-171
0.4 -1.03747e-169 7.0567e-169 9.47365e-169
0.404167 -1.19181e-167 8.017e-167 1.07631e-166
0.408333 -1.29488e-165 8.61506e-165 1.15663e-164
0.4125 -1.33202e-163 8.76599e-163 1.17692e-162
0.416667 -1.29864e-161 8.45443e-161 1.13512e-160
0.420833 -1.20116e-159 7.73644e-159 1.03875e-158
0.425 -1.05504e-157 6.72342e-157 9.02765e-157
0.429167 -8.80831e-156 5.5544e-155 7.45824e-155
0.433333 -6.99638e-154 4.36593e-153 5.86262e-153
0.4375 -5.29168e-152 3.26807e-151 4.38858e-151
0.441667 -3.81439e-150 2.3316e-149 3.13115e-149
0.445833 -2.62259e-148 1.58681e-147 2.13105e-147
0.45 -1.72132e-146 1.03099e-145 1.38466e-145
0.454167 -1.07934e-144 6.40004e-144 8.59591e-144
0.458333 -6.47071e-143 3.79877e-142 5.10239e-142
0.4625 -3.71166e-141 2.15753e-140 2.89807e-140
0.466667 -2.03854e-139 1.17337e-138 1.57621e-138
0.470833 -1.07278e-137 6.11486e-137 8.21463e-137
0.475 -5.41303e-136 3.05566e-135 4.10517e-135
0.479167 -2.62058e-134 1.46514e-133 1.96848e-133
0.483333 -1.21804e-132 6.74511e-132 9.06296e-132
0.4875 -5.43885e-131 2.98339e-130 4.00884e-130
0.491667 -2.33454e-129 1.26855e-128 1.70469e-128
0.495833 -9.63839e-128 5.18845e-127 6.97279e-127
0.5 -3.82974e-126 2.04248e-125 2.74509e-125
0.504167 -1.46535e-124 7.74301e-124 1.04074e-123
0.508333 -5.4021e-123 2.82837e-122 3.80191e-122
0.5125 -1.91984e-121 9.96024e-121 1.33897e-120
0.516667 -6.58082e-120 3.38328e-119 4.54855e-119
0.520833 -2.17684e-118 1.10908e-117 1.4912e-117
0.525 -6.95224e-117 3.51044e-116 4.72031e-116
0.529167 -2.14479e-115 1.07336e-114 1.44342e-114
0.533333 -6.3946e-114 3.17189e-113 4.26584e-113
0.5375 -1.84337e-112 9.06326e-112 1.21902e-111
0.541667 -5.14016e-111 2.50517e-110 3.36981e-110
0.545833 -1.38708e-109 6.70148e-109 9.0153e-109
0.55 -3.62385e-108 1.73568e-107 2.33519e-107
0.554167 -9.16999e-107 4.35429e-106 5.85888e-106
0.558333 -2.24841e-105 1.0585e-104 1.42441e-104
0.5625 -5.34395e-104 2.49441e-103 3.35703e-103
0.566667 -1.23169e-102 5.7005e-102 7.6727e-102
0.570833 -2.75398e-101 1.26385e-100 1.70129e-100
0.575 -5.97585e-100 2.71942e-99 3.66108e-99
0.579167 -1.25886e-98 5.68087e-98 7.64886e-98
0.583333 -2.57544e-97 1.15256e-96 1.55202e-96
0.5875 -5.11883e-96 2.27184e-95 3.05958e-95
0.591667 -9.88745e-95 4.35212e-94 5.86191e-94
0.595833 -1.85668e-93 8.10549e-93 1.09187e-92
0.6 -3.39056e-92 1.4681e-91 1.97789e-91
0.604167 -6.02316e-91 2.58681e-90 3.48551e-90
0.608333 -1.0412e-89 4.4355e-89 5.97727e-89
0.6125 -1.75197e-88 7.40327e-88 9.97794e-88
0.616667 -2.87037e-87 1.20319e-86 1.62185e-86
0.620833 -4.58027e-86 1.90459e-85 2.56766e-85
0.625 -7.12051e-85 2.93731e-84 3.96046e-84
0.629167 -1.07875e-83 4.41466e-83 5.95327e-83
0.633333 -1.59306e-82 6.46792e-82 8.72339e-82
0.6375 -2.29387e-81 9.23988e-81 1.24638e-80
0.641667 -3.22136e-80 1.28741e-79 1.73686e-79
0.645833 -4.41322e-79 1.74994e-78 2.36122e-78
0.65 -5.89967e-78 2.32111e-77 3.13239e-77
0.654167 -7.69767e-77 3.00498e-76 4.05592e-76
0.658333 -9.80519e-76 3.79807e-75 5.12718e-75
0.6625 -1.2196e-74 4.68771e-74 6.32916e-74
0.666667 -1.48166e-73 5.65113e-73 7.63115e-73
0.670833 -1.75849e-72 6.65553e-72 8.98894e-72
0.675 -2.03934e-71 7.65947e-71 1.03466e-70
0.679167 -2.31148e-70 8.6154e-70 1.16398e-69
0.683333 -2.56115e-69 9.47337e-69 1.28011e-68
0.6875 -2.77466e-68 1.01853e-67 1.37655e-67
0.691667 -2.93972e-67 1.07096e-66 1.44766e-66
0.695833 -3.04653e-66 1.1015e-65 1.4892e-65
0.7 -3.08884e-65 1.10839e-64 1.49879e-64
0.704167 -3.06446e-64 1.09139e-63 1.47606e-63
0.708333 -2.97553e-63 1.05178e-62 1.42275e-62
0.7125 -2.82815e-62 9.92216e-62 1.34242e-61
0.716667 -2.63177e-61 9.16433e-61 1.24012e-60
0.720833 -2.39813e-60 8.28863e-60 1.12183e-59
0.725 -2.14019e-59 7.3422e-59 9.93922e-59
0.729167 -1.87093e-58 6.37091e-58 8.62602e-58
0.733333 -1.60236e-57 5.41602e-57 7.33453e-57
0.7375 -1.3447e-56 4.51158e-56 6.11091e-56
0.741667 -1.10593e-55 3.68312e-55 4.98974e-55
0.745833 -8.91506e-55 2.94718e-54 3.9935e-54
0.75 -7.04506e-54 2.31188e-53 3.13328e-53
0.754167 -5.45846e-53 1.77809e-52 2.41032e-52
0.758333 -4.14708e-52 1.34102e-51 1.8182e-51
0.7625 -3.09003e-51 9.91896e-51 1.34512e-50
0.766667 -2.25833e-50 7.19627e-50 9.76095e-50
0.770833 -1.61911e-49 5.12171e-49 6.94847e-49
0.775 -1.13889e-48 3.5764e-48 4.853e-48
0.779167 -7.86074e-48 2.45049e-47 3.32589e-47
0.783333 -5.32441e-47 1.64775e-46 2.23685e-46
0.7875 -3.53964e-46 1.08746e-45 1.47655e-45
0.791667 -2.30981e-45 7.04474e-45 9.5674e-45
0.795833 -1.4797e-44 4.48023e-44 6.08586e-44
0.8 -9.30681e-44 2.79747e-43 3.80085e-43
0.804167 -5.74781e-43 1.71518e-42 2.33086e-42
0.808333 -3.48599e-42 1.0327e-41 1.40371e-41
0.8125 -2.07643e-41 6.10674e-41 8.30242e-41
0.816667 -1.21483e-40 3.54694e-40 4.8233e-40
0.820833 -6.98184e-40 2.02373e-39 2.75256e-39
0.825 -3.942e-39 1.13435e-38 1.54321e-38
0.829167 -2.18674e-38 6.24702e-38 8.50053e-38
0.833333 -1.19193e-37 3.38044e-37 4.60089e-37
0.8375 -6.38437e-37 1.79756e-36 2.44708e-36
0.841667 -3.36072e-36 9.39384e-36 1.27909e-35
0.845833 -1.73872e-35 4.82485e-35 6.57108e-35
0.85 -8.84189e-35 2.4358e-34 3.3181e-34
0.854167 -4.4199e-34 1.20879e-33 1.64699e-33
0.858333 -2.17202e-33 5.89713e-33 8.03668e-33
0.8625 -1.04937e-32 2.82842e-32 3.85544e-32
0.866667 -4.98474e-32 1.3338e-31 1.8185e-31
0.870833 -2.32825e-31 6.18455e-31 8.43384e-31
0.875 -1.06935e-30 2.81984e-30 3.84623e-30
0.879167 -4.82988e-30 1.26435e-29 1.72493e-29
0.883333 -2.14541e-29 5.57522e-29 7.60776e-29
0.8875 -9.37266e-29 2.41786e-28 3.30003e-28
0.891667 -4.02734e-28 1.03133e-27 1.40791e-27
0.895833 -1.70216e-27 4.32701e-27 5.90818e-27
0.9 -7.07666e-27 1.78574e-26 2.43878e-26
0.904167 -2.89417e-26 7.24953e-26 9.90265e-26
0.908333 -1.16441e-25 2.89522e-25 3.95557e-25
0.9125 -4.60882e-25 1.1375e-24 1.5544e-24
0.916667 -1.79471e-24 4.39676e-24 6.00937e-24
0.920833 -6.87599e-24 1.67203e-23 2.28572e-23
0.925 -2.59195e-23 6.25601e-23 8.55375e-23
0.929167 -9.61349e-23 2.30307e-22 3.14952e-22
0.933333 -3.50841e-22 8.34224e-22 1.14103e-21
0.9375 -1.25987e-21 2.97327e-21 4.06747e-21
0.941667 -4.4518e-21 1.04273e-20 1.42671e-20
0.945833 -1.54792e-20 3.59836e-20 4.92422e-20
0.95 -5.2963e-20 1.2219e-19 1.67238e-19
0.954167 -1.78325e-19 4.08293e-19 5.58903e-19
0.958333 -5.90839e-19 1.34251e-18 1.83799e-18
0.9625 -1.92641e-18 4.3438e-18 5.94778e-18
0.966667 -6.18091e-18 1.38304e-17 1.89398e-17
0.970833 -1.95154e-17 4.33319e-17 5.93473e-17
0.975 -6.06352e-17 1.33595e-16 1.82991e-16
0.979167 -1.85391e-16 4.05298e-16 5.55212e-16
0.983333 -5.57783e-16 1.20992e-15 1.6576e-15
0.9875 -1.65138e-15 3.55409e-15 4.86954e-15
0.991667 -4.81091e-15 1.02726e-14 1.40757e-14
0.995833 -1.37909e-14 2.92149e-14 4.00331e-14
1 -3.88987e-14 8.17493e-14 1.12026e-13
1.00417 -1.07954e-13 2.25064e-13 3.08428e-13
1.00833 -2.94771e-13 6.09611e-13 8.35425e-13
1.0125 -7.91877e-13 1.62445e-12 2.22618e-12
1.01667 -2.09285e-12 4.25837e-12 5.83568e-12
1.02083 -5.44126e-12 1.0981e-11 1.50479e-11
1.025 -1.39162e-11 2.78532e-11 3.81668e-11
1.02917 -3.50084e-11 6.94886e-11 9.52123e-11
1.03333 -8.66209e-11 1.70501e-10 2.33596e-10
1.0375 -2.10785e-10 4.11414e-10 5.63595e-10
1.04167 -5.04415e-10 9.76189e-10 1.33709e-09
1.04583 -1.18694e-09 2.27745e-09 3.11892e-09
1.05 -2.74609e-09 5.22374e-09 7.15239e-09
1.05417 -6.24601e-09 1.17783e-08 1.61233e-08
1.05833 -1.3965e-08 2.61036e-08 3.5724e-08
1.0625 -3.06887e-08 5.68563e-08 7.77878e-08
1.06667 -6.62753e-08 1.2169e-07 1.66436e-07
1.07083 -1.40637e-07 2.55897e-07 3.49862e-07
1.075 -2.93192e-07 5.28614e-07 7.22423e-07
1.07917 -6.00393e-07 1.0725e-06 1.46505e-06
1.08333 -1.20745e-06 2.13677e-06 2.91737e-06
1.0875 -2.38433e-06 4.17956e-06 5.70324e-06
1.09167 -4.62202e-06 8.02449e-06 1.09431e-05
1.09583 -8.79355e-06 1.51187e-05 2.06035e-05
1.1 -1.64154e-05 2.79449e-05 3.80544e-05
1.10417 -3.0059e-05 5.06596e-05 6.89294e-05
1.10833 -5.39758e-05 9.00435e-05 0.000122406
1.1125 -9.50134e-05 0.000156865 0.000213031
1.11667 -0.000163898 0.000267746 0.000363214
1.12083 -0.000276943 0.000447568 0.000606422
1.125 -0.000458193 0.000732386 0.00099101
1.12917 -0.000741885 0.00117259 0.00158433
1.13333 -0.00117496 0.00183583 0.00247644
1.1375 -0.00181904 0.00280885 0.00378218
1.14167 -0.0027511 0.00419688 0.00563992
1.14583 -0.00406147 0.006119 0.00820459
1.15 -0.00584784 0.00869746 0.0116327
1.15417 -0.00820366 0.0120394 0.016057
1.15833 -0.0111999 0.0162098 0.0215497
1.1625 -0.0148599 0.0211971 0.0280763
1.16667 -0.0191292 0.026874 0.0354437
1.17083 -0.0238439 0.0329611 0.0432532
1.175 -0.0287048 0.0390016 0.0508714
1.17917 -0.0332661 0.0443616 0.0574341
1.18333 -0.0369484 0.0482655 0.0619011
1.1875 -0.0390857 0.0498753 0.0631687
1.19167 -0.039008 0.048414 0.060239
1.19583 -0.0361566 0.0433189 0.0524277
1.2 -0.0302141 0.0343996 0.0395704
1.20417 -0.0212247 0.0219619 0.022179
1.20833 -0.00966871 0.00685775 0.0014915
1.2125 0.00353745 -0.00957284 -0.0206244
1.21667 0.0171368 -0.0256771 -0.0419242
1.22083 0.0297182 -0.0397601 -0.0601588
1.225 0.0399617 -0.050395 -0.0734873
1.22917 0.0468847 -0.0566914 -0.0808206
1.23333 0.0500217 -0.0584443 -0.0819942
1.2375 0.0494814 -0.0561141 -0.0777117
1.24167 0.0458613 -0.0506412 -0.0692774
1.24583 0.0400482 -0.0431652 -0.0582186
1.25 0.0329825 -0.0347553 -0.0459463
1.25417 0.0254781 -0.0262643 -0.0335936
1.25833 0.0181725 -0.0183603 -0.022091
1.2625 0.0116185 -0.0117047 -0.0124134
1.26667 0.00645109 -0.00715648 -0.0058239
1.27083 0.00350852 -0.00584292 -0.00390464
1.275 0.00378726 -0.00898105 -0.00824369
1.27917 0.00818117 -0.0174553 -0.0198234
1.28333 0.017074 -0.0313037 -0.0383511
1.2875 0.0299629 -0.0493617 -0.0618791
1.29167 0.0453237 -0.0692953 -0.0869959
1.29583 0.0608537 -0.0880945 -0.109628
1.3 0.0740518 -0.102877 -0.126177
1.30417 0.0829181 -0.111665 -0.134499
1.30833 0.0864537 -0.113764 -0.134247
1.3125 0.0847158 -0.10956 -0.126395
1.31667 0.078395 -0.0998443 -0.112197
1.32083 0.0681469 -0.085048 -0.0921707
1.325 0.0540663 -0.064855 -0.065726
1.32917 0.0356342 -0.0384573 -0.0317097
1.33333 0.0122063 -0.00535594 0.0103946
1.3375 -0.0162101 0.033734 0.0592988
1.34167 -0.0483444 0.0764078 0.111485
1.34583 -0.0815929 0.118833 0.161826
1.35 -0.112566 0.156633 0.204928
1.35417 -0.137967 0.185941 0.236483
1.35833 -0.155337 0.204084 0.253935
1.3625 -0.163328 0.209692 0.256299
1.36667 -0.161501 0.202387 0.243536
1.37083 -0.14997 0.182486 0.21616
1.375 -0.129259 0.151049 0.175451
1.37917 -0.100516 0.11022 0.124063
1.38333 -0.06585 0.0634519 0.0663724
1.3875 -0.0283779 0.0152102 0.00798993
1.39167 0.00825388 -0.0299042 -0.045503
1.39583 0.0407188 -0.0682038 -0.0898971
1.4 0.0667375 -0.0975116 -0.122928
1.40417 0.0852326 -0.116976 -0.143778
1.40833 0.0958793 -0.126359 -0.152055
1.4125 0.0985055 -0.125483 -0.147269
1.41667 0.0929382 -0.114404 -0.129423
1.42083 0.0795222 -0.0942561 -0.100352
1.425 0.0599193 -0.0680315 -0.064616
1.42917 0.0374187 -0.0404329 -0.0288572
1.43333 0.016234 -0.0165219 0.000429697
1.4375 -3.56787e-06 0.000182476 0.0194547
1.44167 -0.00966543 0.00897155 0.0283543
1.44583 -0.0135141 0.0117277 0.0302354
1.45 -0.0137907 0.0113769 0.0287411
1.45417 -0.0126506 0.0100988 0.0258814
1.45833 -0.0110447 0.00849688 0.0215798
1.4625 -0.00874538 0.00613462 0.0149847
1.46667 -0.00530093 0.00277579 0.00622085
1.47083 -0.00100361 -0.000804868 -0.00295311
1.475 0.00295526 -0.00309388 -0.010052
1.47917 0.00520365 -0.00285989 -0.0134189
1.48333 0.00508475 3.17479e-05 -0.0130386
1.4875 0.00294308 0.00469959 -0.0100201
1.49167 -0.000365067 0.0100442 -0.00544515
1.49583 -0.00417678 0.0154473 0.000197283
1.5 -0.00823942 0.0207381 0.00648725
1.50417 -0.0122999 0.0255986 0.0121936
1.50833 -0.0156291 0.0291985 0.0152612
1.5125 -0.017164 0.0306426 0.0140738
1.51667 -0.0163312 0.0299446 0.009018
1.52083 -0.0138356 0.0285671 0.00281106
1.525 -0.011564 0.028799 -0.00102454
1.52917 -0.0114601 0.0322521 -0.000503816
1.53333 -0.0141816 0.0386244 0.00354096
1.5375 -0.0186305 0.0457628 0.00829889
1.54167 -0.0227553 0.0510012 0.0111934
1.54583 -0.0249524 0.0526941 0.0115853
1.55 -0.0249141 0.0507565 0.0106404
1.55417 -0.0233191 0.0459518 0.00973661
1.55833 -0.0208131 0.0387539 0.00902771
1.5625 -0.0172943 0.0288821 0.00745525
1.56667 -0.01213 0.0158637 0.00402244
1.57083 -0.00499883 -1.16151e-05 -0.00100746
1.575 0.00350091 -0.0172987 -0.00611867
1.57917 0.0120491 -0.0339408 -0.00966569
1.58333 0.0193953 -0.0482716 -0.0110495
1.5875 0.0250403 -0.0596556 -0.0110118
1.59167 0.0292948 -0.068337 -0.0109985
1.59583 0.032783 -0.0747255 -0.0122186
1.6 0.0358361 -0.0786941 -0.0149665
1.60417 0.0381527 -0.0793398 -0.0183764
1.60833 0.0388305 -0.0753333 -0.0206303
1.6125 0.0367345 -0.0657131 -0.0197407
1.61667 0.0311348 -0.0507862 -0.0148349
1.62083 0.0224028 -0.0326118 -0.00722686
1.625 0.0122932 -0.0145568 -0.000166021
1.62917 0.00333686 0.000138238 0.00312688
1.63333 -0.00255034 0.010039 0.00194227
1.6375 -0.00533082 0.016218 -0.00106523
1.64167 -0.00685535 0.0212401 -0.00179894
1.64583 -0.00936363 0.0270191 0.00187414
1.65 -0.0135688 0.0332012 0.00815518
1.65417 -0.0179703 0.0374499 0.0127003
1.65833 -0.020084 0.0374341 0.0122954
1.6625 -0.0185699 0.032817 0.00756834
1.66667 -0.0143714 0.0255329 0.00231147
1.67083 -0.0098699 0.0181999 0.000125552
1.675 -0.00688514 0.0121798 0.00151532
1.67917 -0.00536804 0.00700515 0.00394589
1.68333 -0.00387415 0.00150175 0.0044504
1.6875 -0.00118423 -0.00463649 0.00213996
1.69167 0.00252478 -0.0103088 -0.00151154
1.69583 0.00591408 -0.0138414 -0.00432596
1.7 0.00765039 -0.0142555 -0.00509649
1.70417 0.00731891 -0.0118612 -0.00394221
1.70833 0.00544722 -0.00792688 -0.00170218
1.7125 0.00298515 -0.00397173 0.00056572
1.71667 0.000872491 -0.00121319 0.0017337
1.72083 -0.000173735 -0.000210096 0.00101885
1.725 7.06981e-05 -0.000595793 -0.00117958
1.72917 0.00102392 -0.00113102 -0.00301371
1.73333 0.0014515 -0.000425008 -0.00245804
1.7375 0.000379793 0.00192368 0.000619045
1.74167 -0.00187254 0.00475827 0.00378904
1.74583 -0.00370074 0.00616486 0.00406218
1.75 -0.00358631 0.00515612 0.000947351
1.75417 -0.00164215 0.00264804 -0.00266985
1.75833 0.000340704 0.000617505 -0.00318809
1.7625 0.000621898 0.000153835 -3.60612e-05
1.76667 -0.000664148 0.000404103 0.00350008
1.77083 -0.00158498 -0.000384621 0.00354788
1.775 -0.000472162 -0.00273783 -0.000245115
1.77917 0.00214748 -0.00503195 -0.00418717
1.78333 0.00388685 -0.00491171 -0.0043247
1.7875 0.00288163 -0.00170337 -0.000572867
1.79167 -0.000242215 0.00267023 0.00324255
1.79583 -0.00291935 0.0052882 0.0034719
1.8 -0.00315812 0.00477162 0.000410268
1.80417 -0.00137269 0.0022465 -0.00229603
1.80833 0.000334937 -9.35798e-05 -0.00180102
1.8125 0.000531958 -0.0011515 0.000912432
1.81667 -0.000177635 -0.00153237 0.00241012
1.82083 -0.000186126 -0.00218186 0.000854418
1.825 0.0010136 -0.00286983 -0.00195026
1.82917 0.00214455 -0.00239516 -0.00276717
1.83333 0.00166589 -0.000249247 -0.000717343
1.8375 -0.000315501 0.00235241 0.00178174
1.84167 -0.00202681 0.00347554 0.00195362
1.84583 -0.00196891 0.0024632 -6.81543e-05
1.85 -0.000553225 0.000593593 -0.00154016
1.85417 0.000487383 -0.000404661 -0.000572269
1.85833 0.000186648 -0.000221564 0.00150404
1.8625 -0.00059816 -9.72044e-06 0.00182062
1.86667 -0.000422577 -0.000666982 -0.000326873
1.87083 0.00079517 -0.00159884 -0.00241026
1.875 0.00159624 -0.00152473 -0.00172732
1.87917 0.000839301 -0.000231524 0.00111428
1.88333 -0.000751786 0.00103215 0.00272905
1.8875 -0.00137126 0.00104145 0.001056
1.89167 -0.00033953 5.93531e-05 -0.00197733
1.89583 0.00101847 -0.000554398 -0.00265253
1.9 0.000969109 -4.89192e-05 2.18097e-05
1.90417 -0.000490795 0.000822301 0.00298117
1.90833 -0.00157586 0.000750406 0.00267105
1.9125 -0.000830768 -0.000513451 -0.00071963
1.91667 0.00108808 -0.00172593 -0.00339406
1.92083 0.00205984 -0.0013763 -0.00228513
1.925 0.000849074 0.000662798 0.00144632
1.92917 -0.00145824 0.00271258 0.0037026
1.93333 -0.00250954 0.0026958 0.00199424
1.9375 -0.0011419 0.000263219 -0.00182254
1.94167 0.00132641 -0.00250568 -0.00357441
1.94583 0.00239229 -0.00297303 -0.00135089
1.95 0.00101557 -0.000778333 0.0023252
1.95417 -0.00119213 0.00159461 0.00321283
1.95833 -0.00170987 0.00158708 0.000156911
1.9625 -1.63939e-05 -0.000400644 -0.00339762
1.96667 0.00172498 -0.00157012 -0.00323124
1.97083 0.0012481 -0.000362141 0.000617962
1.975 -0.000955992 0.00153039 0.00366977
1.97917 -0.00215058 0.00150663 0.00228087
1.98333 -0.000787996 -0.00040106 -0.00185575
1.9875 0.00146939 -0.00163592 -0.00370696
1.99167 0.00183402 -0.000644493 -0.00109232
1.99583 -6.99717e-05 0.00112502 0.00269956
2 -0.00181159 0.00136409 0.00314305
2.00417 -0.00131285 -4.55445e-05 2.52866e-05
2.00833 0.000648836 -0.00119859 -0.00267398
2.0125 0.00166732 -0.000818086 -0.00194238
2.01667 0.000717205 0.000456068 0.000913804
2.02083 -0.000926262 0.00131157 0.00246187
2.025 -0.00150278 0.0011663 0.00131342
2.02917 -0.000633778 0.000161559 -0.000876165
2.03333 0.000699197 -0.00116621 -0.00182016
2.0375 0.0013229 -0.00177632 -0.000903085
2.04167 0.000757958 -0.000709856 0.000719833
2.04583 -0.000517248 0.00146536 0.00144005
2.05 -0.00136668 0.00262548 0.000586361
2.05417 -0.00098031 0.00148193 -0.0009082
2.05833 0.00015502 -0.000605688 -0.00130738
2.0625 0.000699031 -0.00133005 -7.55424e-05
2.06667 0.000160662 -0.000479848 0.00121014
2.07083 -0.000424563 0.000138598 0.000772331
2.075 -4.05801e-05 -0.000320645 -0.000828716
2.07917 0.000717169 -0.000587751 -0.00133486
2.08333 0.000527475 0.000347653 -5.23483e-05
2.0875 -0.000541028 0.00134631 0.00109178
2.09167 -0.0010134 0.000830794 0.000473868
2.09583 -0.000208087 -0.000725064 -0.000793975
2.1 0.000766918 -0.00149752 -0.000757613
2.10417 0.00072838 -0.000887575 0.000253123
2.10833 5.41282e-05 7.93441e-05 0.000354213
2.1125 -0.000220175 0.000598017 -0.000627086
2.11667 -7.47409e-05 0.00081996 -0.000886085
2.12083 -0.000187414 0.000796968 0.000206997
2.125 -0.000502273 0.000210826 0.000938092
2.12917 -0.000346988 -0.000576194 6.93588e-05
2.13333 0.000229875 -0.000585681 -0.00113217
2.1375 0.000425061 0.000256882 -0.00098795
2.14167 -6.79243e-06 0.00095073 5.70546e-05
2.14583 -0.000493144 0.00113144 0.000538109
2.15 -0.000742936 0.00146197 0.000304773
2.15417 -0.000964097 0.00182025 4.58887e-05
2.15833 -0.000903678 0.00098408 -0.000359897
2.1625 -5.15913e-05 -0.000827939 -0.00107422
2.16667 0.000892587 -0.0011709 -0.000952953
2.17083 0.000393085 0.00103847 0.000668284
2.175 -0.00133881 0.00302831 0.00174338
2.17917 -0.00190322 0.00184043 5.00978e-05
2.18333 -0.000177939 -0.000966299 -0.00249692
2.1875 0.00150356 -0.00153017 -0.00176809
2.19167 0.00066012 0.000258621 0.00188226
2.19583 -0.00129536 0.000849496 0.00308602
2.2 -0.00109794 -0.000736043 -0.000496455
2.20417 0.00105901 -0.00118771 -0.0038475
2.20833 0.00162716 0.00114791 -0.00181685
2.2125 -0.000607075 0.00296502 0.00279479
2.21667 -0.00244595 0.00142489 0.00329242
2.22083 -0.00130005 -0.000880323 -0.000808856
2.225 0.000865773 -0.000195791 -0.00343375
2.22917 0.000899262 0.00215757 -0.00138109
2.23333 -0.000760485 0.00240259 0.00163729
2.2375 -0.00154035 0.000977323 0.00164127
2.24167 -0.00108116 0.00125125 -0.00016929
2.24583 -0.000879526 0.00277171 -0.00101243
2.25 -0.0008676 0.00182109 -0.00106103
2.25417 9.17534e-05 -0.00116238 -0.00125761
2.25833 0.000975005 -0.00117661 -0.000475467
2.2625 -0.000283136 0.00263114 0.00148302
2.26667 -0.00244797 0.00429403 0.00151576
2.27083 -0.00189388 0.000483874 -0.00184907
2.275 0.00129741 -0.00329855 -0.00422506
2.27917 0.00244366 -0.00108843 -0.00131087
2.28333 -0.000594456 0.00385533 0.00327672
2.2875 -0.0035225 0.00424506 0.00242371
2.29167 -0.00202856 0.000341372 -0.00320844
2.29583 0.00142593 -0.00114206 -0.00540481
2.3 0.00151372 0.00168442 -0.000845548
2.30417 -0.00164013 0.00350718 0.00373417
2.30833 -0.00303722 0.00133245 0.0018782
2.3125 -0.000788529 -0.000986542 -0.00319446
2.31667 0.00152686 -9.17914e-05 -0.00422086
2.32083 0.000978469 0.00139685 -0.000513787
2.325 -0.000733661 0.000228732 0.00249152
2.32917 -0.00088644 -0.00188385 0.00174543
2.33333 0.000326446 -0.00211881 -0.000593626
2.3375 0.00137288 -0.00179829 -0.00166568
2.34167 0.00203236 -0.00341579 -0.000814059
2.34583 0.00253344 -0.00575262 0.00141791
2.35 0.00242144 -0.00642822 0.00358371
2.35417 0.00207896 -0.00661765 0.00337248
2.35833 0.00312978 -0.00869581 0.000658944
2.3625 0.00556156 -0.0113956 -0.000670714
2.36667 0.00677561 -0.0119438 0.00236074
2.37083 0.00550733 -0.0112477 0.00644866
2.375 0.00431384 -0.0122316 0.00610885
2.37917 0.00570732 -0.0144016 0.00219381
2.38333 0.00805186 -0.0148923 0.000883782
2.3875 0.00824982 -0.0138094 0.00412077
2.39167 0.0066127 -0.0135197 0.00694838
2.39583 0.00573658 -0.0135662 0.00574523
2.4 0.00601442 -0.0117363 0.00329126
2.40417 0.00585309 -0.00947012 0.00307726
2.40833 0.00524418 -0.00997387 0.00391584
2.4125 0.00527689 -0.0111112 0.00365625
2.41667 0.00488466 -0.0074373 0.00346762
2.42083 0.00229671 -0.000317095 0.00434872
2.425 -0.000654206 0.00220853 0.0037649
2.42917 -0.000427379 -0.00147887 0.000498849
2.43333 0.00174509 -0.002334 -0.00125504
2.4375 0.000610465 0.00519372 0.00166864
2.44167 -0.00450207 0.0132034 0.00452225
2.44583 -0.00757727 0.0126376 0.00118711
2.45 -0.00533625 0.00844307 -0.00501578
2.45417 -0.00310747 0.0116453 -0.00540835
2.45833 -0.0065049 0.0208113 -7.26195e-05
2.4625 -0.0120264 0.0242371 0.00140301
2.46667 -0.0124891 0.0196309 -0.00491921
2.47083 -0.00874842 0.017966 -0.0107046
2.475 -0.00825523 0.0246954 -0.0084931
2.47917 -0.0127532 0.030173 -0.00335644
2.48333 -0.0155018 0.0256758 -0.00431855
2.4875 -0.0123701 0.0178909 -0.0100429
2.49167 -0.00819479 0.0174412 -0.0118143
2.49583 -0.00834953 0.0211781 -0.00767492
2.5 -0.0102031 0.0180849 -0.00436211
2.50417 -0.00830304 0.00807682 -0.00551959
2.50833 -0.00354537 0.00163634 -0.00671412
2.5125 -0.000898206 0.00178708 -0.00415271
2.51667 -0.00068563 -0.000245413 -0.000777538
2.52083 0.00120424 -0.00891573 -4.82549e-05
2.525 0.00536678 -0.016324 0.000180686
2.52917 0.00773053 -0.0159808 0.00288231
2.53333 0.0070079 -0.0139835 0.00575226
2.5375 0.00711958 -0.0181256 0.00528616
2.54167 0.0101055 -0.0240382 0.00350664
2.54583 0.0121166 -0.0224163 0.00472403
2.55 0.00979975 -0.0147664 0.00771447
2.55417 0.00611847 -0.0107308 0.00736111
2.55833 0.0054906 -0.0120503 0.00338129
2.5625 0.00654511 -0.0106168 0.00110634
2.56667 0.00477897 -0.0030693 0.00275885
2.57083 0.000348755 0.00354196 0.00394253
2.575 -0.00222477 0.0038828 0.00110447
2.57917 -0.00151295 0.00261463 -0.00271802
2.58333 -0.00102818 0.00530965 -0.00311321
2.5875 -0.00290871 0.00885185 -0.00123023
2.59167 -0.00457686 0.00763433 -0.00121928
2.59583 -0.00355271 0.00364394 -0.00336765
2.6 -0.00161013 0.00283179 -0.00431257
2.60417 -0.00149167 0.00494565 -0.0028473
2.60833 -0.00244152 0.00454816 -0.00127124
2.6125 -0.00198834 0.0005391 -0.001114
2.61667 -0.000192047 -0.00245695 -0.00113561
2.62083 0.000866366 -0.00211084 -0.000121635
2.625 0.00066729 -0.00144369 0.00120842
2.62917 0.000568384 -0.00276371 0.00193743
2.63333 0.00106094 -0.0038999 0.00242507
2.6375 0.001103 -0.0024664 0.00318778
2.64167 0.000149782 0.000213116 0.00392051
2.64583 -0.0010448 0.00172041 0.00431503
2.65 -0.00181545 0.00213086 0.00459543
2.65417 -0.00234571 0.00285066 0.00483257
2.65833 -0.00289568 0.00395344 0.00483792
2.6625 -0.00336724 0.0044978 0.00487613
2.66667 -0.00369551 0.00412534 0.00532783
2.67083 -0.00384019 0.00314308 0.00568048
2.675 -0.0035566 0.00211914 0.00517324
2.67917 -0.00293714 0.00194999 0.00437307
2.68333 -0.00277174 0.00302425 0.00456433
2.6875 -0.00345907 0.00406956 0.00548495
2.69167 -0.00403403 0.00343657 0.00537914
2.69583 -0.00337667 0.00170831 0.0037063
2.7 -0.00198088 0.00108541 0.00208852
2.70417 -0.00125421 0.00184795 0.00178029
2.70833 -0.00129989 0.0017392 0.00171162
2.7125 -0.000808677 -0.000291233 0.000182912
2.71667 0.000768886 -0.00212585 -0.0025971
2.72083 0.00234632 -0.00177142 -0.0049566
2.725 0.00292404 -0.000550114 -0.00613389
2.72917 0.00299772 -0.000946314 -0.00699593
2.73333 0.0035731 -0.00274787 -0.00855072
2.7375 0.00467009 -0.00373009 -0.010678
2.74167 0.00560488 -0.00343208 -0.0124621
2.74583 0.00617525 -0.00373911 -0.0132398
2.75 0.00674257 -0.00560041 -0.0131788
2.75417 0.0074183 -0.00740749 -0.0130809
2.75833 0.0079091 -0.00747291 -0.0136271
2.7625 0.00811991 -0.00647704 -0.0146561
2.76667 0.00831752 -0.00623634 -0.0153184
2.77083 0.00862255 -0.00705792 -0.0151681
2.775 0.00882075 -0.00766065 -0.0149112
2.77917 0.00883543 -0.00730215 -0.0156305
2.78333 0.00897418 -0.00672938 -0.0172399
2.7875 0.00942898 -0.0069012 -0.018228
2.79167 0.0098087 -0.00763568 -0.0172762
2.79583 0.00949464 -0.00786382 -0.0147396
2.8 0.00831657 -0.00680876 -0.0119276
2.80417 0.00657639 -0.00470238 -0.00908974
2.80833 0.00448531 -0.0024855 -0.00492904
2.8125 0.00187611 -0.000738058 0.00162066
2.81667 -0.00151379 0.00114964 0.00980659
2.82083 -0.00565596 0.00428492 0.0177583
2.825 -0.0100977 0.0084952 0.02437
2.82917 -0.0141168 0.0120078 0.0299398
2.83333 -0.0171815 0.013605 0.0350953
2.8375 -0.0193808 0.0142717 0.0395016
2.84167 -0.0210912 0.0155064 0.0416953
2.84583 -0.0220324 0.0166805 0.040238
2.85 -0.0211854 0.0157865 0.0352509
2.85417 -0.0181517 0.0126259 0.0285919
2.85833 -0.0140659 0.00932079 0.0219366
2.8625 -0.0103502 0.00723316 0.0149091
2.86667 -0.00690831 0.00516818 0.00611428
2.87083 -0.002572 0.00155303 -0.0039668
2.875 0.00274033 -0.00300506 -0.0125094
2.87917 0.00742756 -0.00649963 -0.0174107
2.88333 0.0100747 -0.00799482 -0.0196046
2.8875 0.0110125 -0.00828448 -0.0212961
2.89167 0.0115101 -0.00855737 -0.0227997
2.89583 0.012032 -0.00910331 -0.0224102
2.9 0.0118489 -0.00909769 -0.0190377
2.90417 0.0101285 -0.00749624 -0.0138372
2.90833 0.00708255 -0.00453185 -0.00912158
2.9125 0.00404786 -0.00202443 -0.00619713
2.91667 0.00229369 -0.00131134 -0.00431428
2.92083 0.00160352 -0.00129099 -0.00170844
2.925 0.000514726 2.30283e-05 0.00202912
2.92917 -0.00157228 0.00225936 0.00492276
2.93333 -0.00321392 0.00298935 0.00491543
2.9375 -0.00282901 0.00154191 0.00300605
2.94167 -0.00122707 0.0003032 0.00246324
2.94583 -0.000779329 0.00122694 0.00448503
2.95 -0.00213706 0.00301959 0.00647084
2.95417 -0.00335087 0.00328156 0.00573712
2.95833 -0.00270076 0.00195809 0.00331169
2.9625 -0.000988317 0.000946413 0.00228322
2.96667 -0.000134129 0.00114802 0.00338459
2.97083 -0.000460555 0.00149162 0.00418166
2.975 -0.000418479 0.000580885 0.00250478
2.97917 0.00131994 -0.00170154 -0.000794382
2.98333 0.00422238 -0.00407973 -0.00281785
2.9875 0.00638869 -0.00501176 -0.00168352
2.99167 0.00654607 -0.00435503 0.0015658
2.99583 0.00553636 -0.00378695 0.00414895
