0 0 0 0
0.00416667 0 0 0
0.00833333 0 0 0
0.0125 0 0 0
0.0166667 0 0 0
0.0208333 0 0 0
0.025 0 0 0
0.0291667 0 0 0
0.0333333 0 0 0
0.0375 0 0 0
0.0416667 0 0 0
0.0458333 0 0 0
0.05 0 0 0
0.0541667 0 0 0
0.0583333 0 0 0
0.0625 0 0 0
0.0666667 0 0 0
0.0708333 0 0 0
0.075 0 0 0
0.0791667 0 0 0
0.0833333 0 0 0
0.0875 0 0 0
0.0916667 0 0 0
0.0958333 0 0 0
0.1 0 0 0
0.104167 0 0 0
0.108333 0 0 0
0.1125 0 0 0
0.116667 0 0 0
0.120833 0 0 0
0.125 0 0 0
0.129167 0 0 0
0.133333 0 0 0
0.1375 0 0 0
0.141667 0 0 0
0.145833 0 0 0
0.15 0 0 0
0.154167 0 0 0
0.158333 0 0 0
0.1625 0 0 0
0.166667 0 0 0
0.170833 0 0 0
0.175 0 0 0
0.179167 0 0 0
0.183333 0 0 0
0.1875 0 0 0
0.191667 -2.94463e-321 4.49254e-320 6.03748e-320
0.195833 -1.03784e-316 1.48628e-315 1.99843e-315
0.2 -2.78814e-312 3.90721e-311 5.25317e-311
0.204167 -6.01419e-308 8.25099e-307 1.10924e-306
0.208333 -1.0509e-303 1.41206e-302 1.89819e-302
0.2125 -1.49996e-299 1.97473e-298 2.65437e-298
0.216667 -1.7625e-295 2.27439e-294 3.05694e-294
0.220833 -1.71756e-291 2.17329e-290 2.92085e-290
0.225 -1.3978e-287 1.73491e-286 2.33152e-286
0.229167 -9.56269e-284 1.16464e-282 1.56504e-282
0.233333 -5.53368e-280 6.6153e-279 8.88903e-279
0.2375 -2.72456e-276 3.19812e-275 4.29707e-275
0.241667 -1.14774e-272 1.32324e-271 1.77783e-271
0.245833 -4.15855e-269 4.71049e-268 6.32837e-268
0.25 -1.30248e-265 1.44993e-264 1.94781e-264
0.254167 -3.54314e-262 3.87739e-261 5.20855e-261
0.258333 -8.40934e-259 9.04906e-258 1.21551e-257
0.2625 -1.74887e-255 1.85098e-254 2.48619e-254
0.266667 -3.20001e-252 3.33202e-251 4.47527e-251
0.270833 -5.17176e-249 5.29924e-248 7.11713e-248
0.275 -7.4103e-246 7.47362e-245 1.0037e-244
0.279167 -9.44679e-243 9.37991e-242 1.25966e-241
0.283333 -1.07512e-239 1.0512e-238 1.41163e-238
0.2875 -1.09588e-236 1.05536e-235 1.41716e-235
0.291667 -1.00356e-233 9.52094e-233 1.27845e-232
0.295833 -8.28121e-231 7.7413e-230 1.03945e-229
0.3 -6.17508e-228 5.68895e-227 7.63849e-227
0.304167 -4.17228e-225 3.78892e-224 5.08718e-224
0.308333 -2.56106e-222 2.29294e-221 3.07852e-221
0.3125 -1.43175e-219 1.264e-218 1.69702e-218
0.316667 -7.30733e-217 6.36247e-216 8.54189e-216
0.320833 -3.4127e-214 2.93105e-213 3.93497e-213
0.325 -1.46166e-211 1.23851e-210 1.66269e-210
0.329167 -5.75349e-209 4.81043e-208 6.45783e-208
0.333333 -2.08565e-206 1.72091e-205 2.31023e-205
0.3375 -6.97643e-204 5.68175e-203 7.62733e-203
0.341667 -2.15741e-201 1.7345e-200 2.32842e-200
0.345833 -6.17918e-199 4.90492e-198 6.58435e-198
0.35 -1.64209e-196 1.28711e-195 1.7278e-195
0.354167 -4.05571e-194 3.13951e-193 4.21442e-193
0.358333 -9.3251e-192 7.12987e-191 9.57099e-191
0.3625 -1.99914e-189 1.50994e-188 2.02691e-188
0.366667 -4.00218e-187 2.98648e-186 4.00899e-186
0.370833 -7.49303e-185 5.52481e-184 7.41642e-184
0.375 -1.31384e-182 9.57306e-182 1.28508e-181
0.379167 -2.16047e-180 1.55581e-179 2.08853e-179
0.383333 -3.33621e-178 2.37472e-177 3.18786e-177
0.3875 -4.84414e-176 3.40858e-175 4.57579e-175
0.391667 -6.62185e-174 4.60659e-173 6.18415e-173
0.395833 -8.53224e-172 5.86887e-171 7.87883e-171
0.4 -1.03747e-169 7.0567e-169 9.47365e-169
0.404167 -1.19181e-167 8.017e-167 1.07631e-166
0.408333 -1.29488e-165 8.61506e-165 1.15663e-164
0.4125 -1.33202e-163 8.76599e-163 1.17692e-162
0.416667 -1.29864e-161 8.45443e-161 1.13512e-160
0.420833 -1.20116e-159 7.73644e-159 1.03875e-158
0.425 -1.05504e-157 6.72342e-157 9.02765e-157
0.429167 -8.80831e-156 5.5544e-155 7.45824e-155
0.433333 -6.99638e-154 4.36593e-153 5.86262e-153
0.4375 -5.29168e-152 3.26807e-151 4.38858e-151
0.441667 -3.81439e-150 2.3316e-149 3.13115e-149
0.445833 -2.62259e-148 1.58681e-147 2.13105e-147
0.45 -1.72132e-146 1.03099e-145 1.38466e-145
0.454167 -1.07934e-144 6.40004e-144 8.59591e-144
0.458333 -6.47071e-143 3.79877e-142 5.10239e-142
0.4625 -3.71166e-141 2.15753e-140 2.89807e-140
0.466667 -2.03854e-139 1.17337e-138 1.57621e-138
0.470833 -1.07278e-137 6.11486e-137 8.21463e-137
0.475 -5.41303e-136 3.05566e-135 4.10517e-135
0.479167 -2.62058e-134 1.46514e-133 1.96848e-133
0.483333 -1.21804e-132 6.74511e-132 9.06296e-132
0.4875 -5.43885e-131 2.98339e-130 4.00884e-130
0.491667 -2.33454e-129 1.26855e-128 1.70469e-128
0.495833 -9.63839e-128 5.18845e-127 6.97279e-127
0.5 -3.82974e-126 2.04248e-125 2.74509e-125
0.504167 -1.46535e-124 7.74301e-124 1.04074e-123
0.508333 -5.4021e-123 2.82837e-122 3.80191e-122
0.5125 -1.91984e-121 9.96024e-121 1.33897e-120
0.516667 -6.58082e-120 3.38328e-119 4.54855e-119
0.520833 -2.17684e-118 1.10908e-117 1.4912e-117
0.525 -6.95224e-117 3.51044e-116 4.72031e-116
0.529167 -2.14479e-115 1.07336e-114 1.44342e-114
0.533333 -6.3946e-114 3.17189e-113 4.26584e-113
0.5375 -1.84337e-112 9.06326e-112 1.21902e-111
0.541667 -5.14016e-111 2.50517e-110 3.36981e-110
0.545833 -1.38708e-109 6.70148e-109 9.0153e-109
0.55 -3.62385e-108 1.73568e-107 2.33519e-107
0.554167 -9.16999e-107 4.35429e-106 5.85888e-106
0.558333 -2.24841e-105 1.0585e-104 1.42441e-104
0.5625 -5.34395e-104 2.49441e-103 3.35703e-103
0.566667 -1.23169e-102 5.7005e-102 7.6727e-102
0.570833 -2.75398e-101 1.26385e-100 1.70129e-100
0.575 -5.97585e-100 2.71942e-99 3.66108e-99
0.579167 -1.25886e-98 5.68087e-98 7.64886e-98
0.583333 -2.57544e-97 1.15256e-96 1.55202e-96
0.5875 -5.11883e-96 2.27184e-95 3.05958e-95
0.591667 -9.88745e-95 4.35212e-94 5.86191e-94
0.595833 -1.85668e-93 8.10549e-93 1.09187e-92
0.6 -3.39056e-92 1.4681e-91 1.97789e-91
0.604167 -6.02316e-91 2.58681e-90 3.48551e-90
0.608333 -1.0412e-89 4.4355e-89 5.97727e-89
0.6125 -1.75197e-88 7.40327e-88 9.97794e-88
0.616667 -2.87037e-87 1.20319e-86 1.62185e-86
0.620833 -4.58027e-86 1.90459e-85 2.56766e-85
0.625 -7.12051e-85 2.93731e-84 3.96046e-84
0.629167 -1.07875e-83 4.41466e-83 5.95327e-83
0.633333 -1.59306e-82 6.46792e-82 8.72339e-82
0.6375 -2.29387e-81 9.23988e-81 1.24638e-80
0.641667 -3.22136e-80 1.28741e-79 1.73686e-79
0.645833 -4.41322e-79 1.74994e-78 2.36122e-78
0.65 -5.89967e-78 2.32111e-77 3.13239e-77
0.654167 -7.69767e-77 3.00498e-76 4.05592e-76
0.658333 -9.80519e-76 3.79807e-75 5.12718e-75
0.6625 -1.2196e-74 4.68771e-74 6.32916e-74
0.666667 -1.48166e-73 5.65113e-73 7.63115e-73
0.670833 -1.75849e-72 6.65553e-72 8.98894e-72
0.675 -2.03934e-71 7.65947e-71 1.03466e-70
0.679167 -2.31148e-70 8.6154e-70 1.16398e-69
0.683333 -2.56115e-69 9.47337e-69 1.28011e-68
0.6875 -2.77466e-68 1.01853e-67 1.37655e-67
0.691667 -2.93972e-67 1.07096e-66 1.44766e-66
0.695833 -3.04653e-66 1.1015e-65 1.4892e-65
0.7 -3.08884e-65 1.10839e-64 1.49879e-64
0.704167 -3.06446e-64 1.09139e-63 1.47606e-63
0.708333 -2.97553e-63 1.05178e-62 1.42275e-62
0.7125 -2.82815e-62 9.92216e-62 1.34242e-61
0.716667 -2.63177e-61 9.16433e-61 1.24012e-60
0.720833 -2.39813e-60 8.28863e-60 1.12183e-59
0.725 -2.14019e-59 7.3422e-59 9.93922e-59
0.729167 -1.87093e-58 6.37091e-58 8.62602e-58
0.733333 -1.60236e-57 5.41602e-57 7.33453e-57
0.7375 -1.3447e-56 4.51158e-56 6.11091e-56
0.741667 -1.10593e-55 3.68312e-55 4.98974e-55
0.745833 -8.91506e-55 2.94718e-54 3.9935e-54
0.75 -7.04506e-54 2.31188e-53 3.13328e-53
0.754167 -5.45846e-53 1.77809e-52 2.41032e-52
0.758333 -4.14708e-52 1.34102e-51 1.8182e-51
0.7625 -3.09003e-51 9.91896e-51 1.34512e-50
0.766667 -2.25833e-50 7.19627e-50 9.76095e-50
0.770833 -1.61911e-49 5.12171e-49 6.94847e-49
0.775 -1.13889e-48 3.5764e-48 4.853e-48
0.779167 -7.86074e-48 2.45049e-47 3.32589e-47
0.783333 -5.32441e-47 1.64775e-46 2.23685e-46
0.7875 -3.53964e-46 1.08746e-45 1.47655e-45
0.791667 -2.30981e-45 7.04474e-45 9.5674e-45
0.795833 -1.4797e-44 4.48023e-44 6.08586e-44
0.8 -9.30681e-44 2.79747e-43 3.80085e-43
0.804167 -5.74781e-43 1.71518e-42 2.33086e-42
0.808333 -3.48599e-42 1.0327e-41 1.40371e-41
0.8125 -2.07643e-41 6.10674e-41 8.30242e-41
0.816667 -1.21483e-40 3.54694e-40 4.8233e-40
0.820833 -6.98184e-40 2.02373e-39 2.75256e-39
0.825 -3.942e-39 1.13435e-38 1.54321e-38
0.829167 -2.18674e-38 6.24702e-38 8.50053e-38
0.833333 -1.19193e-37 3.38044e-37 4.60089e-37
0.8375 -6.38437e-37 1.79756e-36 2.44708e-36
0.841667 -3.36072e-36 9.39384e-36 1.27909e-35
0.845833 -1.73872e-35 4.82485e-35 6.57108e-35
0.85 -8.84189e-35 2.4358e-34 3.3181e-34
0.854167 -4.4199e-34 1.20879e-33 1.64699e-33
0.858333 -2.17202e-33 5.89713e-33 8.03668e-33
0.8625 -1.04937e-32 2.82842e-32 3.85544e-32
0.866667 -4.98474e-32 1.3338e-31 1.8185e-31
0.870833 -2.32825e-31 6.18455e-31 8.43384e-31
0.875 -1.06935e-30 2.81984e-30 3.84623e-30
0.879167 -4.82988e-30 1.26435e-29 1.72493e-29
0.883333 -2.14541e-29 5.57522e-29 7.60776e-29
0.8875 -9.37266e-29 2.41786e-28 3.30003e-28
0.891667 -4.02734e-28 1.03133e-27 1.40791e-27
0.895833 -1.70216e-27 4.32701e-27 5.90818e-27
0.9 -7.07666e-27 1.78574e-26 2.43878e-26
0.904167 -2.89417e-26 7.24953e-26 9.90265e-26
0.908333 -1.16441e-25 2.89522e-25 3.95557e-25
0.9125 -4.60882e-25 1.1375e-24 1.5544e-24
0.916667 -1.79471e-24 4.39676e-24 6.00937e-24
0.920833 -6.87599e-24 1.67203e-23 2.28572e-23
0.925 -2.59195e-23 6.25601e-23 8.55375e-23
0.929167 -9.61349e-23 2.30307e-22 3.14952e-22
0.933333 -3.50841e-22 8.34224e-22 1.14103e-21
0.9375 -1.25987e-21 2.97327e-21 4.06747e-21
0.941667 -4.4518e-21 1.04273e-20 1.42671e-20
0.945833 -1.54792e-20 3.59836e-20 4.92422e-20
0.95 -5.2963e-20 1.2219e-19 1.67238e-19
0.954167 -1.78325e-19 4.08293e-19 5.58903e-19
0.958333 -5.90839e-19 1.34251e-18 1.83799e-18
0.9625 -1.92641e-18 4.3438e-18 5.94778e-18
0.966667 -6.18091e-18 1.38304e-17 1.89398e-17
0.970833 -1.95154e-17 4.33319e-17 5.93473e-17
0.975 -6.06352e-17 1.33595e-16 1.82991e-16
0.979167 -1.85391e-16 4.05298e-16 5.55212e-16
0.983333 -5.57783e-16 1.20992e-15 1.6576e-15
0.9875 -1.65138e-15 3.55409e-15 4.86954e-15
0.991667 -4.81091e-15 1.02726e-14 1.40757e-14
0.995833 -1.37909e-14 2.92149e-14 4.00331e-14
1 -3.88987e-14 8.17493e-14 1.12026e-13
1.00417 -1.07954e-13 2.25064e-13 3.08428e-13
1.00833 -2.94771e-13 6.09611e-13 8.35425e-13
1.0125 -7.91877e-13 1.62445e-12 2.22618e-12
1.01667 -2.09285e-12 4.25837e-12 5.83568e-12
1.02083 -5.44127e-12 1.0981e-11 1.50479e-11
1.025 -1.39162e-11 2.78532e-11 3.81668e-11
1.02917 -3.50084e-11 6.94886e-11 9.52123e-11
1.03333 -8.66209e-11 1.70501e-10 2.33596e-10
1.0375 -2.10785e-10 4.11414e-10 5.63595e-10
1.04167 -5.04415e-10 9.76189e-10 1.33709e-09
1.04583 -1.18694e-09 2.27745e-09 3.11892e-09
1.05 -2.74609e-09 5.22375e-09 7.15239e-09
1.05417 -6.24601e-09 1.17783e-08 1.61233e-08
1.05833 -1.3965e-08 2.61036e-08 3.5724e-08
1.0625 -3.06887e-08 5.68563e-08 7.77878e-08
1.06667 -6.62753e-08 1.2169e-07 1.66436e-07
1.07083 -1.40637e-07 2.55897e-07 3.49862e-07
1.075 -2.93192e-07 5.28614e-07 7.22423e-07
1.07917 -6.00393e-07 1.0725e-06 1.46505e-06
1.08333 -1.20745e-06 2.13677e-06 2.91737e-06
1.0875 -2.38433e-06 4.17956e-06 5.70324e-06
1.09167 -4.62202e-06 8.02449e-06 1.09431e-05
1.09583 -8.79355e-06 1.51187e-05 2.06035e-05
1.1 -1.64154e-05 2.79449e-05 3.80544e-05
1.10417 -3.0059e-05 5.06596e-05 6.89294e-05
1.10833 -5.39758e-05 9.00435e-05 0.000122406
1.1125 -9.50133e-05 0.000156865 0.000213031
1.11667 -0.000163898 0.000267746 0.000363214
1.12083 -0.000276943 0.000447568 0.000606422
1.125 -0.000458193 0.000732386 0.00099101
1.12917 -0.000741885 0.00117259 0.00158433
1.13333 -0.00117496 0.00183583 0.00247644
1.1375 -0.00181904 0.00280885 0.00378218
1.14167 -0.0027511 0.00419688 0.00563992
1.14583 -0.00406147 0.006119 0.00820459
1.15 -0.00584784 0.00869746 0.0116327
1.15417 -0.00820366 0.0120394 0.016057
1.15833 -0.0111999 0.0162098 0.0215497
1.1625 -0.0148599 0.0211971 0.0280763
1.16667 -0.0191292 0.026874 0.0354437
1.17083 -0.0238439 0.0329611 0.0432532
1.175 -0.0287048 0.0390016 0.0508714
1.17917 -0.0332661 0.0443616 0.0574341
1.18333 -0.0369484 0.0482655 0.0619011
1.1875 -0.0390857 0.0498753 0.0631686
1.19167 -0.039008 0.048414 0.060239
1.19583 -0.0361566 0.0433189 0.0524277
1.2 -0.0302141 0.0343996 0.0395704
1.20417 -0.0212247 0.0219619 0.022179
1.20833 -0.00966871 0.00685775 0.0014915
1.2125 0.00353745 -0.00957284 -0.0206244
1.21667 0.0171368 -0.0256771 -0.0419242
1.22083 0.0297182 -0.0397601 -0.0601588
1.225 0.0399617 -0.050395 -0.0734873
1.22917 0.0468847 -0.0566914 -0.0808206
1.23333 0.0500217 -0.0584443 -0.0819942
1.2375 0.0494814 -0.0561141 -0.0777117
1.24167 0.0458613 -0.0506412 -0.0692774
1.24583 0.0400482 -0.0431652 -0.0582186
1.25 0.0329825 -0.0347553 -0.0459463
1.25417 0.0254781 -0.0262644 -0.0335936
1.25833 0.0181725 -0.0183603 -0.022091
1.2625 0.0116185 -0.0117047 -0.0124134
1.26667 0.0064511 -0.00715652 -0.0058239
1.27083 0.00350853 -0.00584298 -0.00390465
1.275 0.00378729 -0.00898116 -0.00824371
1.27917 0.00818123 -0.0174555 -0.0198235
1.28333 0.0170741 -0.031304 -0.0383512
1.2875 0.029963 -0.0493623 -0.0618793
1.29167 0.045324 -0.0692963 -0.0869961
1.29583 0.0608542 -0.0880961 -0.109628
1.3 0.0740528 -0.10288 -0.126177
1.30417 0.0829196 -0.11167 -0.1345
1.30833 0.0864561 -0.113771 -0.134249
1.3125 0.0847198 -0.109572 -0.126397
1.31667 0.0784014 -0.0998631 -0.112201
1.32083 0.068157 -0.0850775 -0.0921763
1.325 0.0540821 -0.0649006 -0.0657346
1.32917 0.0356585 -0.0385269 -0.0317229
1.33333 0.0122433 -0.00546074 0.0103746
1.3375 -0.0161547 0.0335784 0.0592689
1.34167 -0.0482624 0.0761799 0.111441
1.34583 -0.0814733 0.118504 0.161762
1.35 -0.112394 0.156165 0.204837
1.35417 -0.137724 0.185285 0.236355
1.35833 -0.154998 0.20318 0.253758
1.3625 -0.162862 0.208466 0.256056
1.36667 -0.160873 0.200751 0.24321
1.37083 -0.149136 0.180341 0.21573
1.375 -0.128171 0.148289 0.174892
1.37917 -0.0991236 0.106737 0.123353
1.38333 -0.0641025 0.0591453 0.0654859
1.3875 -0.0262305 0.010002 0.00690661
1.39167 0.010834 -0.0360538 -0.0467971
1.39583 0.0437438 -0.0752768 -0.0914056
1.4 0.0701895 -0.105411 -0.124639
1.40417 0.0890538 -0.125508 -0.14566
1.40833 0.0999629 -0.135213 -0.154054
1.4125 0.10269 -0.13423 -0.149304
1.41667 0.0970031 -0.122496 -0.131385
1.42083 0.083195 -0.101052 -0.102109
1.425 0.0628855 -0.0728327 -0.0660193
1.42917 0.0393433 -0.0425424 -0.0297496
1.43333 0.0167912 -0.0153181 0.000197565
1.4375 -0.00109411 0.00516325 0.0200083
1.44167 -0.0125988 0.0179531 0.0297766
1.44583 -0.0183623 0.0246262 0.0325505
1.45 -0.020473 0.0277624 0.0319017
1.45417 -0.02092 0.0291987 0.0297642
1.45833 -0.0204948 0.0292519 0.0259919
1.4625 -0.0188433 0.0273081 0.0196798
1.46667 -0.0154452 0.0231097 0.0109283
1.47083 -0.0106024 0.0175941 0.00150737
1.475 -0.00560492 0.0126209 -0.00604625
1.47917 -0.00200812 0.00991693 -0.00998744
1.48333 -0.000717268 0.0101928 -0.0101862
1.4875 -0.00166498 0.0131273 -0.00762839
1.49167 -0.00425309 0.0180573 -0.00328581
1.49583 -0.00800586 0.0245748 0.00242677
1.5 -0.0127411 0.0324219 0.00910843
1.50417 -0.0181297 0.0408721 0.0154807
1.50833 -0.0232147 0.0484011 0.0193745
1.5125 -0.0265771 0.0532274 0.0190057
1.51667 -0.0272088 0.0544248 0.0145629
1.52083 -0.0253711 0.0526188 0.00856628
1.525 -0.022572 0.0495087 0.00437498
1.52917 -0.0205081 0.0464676 0.00387156
1.53333 -0.0197647 0.043347 0.00619988
1.5375 -0.0193589 0.0385154 0.00860807
1.54167 -0.0175254 0.0301198 0.00865313
1.54583 -0.0130764 0.0175118 0.00588653
1.55 -0.00619682 0.00168152 0.00169977
1.55417 0.00191368 -0.0155385 -0.00228889
1.55833 0.0100992 -0.0326631 -0.00568581
1.5625 0.0179843 -0.0490491 -0.00932123
1.56667 0.0257719 -0.0643643 -0.0139841
1.57083 0.033418 -0.0776895 -0.0192354
1.575 0.0400544 -0.0872232 -0.0234342
1.57917 0.0442363 -0.0909564 -0.0248856
1.58333 0.0447958 -0.0878021 -0.0230458
1.5875 0.0415797 -0.0783082 -0.018838
1.59167 0.0355313 -0.0644668 -0.0140209
1.59583 0.0281613 -0.0488201 -0.0102252
1.6 0.0208411 -0.0334454 -0.00822444
1.60417 0.0143042 -0.0193325 -0.00761515
1.60833 0.00849551 -0.00637593 -0.00694513
1.6125 0.00277878 0.00605604 -0.00442964
1.61667 -0.00351403 0.0182376 0.000794804
1.62083 -0.0103712 0.029391 0.00758515
1.625 -0.0167009 0.0377536 0.0129857
1.62917 -0.0207486 0.0415834 0.0141094
1.63333 -0.0212885 0.0405001 0.0105376
1.6375 -0.0187408 0.0360498 0.00511695
1.64167 -0.0151389 0.0307929 0.00202561
1.64583 -0.0126983 0.0264519 0.00340089
1.65 -0.0120488 0.0226456 0.00743312
1.65417 -0.0117099 0.0174325 0.00981594
1.65833 -0.00942849 0.0093465 0.00745775
1.6625 -0.00430503 -0.000813467 0.00118544
1.66667 0.00217922 -0.0100822 -0.00498555
1.67083 0.00719434 -0.0153253 -0.00728533
1.675 0.00874798 -0.0154556 -0.00516666
1.67917 0.00710347 -0.0120316 -0.00128615
1.68333 0.00429295 -0.0078879 0.00111797
1.6875 0.00235716 -0.00511903 0.000799963
1.69167 0.00195591 -0.00406274 -0.00111613
1.69583 0.00238094 -0.00378169 -0.00270559
1.7 0.00257462 -0.00321813 -0.0028619
1.70417 0.00201311 -0.00193394 -0.00164425
1.70833 0.000820478 -0.000113449 0.000286956
1.7125 -0.000581741 0.00175171 0.0020988
1.71667 -0.00172174 0.00309919 0.00285771
1.72083 -0.00215178 0.00350558 0.00188785
1.725 -0.00166575 0.00300147 -0.000411788
1.72917 -0.000652458 0.00222504 -0.00228184
1.73333 -5.17103e-05 0.00198528 -0.00182497
1.7375 -0.00057894 0.00238879 0.00098325
1.74167 -0.00181455 0.00243705 0.00368047
1.74583 -0.00227522 0.000835452 0.00334273
1.75 -0.000772508 -0.00248879 -0.000366118
1.75417 0.00213668 -0.00571372 -0.00436333
1.75833 0.00425615 -0.00631934 -0.0048792
1.7625 0.00364411 -0.00331632 -0.00127443
1.76667 0.000553761 0.00161764 0.00308787
1.77083 -0.00262997 0.00536856 0.00411816
1.775 -0.00356735 0.00594562 0.00116738
1.77917 -0.00211477 0.00394005 -0.00234853
1.78333 -0.00024045 0.00153999 -0.00262642
1.7875 0.00017725 0.000246675 0.000459274
1.79167 -0.000708709 -0.00030309 0.00330981
1.79583 -0.00110795 -0.00131499 0.00260971
1.8 0.000182903 -0.00295971 -0.00102976
1.80417 0.00225248 -0.00387538 -0.00378414
1.80833 0.00298204 -0.00266653 -0.00283119
1.8125 0.00139266 0.000300333 0.000639797
1.81667 -0.00119103 0.00291772 0.00289779
1.82083 -0.00247782 0.00329614 0.00184027
1.825 -0.00157988 0.00158672 -0.000863332
1.82917 0.000190376 -0.000316478 -0.00194783
1.83333 0.000914692 -0.000842039 -0.000379873
1.8375 0.000186062 -0.000257636 0.00162136
1.84167 -0.000647845 1.66494e-06 0.00143889
1.84583 -0.000284272 -0.000733683 -0.0007202
1.85 0.000907801 -0.00154323 -0.0021248
1.85417 0.0013862 -0.00115469 -0.000949997
1.85833 0.000406503 0.00036204 0.00139314
1.8625 -0.000997315 0.00159395 0.00196586
1.86667 -0.00126361 0.00146243 7.07732e-06
1.87083 -0.000233371 0.000437336 -0.00199922
1.875 0.000679829 -0.000218509 -0.00137635
1.87917 0.000322554 -0.000112016 0.00127706
1.88333 -0.0006884 -8.49708e-05 0.00263238
1.8875 -0.000751944 -0.00084337 0.000725678
1.89167 0.000573952 -0.00173518 -0.00241348
1.89583 0.00180927 -0.00138184 -0.00300991
1.9 0.00124964 0.000541637 -9.73683e-05
1.90417 -0.000879152 0.00258697 0.00315541
1.90833 -0.00246263 0.00283859 0.00305824
1.9125 -0.00178728 0.000869083 -0.000297907
1.91667 0.000531601 -0.00171423 -0.00312432
1.92083 0.00216705 -0.00268814 -0.00226864
1.925 0.00154092 -0.00126139 0.00123866
1.92917 -0.000549878 0.00113752 0.00340338
1.93333 -0.00183103 0.00215334 0.00175965
1.9375 -0.000976601 0.000828237 -0.00189663
1.94167 0.000988856 -0.00132114 -0.00349197
1.94583 0.00180818 -0.00185935 -0.00119315
1.95 0.000506058 -0.000204534 0.00246265
1.95417 -0.0014317 0.00159924 0.00327877
1.95833 -0.00169192 0.00133574 0.000162365
1.9625 0.000102423 -0.000556172 -0.00340729
1.96667 0.0017896 -0.00151151 -0.00322312
1.97083 0.00122066 -0.000251566 0.000636364
1.975 -0.000990984 0.00144197 0.00366175
1.97917 -0.00208455 0.00114273 0.00221995
1.98333 -0.000605003 -0.000826192 -0.00195169
1.9875 0.00165502 -0.00175349 -0.00377672
1.99167 0.00185561 -0.000230303 -0.00107127
1.99583 -0.000291647 0.00191205 0.00282752
2 -0.00217259 0.00200075 0.00332063
2.00417 -0.00155662 -0.000147709 0.000146655
2.00833 0.000779267 -0.00229378 -0.00269957
2.0125 0.00224951 -0.00259545 -0.00212795
2.01667 0.00156501 -0.00124277 0.000651896
2.02083 -0.000182811 0.000482677 0.00226214
2.025 -0.00121002 0.00155291 0.00128877
2.02917 -0.000903228 0.00143047 -0.000709031
2.03333 7.08372e-05 0.000146433 -0.00155624
2.0375 0.000743798 -0.00127096 -0.000696715
2.04167 0.000599879 -0.00135501 0.000746097
2.04583 -0.000147258 5.89045e-05 0.00127057
2.05 -0.000698908 0.00135669 0.000324695
2.05417 -0.000447855 0.00121077 -0.00109966
2.05833 0.000182049 0.000397314 -0.00130557
2.0625 0.000149558 0.000441488 0.000127091
2.06667 -0.000680118 0.00105746 0.00149953
2.07083 -0.00107931 0.000548338 0.00098288
2.075 -0.000129704 -0.0012679 -0.000809932
2.07917 0.00123941 -0.0023103 -0.00149508
2.08333 0.00134262 -0.00112309 -0.000259354
2.0875 8.46834e-05 0.000946509 0.00100576
2.09167 -0.000917162 0.00159512 0.000603135
2.09583 -0.000625742 0.000534914 -0.000491448
2.1 0.000183616 -0.00069317 -0.000433421
2.10417 0.000412781 -0.00109836 0.00043864
2.10833 0.000218004 -0.000908602 0.000340372
2.1125 0.000259333 -0.000287012 -0.0007594
2.11667 0.00029164 0.000937398 -0.000969498
2.12083 -0.000323018 0.00217443 0.000310519
2.125 -0.00120039 0.0022332 0.00124049
2.12917 -0.00127317 0.000978565 0.000447001
2.13333 -0.000402982 -0.000381343 -0.000853049
2.1375 0.000452946 -0.000972644 -0.000910846
2.14167 0.00066023 -0.000984193 -3.1045e-05
2.14583 0.000437406 -0.000511333 0.000431995
2.15 -3.44948e-06 0.000682266 0.000330971
2.15417 -0.000636854 0.00170483 0.000251524
2.15833 -0.000852362 0.000808206 -6.00508e-05
2.1625 7.14289e-05 -0.00169086 -0.000831423
2.16667 0.00134985 -0.0027279 -0.000874714
2.17083 0.00114328 -0.000570344 0.000589522
2.175 -0.000620081 0.00219307 0.00161343
2.17917 -0.00158763 0.00219538 -1.35653e-05
2.18333 -0.000418975 0.000316481 -0.002452
2.1875 0.000866748 -2.94313e-05 -0.00166936
2.19167 -3.10022e-05 0.00134248 0.00193731
2.19583 -0.00176535 0.00135548 0.0030397
2.2 -0.00130364 -0.000504844 -0.000617569
2.20417 0.000958155 -0.000826169 -0.0039577
2.20833 0.00144898 0.00175712 -0.00184042
2.2125 -0.00089537 0.00354622 0.00286842
2.21667 -0.00269887 0.00154153 0.00340928
2.22083 -0.00131561 -0.00148015 -0.000717454
2.225 0.00118771 -0.00141082 -0.00339728
2.22917 0.00149301 0.000660468 -0.00137508
2.23333 -5.67768e-05 0.000915114 0.00166052
2.2375 -0.000855647 -0.000431518 0.00170839
2.24167 -0.000435954 -0.000190482 -7.12294e-05
2.24583 -0.000215634 0.00119195 -0.000916746
2.25 -0.000138082 0.00014448 -0.000986615
2.25417 0.000862444 -0.00277469 -0.00119151
2.25833 0.00170983 -0.0025842 -0.000385962
2.2625 0.000353429 0.00144518 0.00161989
2.26667 -0.00191294 0.00325161 0.00170382
2.27083 -0.00142137 -0.000480402 -0.00161358
2.275 0.00173886 -0.00418158 -0.00393208
2.27917 0.00285494 -0.00187779 -0.000932075
2.28333 -0.000215045 0.00308464 0.00376723
2.2875 -0.00313884 0.00333414 0.00302208
2.29167 -0.00157428 -0.000805413 -0.00254182
2.29583 0.00197889 -0.00238727 -0.00472111
2.3 0.00208504 0.000719679 -0.000174307
2.30417 -0.00123103 0.00322863 0.00439485
2.30833 -0.00296664 0.00188503 0.00253581
2.3125 -0.00110349 0.000170939 -0.00256623
2.31667 0.000943174 0.00126369 -0.00369728
2.32083 0.000306763 0.00271911 -0.000191767
2.325 -0.00141049 0.00168883 0.0025425
2.32917 -0.00167191 0.000186212 0.00151076
2.33333 -0.000795003 0.000991187 -0.00109437
2.3375 -0.000275139 0.00246021 -0.00243143
2.34167 -0.000180302 0.00181759 -0.00189996
2.34583 -0.000163671 0.000323155 -8.62329e-05
2.35 -0.00071453 0.000700727 0.00157627
2.35417 -0.00161074 0.00209402 0.000841613
2.35833 -0.00135798 0.00207337 -0.00234695
2.3625 8.29164e-05 0.00142614 -0.00408107
2.36667 0.000349675 0.00233222 -0.00141466
2.37083 -0.00155601 0.00359593 0.00230504
2.375 -0.00296733 0.00248058 0.00159215
2.37917 -0.00147868 -7.2961e-05 -0.00264696
2.38333 0.00106601 -0.00089579 -0.00415955
2.3875 0.00144447 -0.000167837 -0.0009673
2.39167 1.98276e-05 -0.000583858 0.00195052
2.39583 -0.000456231 -0.00192603 0.000920337
2.4 0.00050938 -0.00190469 -0.00130465
2.40417 0.00127512 -0.00166409 -0.00120607
2.40833 0.00169343 -0.00421101 8.66036e-05
2.4125 0.0027707 -0.00752436 0.000456035
2.41667 0.00350284 -0.00648556 0.00104504
2.42083 0.00226618 -0.00265716 0.00278339
2.425 0.000967049 -0.00389044 0.00307876
2.42917 0.00303922 -0.0113026 0.000709332
2.43333 0.00701339 -0.0153943 -8.96935e-05
2.4375 0.00743942 -0.0105379 0.00388398
2.44167 0.00363062 -0.00494796 0.00787076
2.44583 0.00175764 -0.00807922 0.00569145
2.45 0.00527629 -0.0151184 0.000601888
2.45417 0.00890189 -0.0148181 0.00125577
2.45833 0.00690235 -0.00824692 0.00759223
2.4625 0.00260663 -0.00688809 0.010049
2.46667 0.00309774 -0.0130345 0.00467147
2.47083 0.00751986 -0.015748 -0.000277555
2.475 0.00842922 -0.00940242 0.00257014
2.47917 0.00399129 -0.00323822 0.00807936
2.48333 0.00075785 -0.00559376 0.00721111
2.4875 0.00269665 -0.00973515 0.0013107
2.49167 0.00497249 -0.00541672 -0.000915436
2.49583 0.0024027 0.00365389 0.00244764
2.5 -0.0021225 0.00608943 0.00461176
2.50417 -0.00299183 0.0018092 0.00192127
2.50833 -0.00111367 0.00152509 -0.00113823
2.5125 -0.00155784 0.00837478 -0.000674927
2.51667 -0.00468083 0.0133529 0.000469837
2.52083 -0.00623878 0.0114958 -0.00109237
2.525 -0.00538413 0.0101935 -0.0031675
2.52917 -0.00594857 0.0156498 -0.0027222
2.53333 -0.00909055 0.0216905 -0.00196215
2.5375 -0.0108542 0.0204501 -0.00426414
2.54167 -0.00916144 0.0160687 -0.00748874
2.54583 -0.00775169 0.0175275 -0.00725714
2.55 -0.00983504 0.0231492 -0.00477861
2.55417 -0.0123881 0.0234807 -0.00518234
2.55833 -0.011104 0.0172975 -0.00875842
2.5625 -0.00760897 0.0132867 -0.0101709
2.56667 -0.00667665 0.0151697 -0.00720353
2.57083 -0.00831202 0.0159654 -0.00429943
2.575 -0.00802478 0.0102969 -0.00510706
2.57917 -0.00437674 0.00292837 -0.00671042
2.58333 -0.000947414 -0.000216532 -0.00481002
2.5875 -5.6635e-05 -0.00178635 -0.000639823
2.59167 0.00064816 -0.00704587 0.00158254
2.59583 0.00349065 -0.0139232 0.00149529
2.6 0.0066635 -0.0165547 0.00236816
2.60417 0.00746738 -0.0152484 0.00531216
2.60833 0.00668399 -0.0153504 0.00796167
2.6125 0.00674734 -0.0178181 0.00877143
2.61667 0.00754868 -0.01806 0.0090081
2.62083 0.00705128 -0.0141021 0.00992465
2.625 0.0049305 -0.0095501 0.0108253
2.62917 0.00283625 -0.00724885 0.0108007
2.63333 0.00151784 -0.00527139 0.0102241
2.6375 5.15728e-05 -0.00117233 0.00965348
2.64167 -0.00212335 0.00386746 0.00885135
2.64583 -0.00429784 0.00740635 0.00757811
2.65 -0.0057722 0.00927423 0.00609996
2.65417 -0.00660316 0.0105904 0.00449923
2.65833 -0.00692244 0.0113426 0.0025908
2.6625 -0.00661111 0.0107806 0.00066371
2.66667 -0.00571713 0.00885536 -0.000846107
2.67083 -0.00436792 0.0060649 -0.00238117
2.675 -0.00243549 0.00296593 -0.00464195
2.67917 -4.69136e-05 0.000391551 -0.00701843
2.68333 0.0019835 -0.00115169 -0.00818464
2.6875 0.00314415 -0.00256329 -0.00834168
2.69167 0.0041802 -0.00504847 -0.00916566
2.69583 0.00598102 -0.00779951 -0.0111285
2.7 0.0079456 -0.00874501 -0.0125893
2.70417 0.00873622 -0.00793934 -0.0123418
2.70833 0.00842032 -0.0078796 -0.0115547
2.7125 0.00844184 -0.00958385 -0.0120413
2.71667 0.00937375 -0.0107256 -0.0136963
2.72083 0.0100897 -0.00919206 -0.0149403
2.725 0.00960157 -0.00645325 -0.0151017
2.72917 0.00853123 -0.00533379 -0.0151303
2.73333 0.00807218 -0.00590655 -0.0160765
2.7375 0.00836965 -0.00599181 -0.01778
2.74167 0.00871876 -0.004969 -0.0191806
2.74583 0.00877318 -0.0045498 -0.0193801
2.75 0.00872207 -0.00563601 -0.018261
2.75417 0.00854773 -0.0066542 -0.0163335
2.75833 0.0078615 -0.00587607 -0.0140133
2.7625 0.00645245 -0.00377938 -0.0109322
2.76667 0.00443568 -0.00191199 -0.00613876
2.77083 0.00181078 -0.000443976 0.000748858
2.775 -0.00162262 0.00179342 0.00873917
2.77917 -0.00573697 0.00524146 0.016229
2.78333 -0.00986762 0.00882784 0.0225882
2.7875 -0.013406 0.0113535 0.0285013
2.79167 -0.0163416 0.0128194 0.0344491
2.79583 -0.0189256 0.0140799 0.0393255
2.8 -0.0209859 0.0156297 0.0412441
2.80417 -0.0219228 0.016961 0.0396315
2.80833 -0.021334 0.0169742 0.0357782
2.8125 -0.0193729 0.0150996 0.0310953
2.81667 -0.0164951 0.0120998 0.0255147
2.82083 -0.0130503 0.00934156 0.0181312
2.825 -0.00910624 0.00702742 0.00899177
2.82917 -0.00456614 0.00390193 -0.000375112
2.83333 0.00040985 -0.000631066 -0.00815054
2.8375 0.00504165 -0.00499186 -0.0136346
2.84167 0.00836346 -0.00726324 -0.0175212
2.84583 0.010267 -0.00789285 -0.0208314
2.85 0.0116289 -0.00888733 -0.0234252
2.85417 0.012932 -0.0105297 -0.0238225
2.85833 0.0133004 -0.0108385 -0.0210743
2.8625 0.0117086 -0.00870438 -0.0165472
2.86667 0.00877129 -0.00574192 -0.0127757
2.87083 0.00627236 -0.00407635 -0.010433
2.875 0.0049387 -0.00366261 -0.00772516
2.87917 0.0037453 -0.00293896 -0.00334048
2.88333 0.00169665 -0.00123973 0.00130604
2.8875 -0.000653114 0.000537408 0.00385202
2.89167 -0.00199959 0.00124415 0.00411205
2.89583 -0.00200002 0.00075773 0.00413562
2.9 -0.00162017 0.00014831 0.00548326
2.90417 -0.00198632 0.000685652 0.0075054
2.90833 -0.0031639 0.00225038 0.00834959
2.9125 -0.00401988 0.00303276 0.00707583
2.91667 -0.00341363 0.00172712 0.00469791
2.92083 -0.0016713 -0.000384733 0.00317237
2.925 -0.000405223 -0.00100456 0.00306952
2.92917 -0.000401977 -0.000237532 0.0025707
2.93333 -0.000371147 -0.000471343 -0.000230962
2.9375 0.00122032 -0.00255758 -0.00421124
2.94167 0.00361414 -0.0043116 -0.00601705
2.94583 0.00450618 -0.0037987 -0.00441609
2.95 0.00325128 -0.00215023 -0.00203542
2.95417 0.00175579 -0.00162506 -0.00165961
2.95833 0.00173531 -0.00233887 -0.00243853
2.9625 0.00248585 -0.00260771 -0.00151216
2.96667 0.0022456 -0.00166047 0.00162313
2.97083 0.000800125 -0.000453339 0.0043513
2.975 -0.00031019 -0.000129903 0.00438139
2.97917 0.000176749 -0.000709735 0.00247252
2.98333 0.00174309 -0.00116151 0.00140864
2.9875 0.00266499 -0.000417804 0.00291701
2.99167 0.00194646 0.00126977 0.00580229
2.99583 0.000649049 0.00212725 0.00721806
