0 0 0 0
0.00416667 0 0 0
0.00833333 0 0 0
0.0125 0 0 0
0.0166667 0 0 0
0.0208333 0 0 0
0.025 0 0 0
0.0291667 0 0 0
0.0333333 0 0 0
0.0375 0 0 0
0.0416667 0 0 0
0.0458333 0 0 0
0.05 0 0 0
0.0541667 0 0 0
0.0583333 0 0 0
0.0625 0 0 0
0.0666667 0 0 0
0.0708333 0 0 0
0.075 0 0 0
0.0791667 0 0 0
0.0833333 0 0 0
0.0875 0 0 0
0.0916667 0 0 0
0.0958333 0 0 0
0.1 0 0 0
0.104167 0 0 0
0.108333 0 0 0
0.1125 0 0 0
0.116667 0 0 0
0.120833 0 0 0
0.125 -1.82804e-322 3.78948e-321 8.18173e-321
0.129167 -2.0713e-316 2.85593e-315 6.08258e-315
0.133333 -1.00455e-310 1.3401e-309 2.85475e-309
0.1375 -3.2105e-305 4.14804e-304 8.83831e-304
0.141667 -6.93329e-300 8.68414e-299 1.85076e-298
0.145833 -1.03514e-294 1.25803e-293 2.68173e-293
0.15 -1.091e-289 1.28762e-288 2.74546e-288
0.154167 -8.27439e-285 9.49104e-284 2.02417e-283
0.158333 -4.59593e-280 5.12734e-279 1.09379e-278
0.1625 -1.9001e-275 2.0632e-274 4.40247e-274
0.166667 -5.93523e-271 6.27688e-270 1.33972e-269
0.170833 -1.42026e-266 1.46383e-265 3.12521e-265
0.175 -2.63716e-262 2.65056e-261 5.66038e-261
0.179167 -3.84511e-258 3.77086e-257 8.0551e-257
0.183333 -4.4514e-254 4.26181e-253 9.1065e-253
0.1875 -4.13408e-250 3.86607e-249 8.26335e-249
0.191667 -3.10983e-246 2.84208e-245 6.07653e-245
0.195833 -1.91195e-242 1.70841e-241 3.65382e-241
0.2 -9.68857e-239 8.46814e-238 1.81168e-237
0.204167 -4.07862e-235 3.48854e-234 7.46581e-234
0.208333 -1.437e-231 1.20329e-230 2.576e-230
0.2125 -4.26691e-228 3.49931e-227 7.49388e-227
0.216667 -1.07482e-224 8.63624e-224 1.85011e-223
0.220833 -2.311e-221 1.82e-220 3.9003e-220
0.225 -4.2662e-218 3.29417e-217 7.06201e-217
0.229167 -6.79903e-215 5.14913e-214 1.10427e-213
0.233333 -9.40325e-212 6.98694e-211 1.49896e-210
0.2375 -1.13415e-208 8.27064e-208 1.77502e-207
0.241667 -1.19853e-205 8.58043e-205 1.84222e-204
0.245833 -1.11465e-202 7.83633e-202 1.68312e-201
0.25 -9.16126e-200 6.32656e-199 1.35939e-198
0.254167 -6.68087e-197 4.53316e-196 9.74433e-196
0.258333 -4.33927e-194 2.8937e-193 6.22276e-193
0.2625 -2.51926e-191 1.65154e-190 3.55303e-190
0.266667 -1.31187e-188 8.4565e-188 1.82006e-187
0.270833 -6.14743e-186 3.89744e-185 8.39193e-185
0.275 -2.60037e-183 1.62183e-182 3.49364e-182
0.279167 -9.95883e-181 6.11168e-180 1.31712e-179
0.283333 -3.46298e-178 2.09158e-177 4.50958e-177
0.2875 -1.09632e-175 6.51818e-175 1.406e-174
0.291667 -3.16814e-173 1.85456e-172 4.00224e-172
0.295833 -8.37776e-171 4.82946e-170 1.04271e-169
0.3 -2.03209e-168 1.1538e-167 2.49231e-167
0.304167 -4.5315e-166 2.53467e-165 5.47778e-165
0.308333 -9.31052e-164 5.13127e-163 1.10948e-162
0.3125 -1.76625e-161 9.59283e-161 2.07519e-160
0.316667 -3.09991e-159 1.65944e-158 3.59163e-158
0.320833 -5.04322e-157 2.66138e-156 5.76313e-156
0.325 -7.61963e-155 3.96449e-154 8.58942e-154
0.329167 -1.07104e-152 5.49514e-152 1.19119e-151
0.333333 -1.40302e-150 7.09944e-150 1.53977e-149
0.3375 -1.71567e-148 8.56329e-148 1.85826e-147
0.341667 -1.96156e-146 9.65868e-146 2.0971e-145
0.345833 -2.10009e-144 1.02028e-143 2.21646e-143
0.35 -2.10853e-142 1.01085e-141 2.19719e-141
0.354167 -1.98815e-140 9.40668e-140 2.04579e-139
0.358333 -1.76296e-138 8.23309e-138 1.79157e-137
0.3625 -1.47209e-136 6.78642e-136 1.47761e-135
0.366667 -1.15899e-134 5.27502e-134 1.1492e-133
0.370833 -8.6142e-133 3.87122e-132 8.4387e-132
0.375 -6.05145e-131 2.68553e-130 5.85753e-130
0.379167 -4.02266e-129 1.76306e-128 3.84781e-128
0.383333 -2.53315e-127 1.09659e-126 2.39472e-126
0.3875 -1.51276e-125 6.46889e-125 1.41353e-124
0.391667 -8.57615e-124 3.62303e-123 7.92163e-123
0.395833 -4.62027e-122 1.92845e-121 4.21913e-121
0.4 -2.36766e-120 9.76481e-120 2.13772e-119
0.404167 -1.1552e-118 4.7081e-118 1.03136e-117
0.408333 -5.3713e-117 2.16348e-116 4.74237e-116
0.4125 -2.38217e-115 9.48346e-115 2.08014e-114
0.416667 -1.00857e-113 3.96883e-113 8.71108e-113
0.420833 -4.07989e-112 1.58708e-111 3.48575e-111
0.425 -1.57814e-110 6.06918e-110 1.33388e-109
0.429167 -5.84173e-109 2.22122e-108 4.88506e-108
0.433333 -2.07092e-107 7.786e-107 1.71351e-106
0.4375 -7.03612e-106 2.61588e-105 5.76088e-105
0.441667 -2.29278e-104 8.42975e-104 1.85774e-103
0.445833 -7.17057e-103 2.60738e-102 5.75011e-102
0.45 -2.15378e-101 7.74603e-101 1.70945e-100
0.454167 -6.21709e-100 2.21169e-99 4.88438e-99
0.458333 -1.72581e-98 6.0732e-98 1.34218e-97
0.4625 -4.60982e-97 1.60482e-96 3.54922e-96
0.466667 -1.18556e-95 4.08331e-95 9.03718e-95
0.470833 -2.93744e-94 1.00099e-93 2.217e-93
0.475 -7.01561e-93 2.3655e-92 5.243e-92
0.479167 -1.61605e-91 5.39182e-91 1.19595e-90
0.483333 -3.59227e-90 1.18604e-89 2.63271e-89
0.4875 -7.70972e-89 2.51909e-88 5.59594e-88
0.491667 -1.5984e-87 5.16879e-87 1.14907e-86
0.495833 -3.20277e-86 1.02506e-85 2.28055e-85
0.5 -6.20539e-85 1.9658e-84 4.37683e-84
0.504167 -1.16311e-83 3.64719e-83 8.1267e-83
0.508333 -2.11e-82 6.54949e-82 1.4605e-81
0.5125 -3.70634e-81 1.13889e-80 2.54164e-80
0.516667 -6.30668e-80 1.91853e-79 4.2849e-79
0.520833 -1.04e-78 3.13221e-78 7.00113e-78
0.525 -1.66274e-77 4.95806e-77 1.10911e-76
0.529167 -2.57838e-76 7.61245e-76 1.70425e-75
0.533333 -3.87947e-75 1.13412e-74 2.54108e-74
0.5375 -5.6659e-74 1.64015e-73 3.67784e-73
0.541667 -8.03524e-73 2.30334e-72 5.16917e-72
0.545833 -1.10693e-71 3.14226e-71 7.05764e-71
0.55 -1.4818e-70 4.16572e-70 9.36405e-70
0.554167 -1.92822e-69 5.36848e-69 1.20777e-68
0.558333 -2.43987e-68 6.72782e-68 1.51484e-67
0.5625 -3.00308e-67 8.20166e-67 1.84823e-66
0.566667 -3.59664e-66 9.72912e-66 2.19427e-65
0.570833 -4.19268e-65 1.12338e-64 2.53575e-64
0.575 -4.75868e-64 1.26297e-63 2.85325e-63
0.579167 -5.26031e-63 1.38294e-62 3.12692e-62
0.583333 -5.66491e-62 1.47531e-61 3.33862e-61
0.5875 -5.94507e-61 1.53377e-60 3.47387e-60
0.591667 -6.08168e-60 1.55436e-59 3.52352e-59
0.595833 -6.06613e-59 1.53596e-58 3.48478e-58
0.6 -5.90115e-58 1.48032e-57 3.36144e-57
0.604167 -5.60032e-57 1.39185e-56 3.16328e-56
0.608333 -5.18619e-56 1.27704e-55 2.90484e-55
0.6125 -4.68763e-55 1.14365e-54 2.60368e-54
0.616667 -4.13648e-54 9.99921e-54 2.27844e-53
0.620833 -3.56439e-53 8.53741e-53 1.94705e-52
0.625 -2.99996e-52 7.11989e-52 1.62518e-51
0.629167 -2.46673e-51 5.80103e-51 1.32529e-50
0.633333 -1.98197e-50 4.61867e-50 1.05609e-49
0.6375 -1.55646e-49 3.59419e-49 8.22558e-49
0.641667 -1.1949e-48 2.73433e-48 6.26318e-48
0.645833 -8.96955e-48 2.034e-47 4.66311e-47
0.65 -6.58478e-47 1.47977e-46 3.39545e-46
0.654167 -4.72855e-46 1.05307e-45 2.41848e-45
0.658333 -3.32211e-45 7.33217e-45 1.68537e-44
0.6625 -2.28392e-44 4.99566e-44 1.1493e-43
0.666667 -1.53676e-43 3.33136e-43 7.6708e-43
0.670833 -1.01221e-42 2.17467e-42 5.01176e-42
0.675 -6.52748e-42 1.3899e-41 3.20596e-41
0.679167 -4.12199e-41 8.69892e-41 2.00824e-40
0.683333 -2.54933e-40 5.33226e-40 1.23208e-39
0.6875 -1.54444e-39 3.20178e-39 7.40443e-39
0.691667 -9.16672e-39 1.88353e-38 4.35959e-38
0.695833 -5.33112e-38 1.08573e-37 2.51516e-37
0.7 -3.03844e-37 6.13343e-37 1.42206e-36
0.704167 -1.69736e-36 3.39611e-36 7.88068e-36
0.708333 -9.29504e-36 1.84339e-35 4.28119e-35
0.7125 -4.99046e-35 9.81001e-35 2.28024e-34
0.716667 -2.62725e-34 5.11915e-34 1.19089e-33
0.720833 -1.35641e-33 2.61974e-33 6.09944e-33
0.725 -6.86854e-33 1.31494e-32 3.06404e-32
0.729167 -3.41174e-32 6.47437e-32 1.50986e-31
0.733333 -1.66257e-31 3.12739e-31 7.29913e-31
0.7375 -7.94921e-31 1.48221e-30 3.46215e-30
0.741667 -3.72958e-30 6.89342e-30 1.61143e-29
0.745833 -1.71726e-29 3.14631e-29 7.36065e-29
0.75 -7.76067e-29 1.40947e-28 3.29994e-28
0.754167 -3.44266e-28 6.19792e-28 1.45219e-27
0.758333 -1.49922e-27 2.67555e-27 6.27358e-27
0.7625 -6.40997e-27 1.13397e-26 2.66086e-26
0.766667 -2.69095e-26 4.719e-26 1.10812e-25
0.770833 -1.10932e-25 1.92841e-25 4.53152e-25
0.775 -4.491e-25 7.73908e-25 1.81985e-24
0.779167 -1.78569e-24 3.05039e-24 7.17787e-24
0.783333 -6.97399e-24 1.18095e-23 2.78074e-23
0.7875 -2.67548e-23 4.49113e-23 1.05819e-22
0.791667 -1.00832e-22 1.67787e-22 3.95585e-22
0.795833 -3.73343e-22 6.15841e-22 1.45284e-21
0.8 -1.35818e-21 2.22086e-21 5.24234e-21
0.804167 -4.85482e-21 7.86938e-21 1.85863e-20
0.808333 -1.70525e-20 2.74004e-20 6.4751e-20
0.8125 -5.88605e-20 9.37549e-20 2.21673e-19
0.816667 -1.99667e-19 3.15266e-19 7.45784e-19
0.820833 -6.65672e-19 1.04191e-18 2.46588e-18
0.825 -2.18125e-18 3.38432e-18 8.01326e-18
0.829167 -7.02527e-18 1.0805e-17 2.55944e-17
0.833333 -2.22408e-17 3.39082e-17 8.03517e-17
0.8375 -6.92128e-17 1.046e-16 2.47958e-16
0.841667 -2.11731e-16 3.17189e-16 7.52156e-16
0.845833 -6.36739e-16 9.45541e-16 2.24283e-15
0.85 -1.88247e-15 2.77095e-15 6.57442e-15
0.854167 -5.47133e-15 7.98314e-15 1.89452e-14
0.858333 -1.56339e-14 2.26112e-14 5.36695e-14
0.8625 -4.39197e-14 6.29633e-14 1.49469e-13
0.866667 -1.21303e-13 1.72372e-13 4.09235e-13
0.870833 -3.29389e-13 4.63946e-13 1.10153e-12
0.875 -8.79373e-13 1.22769e-12 2.91486e-12
0.879167 -2.30814e-12 3.19398e-12 7.58298e-12
0.883333 -5.95628e-12 8.16943e-12 1.93935e-11
0.8875 -1.51114e-11 2.0543e-11 4.87596e-11
0.891667 -3.76917e-11 5.07854e-11 1.20516e-10
0.895833 -9.24247e-11 1.23427e-10 2.92816e-10
0.9 -2.22802e-10 2.9489e-10 6.99357e-10
0.904167 -5.27987e-10 6.92592e-10 1.64187e-09
0.908333 -1.22994e-09 1.59898e-09 3.78877e-09
0.9125 -2.8163e-09 3.62855e-09 8.5931e-09
0.916667 -6.3385e-09 8.09331e-09 1.91545e-08
0.920833 -1.4021e-08 1.77416e-08 4.19593e-08
0.925 -3.04806e-08 3.8221e-08 9.03215e-08
0.929167 -6.5116e-08 8.09131e-08 1.91039e-07
0.933333 -1.36689e-07 1.68307e-07 3.96988e-07
0.9375 -2.81913e-07 3.43962e-07 8.10424e-07
0.941667 -5.71198e-07 6.90548e-07 1.62508e-06
0.945833 -1.13683e-06 1.36175e-06 3.20044e-06
0.95 -2.2222e-06 2.63732e-06 6.18947e-06
0.954167 -4.26565e-06 5.01563e-06 1.17527e-05
0.958333 -8.03954e-06 9.36506e-06 2.19071e-05
0.9625 -1.48745e-05 1.71649e-05 4.00785e-05
0.966667 -2.70107e-05 3.08765e-05 7.19496e-05
0.970833 -4.81297e-05 5.44974e-05 0.000126716
0.975 -8.41344e-05 9.4358e-05 0.000218884
0.979167 -0.000144245 0.000160221 0.000370721
0.983333 -0.000242477 0.000266727 0.000615457
0.9875 -0.000399523 0.000435193 0.00100119
0.991667 -0.000644998 0.000695669 0.00159525
0.995833 -0.00101988 0.00108907 0.00248861
1 -0.00157878 0.00166893 0.00379916
1.00417 -0.00239143 0.00250228 0.00567264
1.00833 -0.00354255 0.00366856 0.00827916
1.0125 -0.00512888 0.00525577 0.0118029
1.01667 -0.00725208 0.00735252 0.0164226
1.02083 -0.0100063 0.0100352 0.0222818
1.025 -0.01346 0.0133497 0.0294472
1.02917 -0.0176309 0.0172889 0.0378591
1.03333 -0.0224589 0.0217677 0.047278
1.0375 -0.0277763 0.0265997 0.0572393
1.04167 -0.0332861 0.0314812 0.067027
1.04583 -0.0385523 0.0359905 0.0756827
1.05 -0.0430123 0.0396074 0.0820642
1.05417 -0.0460182 0.0417591 0.0849596
1.05833 -0.0469084 0.0418921 0.0832548
1.0625 -0.0451069 0.0395631 0.0761363
1.06667 -0.0402367 0.0345374 0.0632945
1.07083 -0.0322273 0.0268719 0.0450824
1.075 -0.0213897 0.0169627 0.0225804
1.07917 -0.00843241 0.00553421 -0.0024725
1.08333 0.00559882 -0.0064387 -0.0278928
1.0875 0.0194603 -0.0178722 -0.0513888
1.09167 0.0319093 -0.027755 -0.0709563
1.09583 0.0419215 -0.0353298 -0.085238
1.1 0.0488761 -0.0402303 -0.0937519
1.10417 0.0526536 -0.0425322 -0.0969128
1.10833 0.0536164 -0.0427017 -0.0958355
1.1125 0.0524725 -0.0414539 -0.0919763
1.11667 0.0500655 -0.0395656 -0.0867345
1.12083 0.047162 -0.0377086 -0.0811621
1.125 0.0443155 -0.0363618 -0.0758954
1.12917 0.0418611 -0.0358361 -0.0713394
1.13333 0.0400413 -0.0363933 -0.0680181
1.1375 0.0392006 -0.0383952 -0.0669057
1.14167 0.0399417 -0.0423909 -0.0695269
1.14583 0.0431317 -0.0490608 -0.0776766
1.15 0.0496943 -0.0589903 -0.0927664
1.15417 0.0602174 -0.0723229 -0.114988
1.15833 0.0745 -0.088416 -0.142618
1.1625 0.0912265 -0.10565 -0.171811
1.16667 0.107938 -0.121514 -0.197064
1.17083 0.121384 -0.132985 -0.212313
1.175 0.128179 -0.137129 -0.212331
1.17917 0.125581 -0.131729 -0.193963
1.18333 0.112119 -0.115748 -0.156774
1.1875 0.0878675 -0.0894873 -0.102925
1.19167 0.0543018 -0.054436 -0.0364068
1.19583 0.0138471 -0.0129098 0.0379688
1.2 -0.0306599 0.0323351 0.115359
1.20417 -0.0763585 0.0783702 0.191193
1.20833 -0.120488 0.122202 0.261009
1.2125 -0.160303 0.160797 0.320152
1.21667 -0.192972 0.191162 0.363739
1.22083 -0.215661 0.210609 0.387148
1.225 -0.225896 0.217187 0.386954
1.22917 -0.222126 0.210163 0.361952
1.23333 -0.204239 0.190344 0.313796
1.2375 -0.173813 0.160088 0.246954
1.24167 -0.133954 0.122945 0.16799
1.24583 -0.0887777 0.083064 0.0844737
1.25 -0.0427429 0.0445471 0.00391815
1.25417 -4.35561e-05 0.0109348 -0.0670178
1.25833 0.035812 -0.015103 -0.123032
1.2625 0.0622467 -0.0319037 -0.160539
1.26667 0.0777706 -0.0388624 -0.177991
1.27083 0.0821037 -0.0364483 -0.17611
1.275 0.0762288 -0.0261675 -0.157799
1.27917 0.0622724 -0.0104116 -0.127614
1.28333 0.0431527 0.0078415 -0.0908376
1.2875 0.0220594 0.0254286 -0.0525202
1.29167 0.00194865 0.039397 -0.0168738
1.29583 -0.0147594 0.0473025 0.0128179
1.3 -0.0262347 0.0474052 0.0339898
1.30417 -0.0311828 0.038837 0.0447396
1.30833 -0.0289011 0.0218146 0.0442324
1.3125 -0.0195503 -0.00214586 0.0334095
1.31667 -0.00449071 -0.0301933 0.0153963
1.32083 0.0136582 -0.0585022 -0.00501911
1.325 0.0315172 -0.0830885 -0.0229415
1.32917 0.0459602 -0.100857 -0.0352827
1.33333 0.0551879 -0.110424 -0.0419034
1.3375 0.0592449 -0.112276 -0.045143
1.34167 0.0596019 -0.108133 -0.0478729
1.34583 0.057994 -0.0998605 -0.0512412
1.35 0.0552116 -0.0885225 -0.0536161
1.35417 0.0506359 -0.0741508 -0.0515395
1.35833 0.0428494 -0.0563221 -0.0421631
1.3625 0.0309363 -0.0351366 -0.0255726
1.36667 0.0155894 -0.0119212 -0.00539008
1.37083 -0.000762625 0.0108311 0.0128341
1.375 -0.0149396 0.0302674 0.0244393
1.37917 -0.0244889 0.0442248 0.0278736
1.38333 -0.0287139 0.0518956 0.0249649
1.3875 -0.0286509 0.0537852 0.0192788
1.39167 -0.0261333 0.0511276 0.013876
1.39583 -0.0226806 0.0452379 0.0100221
1.4 -0.0189641 0.0372096 0.00748463
1.40417 -0.0150612 0.0280008 0.00575875
1.40833 -0.0110711 0.0186216 0.0049315
1.4125 -0.00743744 0.0101005 0.00541347
1.41667 -0.00468021 0.00318093 0.00692951
1.42083 -0.00283572 -0.00198378 0.00794094
1.425 -0.00122591 -0.00580286 0.00635291
1.42917 0.00108876 -0.00881883 0.00118232
1.43333 0.00444847 -0.0111781 -0.00616219
1.4375 0.00805106 -0.0124465 -0.0122594
1.44167 0.0102931 -0.0119711 -0.0137556
1.44583 0.00987124 -0.00953577 -0.00975452
1.45 0.00684881 -0.0057705 -0.00268898
1.45417 0.00281798 -0.00192306 0.00314002
1.45833 -7.03096e-05 0.000898376 0.00442322
1.4625 -0.000553817 0.00244482 0.00105189
1.46667 0.000890808 0.00341599 -0.00395045
1.47083 0.00246044 0.00479312 -0.00671419
1.475 0.00241591 0.00689949 -0.00531328
1.47917 0.00040879 0.00893777 -0.000998498
1.48333 -0.00226104 0.00943206 0.00296301
1.4875 -0.00364895 0.00731333 0.00385401
1.49167 -0.00265926 0.00285786 0.00148067
1.49583 0.000107728 -0.00225582 -0.00189159
1.5 0.00278307 -0.00588163 -0.0034523
1.50417 0.00357934 -0.00670907 -0.00201681
1.50833 0.00202671 -0.0050254 0.00123945
1.5125 -0.000815951 -0.00241241 0.00395379
1.51667 -0.003269 -0.000624205 0.00459557
1.52083 -0.00429796 -0.000471626 0.00364777
1.525 -0.00414368 -0.00149491 0.00301146
1.52917 -0.00387243 -0.00258408 0.00417526
1.53333 -0.00428002 -0.00298682 0.00671352
1.5375 -0.00509292 -0.00287785 0.00842272
1.54167 -0.00515261 -0.00304887 0.00707487
1.54583 -0.00345445 -0.00400822 0.00241253
1.55 -0.000188305 -0.00527859 -0.00327742
1.55417 0.00312218 -0.00554788 -0.00662255
1.55833 0.00459736 -0.0036488 -0.00565523
1.5625 0.00340854 0.000360064 -0.00142202
1.56667 0.000518202 0.00490231 0.00263876
1.57083 -0.00189695 0.00772945 0.00321894
1.575 -0.0019941 0.00738736 -0.000304799
1.57917 0.000352664 0.00425764 -0.0052957
1.58333 0.00341313 0.000370809 -0.00781693
1.5875 0.0048696 -0.00193683 -0.00569014
1.59167 0.00356414 -0.00158627 -0.000264595
1.59583 0.000383586 0.00058795 0.00456304
1.6 -0.00242275 0.00255908 0.00537806
1.60417 -0.00297743 0.00265464 0.00193988
1.60833 -0.00120206 0.000763777 -0.00264849
1.6125 0.00119265 -0.00168253 -0.00447184
1.61667 0.00213577 -0.00289279 -0.00199671
1.62083 0.000878284 -0.00210424 0.00269087
1.625 -0.0014402 -9.91452e-05 0.00563363
1.62917 -0.0027857 0.0015099 0.00429184
1.63333 -0.00194062 0.00160012 -0.000361482
1.6375 0.000495659 0.000385447 -0.0046715
1.64167 0.00262987 -0.000860927 -0.0053324
1.64583 0.00285133 -0.000922986 -0.00206164
1.65 0.00112565 0.000353917 0.00229203
1.65417 -0.00105418 0.00198276 0.00421309
1.65833 -0.00196157 0.00269111 0.00241186
1.6625 -0.00104319 0.00195782 -0.0012735
1.66667 0.00073191 0.000372999 -0.0036095
1.67083 0.00180293 -0.000918653 -0.0027414
1.675 0.00136359 -0.00115561 0.000365775
1.67917 -3.44912e-05 -0.000474414 0.00293386
1.68333 -0.00107545 0.000368028 0.00282067
1.6875 -0.000878467 0.000723153 0.000269836
1.69167 0.000264582 0.000541571 -0.00244624
1.69583 0.00121665 0.000233419 -0.00304421
1.7 0.00104269 0.000128411 -0.00112052
1.70417 -0.000166556 0.000119177 0.00163152
1.70833 -0.00139656 -0.000159018 0.00293517
1.7125 -0.00161403 -0.000824423 0.00181939
1.71667 -0.000671236 -0.00147354 -0.000669338
1.72083 0.000566186 -0.00147152 -0.00242281
1.725 0.000964306 -0.000581579 -0.00202174
1.72917 9.75839e-05 0.000662454 0.000157439
1.73333 -0.00136827 0.00125058 0.00231692
1.7375 -0.00220996 0.000483101 0.00272273
1.74167 -0.00165936 -0.00138819 0.0010853
1.74583 -6.37268e-05 -0.00322888 -0.00124345
1.75 0.00135384 -0.00381118 -0.0023768
1.75417 0.00145487 -0.00274952 -0.00140518
1.75833 0.000104391 -0.000859084 0.000885113
1.7625 -0.00169011 0.000383973 0.00264984
1.76667 -0.00254682 -6.26912e-05 0.00247167
1.77083 -0.00179403 -0.00195115 0.000505703
1.775 -1.87148e-05 -0.00381353 -0.00164178
1.77917 0.00137 -0.00400666 -0.0022209
1.78333 0.00124723 -0.00201256 -0.000782308
1.7875 -0.000307745 0.00103133 0.00143445
1.79167 -0.00202403 0.00310526 0.002523
1.79583 -0.00242127 0.0028847 0.00152195
1.8 -0.00101276 0.000861968 -0.000745819
1.80417 0.00125316 -0.000998703 -0.00236638
1.80833 0.00273019 -0.000884085 -0.00200773
1.8125 0.00243071 0.00131722 -0.000108534
1.81667 0.000862028 0.00390852 0.00152072
1.82083 -0.000418093 0.00484979 0.00136946
1.825 -0.000181947 0.00350078 -0.0003642
1.82917 0.00137131 0.00109732 -0.00198323
1.83333 0.00281446 -0.000411787 -0.00195064
1.8375 0.00281684 -5.42056e-05 -0.000385862
1.84167 0.00135338 0.00146314 0.00109842
1.84583 -0.000342904 0.00255441 0.00106344
1.85 -0.00100508 0.00220321 -0.000292985
1.85417 -0.000504353 0.000739114 -0.00139968
1.85833 0.00017058 -0.000625993 -0.00101783
1.8625 2.81385e-05 -0.000933213 0.000437778
1.86667 -0.000917992 -0.000239925 0.00138786
1.87083 -0.00176445 0.000556711 0.000844177
1.875 -0.00173672 0.000555136 -0.00051372
1.87917 -0.000961734 -0.000403979 -0.00113449
1.88333 -0.00021436 -0.00164668 -0.000350494
1.8875 -3.76756e-05 -0.00224655 0.000903924
1.89167 -0.000259611 -0.00180126 0.00120528
1.89583 -0.000351636 -0.000776608 0.000266449
1.9 -8.31572e-05 -8.91301e-05 -0.000798057
1.90417 0.000298774 -0.00023524 -0.000806701
1.90833 0.000451687 -0.000781728 0.000162526
1.9125 0.000326025 -0.000805807 0.000951584
1.91667 0.000136095 8.55487e-05 0.000684183
1.92083 6.4932e-05 0.00126099 -0.000305491
1.925 9.38614e-05 0.00171864 -0.000939971
1.92917 8.48889e-05 0.00118906 -0.00060508
1.93333 -5.0168e-05 0.000406987 0.000245935
1.9375 -0.000268519 0.000256873 0.000639496
1.94167 -0.000447413 0.000850358 0.000130163
1.94583 -0.000519208 0.00156891 -0.00072178
1.95 -0.000561498 0.00181838 -0.000930969
1.95417 -0.000697683 0.00149602 -0.000179907
1.95833 -0.000871894 0.000834587 0.000729349
1.9625 -0.000817585 0.000145433 0.000688899
1.96667 -0.000380485 -0.000223138 -0.000409325
1.97083 0.000166569 -2.30534e-05 -0.00141122
1.975 0.000315258 0.000549513 -0.00115534
1.97917 -9.67643e-05 0.000836848 0.00014425
1.98333 -0.000617933 0.00032974 0.00106701
1.9875 -0.000609865 -0.00073279 0.000558159
1.99167 8.76199e-05 -0.0015366 -0.000912495
1.99583 0.00095558 -0.00143916 -0.00185557
2 0.00122223 -0.000497347 -0.00128336
2.00417 0.000547065 0.000557833 0.000302606
2.00833 -0.000542127 0.000763352 0.00131412
2.0125 -0.000930358 -0.00030264 0.000560929
2.01667 6.18839e-06 -0.00183005 -0.00137983
2.02083 0.00144694 -0.0022043 -0.00240749
2.025 0.00169818 -0.000749276 -0.00107994
2.02917 0.000165274 0.00114457 0.00139242
2.03333 -0.00160771 0.00145196 0.00215382
2.0375 -0.00160014 9.64559e-05 0.000171998
2.04167 0.000101808 -0.000877883 -0.00217017
2.04583 0.00129806 -2.65559e-05 -0.00194575
2.05 0.000476479 0.00171157 0.00048516
2.05417 -0.001339 0.00264759 0.00198024
2.05833 -0.00214503 0.00260727 0.00083577
2.0625 -0.00149769 0.00234991 -0.00119709
2.06667 -0.000534757 0.00173903 -0.00165374
2.07083 -9.75129e-05 0.000313942 -0.000500126
2.075 -7.53562e-05 -0.000849625 0.000567473
2.07917 -0.000326162 -0.000101706 0.000660026
2.08333 -0.000864131 0.00182183 7.4277e-05
2.0875 -0.00110306 0.00220208 -0.000887544
2.09167 -0.000358252 0.000480903 -0.00180592
2.09583 0.000609905 -0.000459653 -0.00159895
2.1 0.000119536 0.00133714 1.1055e-06
2.10417 -0.00174041 0.0036372 0.000983455
2.10833 -0.00263615 0.00343704 -0.000627263
2.1125 -0.00133895 0.00162326 -0.00321299
2.11667 0.000150535 0.00111756 -0.00312123
2.12083 -0.000408125 0.00183445 -0.000229579
2.125 -0.00187761 0.00132969 0.00123831
2.12917 -0.00159056 -0.000142325 -0.00107954
2.13333 0.000149577 0.000337512 -0.00386335
2.1375 0.000497558 0.00272817 -0.00312095
2.14167 -0.00111016 0.00310897 -0.000291151
2.14583 -0.00191821 0.000169876 0.000325488
2.15 -0.000492056 -0.00195635 -0.00159148
2.15417 0.000914364 -0.000384162 -0.0024951
2.15833 0.000395791 0.00127035 -0.00122495
2.1625 -0.000249478 -0.00126043 -0.000413006
2.16667 0.00114526 -0.00530663 -0.00113712
2.17083 0.00297417 -0.00529844 -0.000925532
2.175 0.00251925 -0.00220467 0.00121022
2.17917 0.000972027 -0.00214742 0.00224584
2.18333 0.00170334 -0.00603582 0.000471139
2.1875 0.00432243 -0.00792295 -0.000621914
2.19167 0.00496494 -0.00532153 0.00231733
2.19583 0.002871 -0.00389682 0.00637746
2.2 0.00208288 -0.00802752 0.00642961
2.20417 0.00491086 -0.0129934 0.00338291
2.20833 0.00791305 -0.0123173 0.00298146
2.2125 0.00726042 -0.00821526 0.00679189
2.21667 0.0047099 -0.00769292 0.00992862
2.22083 0.00445376 -0.0109809 0.00890109
2.225 0.00636455 -0.0116946 0.00662501
2.22917 0.00677214 -0.00799854 0.00706439
2.23333 0.00488869 -0.00563614 0.00906662
2.2375 0.00383787 -0.00795963 0.0091601
2.24167 0.00499338 -0.0101991 0.00755619
2.24583 0.00566561 -0.00764105 0.00710648
2.25 0.0039573 -0.00359271 0.00782928
2.25417 0.00214328 -0.00353372 0.00693961
2.25833 0.00262883 -0.00547777 0.00418963
2.2625 0.00346823 -0.00311691 0.00288531
2.26667 0.00138601 0.00326501 0.0043567
2.27083 -0.00247065 0.00654449 0.00515728
2.275 -0.00381805 0.00413538 0.00224991
2.27917 -0.00195869 0.00237525 -0.00183269
2.28333 -0.00112365 0.0063634 -0.00251779
2.2875 -0.00394363 0.0116897 -0.000352387
2.29167 -0.0073188 0.0117855 -0.00043122
2.29583 -0.00738668 0.00895886 -0.00458873
2.3 -0.00569312 0.0106964 -0.00853331
2.30417 -0.00658181 0.0170245 -0.00856457
2.30833 -0.0100284 0.0200157 -0.00718333
2.3125 -0.0116834 0.0166866 -0.00863268
2.31667 -0.0100402 0.0138351 -0.011895
2.32083 -0.00872079 0.0164336 -0.0127704
2.325 -0.0100524 0.0190929 -0.0111804
2.32917 -0.0109996 0.0153504 -0.0109425
2.33333 -0.00859005 0.00906909 -0.0125579
2.3375 -0.00542166 0.00811261 -0.0120853
2.34167 -0.00534511 0.0108268 -0.00842575
2.34583 -0.00657609 0.00869754 -0.00586267
2.35 -0.00447989 0.000835001 -0.00665248
2.35417 0.000415014 -0.00465551 -0.00659755
2.35833 0.00310739 -0.00458544 -0.00207514
2.3625 0.002526 -0.00551846 0.00330983
2.36667 0.0031115 -0.0114632 0.00431249
2.37083 0.00689519 -0.0165061 0.00255237
2.375 0.00992637 -0.0151744 0.00344298
2.37917 0.00903267 -0.011744 0.00713468
2.38333 0.0068638 -0.0122251 0.00889478
2.3875 0.00682177 -0.0139265 0.00728122
2.39167 0.00745729 -0.0110726 0.00563305
2.39583 0.00594369 -0.00562821 0.00560236
2.4 0.00347305 -0.00379866 0.00516063
2.40417 0.00273424 -0.00511552 0.00359254
2.40833 0.00278976 -0.0037733 0.00287942
2.4125 0.00106016 0.000948245 0.00302862
2.41667 -0.0015976 0.00400497 0.00133219
2.42083 -0.00237686 0.00376327 -0.00215955
2.425 -0.0016975 0.00395828 -0.00352442
2.42917 -0.00235531 0.00602144 -0.00145509
2.43333 -0.00427405 0.00671656 -3.32166e-05
2.4375 -0.00455362 0.00469319 -0.00220013
2.44167 -0.00260573 0.00284332 -0.00481525
2.44583 -0.00102591 0.00240887 -0.00379181
2.45 -0.000982459 0.000828749 -0.000579071
2.45417 -0.000699442 -0.00241 0.000603979
2.45833 0.000667664 -0.00364101 -0.000601238
2.4625 0.00141161 -0.00153561 -0.00121378
2.46667 0.000795178 -0.00019813 -0.000399142
2.47083 0.000645825 -0.00216363 7.27211e-05
2.475 0.00167537 -0.00354258 8.28712e-05
2.47917 0.00160394 -0.000839063 0.00126015
2.48333 -0.0006049 0.00210744 0.00269597
2.4875 -0.00184351 0.000176555 0.00138477
2.49167 0.000360331 -0.00358831 -0.00182116
2.49583 0.0028095 -0.00225354 -0.00177592
2.5 0.000971581 0.00300866 0.00267698
2.50417 -0.00324728 0.00407013 0.00509387
2.50833 -0.00370707 -0.000360636 0.000885849
2.5125 3.33002e-05 -0.00179084 -0.00414124
2.51667 0.00140346 0.00362656 -0.00174359
2.52083 -0.00258246 0.00753647 0.00531782
2.525 -0.00603464 0.00314246 0.00683426
2.52917 -0.00372495 -0.00247574 0.00137547
2.53333 0.000168453 7.71083e-05 -0.00138614
2.5375 -0.000819504 0.00596719 0.00345077
2.54167 -0.00454571 0.00420262 0.00851708
2.54583 -0.00452535 -0.00264413 0.00721539
2.55 -0.00159008 -0.00227746 0.00407188
2.55417 -0.00193362 0.00548054 0.0051765
2.55833 -0.00532958 0.00774845 0.00748534
2.5625 -0.00551742 0.00126556 0.0061578
2.56667 -0.00224722 -0.00170518 0.00444301
2.57083 -0.00217508 0.004495 0.00657517
2.575 -0.00609952 0.00842056 0.00795022
2.57917 -0.00635952 0.00204259 0.00309102
2.58333 -0.000515751 -0.00453967 -0.00270524
2.5875 0.00323496 -0.00089002 -0.00134255
2.59167 -0.00021821 0.00544649 0.00328044
2.59583 -0.00382105 0.00268371 0.000863188
2.6 -0.000166759 -0.00463525 -0.00799328
2.60417 0.00623592 -0.00448887 -0.0126356
2.60833 0.00691933 0.00155877 -0.00945107
2.6125 0.00306325 0.00215535 -0.00637518
2.61667 0.00231574 -0.00406968 -0.00957072
2.62083 0.00637332 -0.00760654 -0.0155183
2.625 0.00994667 -0.00469531 -0.0181538
2.62917 0.00974891 -0.00176135 -0.0164723
2.63333 0.0078263 -0.00337732 -0.0135233
2.6375 0.00705294 -0.00620782 -0.0128376
2.64167 0.00801574 -0.00604326 -0.0159145
2.64583 0.00965994 -0.00362701 -0.0199106
2.65 0.0103505 -0.00229269 -0.0198555
2.65417 0.00939899 -0.0038446 -0.0158962
2.65833 0.00850694 -0.00693526 -0.0142173
2.6625 0.00964302 -0.00814563 -0.0176562
2.66667 0.0116197 -0.00625869 -0.0209521
2.67083 0.0118376 -0.00486234 -0.0191825
2.675 0.0106168 -0.00697344 -0.0147323
2.67917 0.00985138 -0.00892789 -0.0114454
2.68333 0.00866038 -0.00573913 -0.00820811
2.6875 0.00517504 -0.000404439 -0.00302339
2.69167 0.00112474 0.000318868 0.00280017
2.69583 -0.000855935 -0.00223244 0.00894399
2.7 -0.00286842 -0.000610602 0.0181242
2.70417 -0.00857116 0.00562229 0.029654
2.70833 -0.0158239 0.00904343 0.0376032
2.7125 -0.0191138 0.00713864 0.0395859
2.71667 -0.0184081 0.00591268 0.0408431
2.72083 -0.0189659 0.00914176 0.0453102
2.725 -0.0225247 0.0127869 0.0486971
2.72917 -0.0247366 0.0122681 0.0448692
2.73333 -0.0219043 0.00852537 0.0344062
2.7375 -0.0155701 0.00509394 0.0230899
2.74167 -0.00972786 0.00375127 0.0149388
2.74583 -0.00640306 0.00356587 0.00884782
2.75 -0.00413741 0.00178088 0.000517471
2.75417 0.000239198 -0.00280967 -0.0119953
2.75833 0.00724187 -0.00658879 -0.0239191
2.7625 0.0126379 -0.00543276 -0.0282874
2.76667 0.0126833 -0.00214302 -0.0258638
2.77083 0.0100978 -0.00267322 -0.024608
2.775 0.00999695 -0.00545653 -0.0272476
2.77917 0.0115267 -0.00388492 -0.0273053
2.78333 0.00996224 0.00104766 -0.0207475
2.7875 0.00550865 0.00218356 -0.0125397
2.79167 0.00241486 0.000132335 -0.00736081
2.79583 0.000801693 0.00236453 -0.0032226
2.8 -0.0023234 0.00803679 0.00128598
2.80417 -0.00548945 0.00853129 0.00333571
2.80833 -0.00510959 0.0040868 0.0035476
2.8125 -0.00361189 0.00409579 0.00676625
2.81667 -0.00577308 0.00924709 0.0115878
2.82083 -0.00893802 0.00972315 0.0106957
2.825 -0.00692329 0.00344957 0.00481771
2.82917 -0.00166514 -0.00011115 0.00355274
2.83333 -0.000533834 0.0028956 0.00891765
2.8375 -0.00374544 0.00523922 0.0115311
2.84167 -0.00476107 0.00289828 0.00685519
2.84583 -0.00177024 0.000531053 0.00175706
2.85 0.000914946 0.000614448 0.00117333
2.85417 0.00147211 -4.60503e-06 0.00120143
2.85833 0.00192646 -0.00187687 -0.00122967
2.8625 0.00275705 -0.00271043 -0.00383253
2.86667 0.00347324 -0.00424981 -0.00611033
2.87083 0.00566999 -0.00884265 -0.00970211
2.875 0.00921856 -0.0123048 -0.0114027
2.87917 0.00974577 -0.0104267 -0.00716781
2.88333 0.00576227 -0.00773433 -0.00168016
2.8875 0.00276087 -0.00975266 -0.00226233
2.89167 0.00449623 -0.0127494 -0.00582794
2.89583 0.00656397 -0.0110035 -0.00397747
2.9 0.00436907 -0.00715328 0.00208426
2.90417 0.000739473 -0.00590113 0.00401873
2.90833 -1.16866e-05 -0.00512978 0.000665231
2.9125 0.000936502 -0.0018927 -0.00169236
2.91667 0.000848323 0.000917134 -0.000465219
2.92083 0.00014551 0.00133618 0.00181582
2.925 -0.000634599 0.00308382 0.00391834
2.92917 -0.00254178 0.00738408 0.00561842
2.93333 -0.00439891 0.00922532 0.00512412
2.9375 -0.00342158 0.00673264 0.00303199
2.94167 -0.000814628 0.00480928 0.00346513
2.94583 -0.000404739 0.00578798 0.00662059
2.95 -0.00168495 0.00598078 0.00710846
2.95417 -0.000835341 0.00375433 0.0034804
2.95833 0.00215522 0.00167268 0.00141862
2.9625 0.00399139 6.43053e-05 0.00417897
2.96667 0.00416029 -0.00244043 0.00806201
2.97083 0.00436452 -0.00344794 0.00977114
2.975 0.00431501 -0.000967796 0.0102242
2.97917 0.0036748 0.000484597 0.00993486
2.98333 0.00464843 -0.00273719 0.008416
2.9875 0.00753623 -0.0052846 0.00780117
2.99167 0.00841935 -0.00184429 0.00961335
2.99583 0.00599002 0.0024161 0.0102499
