0 0 0 0
0.00416667 0 0 0
0.00833333 0 0 0
0.0125 0 0 0
0.0166667 0 0 0
0.0208333 0 0 0
0.025 0 0 0
0.0291667 0 0 0
0.0333333 0 0 0
0.0375 0 0 0
0.0416667 0 0 0
0.0458333 0 0 0
0.05 0 0 0
0.0541667 0 0 0
0.0583333 0 0 0
0.0625 0 0 0
0.0666667 0 0 0
0.0708333 0 0 0
0.075 0 0 0
0.0791667 0 0 0
0.0833333 0 0 0
0.0875 0 0 0
0.0916667 0 0 0
0.0958333 0 0 0
0.1 0 0 0
0.104167 0 0 0
0.108333 0 0 0
0.1125 0 0 0
0.116667 0 0 0
0.120833 0 0 0
0.125 0 0 0
0.129167 0 0 0
0.133333 0 0 0
0.1375 0 0 0
0.141667 0 0 0
0.145833 0 0 0
0.15 0 0 0
0.154167 0 0 0
0.158333 0 0 0
0.1625 0 0 0
0.166667 0 0 0
0.170833 0 0 0
0.175 0 0 0
0.179167 0 0 0
0.183333 0 0 0
0.1875 0 0 0
0.191667 0 0 0
0.195833 0 0 0
0.2 0 0 0
0.204167 0 0 0
0.208333 0 0 0
0.2125 0 0 0
0.216667 0 0 0
0.220833 0 0 0
0.225 0 0 0
0.229167 -1.72923e-321 0 4.73265e-320
0.233333 -3.84876e-318 4.05435e-319 9.29602e-317
0.2375 -6.66071e-315 6.81619e-316 1.57987e-313
0.241667 -1.00786e-311 1.00116e-312 2.34851e-310
0.245833 -1.3396e-308 1.29066e-309 3.06758e-307
0.25 -1.57084e-305 1.46681e-306 3.53599e-304
0.254167 -1.63179e-302 1.47574e-303 3.61184e-301
0.258333 -1.50758e-299 1.31962e-300 3.28209e-298
0.2625 -1.24338e-296 1.05278e-297 2.66315e-295
0.266667 -9.18712e-294 7.52036e-295 1.93646e-292
0.270833 -6.10219e-291 4.82666e-292 1.26608e-289
0.275 -3.65537e-288 2.79245e-289 7.4672e-287
0.279167 -1.98089e-285 1.46087e-286 3.98513e-284
0.283333 -9.74001e-283 6.9315e-284 1.93017e-281
0.2875 -4.35768e-280 2.99136e-281 8.50829e-279
0.291667 -1.77879e-277 1.1774e-278 3.4226e-276
0.295833 -6.64192e-275 4.23768e-276 1.25968e-273
0.3 -2.27425e-272 1.39819e-273 4.25235e-271
0.304167 -7.15805e-270 4.2392e-271 1.31975e-268
0.308333 -2.07564e-267 1.18379e-268 3.77435e-266
0.3125 -5.55725e-265 3.05139e-266 9.96834e-264
0.316667 -1.37668e-262 7.27563e-264 2.43639e-261
0.320833 -3.1619e-260 1.60797e-261 5.5219e-259
0.325 -6.746e-258 3.30037e-259 1.16276e-256
0.329167 -1.33949e-255 6.30295e-257 2.27905e-254
0.333333 -2.47973e-253 1.12202e-254 4.16546e-252
0.3375 -4.28738e-251 1.86505e-252 7.11153e-250
0.341667 -6.93466e-249 2.89959e-250 1.13599e-247
0.345833 -1.05099e-246 4.22315e-248 1.70056e-245
0.35 -1.4948e-244 5.77116e-246 2.38936e-243
0.354167 -1.99813e-242 7.41079e-244 3.15566e-241
0.358333 -2.51387e-240 8.95501e-242 3.92319e-239
0.3625 -2.98089e-238 1.01969e-239 4.59756e-237
0.366667 -3.33587e-236 1.09562e-237 5.08552e-235
0.370833 -3.52773e-234 1.11223e-235 5.31645e-233
0.375 -3.52977e-232 1.06811e-233 5.25928e-231
0.379167 -3.34567e-230 9.71518e-232 4.92914e-229
0.383333 -3.00756e-228 8.3792e-230 4.38189e-227
0.3875 -2.56702e-226 6.86059e-228 3.69901e-225
0.391667 -2.08257e-224 5.33826e-226 2.96835e-223
0.395833 -1.60762e-222 3.95162e-224 2.26678e-221
0.4 -1.18203e-220 2.78567e-222 1.64895e-219
0.404167 -8.28625e-219 1.87194e-220 1.14378e-217
0.408333 -5.54362e-217 1.20026e-218 7.57223e-216
0.4125 -3.54272e-215 7.34993e-217 4.78916e-214
0.416667 -2.16461e-213 4.30232e-215 2.89626e-212
0.420833 -1.26561e-211 2.40941e-213 1.67624e-210
0.425 -7.08708e-210 1.29202e-211 9.29229e-209
0.429167 -3.80397e-208 6.63952e-210 4.93803e-207
0.433333 -1.95866e-206 3.27229e-208 2.51753e-205
0.4375 -9.682e-205 1.54791e-206 1.23232e-203
0.441667 -4.59818e-203 7.03303e-205 5.7959e-202
0.445833 -2.0996e-201 3.07151e-203 2.62113e-200
0.45 -9.22419e-200 1.29026e-201 1.1406e-198
0.454167 -3.90174e-198 5.21688e-200 4.77917e-197
0.458333 -1.59008e-196 2.03159e-198 1.92947e-195
0.4625 -6.24734e-195 7.62482e-197 7.51058e-194
0.466667 -2.36789e-193 2.75966e-195 2.82055e-192
0.470833 -8.66336e-192 9.63773e-194 1.02255e-190
0.475 -3.06148e-190 3.24965e-192 3.58089e-189
0.479167 -1.04556e-188 1.05848e-190 1.212e-187
0.483333 -3.45296e-187 3.33232e-189 3.96707e-186
0.4875 -1.1033e-185 1.01452e-187 1.2564e-184
0.491667 -3.41269e-184 2.98838e-186 3.85228e-183
0.495833 -1.02241e-182 8.52103e-185 1.1441e-181
0.5 -2.96828e-181 2.35305e-183 3.29298e-180
0.504167 -8.3551e-180 6.29582e-182 9.18991e-179
0.508333 -2.28127e-178 1.63286e-180 2.48795e-177
0.5125 -6.0449e-177 4.10683e-179 6.53711e-176
0.516667 -1.55521e-175 1.00212e-177 1.66781e-174
0.520833 -3.88664e-174 2.37348e-176 4.1335e-173
0.525 -9.43924e-173 5.45937e-175 9.95621e-172
0.529167 -2.22876e-171 1.22043e-173 2.33164e-170
0.533333 -5.11847e-170 2.65475e-172 5.31133e-169
0.5375 -1.14379e-168 5.63206e-171 1.17733e-167
0.541667 -2.48805e-167 1.17064e-169 2.54054e-166
0.545833 -5.27057e-166 2.40615e-168 5.33901e-165
0.55 -1.08774e-164 4.9795e-167 1.09316e-163
0.554167 -2.18807e-163 1.07036e-165 2.18165e-162
0.558333 -4.29231e-162 2.49267e-164 4.24601e-161
0.5625 -8.21696e-161 6.50931e-163 8.06384e-160
0.566667 -1.53658e-159 1.9069e-161 1.49572e-158
0.570833 -2.81138e-158 6.05629e-160 2.71334e-157
0.575 -5.04682e-157 1.99812e-158 4.8254e-156
0.579167 -8.93314e-156 6.6334e-157 8.44794e-155
0.583333 -1.57276e-154 2.17541e-155 1.46676e-153
0.5875 -2.79436e-153 6.982e-154 2.55734e-152
0.591667 -5.11858e-152 2.18353e-152 4.56435e-151
0.595833 -9.91528e-151 6.6415e-151 8.54756e-150
0.6 -2.07187e-149 1.96336e-149 1.71786e-148
0.604167 -4.68232e-148 5.64032e-148 3.73702e-147
0.608333 -1.12569e-146 1.57482e-146 8.70095e-146
0.6125 -2.80622e-145 4.27452e-145 2.11696e-144
0.616667 -7.08574e-144 1.12823e-143 5.251e-143
0.620833 -1.78235e-142 2.89669e-142 1.30329e-141
0.625 -4.42103e-141 7.23661e-141 3.19842e-140
0.629167 -1.07521e-139 1.75969e-139 7.70813e-139
0.633333 -2.55612e-138 4.1662e-138 1.81748e-137
0.6375 -5.93112e-137 9.60693e-137 4.18482e-136
0.641667 -1.34234e-135 2.15824e-135 9.40119e-135
0.645833 -2.96252e-134 4.72514e-134 2.05985e-133
0.65 -6.37573e-133 1.00846e-132 4.40161e-132
0.654167 -1.33822e-131 2.09871e-131 9.17383e-131
0.658333 -2.73995e-130 4.26012e-130 1.86522e-129
0.6625 -5.47357e-129 8.43694e-129 3.70038e-128
0.666667 -1.06714e-127 1.63065e-127 7.16476e-127
0.670833 -2.03095e-126 3.07654e-126 1.35427e-125
0.675 -3.77413e-125 5.66766e-125 2.49955e-124
0.679167 -6.84991e-124 1.01976e-123 4.50593e-123
0.683333 -1.21454e-122 1.79246e-122 7.93559e-122
0.6875 -2.10426e-121 3.07871e-121 1.36569e-120
0.691667 -3.56333e-120 5.16844e-120 2.29724e-119
0.695833 -5.89908e-119 8.48252e-119 3.77787e-118
0.7 -9.54959e-118 1.36134e-117 6.07538e-117
0.704167 -1.51202e-116 2.13689e-116 9.55619e-116
0.708333 -2.34207e-115 3.28148e-115 1.47055e-114
0.7125 -3.54982e-114 4.93089e-114 2.21438e-113
0.716667 -5.26591e-113 7.25176e-113 3.2636e-112
0.720833 -7.64701e-112 1.04404e-111 4.70876e-111
0.725 -1.08731e-110 1.47175e-110 6.65231e-110
0.729167 -1.51407e-109 2.03181e-109 9.20411e-109
0.733333 -2.06519e-108 2.74762e-108 1.24745e-107
0.7375 -2.75982e-107 3.64029e-107 1.65647e-106
0.741667 -3.61402e-106 4.72615e-106 2.15549e-105
0.745833 -4.63848e-105 6.01388e-105 2.74912e-104
0.75 -5.83601e-104 7.50168e-104 3.43724e-103
0.754167 -7.19935e-103 9.17485e-103 4.21379e-102
0.758333 -8.70935e-102 1.10041e-101 5.06597e-101
0.7625 -1.03341e-100 1.29451e-100 5.97389e-100
0.766667 -1.20289e-99 1.49391e-99 6.91086e-99
0.770833 -1.37381e-98 1.69157e-98 7.84445e-98
0.775 -1.53974e-97 1.87963e-97 8.7382e-97
0.779167 -1.69378e-96 2.04997e-96 9.55397e-96
0.783333 -1.82908e-95 2.19474e-95 1.02546e-94
0.7875 -1.93928e-94 2.30703e-94 1.08068e-93
0.791667 -2.01907e-93 2.38135e-93 1.11838e-92
0.795833 -2.06458e-92 2.41415e-92 1.13674e-91
0.8 -2.07373e-91 2.40404e-91 1.13496e-90
0.804167 -2.04632e-90 2.35191e-90 1.11331e-89
0.808333 -1.98411e-89 2.26082e-89 1.07306e-88
0.8125 -1.89056e-88 2.13572e-88 1.01643e-87
0.816667 -1.77056e-87 1.98296e-87 9.46316e-87
0.820833 -1.63e-86 1.80983e-86 8.66084e-86
0.825 -1.47531e-85 1.62398e-85 7.79311e-85
0.829167 -1.31298e-84 1.43283e-84 6.89523e-84
0.833333 -1.14913e-83 1.24321e-83 5.99974e-83
0.8375 -9.8918e-83 1.06093e-82 5.13475e-82
0.841667 -8.37594e-82 8.90595e-82 4.32282e-81
0.845833 -6.97752e-81 7.3549e-81 3.5804e-80
0.85 -5.71916e-80 5.97633e-80 2.91788e-79
0.854167 -4.61299e-79 4.77867e-79 2.34008e-78
0.858333 -3.66189e-78 3.76052e-78 1.84703e-77
0.8625 -2.86123e-77 2.91279e-77 1.435e-76
0.866667 -2.20079e-76 2.22098e-76 1.09752e-75
0.870833 -1.6666e-75 1.66726e-75 8.26436e-75
0.875 -1.2427e-74 1.23236e-74 6.12763e-74
0.879167 -9.12488e-74 8.97008e-74 4.47417e-73
0.883333 -6.59883e-73 6.43025e-73 3.21749e-72
0.8875 -4.70039e-72 4.54025e-72 2.27906e-71
0.891667 -3.29818e-71 3.15792e-71 1.59028e-70
0.895833 -2.28e-70 2.1639e-70 1.09325e-69
0.9 -1.55297e-69 1.46094e-69 7.40525e-69
0.904167 -1.04232e-68 9.71933e-69 4.94285e-68
0.908333 -6.89443e-68 6.37221e-68 3.25146e-67
0.9125 -4.49465e-67 4.11754e-67 2.10807e-66
0.916667 -2.88827e-66 2.62255e-66 1.34724e-65
0.920833 -1.82964e-65 1.64661e-65 8.48778e-65
0.925 -1.14268e-64 1.01925e-64 5.27206e-64
0.929167 -7.03642e-64 6.22059e-64 3.2288e-63
0.933333 -4.27259e-63 3.74358e-63 1.94994e-62
0.9375 -2.55848e-62 2.22171e-62 1.16133e-61
0.941667 -1.511e-61 1.30038e-61 6.82162e-61
0.945833 -8.80188e-61 7.50719e-61 3.95234e-60
0.95 -5.05773e-60 4.27507e-60 2.25889e-59
0.954167 -2.86709e-59 2.40164e-59 1.27364e-58
0.958333 -1.60351e-58 1.33109e-58 7.0851e-58
0.9625 -8.84874e-58 7.27909e-58 3.88893e-57
0.966667 -4.81845e-57 3.92785e-57 2.10637e-56
0.970833 -2.58931e-56 2.09158e-56 1.12589e-55
0.975 -1.37325e-55 1.09919e-55 5.93947e-55
0.979167 -7.18843e-55 5.70141e-55 3.0926e-54
0.983333 -3.71427e-54 2.91901e-54 1.5895e-53
0.9875 -1.89453e-53 1.47526e-53 8.06469e-53
0.991667 -9.54005e-53 7.36058e-53 4.03962e-52
0.995833 -4.743e-52 3.62575e-52 1.99779e-51
1 -2.32831e-51 1.76343e-51 9.75546e-51
1.00417 -1.12861e-50 8.46886e-51 4.70398e-50
1.00833 -5.40249e-50 4.01631e-50 2.23992e-49
1.0125 -2.55401e-49 1.88103e-49 1.05337e-48
1.01667 -1.1925e-48 8.70077e-49 4.8926e-48
1.02083 -5.49956e-48 3.97508e-48 2.24459e-47
1.025 -2.50533e-47 1.79385e-47 1.01719e-46
1.02917 -1.12744e-46 7.99665e-47 4.55369e-46
1.03333 -5.01239e-46 3.52158e-46 2.01395e-45
1.0375 -2.20163e-45 1.53216e-45 8.80001e-45
1.04167 -9.55474e-45 6.58615e-45 3.79923e-44
1.04583 -4.09728e-44 2.79735e-44 1.62074e-43
1.05 -1.7362e-43 1.17402e-43 6.83217e-43
1.05417 -7.27036e-43 4.86907e-43 2.84616e-42
1.05833 -3.00879e-42 1.99562e-42 1.17176e-41
1.0625 -1.23063e-41 8.08348e-42 4.76786e-41
1.06667 -4.975e-41 3.23616e-41 1.9175e-40
1.07083 -1.98796e-40 1.28055e-40 7.62254e-40
1.075 -7.8523e-40 5.00867e-40 2.99528e-39
1.07917 -3.06606e-39 1.93654e-39 1.16352e-38
1.08333 -1.18354e-38 7.40175e-39 4.46815e-38
1.0875 -4.51677e-38 2.79682e-38 1.69638e-37
1.09167 -1.70425e-37 1.04482e-37 6.36766e-37
1.09583 -6.35802e-37 3.85906e-37 2.36331e-36
1.1 -2.34538e-36 1.40931e-36 8.67289e-36
1.10417 -8.55516e-36 5.08908e-36 3.14724e-35
1.10833 -3.08593e-35 1.81717e-35 1.12938e-34
1.1125 -1.10079e-34 6.41644e-35 4.00784e-34
1.11667 -3.88336e-34 2.24055e-34 1.40657e-33
1.12083 -1.3549e-33 7.73739e-34 4.88215e-33
1.125 -4.67548e-33 2.6426e-33 1.67601e-32
1.12917 -1.5958e-32 8.92652e-33 5.69085e-32
1.13333 -5.38746e-32 2.98238e-32 1.91129e-31
1.1375 -1.79911e-31 9.85579e-32 6.34955e-31
1.14167 -5.94314e-31 3.22168e-31 2.08661e-30
1.14583 -1.94211e-30 1.04172e-30 6.78328e-30
1.15 -6.27839e-30 3.33204e-30 2.18148e-29
1.15417 -2.00795e-29 1.05433e-29 6.94048e-29
1.15833 -6.35335e-29 3.30038e-29 2.18459e-28
1.1625 -1.98889e-28 1.02208e-28 6.80312e-28
1.16667 -6.16017e-28 3.13151e-28 2.09611e-27
1.17083 -1.88782e-27 9.4925e-28 6.39003e-27
1.175 -5.72433e-27 2.84695e-27 1.92747e-26
1.17917 -1.71751e-26 8.44813e-27 5.75276e-26
1.18333 -5.09916e-26 2.48048e-26 1.69897e-25
1.1875 -1.49806e-25 7.20636e-26 4.96503e-25
1.19167 -4.35518e-25 2.07162e-25 1.43581e-24
1.19583 -1.25296e-24 5.89289e-25 4.10889e-24
1.2 -3.56723e-24 1.65875e-24 1.16362e-23
1.20417 -1.00508e-23 4.62034e-24 3.26111e-23
1.20833 -2.80254e-23 1.27355e-23 9.04475e-23
1.2125 -7.73385e-23 3.4739e-23 2.48264e-22
1.21667 -2.11222e-22 9.37741e-23 6.74408e-22
1.22083 -5.70937e-22 2.50507e-22 1.81315e-21
1.225 -1.52739e-21 6.62266e-22 4.82447e-21
1.22917 -4.04422e-21 1.73272e-21 1.27051e-20
1.23333 -1.05985e-20 4.48653e-21 3.31152e-20
1.2375 -2.74906e-20 1.1497e-20 8.54276e-20
1.24167 -7.05768e-20 2.91578e-20 2.18121e-19
1.24583 -1.79341e-19 7.31849e-20 5.51225e-19
1.25 -4.51068e-19 1.81798e-19 1.37878e-18
1.25417 -1.12293e-18 4.46951e-19 3.4135e-18
1.25833 -2.76702e-18 1.08751e-18 8.36459e-18
1.2625 -6.74876e-18 2.61886e-18 2.02876e-17
1.26667 -1.62926e-17 6.2416e-18 4.87036e-17
1.27083 -3.89322e-17 1.47225e-17 1.15727e-16
1.275 -9.20839e-17 3.43692e-17 2.72175e-16
1.27917 -2.15582e-16 7.94066e-17 6.33586e-16
1.28333 -4.99566e-16 1.81568e-16 1.45983e-15
1.2875 -1.14584e-15 4.10882e-16 3.32919e-15
1.29167 -2.60139e-15 9.20199e-16 7.51463e-15
1.29583 -5.84562e-15 2.03953e-15 1.67884e-14
1.3 -1.30016e-14 4.47356e-15 3.71223e-14
1.30417 -2.8622e-14 9.7106e-15 8.12424e-14
1.30833 -6.23638e-14 2.08593e-14 1.75973e-13
1.3125 -1.3449e-13 4.43411e-14 3.77237e-13
1.31667 -2.87054e-13 9.32728e-14 8.00357e-13
1.32083 -6.06383e-13 1.94149e-13 1.68052e-12
1.325 -1.26774e-12 3.99883e-13 3.49208e-12
1.32917 -2.62303e-12 8.14961e-13 7.18118e-12
1.33333 -5.371e-12 1.64336e-12 1.46139e-11
1.3375 -1.08836e-11 3.27871e-12 2.94293e-11
1.34167 -2.18246e-11 6.47189e-12 5.86445e-11
1.34583 -4.3307e-11 1.26386e-11 1.15635e-10
1.35 -8.50345e-11 2.44169e-11 2.25608e-10
1.35417 -1.65211e-10 4.66636e-11 4.35514e-10
1.35833 -3.17596e-10 8.82152e-11 8.31788e-10
1.3625 -6.04063e-10 1.64953e-10 1.57169e-09
1.36667 -1.13668e-09 3.05072e-10 2.93795e-09
1.37083 -2.11606e-09 5.58009e-10 5.43277e-09
1.375 -3.89691e-09 1.00936e-09 9.93739e-09
1.37917 -7.09895e-09 1.80547e-09 1.79793e-08
1.38333 -1.27915e-08 3.19325e-09 3.2173e-08
1.3875 -2.2797e-08 5.58391e-09 5.69378e-08
1.39167 -4.01818e-08 9.65314e-09 9.9648e-08
1.39583 -7.00396e-08 1.64961e-08 1.72449e-07
1.4 -1.20723e-07 2.78632e-08 2.95081e-07
1.40417 -2.05744e-07 4.65123e-08 4.99195e-07
1.40833 -3.46673e-07 7.6726e-08 8.3485e-07
1.4125 -5.77465e-07 1.25054e-07 1.3801e-06
1.41667 -9.50827e-07 2.01361e-07 2.25492e-06
1.42083 -1.54739e-06 3.20266e-07 3.641e-06
1.425 -2.48869e-06 5.03077e-07 5.80933e-06
1.42917 -3.95515e-06 7.80321e-07 9.15779e-06
1.43333 -6.21038e-06 1.19494e-06 1.42611e-05
1.4375 -9.63334e-06 1.80621e-06 2.19357e-05
1.44167 -1.47596e-05 2.69428e-06 3.33209e-05
1.44583 -2.23328e-05 3.96525e-06 4.99775e-05
1.45 -3.33663e-05 5.75626e-06 7.40024e-05
1.45417 -4.92144e-05 8.24009e-06 0.000108155
1.45833 -7.16491e-05 1.16282e-05 0.000155987
1.4625 -0.000102937 1.61709e-05 0.000221958
1.46667 -0.000145909 2.21534e-05 0.000311523
1.47083 -0.000204002 2.98847e-05 0.000431155
1.475 -0.000281267 3.96792e-05 0.000588272
1.47917 -0.000382306 5.18272e-05 0.000791027
1.48333 -0.000512131 6.65553e-05 0.00104792
1.4875 -0.000675906 8.39747e-05 0.00136721
1.49167 -0.000878562 0.000104022 0.00175605
1.49583 -0.00112427 0.000126394 0.00221945
1.5 -0.00141577 0.000150486 0.00275901
1.50417 -0.00175365 0.000175345 0.00337156
1.50833 -0.00213545 0.000199645 0.00404783
1.5125 -0.00255499 0.000221697 0.00477136
1.51667 -0.00300167 0.000239522 0.00551779
1.52083 -0.00346021 0.000250966 0.00625495
1.525 -0.00391071 0.000253887 0.00694375
1.52917 -0.00432932 0.000246389 0.00754014
1.53333 -0.00468956 0.000227081 0.0079982
1.5375 -0.00496416 0.000195341 0.00827406
1.54167 -0.00512751 0.000151533 0.00833047
1.54583 -0.00515831 9.71287e-05 0.00814135
1.55 -0.00504225 3.46977e-05 0.00769575
1.55417 -0.00477412 -3.22716e-05 0.00700037
1.55833 -0.00435913 -9.97195e-05 0.00608008
1.5625 -0.00381292 -0.00016351 0.00497584
1.56667 -0.00316009 -0.000220009 0.00374016
1.57083 -0.00243125 -0.000266663 0.00243025
1.575 -0.00165895 -0.000302452 0.00109999
1.57917 -0.000872903 -0.000328135 -0.000208164
1.58333 -9.55216e-05 -0.000346183 -0.00146974
1.5875 0.000661617 -0.000360387 -0.00268181
1.59167 0.00139938 -0.000375164 -0.00386263
1.59583 0.00213034 -0.00039467 -0.00504694
1.6 0.00287561 -0.000421889 -0.00627747
1.60417 0.00365958 -0.000457861 -0.00759406
1.60833 0.00450352 -0.000501241 -0.00902244
1.6125 0.00541924 -0.00054828 -0.0105647
1.61667 0.00640402 -0.000593254 -0.0121937
1.62083 0.00743774 -0.000629253 -0.013852
1.625 0.00848296 -0.000649152 -0.0154558
1.62917 0.00948761 -0.000646569 -0.0169027
1.63333 0.0103897 -0.000616603 -0.0180814
1.6375 0.0111229 -0.000556246 -0.0188817
1.64167 0.0116221 -0.000464469 -0.0192022
1.64583 0.0118281 -0.000342083 -0.0189571
1.65 0.0116907 -0.000191563 -0.0180798
1.65417 0.0111712 -1.69904e-05 -0.0165272
1.65833 0.0102455 0.000175788 -0.0142846
1.6625 0.00890687 0.000378862 -0.0113724
1.66667 0.00717018 0.000581999 -0.00785403
1.67083 0.00507682 0.000772732 -0.00384251
1.675 0.00269814 0.000937032 0.000496444
1.67917 0.000136276 0.00106068 0.00494942
1.68333 -0.00247971 0.00113124 0.00926945
1.6875 -0.00500325 0.00114018 0.0131993
1.69167 -0.00728459 0.00108472 0.0165005
1.69583 -0.00918784 0.000968762 0.0189828
1.7 -0.0106075 0.000802589 0.0205272
1.70417 -0.0114806 0.000601328 0.021098
1.70833 -0.0117924 0.000382488 0.0207406
1.7125 -0.0115736 0.000163252 0.0195673
1.71667 -0.0108913 -4.17977e-05 0.0177351
1.72083 -0.00983619 -0.000221957 0.0154225
1.725 -0.00850981 -0.000370494 0.0128107
1.72917 -0.00701475 -0.000483796 0.0100736
1.73333 -0.00544959 -0.00056013 0.00737418
1.7375 -0.00390783 -0.00059866 0.00486636
1.74167 -0.00247833 -0.000599188 0.00269494
1.74583 -0.00124478 -0.000562728 0.000990643
1.75 -0.000281803 -0.000492585 -0.000141063
1.75417 0.000352305 -0.00039536 -0.000635271
1.75833 0.000624511 -0.000281237 -0.000481626
1.7625 0.000534577 -0.000163216 0.000268715
1.76667 0.000117899 -5.52947e-05 0.00150733
1.77083 -0.000558311 2.99329e-05 0.00308463
1.775 -0.00140544 8.35968e-05 0.00483476
1.77917 -0.00232835 0.00010211 0.00660335
1.78333 -0.00324113 8.7545e-05 0.00827172
1.7875 -0.0040802 4.67738e-05 0.00977205
1.79167 -0.00481181 -1.03646e-05 0.0110911
1.79583 -0.00543287 -7.33563e-05 0.0122621
1.8 -0.00596539 -0.000133222 0.0133486
1.80417 -0.00644633 -0.000184164 0.0144224
1.80833 -0.00691525 -0.000224325 0.0155421
1.8125 -0.00740252 -0.000255515 0.0167367
1.81667 -0.00792079 -0.000281976 0.0179963
1.82083 -0.00846155 -0.00030849 0.0192748
1.825 -0.00899767 -0.000338348 0.0205014
1.82917 -0.00949099 -0.000371871 0.0215971
1.83333 -0.00990197 -0.000406046 0.0224906
1.8375 -0.0101977 -0.000435567 0.0231245
1.84167 -0.0103539 -0.000454988 0.0234494
1.84583 -0.0103503 -0.000461171 0.0234053
1.85 -0.0101588 -0.000454915 0.0229001
1.85417 -0.00973174 -0.000440871 0.0217935
1.85833 -0.00899469 -0.000425512 0.0198985
1.8625 -0.00784932 -0.00041385 0.017004
1.86667 -0.00618786 -0.000406301 0.0129114
1.87083 -0.00391466 -0.000397203 0.00747504
1.875 -0.000967243 -0.000375871 0.000629548
1.87917 0.00267109 -0.000329949 -0.00760492
1.88333 0.00697175 -0.000249727 -0.0171396
1.8875 0.011873 -0.000131558 -0.027846
1.89167 0.0172972 2.10601e-05 -0.0395807
1.89583 0.0231642 0.000199162 -0.0521937
1.9 0.029394 0.000391831 -0.0655153
1.90417 0.0358979 0.000589895 -0.0793288
1.90833 0.042563 0.000788164 -0.0933432
1.9125 0.0492373 0.000985441 -0.107178
1.91667 0.0557229 0.00118266 -0.120368
1.92083 0.0617813 0.00138035 -0.13239
1.925 0.0671474 0.00157661 -0.142694
1.92917 0.071548 0.00176643 -0.15074
1.93333 0.0747207 0.00194218 -0.156027
1.9375 0.0764292 0.00209464 -0.158125
1.94167 0.0764761 0.00221408 -0.156688
1.94583 0.0747136 0.00229111 -0.151484
1.95 0.0710527 0.00231754 -0.142403
1.95417 0.0654686 0.00228742 -0.129462
1.95833 0.058 0.00219816 -0.112798
1.9625 0.0487429 0.00205113 -0.0926477
1.96667 0.0378401 0.00185114 -0.0693302
1.97083 0.0254716 0.00160468 -0.0432347
1.975 0.0118497 0.00131754 -0.0148165
1.97917 -0.00278225 0.000993083 0.0154044
1.98333 -0.0181492 0.00063215 0.0468512
1.9875 -0.0339493 0.000234743 0.0789115
1.99167 -0.0498665 -0.000197408 0.11097
1.99583 -0.0655885 -0.000659041 0.142441
2 -0.0808223 -0.00114147 0.172778
2.00417 -0.0952992 -0.00163468 0.201461
2.00833 -0.108765 -0.00213007 0.227959
2.0125 -0.120956 -0.00262217 0.251673
2.01667 -0.131573 -0.003108 0.2719
2.02083 -0.140267 -0.00358436 0.287818
2.025 -0.146626 -0.00404435 0.298496
2.02917 -0.150195 -0.00447512 0.30293
2.03333 -0.150488 -0.00485762 0.300091
2.0375 -0.147022 -0.00516822 0.288984
2.04167 -0.13934 -0.00538073 0.268725
2.04583 -0.127053 -0.0054676 0.23864
2.05 -0.109895 -0.00540007 0.198402
2.05417 -0.0877867 -0.0051483 0.148176
2.05833 -0.0609085 -0.00468302 0.0887584
2.0625 -0.0297686 -0.00397985 0.0216785
2.06667 0.00475647 -0.00302585 -0.0507675
2.07083 0.0414142 -0.00182679 -0.125557
2.075 0.0786078 -0.000412795 -0.199059
2.07917 0.114465 0.00115907 -0.267216
2.08333 0.14694 0.00280586 -0.325792
2.0875 0.173943 0.00442302 -0.370676
2.09167 0.193491 0.00589138 -0.398218
2.09583 0.203887 0.00708661 -0.405604
2.1 0.203897 0.00789151 -0.391196
2.10417 0.192917 0.00821079 -0.354819
2.10833 0.171103 0.00798713 -0.297933
2.1125 0.139434 0.00721526 -0.223648
2.11667 0.0997013 0.00595042 -0.136583
2.12083 0.054413 0.0043073 -0.04256
2.125 0.00661804 0.00244818 0.0518317
2.12917 -0.0403251 0.000561396 0.139765
2.13333 -0.0830217 -0.00116538 0.214753
2.1375 -0.11833 -0.00257119 0.271223
2.14167 -0.143643 -0.00354128 0.30505
2.14583 -0.15714 -0.00401635 0.313975
2.15 -0.157976 -0.00399102 0.297879
2.15417 -0.1464 -0.0035044 0.258851
2.15833 -0.123754 -0.00262712 0.201031
2.1625 -0.0923697 -0.0014497 0.130219
2.16667 -0.0553452 -7.49439e-05 0.0532947
2.17083 -0.0162332 0.00138544 -0.0224849
2.175 0.0213224 0.002812 -0.0902264
2.17917 0.0539558 0.00407981 -0.144084
2.18333 0.0789116 0.00506438 -0.17982
2.1875 0.0943047 0.00565259 -0.195188
2.19167 0.0992878 0.00575757 -0.190114
2.19583 0.0941124 0.00533466 -0.166651
2.2 0.0800764 0.00439407 -0.128705
2.20417 0.059355 0.0030052 -0.0815281
2.20833 0.0347241 0.00128903 -0.0310533
2.2125 0.00920732 -0.000601677 0.0168619
2.21667 -0.0143054 -0.00250953 0.0571484
2.22083 -0.0334031 -0.00429808 0.086086
2.225 -0.0464096 -0.00586592 0.101636
2.22917 -0.0525196 -0.00714388 0.103528
2.23333 -0.0518116 -0.00807835 0.0931332
2.2375 -0.0451598 -0.00861197 0.0731637
2.24167 -0.034068 -0.00867566 0.047249
2.24583 -0.0204456 -0.00820085 0.0194169
2.25 -0.00634041 -0.00714872 -0.0064715
2.25417 0.00634697 -0.00554259 -0.0272594
2.25833 0.0161273 -0.00348565 -0.0409063
2.2625 0.0221137 -0.00115318 -0.0466863
2.26667 0.0240958 0.00123807 -0.0451364
2.27083 0.0224853 0.00346907 -0.0377881
2.275 0.018157 0.00534962 -0.0267752
2.27917 0.0122393 0.00673297 -0.0144193
2.28333 0.00590624 0.00751826 -0.00286471
2.2875 0.000203075 0.00765247 0.00620697
2.29167 -0.00408493 0.00714043 0.0117785
2.29583 -0.00652228 0.00605959 0.0136031
2.3 -0.00706599 0.00456538 0.0121885
2.30417 -0.00604613 0.00287283 0.00863587
2.30833 -0.0040718 0.0012124 0.00434913
2.3125 -0.00187264 -0.000224713 0.000681028
2.31667 -0.000114937 -0.00132619 -0.00138253
2.32083 0.000752928 -0.00206436 -0.00141266
2.325 0.000581547 -0.00246873 0.000432915
2.32917 -0.000484692 -0.00258626 0.00351592
2.33333 -0.00207889 -0.00245685 0.00690159
2.3375 -0.00371396 -0.00211783 0.00956791
2.34167 -0.00488779 -0.00162743 0.0106117
2.34583 -0.00517977 -0.00108036 0.00943803
2.35 -0.00433703 -0.000592813 0.00591396
2.35417 -0.00234389 -0.000259136 0.000447838
2.35833 0.000543962 -0.000108354 -0.0060448
2.3625 0.00382331 -9.63339e-05 -0.0123056
2.36667 0.00683542 -0.000146997 -0.0169994
2.37083 0.00891132 -0.000218381 -0.0190166
2.375 0.00953197 -0.000344226 -0.0177317
2.37917 0.00845727 -0.000612635 -0.0131577
2.38333 0.0057883 -0.00108783 -0.00596516
2.3875 0.00195053 -0.0017288 0.00263388
2.39167 -0.0023919 -0.00237144 0.0111104
2.39583 -0.00646515 -0.00280167 0.0179083
2.4 -0.00952839 -0.00288012 0.0217426
2.40417 -0.0110044 -0.00263222 0.0218467
2.40833 -0.0105798 -0.00223337 0.0181226
2.4125 -0.00826551 -0.00189068 0.0111708
2.41667 -0.0044097 -0.00170157 0.00220064
2.42083 0.000342738 -0.00159233 -0.00716582
2.425 0.00514927 -0.00138328 -0.0151759
2.42917 0.00912422 -0.000931024 -0.0202814
2.43333 0.0115249 -0.000237731 -0.0214674
2.4375 0.0119237 0.000556728 -0.0184905
2.44167 0.0103113 0.00128842 -0.0119435
2.44583 0.00709385 0.00188973 -0.00311304
2.45 0.00298485 0.00241269 0.00632931
2.45417 -0.00116468 0.00293701 0.0146987
2.45833 -0.00454072 0.00344858 0.0206209
2.4625 -0.00650298 0.00380527 0.0232465
2.46667 -0.00667459 0.00383254 0.0223517
2.47083 -0.00499505 0.00347287 0.0183527
2.475 -0.00174021 0.00285632 0.0122416
2.47917 0.00250742 0.0022199 0.00542261
2.48333 0.00696035 0.00173415 -0.000561794
2.4875 0.0107958 0.0013818 -0.00437482
2.49167 0.0133472 0.000994182 -0.00519695
2.49583 0.0142479 0.000417078 -0.00289487
2.5 0.0134768 -0.000335984 0.00200275
2.50417 0.0113077 -0.00107412 0.00848313
2.50833 0.00820799 -0.00156887 0.0152877
2.5125 0.00473667 -0.00172017 0.0211334
2.51667 0.0014622 -0.00160896 0.0248946
2.52083 -0.00111349 -0.0014035 0.0257647
2.525 -0.00263899 -0.00121551 0.0234005
2.52917 -0.00299337 -0.00103515 0.0180153
2.53333 -0.00232601 -0.000787811 0.0103659
2.5375 -0.00102645 -0.000440304 0.001608
2.54167 0.00037146 -4.93803e-05 -0.00694457
2.54583 0.00131568 0.000283654 -0.0140888
2.55 0.00135286 0.000493187 -0.0189607
2.55417 0.000215536 0.000581961 -0.0211858
2.55833 -0.00212477 0.000586555 -0.0209338
2.5625 -0.00544369 0.000528384 -0.0188693
2.56667 -0.00930161 0.000406135 -0.015998
2.57083 -0.0131357 0.000225264 -0.0134419
2.575 -0.0163839 1.42762e-05 -0.0121994
2.57917 -0.0185986 -0.000198146 -0.0129525
2.58333 -0.0195218 -0.000410101 -0.0159427
2.5875 -0.0191205 -0.000627767 -0.0209113
2.59167 -0.0176007 -0.000811006 -0.0271072
2.59583 -0.0153931 -0.000857262 -0.0333973
2.6 -0.0130811 -0.000675486 -0.0385116
2.60417 -0.0112474 -0.000298101 -0.0413824
2.60833 -0.0102791 9.23139e-05 -0.0414445
2.6125 -0.0102272 0.000283586 -0.0387446
2.61667 -0.0108035 0.000211261 -0.033816
2.62083 -0.0115126 1.94932e-05 -0.0274223
2.625 -0.0118236 -7.17072e-05 -0.0203363
2.62917 -0.0112825 2.47316e-05 -0.0132397
2.63333 -0.00954742 0.000185578 -0.00668399
2.6375 -0.006414 0.000213662 -0.00101154
2.64167 -0.00188833 4.91352e-05 0.00376883
2.64583 0.0037254 -0.000165282 0.00803015
2.65 0.00982292 -0.000233108 0.012381
2.65417 0.0156418 -0.000106863 0.0173588
2.65833 0.0204852 7.0358e-05 0.0231492
2.6625 0.02389 0.000120669 0.0295051
2.66667 0.0256579 7.82417e-06 0.0358679
2.67083 0.0257878 -0.000151833 0.0415429
2.675 0.0244164 -0.000232687 0.0458017
2.67917 0.0218114 -0.000216844 0.0479306
2.68333 0.0183666 -0.000158698 0.0473313
2.6875 0.0145288 -7.27625e-05 0.043702
2.69167 0.0106759 8.63945e-05 0.037185
2.69583 0.00704047 0.000317686 0.0283535
2.7 0.00373498 0.000495111 0.0180526
2.70417 0.00082906 0.000460556 0.00724212
2.70833 -0.00162652 0.000211038 -0.00305893
2.7125 -0.00364901 -5.16356e-05 -0.0118001
2.71667 -0.00535302 -0.000109072 -0.0180502
2.72083 -0.00686976 3.72447e-05 -0.0212793
2.725 -0.00819955 0.000163096 -0.0215723
2.72917 -0.00914856 8.12468e-05 -0.0195665
2.73333 -0.00943683 -0.000128157 -0.0161377
2.7375 -0.00888729 -0.000200702 -0.0120899
2.74167 -0.00751804 -7.57937e-06 -0.00805295
2.74583 -0.00547492 0.000262414 -0.00453576
2.75 -0.00292433 0.000293496 -0.00191212
2.75417 -5.64132e-05 3.21088e-06 -0.000262181
2.75833 0.00281573 -0.000347312 0.000745497
2.7625 0.00522943 -0.000431284 0.00170526
2.76667 0.00672771 -0.000203305 0.00309979
2.77083 0.00709138 8.46333e-05 0.00500507
2.775 0.00643359 0.000198283 0.00711288
2.77917 0.00508097 0.000173023 0.00897864
2.78333 0.00338947 0.000204945 0.0102066
2.7875 0.00167928 0.000347161 0.0104525
2.79167 0.000283137 0.000420133 0.00942066
2.79583 -0.000463122 0.000257374 0.00704814
2.8 -0.000376458 -3.93842e-05 0.00376679
2.80417 0.0004113 -0.000185006 0.000509966
2.80833 0.00149534 -4.49454e-05 -0.00167738
2.8125 0.00244933 0.000206912 -0.00214764
2.81667 0.00305483 0.0003144 -0.000863403
2.82083 0.00330762 0.000259027 0.0017763
2.825 0.00326573 0.00025719 0.00519354
2.82917 0.00297025 0.000441026 0.00869175
2.83333 0.00252718 0.000652088 0.0114186
2.8375 0.00218332 0.000634096 0.0125422
2.84167 0.00220973 0.000378728 0.0116804
2.84583 0.00266154 0.000162147 0.00921231
2.85 0.00327793 0.00021071 0.00610697
2.85417 0.00365066 0.000428581 0.00337324
2.85833 0.00348488 0.00054332 0.00160257
2.8625 0.00269216 0.000469063 0.000901381
2.86667 0.0012933 0.000395526 0.00104287
2.87083 -0.000657212 0.000484966 0.00151982
2.875 -0.00299662 0.000598252 0.00150381
2.87917 -0.00537285 0.000438657 9.84873e-06
2.88333 -0.0073663 -6.69585e-05 -0.00362888
2.8875 -0.00876867 -0.00065933 -0.00932
2.89167 -0.00973819 -0.00105305 -0.0162276
2.89583 -0.0106691 -0.00124047 -0.0232279
2.9 -0.0119391 -0.00139916 -0.0293763
2.90417 -0.0137947 -0.00157789 -0.0340865
2.90833 -0.0163886 -0.00163858 -0.0371548
2.9125 -0.0197537 -0.0015311 -0.0388754
2.91667 -0.0236422 -0.00145681 -0.0401375
2.92083 -0.0274487 -0.00162056 -0.0421612
2.925 -0.0304377 -0.00190441 -0.0458529
2.92917 -0.0321276 -0.00198048 -0.0512631
2.93333 -0.0324557 -0.00177016 -0.0575957
2.9375 -0.0316067 -0.00159544 -0.0636325
2.94167 -0.0298023 -0.00173412 -0.0680699
2.94583 -0.0273401 -0.00196337 -0.0696118
2.95 -0.0247197 -0.00179667 -0.067184
2.95417 -0.0224713 -0.00118657 -0.0604987
2.95833 -0.020688 -0.000720438 -0.0505122
2.9625 -0.0187821 -0.000924699 -0.0391028
2.96667 -0.0158535 -0.00153974 -0.0280387
2.97083 -0.0113451 -0.00179487 -0.018141
2.975 -0.00528737 -0.00141045 -0.00932994
2.97917 0.00203894 -0.000983382 -0.00117676
2.98333 0.0104383 -0.00114423 0.00692393
2.9875 0.0196009 -0.00156513 0.0160768
2.99167 0.0286806 -0.00123405 0.0278467
2.99583 0.0364277 0.000230686 0.0432865
