0 0 0 0
0.00416667 0 0 0
0.00833333 0 0 0
0.0125 0 0 0
0.0166667 0 0 0
0.0208333 0 0 0
0.025 0 0 0
0.0291667 0 0 0
0.0333333 0 0 0
0.0375 0 0 0
0.0416667 0 0 0
0.0458333 0 0 0
0.05 0 0 0
0.0541667 0 0 0
0.0583333 0 0 0
0.0625 0 0 0
0.0666667 0 0 0
0.0708333 0 0 0
0.075 0 0 0
0.0791667 0 0 0
0.0833333 0 0 0
0.0875 0 0 0
0.0916667 0 0 0
0.0958333 0 0 0
0.1 0 0 0
0.104167 0 0 0
0.108333 0 0 0
0.1125 0 0 0
0.116667 0 0 0
0.120833 0 0 0
0.125 0 0 0
0.129167 0 0 0
0.133333 0 0 0
0.1375 0 0 0
0.141667 0 0 0
0.145833 0 0 0
0.15 0 0 0
0.154167 0 0 0
0.158333 0 0 0
0.1625 0 0 0
0.166667 0 0 0
0.170833 0 0 0
0.175 0 0 0
0.179167 0 0 0
0.183333 0 0 0
0.1875 0 0 0
0.191667 -2.94463e-321 4.49254e-320 6.03748e-320
0.195833 -1.03784e-316 1.48628e-315 1.99843e-315
0.2 -2.78814e-312 3.90721e-311 5.25317e-311
0.204167 -6.01419e-308 8.25099e-307 1.10924e-306
0.208333 -1.0509e-303 1.41206e-302 1.89819e-302
0.2125 -1.49996e-299 1.97473e-298 2.65437e-298
0.216667 -1.7625e-295 2.27439e-294 3.05694e-294
0.220833 -1.71756e-291 2.17329e-290 2.92085e-290
0.225 -1.3978e-287 1.73491e-286 2.33152e-286
0.229167 -9.56269e-284 1.16464e-282 1.56504e-282
0.233333 -5.53368e-280 6.6153e-279 8.88903e-279
0.2375 -2.72456e-276 3.19812e-275 4.29707e-275
0.241667 -1.14774e-272 1.32324e-271 1.77783e-271
0.245833 -4.15855e-269 4.71049e-268 6.32837e-268
0.25 -1.30248e-265 1.44993e-264 1.94781e-264
0.254167 -3.54314e-262 3.87739e-261 5.20855e-261
0.258333 -8.40934e-259 9.04906e-258 1.21551e-257
0.2625 -1.74887e-255 1.85098e-254 2.48619e-254
0.266667 -3.20001e-252 3.33202e-251 4.47527e-251
0.270833 -5.17176e-249 5.29924e-248 7.11713e-248
0.275 -7.4103e-246 7.47362e-245 1.0037e-244
0.279167 -9.44679e-243 9.37991e-242 1.25966e-241
0.283333 -1.07512e-239 1.0512e-238 1.41163e-238
0.2875 -1.09588e-236 1.05536e-235 1.41716e-235
0.291667 -1.00356e-233 9.52094e-233 1.27845e-232
0.295833 -8.28121e-231 7.7413e-230 1.03945e-229
0.3 -6.17508e-228 5.68895e-227 7.63849e-227
0.304167 -4.17228e-225 3.78892e-224 5.08718e-224
0.308333 -2.56106e-222 2.29294e-221 3.07852e-221
0.3125 -1.43175e-219 1.264e-218 1.69702e-218
0.316667 -7.30733e-217 6.36247e-216 8.54189e-216
0.320833 -3.4127e-214 2.93105e-213 3.93497e-213
0.325 -1.46166e-211 1.23851e-210 1.66269e-210
0.329167 -5.75349e-209 4.81043e-208 6.45783e-208
0.333333 -2.08565e-206 1.72091e-205 2.31023e-205
0.3375 -6.97643e-204 5.68175e-203 7.62733e-203
0.341667 -2.15741e-201 1.7345e-200 2.32842e-200
0.345833 -6.17918e-199 4.90492e-198 6.58435e-198
0.35 -1.64209e-196 1.28711e-195 1.7278e-195
0.354167 -4.05571e-194 3.13951e-193 4.21442e-193
0.358333 -9.3251e-192 7.12987e-191 9.57099e-191
0.3625 -1.99914e-189 1.50994e-188 2.02691e-188
0.366667 -4.00218e-187 2.98648e-186 4.00899e-186
0.370833 -7.49303e-185 5.52481e-184 7.41642e-184
0.375 -1.31384e-182 9.57306e-182 1.28508e-181
0.379167 -2.16047e-180 1.55581e-179 2.08853e-179
0.383333 -3.33621e-178 2.37472e-177 3.18786e-177
0.3875 -4.84414e-176 3.40858e-175 4.57579e-175
0.391667 -6.62185e-174 4.60659e-173 6.18415e-173
0.395833 -8.53224e-172 5.86887e-171 7.87883e-171
0.4 -1.03747e-169 7.0567e-169 9.47365e-169
0.404167 -1.19181e-167 8.017e-167 1.07631e-166
0.408333 -1.29488e-165 8.61506e-165 1.15663e-164
0.4125 -1.33202e-163 8.76599e-163 1.17692e-162
0.416667 -1.29864e-161 8.45443e-161 1.13512e-160
0.420833 -1.20116e-159 7.73644e-159 1.03875e-158
0.425 -1.05504e-157 6.72342e-157 9.02765e-157
0.429167 -8.80831e-156 5.5544e-155 7.45824e-155
0.433333 -6.99638e-154 4.36593e-153 5.86262e-153
0.4375 -5.29168e-152 3.26807e-151 4.38858e-151
0.441667 -3.81439e-150 2.3316e-149 3.13115e-149
0.445833 -2.62259e-148 1.58681e-147 2.13105e-147
0.45 -1.72132e-146 1.03099e-145 1.38466e-145
0.454167 -1.07934e-144 6.40004e-144 8.59591e-144
0.458333 -6.47071e-143 3.79877e-142 5.10239e-142
0.4625 -3.71166e-141 2.15753e-140 2.89807e-140
0.466667 -2.03854e-139 1.17337e-138 1.57621e-138
0.470833 -1.07278e-137 6.11486e-137 8.21463e-137
0.475 -5.41303e-136 3.05566e-135 4.10517e-135
0.479167 -2.62058e-134 1.46514e-133 1.96848e-133
0.483333 -1.21804e-132 6.74511e-132 9.06296e-132
0.4875 -5.43885e-131 2.98339e-130 4.00884e-130
0.491667 -2.33454e-129 1.26855e-128 1.70469e-128
0.495833 -9.63839e-128 5.18845e-127 6.97279e-127
0.5 -3.82974e-126 2.04248e-125 2.74509e-125
0.504167 -1.46535e-124 7.74301e-124 1.04074e-123
0.508333 -5.4021e-123 2.82837e-122 3.80191e-122
0.5125 -1.91984e-121 9.96024e-121 1.33897e-120
0.516667 -6.58082e-120 3.38328e-119 4.54855e-119
0.520833 -2.17684e-118 1.10908e-117 1.4912e-117
0.525 -6.95224e-117 3.51044e-116 4.72031e-116
0.529167 -2.14479e-115 1.07336e-114 1.44342e-114
0.533333 -6.3946e-114 3.17189e-113 4.26584e-113
0.5375 -1.84337e-112 9.06326e-112 1.21902e-111
0.541667 -5.14016e-111 2.50517e-110 3.36981e-110
0.545833 -1.38708e-109 6.70148e-109 9.0153e-109
0.55 -3.62385e-108 1.73568e-107 2.33519e-107
0.554167 -9.16999e-107 4.35429e-106 5.85888e-106
0.558333 -2.24841e-105 1.0585e-104 1.42441e-104
0.5625 -5.34395e-104 2.49441e-103 3.35703e-103
0.566667 -1.23169e-102 5.7005e-102 7.6727e-102
0.570833 -2.75398e-101 1.26385e-100 1.70129e-100
0.575 -5.97585e-100 2.71942e-99 3.66108e-99
0.579167 -1.25886e-98 5.68087e-98 7.64886e-98
0.583333 -2.57544e-97 1.15256e-96 1.55202e-96
0.5875 -5.11883e-96 2.27184e-95 3.05958e-95
0.591667 -9.88745e-95 4.35212e-94 5.86191e-94
0.595833 -1.85668e-93 8.10549e-93 1.09187e-92
0.6 -3.39056e-92 1.4681e-91 1.97789e-91
0.604167 -6.02316e-91 2.58681e-90 3.48551e-90
0.608333 -1.0412e-89 4.4355e-89 5.97727e-89
0.6125 -1.75197e-88 7.40327e-88 9.97794e-88
0.616667 -2.87037e-87 1.20319e-86 1.62185e-86
0.620833 -4.58027e-86 1.90459e-85 2.56766e-85
0.625 -7.12051e-85 2.93731e-84 3.96046e-84
0.629167 -1.07875e-83 4.41466e-83 5.95327e-83
0.633333 -1.59306e-82 6.46792e-82 8.72339e-82
0.6375 -2.29387e-81 9.23988e-81 1.24638e-80
0.641667 -3.22136e-80 1.28741e-79 1.73686e-79
0.645833 -4.41322e-79 1.74994e-78 2.36122e-78
0.65 -5.89967e-78 2.32111e-77 3.13239e-77
0.654167 -7.69767e-77 3.00498e-76 4.05592e-76
0.658333 -9.80519e-76 3.79807e-75 5.12718e-75
0.6625 -1.2196e-74 4.68771e-74 6.32916e-74
0.666667 -1.48166e-73 5.65113e-73 7.63115e-73
0.670833 -1.75849e-72 6.65553e-72 8.98894e-72
0.675 -2.03934e-71 7.65947e-71 1.03466e-70
0.679167 -2.31148e-70 8.6154e-70 1.16398e-69
0.683333 -2.56115e-69 9.47337e-69 1.28011e-68
0.6875 -2.77466e-68 1.01853e-67 1.37655e-67
0.691667 -2.93972e-67 1.07096e-66 1.44766e-66
0.695833 -3.04653e-66 1.1015e-65 1.4892e-65
0.7 -3.08884e-65 1.10839e-64 1.49879e-64
0.704167 -3.06446e-64 1.09139e-63 1.47606e-63
0.708333 -2.97553e-63 1.05178e-62 1.42275e-62
0.7125 -2.82815e-62 9.92216e-62 1.34242e-61
0.716667 -2.63177e-61 9.16433e-61 1.24012e-60
0.720833 -2.39813e-60 8.28863e-60 1.12183e-59
0.725 -2.14019e-59 7.3422e-59 9.93922e-59
0.729167 -1.87093e-58 6.37091e-58 8.62602e-58
0.733333 -1.60236e-57 5.41602e-57 7.33453e-57
0.7375 -1.3447e-56 4.51158e-56 6.11091e-56
0.741667 -1.10593e-55 3.68312e-55 4.98974e-55
0.745833 -8.91506e-55 2.94718e-54 3.9935e-54
0.75 -7.04506e-54 2.31188e-53 3.13328e-53
0.754167 -5.45846e-53 1.77809e-52 2.41032e-52
0.758333 -4.14708e-52 1.34102e-51 1.8182e-51
0.7625 -3.09003e-51 9.91896e-51 1.34512e-50
0.766667 -2.25833e-50 7.19627e-50 9.76095e-50
0.770833 -1.61911e-49 5.12171e-49 6.94847e-49
0.775 -1.13889e-48 3.5764e-48 4.853e-48
0.779167 -7.86074e-48 2.45049e-47 3.32589e-47
0.783333 -5.32441e-47 1.64775e-46 2.23685e-46
0.7875 -3.53964e-46 1.08746e-45 1.47655e-45
0.791667 -2.30981e-45 7.04474e-45 9.5674e-45
0.795833 -1.4797e-44 4.48023e-44 6.08586e-44
0.8 -9.30681e-44 2.79747e-43 3.80085e-43
0.804167 -5.74781e-43 1.71518e-42 2.33086e-42
0.808333 -3.48599e-42 1.0327e-41 1.40371e-41
0.8125 -2.07643e-41 6.10674e-41 8.30242e-41
0.816667 -1.21483e-40 3.54694e-40 4.8233e-40
0.820833 -6.98184e-40 2.02373e-39 2.75256e-39
0.825 -3.942e-39 1.13435e-38 1.54321e-38
0.829167 -2.18674e-38 6.24702e-38 8.50053e-38
0.833333 -1.19193e-37 3.38044e-37 4.60089e-37
0.8375 -6.38437e-37 1.79756e-36 2.44708e-36
0.841667 -3.36072e-36 9.39384e-36 1.27909e-35
0.845833 -1.73872e-35 4.82485e-35 6.57108e-35
0.85 -8.84189e-35 2.4358e-34 3.3181e-34
0.854167 -4.4199e-34 1.20879e-33 1.64699e-33
0.858333 -2.17202e-33 5.89713e-33 8.03668e-33
0.8625 -1.04937e-32 2.82842e-32 3.85544e-32
0.866667 -4.98474e-32 1.3338e-31 1.8185e-31
0.870833 -2.32825e-31 6.18455e-31 8.43384e-31
0.875 -1.06935e-30 2.81984e-30 3.84623e-30
0.879167 -4.82988e-30 1.26435e-29 1.72493e-29
0.883333 -2.14541e-29 5.57522e-29 7.60776e-29
0.8875 -9.37266e-29 2.41786e-28 3.30003e-28
0.891667 -4.02734e-28 1.03133e-27 1.40791e-27
0.895833 -1.70216e-27 4.32701e-27 5.90818e-27
0.9 -7.07666e-27 1.78574e-26 2.43878e-26
0.904167 -2.89417e-26 7.24953e-26 9.90265e-26
0.908333 -1.16441e-25 2.89522e-25 3.95557e-25
0.9125 -4.60882e-25 1.1375e-24 1.5544e-24
0.916667 -1.79471e-24 4.39676e-24 6.00937e-24
0.920833 -6.87599e-24 1.67203e-23 2.28572e-23
0.925 -2.59195e-23 6.25601e-23 8.55375e-23
0.929167 -9.61349e-23 2.30307e-22 3.14952e-22
0.933333 -3.50841e-22 8.34224e-22 1.14103e-21
0.9375 -1.25987e-21 2.97327e-21 4.06747e-21
0.941667 -4.4518e-21 1.04273e-20 1.42671e-20
0.945833 -1.54792e-20 3.59836e-20 4.92422e-20
0.95 -5.2963e-20 1.2219e-19 1.67238e-19
0.954167 -1.78325e-19 4.08293e-19 5.58903e-19
0.958333 -5.90839e-19 1.34251e-18 1.83799e-18
0.9625 -1.92641e-18 4.3438e-18 5.94778e-18
0.966667 -6.18091e-18 1.38304e-17 1.89398e-17
0.970833 -1.95154e-17 4.33319e-17 5.93473e-17
0.975 -6.06352e-17 1.33595e-16 1.82991e-16
0.979167 -1.85391e-16 4.05298e-16 5.55212e-16
0.983333 -5.57783e-16 1.20992e-15 1.6576e-15
0.9875 -1.65138e-15 3.55409e-15 4.86954e-15
0.991667 -4.81091e-15 1.02726e-14 1.40757e-14
0.995833 -1.37909e-14 2.92149e-14 4.00331e-14
1 -3.88987e-14 8.17493e-14 1.12026e-13
1.00417 -1.07954e-13 2.25064e-13 3.08428e-13
1.00833 -2.94771e-13 6.09611e-13 8.35425e-13
1.0125 -7.91877e-13 1.62445e-12 2.22618e-12
1.01667 -2.09285e-12 4.25837e-12 5.83568e-12
1.02083 -5.44127e-12 1.0981e-11 1.50479e-11
1.025 -1.39162e-11 2.78532e-11 3.81668e-11
1.02917 -3.50084e-11 6.94886e-11 9.52123e-11
1.03333 -8.66209e-11 1.70501e-10 2.33596e-10
1.0375 -2.10785e-10 4.11414e-10 5.63595e-10
1.04167 -5.04415e-10 9.76189e-10 1.33709e-09
1.04583 -1.18694e-09 2.27745e-09 3.11892e-09
1.05 -2.74609e-09 5.22375e-09 7.15239e-09
1.05417 -6.24601e-09 1.17783e-08 1.61233e-08
1.05833 -1.3965e-08 2.61036e-08 3.5724e-08
1.0625 -3.06887e-08 5.68563e-08 7.77878e-08
1.06667 -6.62753e-08 1.2169e-07 1.66436e-07
1.07083 -1.40637e-07 2.55897e-07 3.49862e-07
1.075 -2.93192e-07 5.28614e-07 7.22423e-07
1.07917 -6.00393e-07 1.0725e-06 1.46505e-06
1.08333 -1.20745e-06 2.13677e-06 2.91737e-06
1.0875 -2.38433e-06 4.17956e-06 5.70324e-06
1.09167 -4.62202e-06 8.02449e-06 1.09431e-05
1.09583 -8.79355e-06 1.51187e-05 2.06035e-05
1.1 -1.64154e-05 2.79449e-05 3.80544e-05
1.10417 -3.0059e-05 5.06596e-05 6.89294e-05
1.10833 -5.39758e-05 9.00435e-05 0.000122406
1.1125 -9.50134e-05 0.000156865 0.000213031
1.11667 -0.000163898 0.000267746 0.000363214
1.12083 -0.000276943 0.000447568 0.000606422
1.125 -0.000458193 0.000732386 0.00099101
1.12917 -0.000741885 0.00117259 0.00158433
1.13333 -0.00117496 0.00183583 0.00247644
1.1375 -0.00181904 0.00280885 0.00378218
1.14167 -0.0027511 0.00419688 0.00563992
1.14583 -0.00406147 0.006119 0.00820459
1.15 -0.00584784 0.00869746 0.0116327
1.15417 -0.00820366 0.0120394 0.016057
1.15833 -0.0111999 0.0162098 0.0215497
1.1625 -0.0148599 0.0211971 0.0280763
1.16667 -0.0191292 0.026874 0.0354437
1.17083 -0.0238439 0.0329611 0.0432532
1.175 -0.0287048 0.0390016 0.0508714
1.17917 -0.0332661 0.0443616 0.0574341
1.18333 -0.0369484 0.0482655 0.0619011
1.1875 -0.0390857 0.0498753 0.0631687
1.19167 -0.039008 0.048414 0.060239
1.19583 -0.0361566 0.0433189 0.0524277
1.2 -0.0302141 0.0343996 0.0395704
1.20417 -0.0212247 0.0219619 0.022179
1.20833 -0.00966871 0.00685775 0.0014915
1.2125 0.00353745 -0.00957284 -0.0206244
1.21667 0.0171368 -0.0256771 -0.0419242
1.22083 0.0297182 -0.0397601 -0.0601588
1.225 0.0399617 -0.050395 -0.0734873
1.22917 0.0468847 -0.0566914 -0.0808206
1.23333 0.0500217 -0.0584443 -0.0819942
1.2375 0.0494814 -0.0561141 -0.0777117
1.24167 0.0458613 -0.0506412 -0.0692774
1.24583 0.0400482 -0.0431652 -0.0582186
1.25 0.0329825 -0.0347553 -0.0459463
1.25417 0.0254781 -0.0262643 -0.0335936
1.25833 0.0181725 -0.0183603 -0.022091
1.2625 0.0116185 -0.0117047 -0.0124134
1.26667 0.00645109 -0.00715648 -0.0058239
1.27083 0.00350852 -0.00584292 -0.00390464
1.275 0.00378726 -0.00898105 -0.00824369
1.27917 0.00818116 -0.0174553 -0.0198234
1.28333 0.017074 -0.0313036 -0.0383511
1.2875 0.0299628 -0.0493617 -0.0618791
1.29167 0.0453237 -0.0692952 -0.0869959
1.29583 0.0608537 -0.0880943 -0.109628
1.3 0.0740518 -0.102877 -0.126177
1.30417 0.082918 -0.111665 -0.134499
1.30833 0.0864535 -0.113763 -0.134247
1.3125 0.0847155 -0.109559 -0.126395
1.31667 0.0783944 -0.0998424 -0.112197
1.32083 0.0681459 -0.085045 -0.0921702
1.325 0.0540647 -0.06485 -0.0657252
1.32917 0.0356315 -0.0384492 -0.0317084
1.33333 0.012202 -0.00534301 0.0103967
1.3375 -0.016217 0.0337545 0.0593021
1.34167 -0.0483553 0.0764398 0.111491
1.34583 -0.0816098 0.118882 0.161834
1.35 -0.112592 0.156709 0.204941
1.35417 -0.138007 0.186054 0.236502
1.35833 -0.155396 0.204253 0.253963
1.3625 -0.163416 0.20994 0.25634
1.36667 -0.16163 0.202746 0.243596
1.37083 -0.150156 0.182999 0.216246
1.375 -0.129523 0.151772 0.175572
1.37917 -0.100887 0.111224 0.124233
1.38333 -0.066363 0.0648251 0.0666058
1.3875 -0.0290768 0.0170614 0.00830588
1.39167 0.00731577 -0.027447 -0.0450816
1.39583 0.0394792 -0.0649939 -0.089344
1.4 0.0651258 -0.0933874 -0.122214
1.40417 0.0831718 -0.111767 -0.142871
1.40833 0.0932896 -0.119898 -0.150923
1.4125 0.0953099 -0.117617 -0.145884
1.41667 0.0890694 -0.105016 -0.12776
1.42083 0.0749319 -0.0832844 -0.098395
1.425 0.0545882 -0.0554933 -0.0623653
1.42917 0.031368 -0.0264477 -0.0263294
1.43333 0.00953548 -0.0013308 0.00319523
1.4375 -0.0072187 0.0162045 0.0223932
1.44167 -0.017202 0.0253136 0.0313744
1.44583 -0.0211137 0.0277558 0.0332204
1.45 -0.0211395 0.0263627 0.0315532
1.45417 -0.0193952 0.0232656 0.0283691
1.45833 -0.0168159 0.0190806 0.0235891
1.4625 -0.0131879 0.0134536 0.0163716
1.46667 -0.00810769 0.00630255 0.00686595
1.47083 -0.00194859 -0.00138165 -0.00313144
1.475 0.00398917 -0.00782775 -0.0110872
1.47917 0.0082083 -0.0115366 -0.015291
1.48333 0.00992597 -0.0121341 -0.0156757
1.4875 0.00937879 -0.0103313 -0.0133083
1.49167 0.00735194 -0.0071605 -0.0092452
1.49583 0.00448943 -0.00329833 -0.00397291
1.5 0.00108546 0.000899305 0.00206588
1.50417 -0.00250659 0.00482464 0.00759391
1.50833 -0.00541159 0.00729901 0.0104932
1.5125 -0.00639917 0.00708414 0.00907836
1.51667 -0.00473852 0.00392902 0.00367444
1.52083 -0.00102224 -0.000822418 -0.00304124
1.525 0.00290005 -0.00480437 -0.00755277
1.52917 0.00502542 -0.00611418 -0.00784104
1.53333 0.00453582 -0.00456682 -0.00466281
1.5375 0.00228042 -0.00168626 -0.000718615
1.54167 1.67493e-06 0.000552208 0.00154711
1.54583 -0.00102519 0.00116137 0.00163209
1.55 -0.000795099 0.000593091 0.000825037
1.55417 -0.000223158 -4.48455e-05 0.00059613
1.55833 -9.34426e-05 -0.000167179 0.00114907
1.5625 -0.000328548 -0.000187664 0.00142616
1.56667 -0.00020336 -0.000943154 0.000381716
1.57083 0.000803699 -0.00271082 -0.00181605
1.575 0.00238842 -0.00478214 -0.00378653
1.57917 0.00360173 -0.00597442 -0.00405251
1.58333 0.00362501 -0.00559761 -0.00220881
1.5875 0.00243331 -0.00404751 0.00079281
1.59167 0.000829288 -0.00258434 0.00329205
1.59583 -8.96576e-05 -0.0025192 0.00387892
1.6 0.000412454 -0.00438811 0.00209356
1.60417 0.00231076 -0.0075857 -0.00130345
1.60833 0.00479406 -0.0106161 -0.00451671
1.6125 0.00659171 -0.0118536 -0.00548416
1.61667 0.00660422 -0.0104994 -0.00316297
1.62083 0.00463682 -0.00721713 0.00138046
1.625 0.00176061 -0.00390874 0.00518606
1.62917 -0.000184893 -0.0025223 0.00531936
1.63333 0.000128854 -0.00357019 0.00130981
1.6375 0.00234286 -0.00552948 -0.00402822
1.64167 0.00443707 -0.0058332 -0.00652879
1.64583 0.0042074 -0.00287907 -0.00406841
1.65 0.00110954 0.00254954 0.00149548
1.65417 -0.00314781 0.00775256 0.00574752
1.65833 -0.00591612 0.0102078 0.00541895
1.6625 -0.00577487 0.00955146 0.00111178
1.66667 -0.00365791 0.00774454 -0.0033875
1.67083 -0.00194902 0.00732441 -0.00448901
1.675 -0.00240674 0.00933209 -0.00173317
1.67917 -0.00480103 0.0127005 0.00224659
1.68333 -0.00737891 0.0154605 0.00433288
1.6875 -0.00853514 0.0164994 0.00345896
1.69167 -0.00807521 0.0163141 0.000933889
1.69583 -0.00708035 0.0163361 -0.00117385
1.7 -0.00680677 0.0177022 -0.00168401
1.70417 -0.00777854 0.0205588 -0.000656057
1.70833 -0.00970455 0.0241873 0.00119345
1.7125 -0.0118966 0.027484 0.00295084
1.71667 -0.0135961 0.0293485 0.00361012
1.72083 -0.0141177 0.0290018 0.00245624
1.725 -0.0131127 0.0263502 -0.000106797
1.72917 -0.0109376 0.022124 -0.00227526
1.73333 -0.00859609 0.0173689 -0.0020866
1.7375 -0.00692371 0.0124639 0.000542239
1.74167 -0.00562441 0.00660937 0.00317287
1.74583 -0.00329361 -0.00142704 0.00285206
1.75 0.00124434 -0.0117663 -0.000838412
1.75417 0.00746276 -0.0226193 -0.00492638
1.75833 0.0131714 -0.0312972 -0.00573778
1.7625 0.0163214 -0.0362794 -0.00266583
1.76667 0.0168796 -0.0383157 0.000988942
1.77083 0.0167654 -0.0393512 0.00129215
1.775 0.0177649 -0.0402943 -0.00220071
1.77917 0.0195443 -0.0399455 -0.00589138
1.78333 0.0199122 -0.0362677 -0.00588915
1.7875 0.0171378 -0.0287093 -0.00211688
1.79167 0.0118842 -0.0191325 0.00165368
1.79583 0.00667557 -0.0103401 0.00187138
1.8 0.00345113 -0.0037284 -0.00106379
1.80417 0.00182524 0.00150316 -0.00344046
1.80833 -0.000121411 0.00686275 -0.00242282
1.8125 -0.00347443 0.0125266 0.000913334
1.81667 -0.00719137 0.0170105 0.00298567
1.82083 -0.00927274 0.0188532 0.00180694
1.825 -0.00901291 0.0183479 -0.000911271
1.82917 -0.00776924 0.01733 -0.00193151
1.83333 -0.00741788 0.0172636 -0.000282501
1.8375 -0.00831 0.0178214 0.0017618
1.84167 -0.00906839 0.0175392 0.00155995
1.84583 -0.00837447 0.0156675 -0.000678998
1.85 -0.00655756 0.0129573 -0.00221467
1.85417 -0.00508429 0.0105044 -0.00121947
1.85833 -0.00463229 0.00823694 0.000896781
1.8625 -0.00419372 0.00507428 0.00121498
1.86667 -0.00239005 0.000601093 -0.000972244
1.87083 0.00061535 -0.00394065 -0.00310104
1.875 0.00306261 -0.006758 -0.00242334
1.87917 0.00359029 -0.00745349 0.00048192
1.88333 0.00286126 -0.00742289 0.00223141
1.8875 0.00276833 -0.0082189 0.000750335
1.89167 0.00414977 -0.00989962 -0.00204458
1.89583 0.00582592 -0.0113103 -0.00243262
1.9 0.0061514 -0.0117962 0.000585371
1.90417 0.00516333 -0.0121677 0.00393837
1.90833 0.0046721 -0.0137913 0.00403629
1.9125 0.00615674 -0.0169313 0.00100858
1.91667 0.00895874 -0.0202234 -0.00140449
1.92083 0.0108871 -0.0218516 -0.000156332
1.925 0.0105532 -0.0212763 0.00362429
1.92917 0.00885241 -0.0198523 0.0059097
1.93333 0.00800267 -0.0196196 0.00427829
1.9375 0.00917436 -0.021235 0.000609671
1.94167 0.0112111 -0.0231123 -0.000960554
1.94583 0.0118391 -0.0229844 0.00140064
1.95 0.0101693 -0.0204647 0.00510071
1.95417 0.00777004 -0.0175608 0.00588016
1.95833 0.00691887 -0.0161349 0.00262736
1.9625 0.00781604 -0.0152628 -0.00113738
1.96667 0.00808322 -0.0121153 -0.00113913
1.97083 0.00547911 -0.00563686 0.00257983
1.975 0.000756559 0.00171485 0.00547467
1.97917 -0.00299172 0.00673836 0.00381581
1.98333 -0.00396456 0.00934343 -0.00075871
1.9875 -0.00380213 0.0124517 -0.00320693
1.99167 -0.00548317 0.0181754 -0.00128419
1.99583 -0.00963807 0.0254149 0.00179908
2 -0.0139687 0.0317361 0.00156528
2.00417 -0.0163025 0.0364435 -0.00219663
2.00833 -0.017124 0.0406725 -0.00552922
2.0125 -0.018478 0.0450385 -0.00542451
2.01667 -0.0210952 0.0484972 -0.00314578
2.02083 -0.0235295 0.04953 -0.00204217
2.025 -0.0239361 0.0473907 -0.00341805
2.02917 -0.0218665 0.0420263 -0.00557944
2.03333 -0.0182227 0.0338622 -0.00626554
2.0375 -0.0141508 0.0241469 -0.00492968
2.04167 -0.0102641 0.0145377 -0.00279153
2.04583 -0.00644679 0.00559254 -0.00148079
2.05 -0.00210625 -0.00357594 -0.00164437
2.05417 0.00300126 -0.0133181 -0.00231652
2.05833 0.00798653 -0.0218976 -0.00177051
2.0625 0.0113759 -0.0271546 0.000450098
2.06667 0.0127766 -0.0292512 0.00263685
2.07083 0.0134044 -0.0302383 0.00288386
2.075 0.014377 -0.0309005 0.00168426
2.07917 0.015057 -0.029709 0.00131688
2.08333 0.014004 -0.0255002 0.00256209
2.0875 0.0112369 -0.0196476 0.00359006
2.09167 0.00837285 -0.0144094 0.00283119
2.09583 0.00643627 -0.0102251 0.00138888
2.1 0.00474876 -0.0060579 0.00117013
2.10417 0.0024732 -0.00167996 0.0018094
2.10833 0.000126996 0.00197746 0.00144002
2.1125 -0.0013263 0.00446481 -3.46583e-05
2.11667 -0.00204197 0.00623251 -0.000709814
2.12083 -0.00282665 0.00734697 0.000114907
2.125 -0.00361286 0.00722523 0.000727443
2.12917 -0.00359551 0.00591523 -0.000175708
2.13333 -0.00268664 0.00433213 -0.00141908
2.1375 -0.00168591 0.00290215 -0.00138368
2.14167 -0.0010283 0.00128656 -0.000503773
2.14583 -0.000456951 -0.000243431 -0.000169939
2.15 4.23648e-05 -0.000786509 -0.000444136
2.15417 0.000187121 -0.000781492 -0.00059617
2.15833 0.000408789 -0.00213138 -0.000786652
2.1625 0.00153836 -0.0052063 -0.00127856
2.16667 0.00312153 -0.00761385 -0.0010302
2.17083 0.00360175 -0.00765931 0.000583429
2.175 0.0028734 -0.00715057 0.00156352
2.17917 0.00289167 -0.00831164 -0.00021315
2.18333 0.00447787 -0.00955899 -0.00275204
2.1875 0.00534069 -0.00775919 -0.00192016
2.19167 0.00337077 -0.00383832 0.00185325
2.19583 0.000455161 -0.00204553 0.00310347
2.2 0.000142744 -0.00331796 -0.000552201
2.20417 0.0021763 -0.0036835 -0.00404751
2.20833 0.00268207 -0.000752116 -0.00212081
2.2125 0.00012248 0.00242198 0.00252466
2.21667 -0.00238526 0.00261549 0.00320898
2.22083 -0.00204941 0.00176483 -0.000629532
2.225 -0.000538314 0.00328016 -0.00302763
2.22917 -0.000875913 0.00612788 -0.000851454
2.23333 -0.00278362 0.00723314 0.00220734
2.2375 -0.00401121 0.00755361 0.00225091
2.24167 -0.0044061 0.0102977 0.000552027
2.24583 -0.00534949 0.0141948 -0.000103407
2.25 -0.00637975 0.0146134 4.57767e-05
2.25417 -0.00596066 0.0116523 -2.19501e-05
2.25833 -0.0050046 0.0107927 0.000794528
2.2625 -0.00583136 0.0137899 0.00274203
2.26667 -0.00761744 0.0152632 0.00280118
2.27083 -0.00696837 0.0116575 -0.000452859
2.275 -0.00381968 0.00758683 -0.00266236
2.27917 -0.00243574 0.00816934 0.000391411
2.28333 -0.0045993 0.0100427 0.00501975
2.2875 -0.00602184 0.00671005 0.00410098
2.29167 -0.0027907 -0.000408407 -0.00164787
2.29583 0.00210714 -0.00387003 -0.00394613
2.3 0.00305285 -0.00194756 0.000542496
2.30417 0.000292493 -0.00079625 0.00503354
2.30833 -0.000772728 -0.00423916 0.00299461
2.3125 0.00210422 -0.00861797 -0.0023983
2.31667 0.00539213 -0.0100422 -0.00385985
2.32083 0.00588719 -0.0103261 -0.000634558
2.325 0.00492177 -0.0122401 0.00190602
2.32917 0.00502467 -0.0141873 0.000733599
2.33333 0.00608133 -0.013832 -0.00201092
2.3375 0.00678898 -0.0128747 -0.00348932
2.34167 0.00708557 -0.0137567 -0.00304078
2.34583 0.00715519 -0.0148464 -0.00118027
2.35 0.00634617 -0.0133458 0.000670169
2.35417 0.00486195 -0.0103384 0.00019653
2.35833 0.00430813 -0.00849558 -0.00275199
2.3625 0.00482978 -0.00703966 -0.00430813
2.36667 0.00406258 -0.00362948 -0.00148381
2.37083 0.000939105 0.000570191 0.00244935
2.375 -0.00187126 0.00251418 0.00202989
2.37917 -0.00180651 0.00263038 -0.00190315
2.38333 -0.00047675 0.00374932 -0.00321102
2.3875 -0.000967043 0.00578203 1.69415e-05
2.39167 -0.00297489 0.00641226 0.00283642
2.39583 -0.0039256 0.00610117 0.00167724
2.4 -0.00342501 0.00696023 -0.000632012
2.40417 -0.00302151 0.00741422 -0.000597558
2.40833 -0.00267339 0.00428055 0.000546186
2.4125 -0.00132186 2.54383e-05 0.000592074
2.41667 -0.000200933 0.000650099 0.00069446
2.42083 -0.00133633 0.00525654 0.00189388
2.425 -0.00308958 0.00585143 0.00171777
2.42917 -0.00191412 0.000387616 -0.00102519
2.43333 0.00117046 -0.0026859 -0.00217643
2.4375 0.00117682 0.00187579 0.00136133
2.44167 -0.00245214 0.00639832 0.00479991
2.44583 -0.00383035 0.00240309 0.00204443
2.45 4.96973e-05 -0.00468761 -0.0035166
2.45417 0.0036562 -0.00381931 -0.00315572
2.45833 0.00138141 0.00321972 0.00302694
2.4625 -0.0031049 0.00439527 0.00536332
2.46667 -0.00248463 -0.00250001 -0.00016958
2.47083 0.00232308 -0.00597367 -0.00527209
2.475 0.00361515 1.04704e-05 -0.00246226
2.47917 -0.000612916 0.00602127 0.00321863
2.48333 -0.00370086 0.00307558 0.00272745
2.4875 -0.00138664 -0.00256387 -0.00268392
2.49167 0.00168181 -0.000423927 -0.00440737
2.49583 0.000183321 0.0066269 -0.000548965
2.5 -0.00338569 0.00798769 0.00216683
2.50417 -0.00374618 0.00362742 0.000162442
2.50833 -0.00178222 0.00345941 -0.00206506
2.5125 -0.00216647 0.00954096 -0.000696763
2.51667 -0.00476825 0.0122816 0.00132822
2.52083 -0.0051157 0.00698663 0.000579314
2.525 -0.00252688 0.00185692 -0.000708208
2.52917 -0.00122217 0.00378447 0.000574453
2.53333 -0.00266338 0.00672607 0.00225047
2.5375 -0.00293391 0.00251827 0.000885535
2.54167 0.000185761 -0.00491536 -0.00149018
2.54583 0.00303856 -0.00634171 -0.000583135
2.55 0.00227611 -0.00281385 0.00238419
2.55417 0.000629074 -0.00326914 0.00232056
2.55833 0.0021852 -0.00894639 -0.00104284
2.5625 0.00535176 -0.0116751 -0.002417
2.56667 0.00560426 -0.00829104 0.00031203
2.57083 0.00318049 -0.00587678 0.00261002
2.575 0.00259134 -0.00935389 0.000813114
2.57917 0.00505365 -0.0133372 -0.00209344
2.58333 0.00672226 -0.0116815 -0.00170558
2.5875 0.00522215 -0.00750079 0.000821266
2.59167 0.00316779 -0.00700122 0.00130085
2.59583 0.00333901 -0.00899838 -0.000612066
2.6 0.00432762 -0.00802202 -0.00159602
2.60417 0.00358863 -0.00423262 -0.000434624
2.60833 0.0018146 -0.00260476 0.000633872
2.6125 0.00126588 -0.00388422 0.000159678
2.61667 0.0017465 -0.00357522 -0.000556536
2.62083 0.00126926 5.43252e-05 -0.000271621
2.625 -0.000391762 0.00329612 0.000309401
2.62917 -0.00157033 0.003503 0.000296203
2.63333 -0.00164464 0.0030221 9.52368e-05
2.6375 -0.00176068 0.00472179 0.000269354
2.64167 -0.00269036 0.00767311 0.000529091
2.64583 -0.00384969 0.00950346 0.000537721
2.65 -0.00458106 0.0100459 0.000463741
2.65417 -0.00495718 0.0104783 0.000330497
2.65833 -0.00515065 0.0109288 -6.31138e-05
2.6625 -0.00511105 0.010793 -0.000428997
2.66667 -0.0049402 0.0100558 -0.00034743
2.67083 -0.00475061 0.00905 -0.000297635
2.675 -0.00429777 0.00795784 -0.00101816
2.67917 -0.00349668 0.00711273 -0.0019198
2.68333 -0.00290241 0.00656632 -0.00168322
2.6875 -0.00280144 0.00520489 -0.00052255
2.69167 -0.00234335 0.00196055 -0.000145975
2.69583 -0.000695435 -0.00194688 -0.00106235
2.7 0.00136447 -0.00401554 -0.00163994
2.70417 0.00231705 -0.0041258 -0.00063243
2.70833 0.00215812 -0.00493297 0.00086992
2.7125 0.00239186 -0.00773547 0.00113388
2.71667 0.00368392 -0.01027 0.000313289
2.72083 0.00488954 -0.0100996 -1.97425e-06
2.725 0.00483398 -0.00816051 0.000845419
2.72917 0.00388278 -0.00693249 0.00187625
2.73333 0.00308768 -0.00659829 0.0019798
2.7375 0.00267845 -0.00541549 0.00119705
2.74167 0.00219321 -0.0031057 0.00039823
2.74583 0.00149608 -0.00131036 0.000244494
2.75 0.000820332 -0.000575503 0.000617908
2.75417 8.9346e-05 0.000809824 0.000816888
2.75833 -0.0010331 0.00406877 0.000294003
2.7625 -0.00243586 0.00767303 -0.000655601
2.76667 -0.00349381 0.00909898 -0.0010843
2.77083 -0.00380936 0.00793471 -0.000508259
2.775 -0.00358617 0.00598489 0.000334985
2.77917 -0.00313963 0.00471232 0.000263647
2.78333 -0.00244094 0.0037575 -0.000801756
2.7875 -0.00138723 0.00202537 -0.0015781
2.79167 -0.000207935 -0.000677896 -0.00102296
2.79583 0.000739748 -0.00342645 0.000222275
2.8 0.00142536 -0.00514549 0.000607742
2.80417 0.00207607 -0.00558494 -0.00025497
2.80833 0.00272602 -0.00550031 -0.00107096
2.8125 0.00312637 -0.00581489 -0.000631303
2.81667 0.00310557 -0.00651153 0.000591293
2.82083 0.00281352 -0.00674126 0.00113334
2.825 0.00260374 -0.00622502 0.0004106
2.82917 0.00274801 -0.0057642 -0.000671756
2.83333 0.00310909 -0.00571497 -0.000854581
2.8375 0.00302672 -0.00489679 9.29425e-05
2.84167 0.00191029 -0.00231178 0.00111405
2.84583 0.000194225 0.000703395 0.000952243
2.85 -0.000801184 0.00179461 -0.00033427
2.85417 -0.000473735 0.000949147 -0.00117635
2.85833 8.29113e-05 0.000685238 -0.000372796
2.8625 -0.00053065 0.00249135 0.00108753
2.86667 -0.00202108 0.00482905 0.00111324
2.87083 -0.00279703 0.00553127 -0.000526914
2.875 -0.0022646 0.00474907 -0.00165626
2.87917 -0.00162208 0.00435739 -0.000679581
2.88333 -0.00208461 0.00533227 0.00115475
2.8875 -0.00325959 0.00680335 0.00153707
2.89167 -0.0038295 0.00728627 0.000241663
2.89583 -0.00325467 0.00618137 -0.000779254
2.9 -0.00225105 0.00431384 -7.21413e-05
2.90417 -0.00182809 0.00317488 0.00164596
2.90833 -0.00217065 0.00323246 0.00252839
2.9125 -0.00243885 0.00324869 0.00171289
2.91667 -0.00176871 0.00208712 0.000317341
2.92083 -0.000562292 0.000695476 0.0003533
2.925 -0.00025961 0.000798306 0.00232829
2.92917 -0.00134371 0.00189465 0.00421904
2.93333 -0.00227248 0.00161178 0.00380684
2.9375 -0.00141544 -0.000612934 0.00187042
2.94167 0.000462205 -0.0023996 0.00146349
2.94583 0.00107924 -0.00195912 0.00362934
2.95 -8.70586e-05 -0.000790683 0.00570681
2.95417 -0.000990074 -0.00136234 0.00505235
2.95833 7.82774e-05 -0.00356992 0.00281264
2.9625 0.00217779 -0.00520722 0.00222647
2.96667 0.00319176 -0.00510815 0.00414192
2.97083 0.00266271 -0.00429161 0.00613684
2.975 0.00215714 -0.00432884 0.00590587
2.97917 0.00317682 -0.00559614 0.00402355
2.98333 0.00543656 -0.00698452 0.00303704
2.9875 0.00724786 -0.00697268 0.00451486
2.99167 0.00745446 -0.00540323 0.00724949
2.99583 0.00693457 -0.00405901 0.00851257
