0 0 0 0
0.00416667 0 0 0
0.00833333 0 0 0
0.0125 0 0 0
0.0166667 0 0 0
0.0208333 0 0 0
0.025 0 0 0
0.0291667 0 0 0
0.0333333 0 0 0
0.0375 0 0 0
0.0416667 0 0 0
0.0458333 0 0 0
0.05 0 0 0
0.0541667 0 0 0
0.0583333 0 0 0
0.0625 0 0 0
0.0666667 0 0 0
0.0708333 0 0 0
0.075 0 0 0
0.0791667 0 0 0
0.0833333 0 0 0
0.0875 0 0 0
0.0916667 0 0 0
0.0958333 0 0 0
0.1 0 0 0
0.104167 0 0 0
0.108333 0 0 0
0.1125 0 0 0
0.116667 0 0 0
0.120833 0 0 0
0.125 -1.82804e-322 3.78948e-321 8.18173e-321
0.129167 -2.0713e-316 2.85593e-315 6.08258e-315
0.133333 -1.00455e-310 1.3401e-309 2.85475e-309
0.1375 -3.2105e-305 4.14804e-304 8.83831e-304
0.141667 -6.93329e-300 8.68414e-299 1.85076e-298
0.145833 -1.03514e-294 1.25803e-293 2.68173e-293
0.15 -1.091e-289 1.28762e-288 2.74546e-288
0.154167 -8.27439e-285 9.49104e-284 2.02417e-283
0.158333 -4.59593e-280 5.12734e-279 1.09379e-278
0.1625 -1.9001e-275 2.0632e-274 4.40247e-274
0.166667 -5.93523e-271 6.27688e-270 1.33972e-269
0.170833 -1.42026e-266 1.46383e-265 3.12521e-265
0.175 -2.63716e-262 2.65056e-261 5.66038e-261
0.179167 -3.84511e-258 3.77086e-257 8.0551e-257
0.183333 -4.4514e-254 4.26181e-253 9.1065e-253
0.1875 -4.13408e-250 3.86607e-249 8.26335e-249
0.191667 -3.10983e-246 2.84208e-245 6.07653e-245
0.195833 -1.91195e-242 1.70841e-241 3.65382e-241
0.2 -9.68857e-239 8.46814e-238 1.81168e-237
0.204167 -4.07862e-235 3.48854e-234 7.46581e-234
0.208333 -1.437e-231 1.20329e-230 2.576e-230
0.2125 -4.26691e-228 3.49931e-227 7.49388e-227
0.216667 -1.07482e-224 8.63624e-224 1.85011e-223
0.220833 -2.311e-221 1.82e-220 3.9003e-220
0.225 -4.2662e-218 3.29417e-217 7.06201e-217
0.229167 -6.79903e-215 5.14913e-214 1.10427e-213
0.233333 -9.40325e-212 6.98694e-211 1.49896e-210
0.2375 -1.13415e-208 8.27064e-208 1.77502e-207
0.241667 -1.19853e-205 8.58043e-205 1.84222e-204
0.245833 -1.11465e-202 7.83633e-202 1.68312e-201
0.25 -9.16126e-200 6.32656e-199 1.35939e-198
0.254167 -6.68087e-197 4.53316e-196 9.74433e-196
0.258333 -4.33927e-194 2.8937e-193 6.22276e-193
0.2625 -2.51926e-191 1.65154e-190 3.55303e-190
0.266667 -1.31187e-188 8.4565e-188 1.82006e-187
0.270833 -6.14743e-186 3.89744e-185 8.39193e-185
0.275 -2.60037e-183 1.62183e-182 3.49364e-182
0.279167 -9.95883e-181 6.11168e-180 1.31712e-179
0.283333 -3.46298e-178 2.09158e-177 4.50958e-177
0.2875 -1.09632e-175 6.51818e-175 1.406e-174
0.291667 -3.16814e-173 1.85456e-172 4.00224e-172
0.295833 -8.37776e-171 4.82946e-170 1.04271e-169
0.3 -2.03209e-168 1.1538e-167 2.49231e-167
0.304167 -4.5315e-166 2.53467e-165 5.47778e-165
0.308333 -9.31052e-164 5.13127e-163 1.10948e-162
0.3125 -1.76625e-161 9.59283e-161 2.07519e-160
0.316667 -3.09991e-159 1.65944e-158 3.59163e-158
0.320833 -5.04322e-157 2.66138e-156 5.76313e-156
0.325 -7.61963e-155 3.96449e-154 8.58942e-154
0.329167 -1.07104e-152 5.49514e-152 1.19119e-151
0.333333 -1.40302e-150 7.09944e-150 1.53977e-149
0.3375 -1.71567e-148 8.56329e-148 1.85826e-147
0.341667 -1.96156e-146 9.65868e-146 2.0971e-145
0.345833 -2.10009e-144 1.02028e-143 2.21646e-143
0.35 -2.10853e-142 1.01085e-141 2.19719e-141
0.354167 -1.98815e-140 9.40668e-140 2.04579e-139
0.358333 -1.76296e-138 8.23309e-138 1.79157e-137
0.3625 -1.47209e-136 6.78642e-136 1.47761e-135
0.366667 -1.15899e-134 5.27502e-134 1.1492e-133
0.370833 -8.6142e-133 3.87122e-132 8.4387e-132
0.375 -6.05145e-131 2.68553e-130 5.85753e-130
0.379167 -4.02266e-129 1.76306e-128 3.84781e-128
0.383333 -2.53315e-127 1.09659e-126 2.39472e-126
0.3875 -1.51276e-125 6.46889e-125 1.41353e-124
0.391667 -8.57615e-124 3.62303e-123 7.92163e-123
0.395833 -4.62027e-122 1.92845e-121 4.21913e-121
0.4 -2.36766e-120 9.76481e-120 2.13772e-119
0.404167 -1.1552e-118 4.7081e-118 1.03136e-117
0.408333 -5.3713e-117 2.16348e-116 4.74237e-116
0.4125 -2.38217e-115 9.48346e-115 2.08014e-114
0.416667 -1.00857e-113 3.96883e-113 8.71108e-113
0.420833 -4.07989e-112 1.58708e-111 3.48575e-111
0.425 -1.57814e-110 6.06918e-110 1.33388e-109
0.429167 -5.84173e-109 2.22122e-108 4.88506e-108
0.433333 -2.07092e-107 7.786e-107 1.71351e-106
0.4375 -7.03612e-106 2.61588e-105 5.76088e-105
0.441667 -2.29278e-104 8.42975e-104 1.85774e-103
0.445833 -7.17057e-103 2.60738e-102 5.75011e-102
0.45 -2.15378e-101 7.74603e-101 1.70945e-100
0.454167 -6.21709e-100 2.21169e-99 4.88438e-99
0.458333 -1.72581e-98 6.0732e-98 1.34218e-97
0.4625 -4.60982e-97 1.60482e-96 3.54922e-96
0.466667 -1.18556e-95 4.08331e-95 9.03718e-95
0.470833 -2.93744e-94 1.00099e-93 2.217e-93
0.475 -7.01561e-93 2.3655e-92 5.243e-92
0.479167 -1.61605e-91 5.39182e-91 1.19595e-90
0.483333 -3.59227e-90 1.18604e-89 2.63271e-89
0.4875 -7.70972e-89 2.51909e-88 5.59594e-88
0.491667 -1.5984e-87 5.16879e-87 1.14907e-86
0.495833 -3.20277e-86 1.02506e-85 2.28055e-85
0.5 -6.20539e-85 1.9658e-84 4.37683e-84
0.504167 -1.16311e-83 3.64719e-83 8.1267e-83
0.508333 -2.11e-82 6.54949e-82 1.4605e-81
0.5125 -3.70634e-81 1.13889e-80 2.54164e-80
0.516667 -6.30668e-80 1.91853e-79 4.2849e-79
0.520833 -1.04e-78 3.13221e-78 7.00113e-78
0.525 -1.66274e-77 4.95806e-77 1.10911e-76
0.529167 -2.57838e-76 7.61245e-76 1.70425e-75
0.533333 -3.87947e-75 1.13412e-74 2.54108e-74
0.5375 -5.6659e-74 1.64015e-73 3.67784e-73
0.541667 -8.03524e-73 2.30334e-72 5.16917e-72
0.545833 -1.10693e-71 3.14226e-71 7.05764e-71
0.55 -1.4818e-70 4.16572e-70 9.36405e-70
0.554167 -1.92822e-69 5.36848e-69 1.20777e-68
0.558333 -2.43987e-68 6.72782e-68 1.51484e-67
0.5625 -3.00308e-67 8.20166e-67 1.84823e-66
0.566667 -3.59664e-66 9.72912e-66 2.19427e-65
0.570833 -4.19268e-65 1.12338e-64 2.53575e-64
0.575 -4.75868e-64 1.26297e-63 2.85325e-63
0.579167 -5.26031e-63 1.38294e-62 3.12692e-62
0.583333 -5.66491e-62 1.47531e-61 3.33862e-61
0.5875 -5.94507e-61 1.53377e-60 3.47387e-60
0.591667 -6.08168e-60 1.55436e-59 3.52352e-59
0.595833 -6.06613e-59 1.53596e-58 3.48478e-58
0.6 -5.90115e-58 1.48032e-57 3.36144e-57
0.604167 -5.60032e-57 1.39185e-56 3.16328e-56
0.608333 -5.18619e-56 1.27704e-55 2.90484e-55
0.6125 -4.68763e-55 1.14365e-54 2.60368e-54
0.616667 -4.13648e-54 9.99921e-54 2.27844e-53
0.620833 -3.56439e-53 8.53741e-53 1.94705e-52
0.625 -2.99996e-52 7.11989e-52 1.62518e-51
0.629167 -2.46673e-51 5.80103e-51 1.32529e-50
0.633333 -1.98197e-50 4.61867e-50 1.05609e-49
0.6375 -1.55646e-49 3.59419e-49 8.22558e-49
0.641667 -1.1949e-48 2.73433e-48 6.26318e-48
0.645833 -8.96955e-48 2.034e-47 4.66311e-47
0.65 -6.58478e-47 1.47977e-46 3.39545e-46
0.654167 -4.72855e-46 1.05307e-45 2.41848e-45
0.658333 -3.32211e-45 7.33217e-45 1.68537e-44
0.6625 -2.28392e-44 4.99566e-44 1.1493e-43
0.666667 -1.53676e-43 3.33136e-43 7.6708e-43
0.670833 -1.01221e-42 2.17467e-42 5.01176e-42
0.675 -6.52748e-42 1.3899e-41 3.20596e-41
0.679167 -4.12199e-41 8.69892e-41 2.00824e-40
0.683333 -2.54933e-40 5.33226e-40 1.23208e-39
0.6875 -1.54444e-39 3.20178e-39 7.40443e-39
0.691667 -9.16672e-39 1.88353e-38 4.35959e-38
0.695833 -5.33112e-38 1.08573e-37 2.51516e-37
0.7 -3.03844e-37 6.13343e-37 1.42206e-36
0.704167 -1.69736e-36 3.39611e-36 7.88068e-36
0.708333 -9.29504e-36 1.84339e-35 4.28119e-35
0.7125 -4.99046e-35 9.81001e-35 2.28024e-34
0.716667 -2.62725e-34 5.11915e-34 1.19089e-33
0.720833 -1.35641e-33 2.61974e-33 6.09944e-33
0.725 -6.86854e-33 1.31494e-32 3.06404e-32
0.729167 -3.41174e-32 6.47437e-32 1.50986e-31
0.733333 -1.66257e-31 3.12739e-31 7.29913e-31
0.7375 -7.94921e-31 1.48221e-30 3.46215e-30
0.741667 -3.72958e-30 6.89342e-30 1.61143e-29
0.745833 -1.71726e-29 3.14631e-29 7.36065e-29
0.75 -7.76067e-29 1.40947e-28 3.29994e-28
0.754167 -3.44266e-28 6.19792e-28 1.45219e-27
0.758333 -1.49922e-27 2.67555e-27 6.27358e-27
0.7625 -6.40997e-27 1.13397e-26 2.66086e-26
0.766667 -2.69095e-26 4.719e-26 1.10812e-25
0.770833 -1.10932e-25 1.92841e-25 4.53152e-25
0.775 -4.491e-25 7.73908e-25 1.81985e-24
0.779167 -1.78569e-24 3.05039e-24 7.17787e-24
0.783333 -6.97399e-24 1.18095e-23 2.78074e-23
0.7875 -2.67548e-23 4.49113e-23 1.05819e-22
0.791667 -1.00832e-22 1.67787e-22 3.95585e-22
0.795833 -3.73343e-22 6.15841e-22 1.45284e-21
0.8 -1.35818e-21 2.22086e-21 5.24234e-21
0.804167 -4.85482e-21 7.86938e-21 1.85863e-20
0.808333 -1.70525e-20 2.74004e-20 6.4751e-20
0.8125 -5.88605e-20 9.37549e-20 2.21673e-19
0.816667 -1.99667e-19 3.15266e-19 7.45784e-19
0.820833 -6.65672e-19 1.04191e-18 2.46588e-18
0.825 -2.18125e-18 3.38432e-18 8.01326e-18
0.829167 -7.02527e-18 1.0805e-17 2.55944e-17
0.833333 -2.22408e-17 3.39082e-17 8.03517e-17
0.8375 -6.92128e-17 1.046e-16 2.47958e-16
0.841667 -2.11731e-16 3.17189e-16 7.52156e-16
0.845833 -6.36739e-16 9.45541e-16 2.24283e-15
0.85 -1.88247e-15 2.77095e-15 6.57442e-15
0.854167 -5.47133e-15 7.98314e-15 1.89452e-14
0.858333 -1.56339e-14 2.26112e-14 5.36695e-14
0.8625 -4.39197e-14 6.29633e-14 1.49469e-13
0.866667 -1.21303e-13 1.72372e-13 4.09235e-13
0.870833 -3.29389e-13 4.63946e-13 1.10153e-12
0.875 -8.79373e-13 1.22769e-12 2.91486e-12
0.879167 -2.30814e-12 3.19398e-12 7.58298e-12
0.883333 -5.95628e-12 8.16943e-12 1.93935e-11
0.8875 -1.51114e-11 2.0543e-11 4.87596e-11
0.891667 -3.76917e-11 5.07854e-11 1.20516e-10
0.895833 -9.24247e-11 1.23427e-10 2.92816e-10
0.9 -2.22802e-10 2.9489e-10 6.99357e-10
0.904167 -5.27987e-10 6.92592e-10 1.64187e-09
0.908333 -1.22994e-09 1.59898e-09 3.78877e-09
0.9125 -2.8163e-09 3.62855e-09 8.5931e-09
0.916667 -6.3385e-09 8.09331e-09 1.91545e-08
0.920833 -1.4021e-08 1.77416e-08 4.19593e-08
0.925 -3.04806e-08 3.8221e-08 9.03215e-08
0.929167 -6.5116e-08 8.09131e-08 1.91039e-07
0.933333 -1.36689e-07 1.68307e-07 3.96988e-07
0.9375 -2.81913e-07 3.43962e-07 8.10424e-07
0.941667 -5.71198e-07 6.90548e-07 1.62508e-06
0.945833 -1.13683e-06 1.36175e-06 3.20044e-06
0.95 -2.2222e-06 2.63732e-06 6.18947e-06
0.954167 -4.26565e-06 5.01563e-06 1.17527e-05
0.958333 -8.03954e-06 9.36506e-06 2.19071e-05
0.9625 -1.48745e-05 1.71649e-05 4.00785e-05
0.966667 -2.70107e-05 3.08765e-05 7.19496e-05
0.970833 -4.81297e-05 5.44974e-05 0.000126716
0.975 -8.41344e-05 9.4358e-05 0.000218884
0.979167 -0.000144245 0.000160221 0.000370721
0.983333 -0.000242477 0.000266727 0.000615457
0.9875 -0.000399523 0.000435193 0.00100119
0.991667 -0.000644998 0.000695669 0.00159525
0.995833 -0.00101988 0.00108907 0.00248861
1 -0.00157878 0.00166893 0.00379916
1.00417 -0.00239143 0.00250228 0.00567264
1.00833 -0.00354255 0.00366856 0.00827916
1.0125 -0.00512888 0.00525577 0.0118029
1.01667 -0.00725208 0.00735252 0.0164226
1.02083 -0.0100063 0.0100352 0.0222818
1.025 -0.01346 0.0133497 0.0294473
1.02917 -0.017631 0.0172889 0.0378591
1.03333 -0.0224589 0.0217678 0.047278
1.0375 -0.0277763 0.0265998 0.0572394
1.04167 -0.0332862 0.0314813 0.067027
1.04583 -0.0385524 0.0359907 0.0756828
1.05 -0.0430124 0.0396078 0.0820644
1.05417 -0.0460185 0.04176 0.0849599
1.05833 -0.0469089 0.0418935 0.0832553
1.0625 -0.0451078 0.0395657 0.0761372
1.06667 -0.0402383 0.0345419 0.063296
1.07083 -0.0322301 0.0268797 0.0450851
1.075 -0.0213946 0.0169759 0.0225849
1.07917 -0.00844066 0.00555638 -0.00246491
1.08333 0.00558509 -0.00640214 -0.0278802
1.0875 0.0194378 -0.0178128 -0.0513684
1.09167 0.0318729 -0.02766 -0.0709235
1.09583 0.0418636 -0.0351801 -0.0851863
1.1 0.0487854 -0.039998 -0.0936716
1.10417 0.0525138 -0.0421776 -0.0967899
1.10833 0.0534042 -0.0421691 -0.0956504
1.1125 0.0521556 -0.0406669 -0.0917021
1.11667 0.0496001 -0.0384222 -0.0863352
1.12083 0.04649 -0.0360759 -0.0805904
1.125 0.0433618 -0.0340715 -0.0750913
1.12917 0.0405318 -0.0326814 -0.0702287
1.13333 0.0382223 -0.0321287 -0.0665122
1.1375 0.0367583 -0.0327412 -0.064903
1.14167 0.0367265 -0.0350444 -0.0669165
1.14583 0.0389847 -0.0397136 -0.0743444
1.15 0.0444584 -0.0473556 -0.0886049
1.15417 0.0537531 -0.0581718 -0.109909
1.15833 0.0667059 -0.0716203 -0.136569
1.1625 0.0820624 -0.0862301 -0.164793
1.16667 0.0974508 -0.099683 -0.189149
1.17083 0.109729 -0.109189 -0.203661
1.175 0.115639 -0.112066 -0.203196
1.17917 0.112573 -0.106341 -0.184696
1.18333 0.0991836 -0.0911828 -0.147812
1.1875 0.0756424 -0.0670248 -0.0947611
1.19167 0.0434771 -0.0353751 -0.0295536
1.19583 0.00510048 0.00156435 0.0430292
1.2 -0.0367363 0.0412929 0.118232
1.20417 -0.0793322 0.0812637 0.191621
1.20833 -0.120148 0.118949 0.258912
1.2125 -0.156695 0.151799 0.315644
1.21667 -0.186397 0.177246 0.357113
1.22083 -0.206629 0.192884 0.378831
1.225 -0.21504 0.196837 0.377434
1.22917 -0.210081 0.188206 0.351685
1.23333 -0.191519 0.167412 0.303116
1.2375 -0.160693 0.136255 0.235998
1.24167 -0.120395 0.0976692 0.156656
1.24583 -0.0744139 0.0552523 0.0724304
1.25 -0.0269353 0.0127393 -0.00934098
1.25417 0.0180067 -0.0264223 -0.0820778
1.25833 0.0569077 -0.0593455 -0.140438
1.2625 0.0870288 -0.0838661 -0.180677
1.26667 0.106574 -0.0986703 -0.200996
1.27083 0.114862 -0.103417 -0.201801
1.275 0.112433 -0.0988059 -0.185669
1.27917 0.10099 -0.0864999 -0.156846
1.28333 0.0830767 -0.068862 -0.120344
1.2875 0.061574 -0.0485537 -0.0809947
1.29167 0.0391933 -0.0281311 -0.0428349
1.29583 0.0181704 -0.00976127 -0.00902668
1.3 0.000225194 0.00490918 0.0179168
1.30417 -0.013344 0.0148107 0.0360386
1.30833 -0.0216546 0.0195325 0.0442955
1.3125 -0.0244455 0.0194425 0.0432249
1.31667 -0.0223753 0.0157256 0.0353421
1.32083 -0.0171028 0.010165 0.024655
1.325 -0.0108837 0.00460675 0.0152009
1.32917 -0.00572386 0.000277747 0.00926546
1.33333 -0.00250271 -0.00268084 0.00638597
1.3375 -0.000635798 -0.00513259 0.00393571
1.34167 0.00140542 -0.00826983 -0.000880159
1.34583 0.0049377 -0.0126861 -0.00880318
1.35 0.00997496 -0.0177646 -0.0175722
1.35417 0.0149521 -0.0218194 -0.0230226
1.35833 0.0175351 -0.0229738 -0.0216602
1.3625 0.0160652 -0.0202761 -0.0130711
1.36667 0.0107159 -0.0143569 -0.000539243
1.37083 0.00357586 -0.00719666 0.0106109
1.375 -0.00243628 -0.00112954 0.0159097
1.37917 -0.00514743 0.00231025 0.014025
1.38333 -0.00419994 0.00301386 0.00705033
1.3875 -0.000989688 0.00208629 -0.00117812
1.39167 0.00237024 0.0010406 -0.00740357
1.39583 0.0042778 0.000978067 -0.0103229
1.4 0.00425666 0.00223834 -0.0103399
1.40417 0.00270872 0.00458633 -0.00833754
1.40833 0.000227992 0.00761174 -0.00475549
1.4125 -0.00284727 0.010951 0.000233491
1.41667 -0.00630464 0.0142154 0.00581535
1.42083 -0.00961748 0.0168521 0.010043
1.425 -0.0117937 0.0182579 0.0106012
1.42917 -0.0118625 0.0182098 0.00649647
1.43333 -0.00972163 0.0173046 -0.000678299
1.4375 -0.00661612 0.01695 -0.00717791
1.44167 -0.00468108 0.0187207 -0.00927599
1.44583 -0.00568319 0.0233864 -0.00576563
1.45 -0.00979322 0.0302609 0.00107014
1.45417 -0.0153174 0.0373815 0.00687171
1.45833 -0.0196738 0.0424782 0.00809799
1.4625 -0.0209814 0.0441209 0.00435122
1.46667 -0.0191488 0.042291 -0.00153588
1.47083 -0.0157023 0.0380268 -0.00566272
1.475 -0.012522 0.032461 -0.00582634
1.47917 -0.010456 0.0259842 -0.00285619
1.48333 -0.00883367 0.018136 0.00035658
1.4875 -0.00617718 0.00824419 0.00123694
1.49167 -0.00149334 -0.00373384 -0.000589212
1.49583 0.00487961 -0.0168361 -0.0032937
1.5 0.0114884 -0.0294597 -0.00456477
1.50417 0.0168016 -0.0401515 -0.00354659
1.50833 0.0201999 -0.0482024 -0.00142185
1.5125 0.0221459 -0.0536231 -0.000241217
1.51667 0.0234667 -0.0566023 -0.00105258
1.52083 0.0244107 -0.0569731 -0.00293062
1.525 0.0243077 -0.054188 -0.00373702
1.52917 0.0221395 -0.0478594 -0.00199743
1.53333 0.0175581 -0.0384205 0.00166635
1.5375 0.011485 -0.0273162 0.00479239
1.54167 0.00573492 -0.0164705 0.00492247
1.54583 0.00187758 -0.00734466 0.00161948
1.55 0.000188808 -0.000250322 -0.00298299
1.55417 -0.00048105 0.00557343 -0.00565329
1.55833 -0.00177539 0.0111674 -0.00451578
1.5625 -0.00452283 0.0169324 -0.000588276
1.56667 -0.00806473 0.0222714 0.00288533
1.57083 -0.0107681 0.0260515 0.00291326
1.575 -0.0113498 0.027505 -0.000828112
1.57917 -0.00996675 0.0268413 -0.0055841
1.58333 -0.00816607 0.0250676 -0.00756792
1.5875 -0.00767216 0.0231566 -0.00495606
1.59167 -0.00894414 0.0212487 0.000535498
1.59583 -0.0106889 0.018577 0.00484602
1.6 -0.0108039 0.0142326 0.00470448
1.60417 -0.00807251 0.0081769 0.0002489
1.60833 -0.00326978 0.00164979 -0.00501286
1.6125 0.00126382 -0.00344983 -0.00695034
1.61667 0.00332051 -0.00581752 -0.00409672
1.62083 0.00248654 -0.00569085 0.00119336
1.625 0.000440815 -0.00473196 0.00468069
1.62917 -0.000367064 -0.00488695 0.0036989
1.63333 0.00138751 -0.00706169 -0.000706661
1.6375 0.00494538 -0.0106042 -0.00470402
1.64167 0.00818116 -0.013954 -0.00485692
1.64583 0.00936446 -0.0159075 -0.000896309
1.65 0.00850254 -0.0164921 0.00419053
1.65417 0.00719805 -0.0167982 0.00673374
1.65833 0.00722101 -0.0179849 0.00538467
1.6625 0.00904609 -0.020328 0.00204882
1.66667 0.0115688 -0.0230848 8.65324e-05
1.67083 0.0131627 -0.0252178 0.00142892
1.675 0.0131035 -0.0262927 0.00506638
1.67917 0.0121317 -0.0267541 0.00807478
1.68333 0.011718 -0.0273698 0.00815988
1.6875 0.0127193 -0.0283741 0.00551294
1.69167 0.0145912 -0.0290959 0.00250011
1.69583 0.0158007 -0.0284142 0.00160139
1.7 0.0150545 -0.0256527 0.00341088
1.70417 0.0123056 -0.021152 0.00630547
1.70833 0.00874365 -0.0160487 0.00790185
1.7125 0.00583707 -0.0114578 0.00698127
1.71667 0.00424103 -0.00772101 0.00431768
1.72083 0.00341802 -0.00426769 0.00186478
1.725 0.00218511 -0.000105246 0.0010985
1.72917 -0.000335168 0.00550685 0.0018924
1.73333 -0.00413224 0.0126847 0.00275703
1.7375 -0.00848292 0.0209999 0.00213974
1.74167 -0.0126315 0.0298045 -0.000316244
1.74583 -0.0163528 0.0384916 -0.00353914
1.75 -0.0199455 0.0465426 -0.00594199
1.75417 -0.023722 0.0534258 -0.0066968
1.75833 -0.0274779 0.0585064 -0.00633597
1.7625 -0.0304141 0.0610904 -0.00621929
1.76667 -0.0315878 0.060614 -0.00732729
1.77083 -0.03053 0.0568848 -0.00938309
1.775 -0.0275385 0.0502092 -0.0110345
1.77917 -0.0234204 0.0412781 -0.0109586
1.78333 -0.0188976 0.0308533 -0.00897757
1.7875 -0.0141517 0.0194976 -0.00623951
1.79167 -0.00887919 0.00760764 -0.00427518
1.79583 -0.00281841 -0.00426438 -0.00370436
1.8 0.00369183 -0.0151574 -0.00371474
1.80417 0.00963965 -0.023902 -0.00282297
1.80833 0.013904 -0.0297352 -0.00030054
1.8125 0.0160452 -0.0327895 0.00301869
1.81667 0.0166316 -0.033918 0.00536341
1.82083 0.0167378 -0.0339152 0.00559777
1.825 0.0169837 -0.032835 0.00429209
1.82917 0.0169778 -0.0300793 0.00320937
1.83333 0.0157336 -0.0251981 0.00361606
1.8375 0.0127277 -0.0186319 0.00504103
1.84167 0.00859624 -0.0116792 0.00575909
1.84583 0.00475253 -0.00572733 0.0045764
1.85 0.00225176 -0.00146211 0.00211777
1.85417 0.00100016 0.00129664 0.000249737
1.85833 7.7194e-05 0.00313839 0.000186306
1.8625 -0.00119878 0.00451347 0.00125195
1.86667 -0.00259235 0.00553866 0.00163807
1.87083 -0.00334228 0.0061393 0.000369807
1.875 -0.00311849 0.00623145 -0.00163925
1.87917 -0.00243258 0.0057765 -0.00260238
1.88333 -0.00204907 0.0047838 -0.00182483
1.8875 -0.00211197 0.00334631 -0.000434272
1.89167 -0.00201667 0.00163629 -8.17443e-05
1.89583 -0.0011567 -0.000212541 -0.00111071
1.9 0.000352089 -0.00220823 -0.00225721
1.90417 0.00180098 -0.00440158 -0.00214728
1.90833 0.00266678 -0.0066617 -0.000825332
1.9125 0.00310805 -0.00863373 0.000376453
1.91667 0.00365108 -0.0099716 0.000349786
1.92083 0.00449147 -0.0105347 -0.000654605
1.925 0.0052073 -0.0102949 -0.00142708
1.92917 0.00516158 -0.00920825 -0.00114178
1.93333 0.00416005 -0.00743104 -0.000170423
1.9375 0.00272983 -0.00563734 0.000383854
1.94167 0.0017454 -0.00474031 -0.000134533
1.94583 0.00168551 -0.00498409 -0.00123292
1.95 0.00216855 -0.00543803 -0.00174908
1.95417 0.0022599 -0.0047417 -0.0010717
1.95833 0.00134367 -0.00244562 0.000154982
1.9625 -0.000293341 0.000568807 0.00069384
1.96667 -0.00179477 0.00304541 0.000115455
1.97083 -0.00261918 0.00453002 -0.000673913
1.975 -0.00299898 0.00555125 -0.000482189
1.97917 -0.00354615 0.00691782 0.000748796
1.98333 -0.00456295 0.00904167 0.00186665
1.9875 -0.00580959 0.011745 0.00184422
1.99167 -0.00683027 0.0144279 0.000919023
1.99583 -0.00740281 0.0164559 0.00029733
2 -0.00771107 0.0175779 0.000879283
2.00417 -0.00809286 0.017943 0.00233502
2.00833 -0.00852509 0.0176686 0.00333792
2.0125 -0.00842566 0.0166764 0.00280671
2.01667 -0.00728852 0.0151733 0.00117984
2.02083 -0.00559825 0.0138456 0.000305519
2.025 -0.00461717 0.0129614 0.00149413
2.02917 -0.00482183 0.0115699 0.00364283
2.03333 -0.00496442 0.00851583 0.00413886
2.0375 -0.00346845 0.0042971 0.00209981
2.04167 -0.000642505 0.00085639 -0.000178778
2.04583 0.00145585 -0.000883465 -2.38377e-05
2.05 0.00163742 -0.00221075 0.00200457
2.05417 0.00111159 -0.00462541 0.00279092
2.05833 0.00177037 -0.00774081 0.000859781
2.0625 0.00377118 -0.0103621 -0.00180242
2.06667 0.00577695 -0.0126594 -0.00267478
2.07083 0.00698418 -0.0154821 -0.00186021
2.075 0.00768862 -0.0180647 -0.00122344
2.07917 0.00814145 -0.0186625 -0.00166898
2.08333 0.00822839 -0.0175934 -0.00272471
2.0875 0.00830945 -0.0172269 -0.0038639
2.09167 0.00892875 -0.0181513 -0.0045855
2.09583 0.00940062 -0.0178238 -0.00393867
2.1 0.00825037 -0.0145532 -0.00188587
2.10417 0.00568836 -0.0104547 -0.000573587
2.10833 0.003944 -0.00811899 -0.00191663
2.1125 0.00400466 -0.00640046 -0.00411748
2.11667 0.0037479 -0.00268435 -0.00340801
2.12083 0.00112919 0.00209363 0.000263397
2.125 -0.00225251 0.00458432 0.0024622
2.12917 -0.00328439 0.00465663 0.000646312
2.13333 -0.00212907 0.00555619 -0.00187285
2.1375 -0.00185609 0.00794843 -0.000953952
2.14167 -0.00341015 0.00844816 0.00211832
2.14583 -0.00428422 0.00581517 0.00305184
2.15 -0.00303413 0.00396074 0.00137663
2.15417 -0.00176904 0.00566677 0.000466642
2.15833 -0.00233699 0.00753028 0.00144144
2.1625 -0.00305906 0.00558519 0.00179454
2.16667 -0.00192863 0.00246975 0.000622677
2.17083 -0.00053342 0.00323996 0.000462669
2.175 -0.00133391 0.00628799 0.00220482
2.17917 -0.0028373 0.00532585 0.00266238
2.18333 -0.00162448 3.8813e-05 5.58399e-05
2.1875 0.00159146 -0.00262218 -0.00202962
2.19167 0.00245569 0.000492087 -6.83687e-05
2.19583 -7.43826e-05 0.00350926 0.00313306
2.2 -0.00180052 0.00113491 0.00240131
2.20417 6.21638e-05 -0.00281463 -0.00148255
2.20833 0.00249243 -0.00208835 -0.00284035
2.2125 0.00172208 0.00160736 -2.30286e-05
2.21667 -0.000776125 0.00196186 0.00226083
2.22083 -0.00114157 -0.000998094 0.000650787
2.225 0.000412852 -0.00119896 -0.00195047
2.22917 0.000403222 0.00275079 -0.00169984
2.23333 -0.00174225 0.0050683 0.000149633
2.2375 -0.00290814 0.00285514 0.000145312
2.24167 -0.00195849 0.00135741 -0.00138247
2.24583 -0.00178941 0.00518997 -0.00147546
2.25 -0.0041902 0.0102239 -0.000117853
2.25417 -0.00643589 0.00992428 -0.00020146
2.25833 -0.00561138 0.00574505 -0.00209166
2.2625 -0.00346557 0.00440049 -0.00251934
2.26667 -0.00354868 0.0066927 -0.00010051
2.27083 -0.00527471 0.00653515 0.00179509
2.275 -0.00482407 0.00168316 0.000154801
2.27917 -0.00157656 -0.00198937 -0.00253244
2.28333 0.000538994 -0.000196324 -0.00176049
2.2875 -0.000700492 0.00213267 0.00188819
2.29167 -0.00200367 -0.00143794 0.00332647
2.29583 0.000330563 -0.00796281 0.000736655
2.3 0.00436797 -0.00930905 -0.00160631
2.30417 0.00542131 -0.00523197 -6.68001e-05
2.30833 0.00342036 -0.00391055 0.002761
2.3125 0.00285367 -0.00867857 0.00254574
2.31667 0.00538956 -0.0127315 0.000246422
2.32083 0.00736675 -0.0106121 3.81308e-05
2.325 0.00618574 -0.00711254 0.00199173
2.32917 0.00458771 -0.00855871 0.00227192
2.33333 0.00551561 -0.0116643 0.000327956
2.3375 0.00670909 -0.00949113 2.45029e-05
2.34167 0.00480798 -0.00422586 0.00239578
2.34583 0.00186084 -0.0040448 0.0031574
2.35 0.00232183 -0.00889567 0.000145987
2.35417 0.00520061 -0.00998015 -0.00227395
2.35833 0.00519192 -0.00438641 -0.000297489
2.3625 0.00142284 0.000143837 0.00261607
2.36667 -0.00103049 -0.00164097 0.00132619
2.37083 0.00049647 -0.00424506 -0.00244835
2.375 0.00224249 -0.0016166 -0.00317463
2.37917 0.000716954 0.00288269 -0.000590056
2.38333 -0.00190621 0.00364391 0.000617805
2.3875 -0.00243392 0.00300171 -0.00104267
2.39167 -0.00214899 0.00615206 -0.00233678
2.39583 -0.0036096 0.0110498 -0.0017021
2.4 -0.00560122 0.0120705 -0.00121139
2.40417 -0.0057211 0.0103674 -0.00160951
2.40833 -0.00522514 0.0118296 -0.000981891
2.4125 -0.00671622 0.0165079 0.000556243
2.41667 -0.00901463 0.0184781 0.000151406
2.42083 -0.00891791 0.0157402 -0.00225752
2.425 -0.00671879 0.0124441 -0.00279325
2.42917 -0.00546232 0.0108613 -0.000148061
2.43333 -0.00550044 0.00842306 0.0015948
2.4375 -0.00424065 0.00395477 -0.00051547
2.44167 -0.00114442 0.000163598 -0.00329956
2.44583 0.00130509 -0.00193277 -0.00254293
2.45 0.00204728 -0.00500041 0.000464105
2.45417 0.00290633 -0.00960454 0.00157872
2.45833 0.00476943 -0.0121453 0.000400829
2.4625 0.00598817 -0.0112849 -0.000162467
2.46667 0.00583337 -0.0109303 0.000706576
2.47083 0.00603545 -0.0133045 0.00126607
2.475 0.00715356 -0.0142967 0.00140232
2.47917 0.00679249 -0.0103657 0.00270261
2.48333 0.00386715 -0.00537685 0.0041924
2.4875 0.00147907 -0.00448035 0.00279787
2.49167 0.00214934 -0.00480778 -0.000665079
2.49583 0.00284417 6.7622e-05 -0.00100541
2.5 -0.000668011 0.00820023 0.00303469
2.50417 -0.00611299 0.0107884 0.00503828
2.50833 -0.00706375 0.00637687 0.000307522
2.5125 -0.00304241 0.00393085 -0.00544333
2.51667 -0.000903865 0.00808462 -0.0038695
2.52083 -0.0040667 0.0109814 0.00246399
2.525 -0.00685992 0.00565916 0.00337951
2.52917 -0.00387329 -0.00132411 -0.00270291
2.53333 0.00102788 -0.000709767 -0.00617451
2.5375 0.00137212 0.0032058 -0.00199108
2.54167 -0.00106951 2.82921e-05 0.00261785
2.54583 -0.00010782 -0.0077931 0.00102723
2.55 0.00355263 -0.00869998 -0.00229145
2.55417 0.00407276 -0.00294577 -0.00120383
2.55833 0.00181433 -0.00293501 0.00124182
2.5625 0.00278776 -0.0109205 7.32888e-05
2.56667 0.00678519 -0.013923 -0.00145444
2.57083 0.00674846 -0.00632169 0.00118326
2.575 0.001783 -0.000270112 0.0035736
2.57917 -7.68164e-05 -0.00470861 -1.74329e-05
2.58333 0.00423542 -0.00997655 -0.00462293
2.5875 0.00680499 -0.00522543 -0.00199001
2.59167 0.00216639 0.00274319 0.00436929
2.59583 -0.00309182 0.00221946 0.00405443
2.6 -0.00146011 -0.00297153 -0.00284022
2.60417 0.0030475 -0.00126615 -0.00578187
2.60833 0.00210184 0.00627011 -0.00079529
2.6125 -0.00344109 0.00893222 0.00422166
2.61667 -0.00604093 0.0050418 0.00259422
2.62083 -0.00361088 0.00318018 -0.00236872
2.625 -0.00112505 0.00676296 -0.00413229
2.62917 -0.00201633 0.00979314 -0.00141118
2.63333 -0.00441566 0.0080275 0.00230666
2.6375 -0.00532064 0.00474647 0.00323434
2.64167 -0.00414187 0.00430222 0.000491193
2.64583 -0.00234711 0.00634093 -0.00257169
2.65 -0.00181282 0.00749156 -0.00157689
2.65417 -0.0028704 0.0055449 0.00260209
2.65833 -0.0035403 0.00196244 0.00425159
2.6625 -0.00227254 0.000724275 0.00134053
2.66667 -0.000611766 0.00284072 -0.00145292
2.67083 -0.000520801 0.00366244 -0.000590772
2.675 -0.000774448 -0.000113872 0.00142199
2.67917 0.000343005 -0.00373694 0.00175269
2.68333 0.00110376 -0.00157184 0.00148017
2.6875 -0.000269898 0.00230782 0.00129792
2.69167 -0.00104251 8.12537e-06 -0.000358425
2.69583 0.00160791 -0.00634676 -0.00232027
2.7 0.00448814 -0.00770278 -0.000910597
2.70417 0.00317282 -0.00357053 0.00255698
2.70833 0.000171411 -0.00253652 0.00214062
2.7125 0.00117274 -0.00723099 -0.00261382
2.71667 0.00530379 -0.0105087 -0.0049228
2.72083 0.00654075 -0.00805905 -0.00162086
2.725 0.00347675 -0.00433231 0.00205381
2.72917 0.000707144 -0.00379165 0.00118628
2.73333 0.00114836 -0.00490138 -0.00227605
2.7375 0.00288368 -0.00474385 -0.00401034
2.74167 0.00325026 -0.00304171 -0.00264634
2.74583 0.00165057 -0.000649155 0.000485888
2.75 -0.000936771 0.00136784 0.002439
2.75417 -0.0024303 0.00189676 0.000423031
2.75833 -0.00142591 0.0019821 -0.00358247
2.7625 5.40321e-06 0.00397055 -0.00337411
2.76667 -0.00143545 0.0066344 0.00207536
2.77083 -0.00454363 0.00633661 0.00532675
2.775 -0.00493198 0.0042614 0.00183585
2.77917 -0.0025057 0.00514005 -0.00238782
2.78333 -0.00157185 0.00787797 -0.000889636
2.7875 -0.00306127 0.00675331 0.00304802
2.79167 -0.00350395 0.00273927 0.00350107
2.79583 -0.00215735 0.00254146 0.00157993
2.8 -0.00177354 0.00541074 0.000805918
2.80417 -0.00204332 0.00348658 0.000333115
2.80833 -3.56452e-05 -0.00333949 -0.000652945
2.8125 0.00289832 -0.00637876 0.000470876
2.81667 0.00271117 -0.0037267 0.00319154
2.82083 0.000715234 -0.00307783 0.00234018
2.825 0.00175893 -0.00696381 -0.00212545
2.82917 0.00507143 -0.00888005 -0.00317079
2.83333 0.00537044 -0.00621983 0.00124252
2.8375 0.00229823 -0.0040608 0.0041321
2.84167 0.00053532 -0.00441797 0.0015295
2.84583 0.00140996 -0.00369439 -0.00153979
2.85 0.00192849 -0.00138346 -0.000678905
2.85417 0.000890325 -0.000348907 0.00187596
2.85833 -0.000572538 0.000541863 0.00345527
2.8625 -0.00248024 0.00392336 0.00424662
2.86667 -0.00455929 0.00696817 0.00347779
2.87083 -0.00463003 0.00649058 0.000814964
2.875 -0.00303301 0.00617227 0.00038567
2.87917 -0.00382866 0.00935438 0.00472862
2.88333 -0.00742164 0.0112398 0.00795093
2.8875 -0.00830814 0.00766274 0.00432914
2.89167 -0.00436868 0.00368952 -0.00095372
2.89583 -0.00106143 0.00418133 5.54664e-05
2.9 -0.00200225 0.00476232 0.00461604
2.90417 -0.00321585 0.0012324 0.00475907
2.90833 -0.00113203 -0.00183671 0.000735552
2.9125 0.00163083 -0.000629118 -0.00154212
2.91667 0.00252652 6.20445e-05 -0.00113871
2.92083 0.00339854 -0.00340404 -0.00073833
2.925 0.00523807 -0.00635552 -0.000227665
2.92917 0.00610149 -0.00550857 0.000570476
2.93333 0.00643566 -0.00522173 -0.000856933
2.9375 0.00901486 -0.0080916 -0.00360716
2.94167 0.0125788 -0.00993404 -0.00222577
2.94583 0.013195 -0.00883499 0.00341389
2.95 0.0119339 -0.00868811 0.00619637
2.95417 0.0133169 -0.0105 0.00394375
2.95833 0.0169253 -0.0105208 0.00341744
2.9625 0.0184499 -0.00862253 0.0083013
2.96667 0.0176682 -0.00836542 0.0136008
2.97083 0.0177621 -0.00887187 0.0154311
2.975 0.0187618 -0.00673734 0.01626
2.97917 0.0187573 -0.00418653 0.0178967
2.98333 0.018763 -0.00516574 0.018877
2.9875 0.0198682 -0.00659932 0.0199774
2.99167 0.0193374 -0.00375029 0.0231078
2.99583 0.0155706 0.000134531 0.0251931
