0 0 0 0
0.00416667 0 0 0
0.00833333 0 0 0
0.0125 0 0 0
0.0166667 0 0 0
0.0208333 0 0 0
0.025 0 0 0
0.0291667 0 0 0
0.0333333 0 0 0
0.0375 0 0 0
0.0416667 0 0 0
0.0458333 0 0 0
0.05 0 0 0
0.0541667 0 0 0
0.0583333 0 0 0
0.0625 0 0 0
0.0666667 0 0 0
0.0708333 0 0 0
0.075 0 0 0
0.0791667 0 0 0
0.0833333 0 0 0
0.0875 0 0 0
0.0916667 0 0 0
0.0958333 0 0 0
0.1 0 0 0
0.104167 0 0 0
0.108333 0 0 0
0.1125 0 0 0
0.116667 0 0 0
0.120833 0 0 0
0.125 0 0 0
0.129167 0 0 0
0.133333 0 0 0
0.1375 0 0 0
0.141667 0 0 0
0.145833 0 0 0
0.15 0 0 0
0.154167 0 0 0
0.158333 0 0 0
0.1625 0 0 0
0.166667 0 0 0
0.170833 0 0 0
0.175 0 0 0
0.179167 0 0 0
0.183333 0 0 0
0.1875 0 0 0
0.191667 0 0 0
0.195833 -2.66301e-321 0 8.17382e-320
0.2 -2.03658e-317 4.56527e-319 5.77921e-316
0.204167 -1.21503e-313 2.76299e-315 3.37553e-312
0.208333 -6.04924e-310 1.3952e-311 1.64603e-308
0.2125 -2.53144e-306 5.9433e-308 6.74937e-305
0.216667 -8.96447e-303 2.16119e-304 2.34287e-301
0.220833 -2.7037e-299 6.79527e-301 6.92902e-298
0.225 -6.98742e-296 1.87278e-297 1.75659e-294
0.229167 -1.55642e-292 4.58595e-294 3.83941e-291
0.233333 -3.00486e-289 1.00978e-290 7.27568e-288
0.2375 -5.05547e-286 2.01642e-287 1.20182e-284
0.241667 -7.45156e-283 3.6663e-284 1.73963e-281
0.245833 -9.67314e-280 6.068e-281 2.21813e-278
0.25 -1.11179e-276 9.11444e-278 2.50444e-275
0.254167 -1.13753e-273 1.23766e-274 2.51735e-272
0.258333 -1.04188e-270 1.51432e-271 2.26507e-269
0.2625 -8.59249e-268 1.66594e-268 1.83494e-266
0.266667 -6.41959e-265 1.64656e-265 1.34636e-263
0.270833 -4.37212e-262 1.46254e-262 9.0029e-261
0.275 -2.73128e-259 1.16883e-259 5.52029e-258
0.279167 -1.57424e-256 8.41886e-257 3.12212e-255
0.283333 -8.41419e-254 5.47672e-254 1.63719e-252
0.2875 -4.18704e-251 3.22514e-251 7.99262e-250
0.291667 -1.94476e-248 1.72338e-248 3.64269e-247
0.295833 -8.441e-246 8.37671e-246 1.55201e-244
0.3 -3.42376e-243 3.71262e-243 6.18276e-242
0.304167 -1.2968e-240 1.50396e-240 2.30152e-239
0.308333 -4.58189e-238 5.58155e-238 7.99734e-237
0.3125 -1.50857e-235 1.90203e-235 2.59129e-234
0.316667 -4.62477e-233 5.96453e-233 7.82282e-232
0.320833 -1.31958e-230 1.72485e-230 2.19924e-229
0.325 -3.50415e-228 4.60924e-228 5.75694e-227
0.329167 -8.66283e-226 1.14042e-225 1.40354e-224
0.333333 -1.99492e-223 2.61752e-223 3.18866e-222
0.3375 -4.28291e-221 5.58333e-221 6.75577e-220
0.341667 -8.58091e-219 1.10878e-218 1.33611e-217
0.345833 -1.60618e-216 2.05344e-216 2.46937e-215
0.35 -2.81216e-214 3.55239e-214 4.26983e-213
0.354167 -4.61123e-212 5.7497e-212 6.91595e-211
0.358333 -7.0905e-210 8.7201e-210 1.05065e-208
0.3625 -1.02371e-207 1.24105e-207 1.49892e-206
0.366667 -1.38956e-205 1.65983e-205 2.01078e-204
0.370833 -1.7755e-203 2.08903e-203 2.53958e-202
0.375 -2.13821e-201 2.47747e-201 3.02349e-200
0.379167 -2.42996e-199 2.7721e-199 3.39728e-198
0.383333 -2.60903e-197 2.93014e-197 3.60699e-196
0.3875 -2.64972e-195 2.92931e-195 3.62287e-194
0.391667 -2.5483e-193 2.77295e-193 3.44623e-192
0.395833 -2.32333e-191 2.48833e-191 3.1081e-190
0.4 -2.01021e-189 2.11901e-189 2.66053e-188
0.404167 -1.65234e-187 1.71425e-187 2.16378e-186
0.408333 -1.29157e-185 1.31877e-185 1.67366e-184
0.4125 -9.60997e-184 9.65724e-184 1.2324e-182
0.416667 -6.81282e-182 6.73806e-182 8.64737e-181
0.420833 -4.60609e-180 4.48352e-180 5.78706e-179
0.425 -2.97253e-178 2.8477e-178 3.69712e-177
0.429167 -1.83268e-176 1.72798e-176 2.25671e-175
0.433333 -1.08039e-174 1.00258e-174 1.31723e-173
0.4375 -6.09484e-173 5.56661e-173 7.35825e-172
0.441667 -3.29289e-171 2.96005e-171 3.93695e-170
0.445833 -1.70515e-169 1.50862e-169 2.01907e-168
0.45 -8.46919e-168 7.37496e-168 9.93286e-167
0.454167 -4.0377e-166 3.46062e-166 4.69078e-165
0.458333 -1.84904e-164 1.5598e-164 2.128e-163
0.4625 -8.13913e-163 6.75782e-163 9.28008e-162
0.466667 -3.44605e-161 2.81615e-161 3.89293e-160
0.470833 -1.4043e-159 1.12954e-159 1.57191e-158
0.475 -5.51146e-158 4.3633e-158 6.1134e-157
0.479167 -2.08456e-156 1.62431e-156 2.29144e-155
0.483333 -7.60259e-155 5.83069e-155 8.28254e-154
0.4875 -2.67525e-153 2.01942e-153 2.88871e-152
0.491667 -9.08802e-152 6.752e-152 9.72696e-151
0.495833 -2.98208e-150 2.18063e-150 3.16391e-149
0.5 -9.45693e-149 6.80625e-149 9.94671e-148
0.504167 -2.89995e-147 2.05419e-147 3.02394e-146
0.508333 -8.60332e-146 5.99798e-146 8.89461e-145
0.5125 -2.47055e-144 1.69519e-144 2.53257e-143
0.516667 -6.87048e-143 4.63971e-143 6.98372e-142
0.520833 -1.85121e-141 1.23037e-141 1.866e-140
0.525 -4.83503e-140 3.16264e-140 4.83325e-139
0.529167 -1.22467e-138 7.88377e-139 1.21414e-137
0.533333 -3.0096e-137 1.9067e-137 2.95929e-136
0.5375 -7.17887e-136 4.47593e-136 7.00149e-135
0.541667 -1.66282e-134 1.02028e-134 1.60864e-133
0.545833 -3.74163e-133 2.25931e-133 3.59066e-132
0.55 -8.18228e-132 4.86211e-132 7.78955e-131
0.554167 -1.73965e-130 1.01728e-130 1.64303e-129
0.558333 -3.5974e-129 2.07009e-129 3.37085e-128
0.5625 -7.23807e-128 4.09863e-128 6.72918e-127
0.566667 -1.4175e-126 7.89857e-127 1.3076e-125
0.570833 -2.70303e-125 1.4821e-125 2.47417e-124
0.575 -5.02063e-124 2.70881e-124 4.56023e-123
0.579167 -9.08648e-123 4.82397e-123 8.1902e-122
0.583333 -1.60292e-121 8.37342e-122 1.43384e-120
0.5875 -2.75709e-120 1.41715e-120 2.44764e-119
0.591667 -4.62548e-119 2.33932e-119 4.07548e-118
0.595833 -7.5712e-118 3.76757e-118 6.62114e-117
0.6 -1.20952e-116 5.92195e-117 1.04989e-115
0.604167 -1.8864e-115 9.08729e-116 1.62535e-114
0.608333 -2.87315e-114 1.36176e-114 2.45736e-113
0.6125 -4.27477e-113 1.99339e-113 3.62943e-112
0.616667 -6.21473e-112 2.85124e-112 5.23819e-111
0.620833 -8.83101e-111 3.98609e-111 7.38955e-110
0.625 -1.22686e-109 5.44819e-110 1.01922e-108
0.629167 -1.66686e-108 7.28231e-109 1.37484e-107
0.633333 -2.2153e-107 9.52163e-108 1.81419e-106
0.6375 -2.88077e-106 1.21813e-106 2.34246e-105
0.641667 -3.66641e-105 1.52519e-105 2.96028e-104
0.645833 -4.56812e-104 1.86945e-104 3.66244e-103
0.65 -5.57318e-103 2.24373e-103 4.43704e-102
0.654167 -6.65954e-102 2.63753e-102 5.26509e-101
0.658333 -7.79581e-101 3.03737e-101 6.12081e-100
0.6625 -8.94244e-100 3.42745e-100 6.97273e-99
0.666667 -1.00537e-98 3.79068e-99 7.7855e-98
0.670833 -1.10808e-97 4.10991e-98 8.52229e-97
0.675 -1.19751e-96 4.36929e-97 9.14759e-96
0.679167 -1.26926e-95 4.55563e-96 9.63008e-95
0.683333 -1.3197e-94 4.65945e-95 9.9453e-94
0.6875 -1.34629e-93 4.67584e-94 1.00777e-92
0.691667 -1.34782e-92 4.60481e-93 1.00217e-91
0.695833 -1.32446e-91 4.4512e-92 9.78255e-91
0.7 -1.27775e-90 4.22416e-91 9.37506e-90
0.704167 -1.21043e-89 3.93628e-90 8.82247e-89
0.708333 -1.12614e-88 3.60242e-89 8.15421e-88
0.7125 -1.02918e-87 3.23852e-88 7.40337e-87
0.716667 -9.24093e-87 2.86036e-87 6.60406e-86
0.720833 -8.15339e-86 2.48253e-86 5.789e-85
0.725 -7.07028e-85 2.1176e-85 4.98749e-84
0.729167 -6.02678e-84 1.77559e-84 4.22398e-83
0.733333 -5.05076e-83 1.46375e-83 3.51718e-82
0.7375 -4.1622e-82 1.18654e-82 2.87986e-81
0.741667 -3.3733e-81 9.45947e-82 2.31912e-80
0.745833 -2.68918e-80 7.41797e-81 1.83704e-79
0.75 -2.10905e-79 5.72277e-80 1.43162e-78
0.754167 -1.62751e-78 4.34407e-79 1.09777e-77
0.758333 -1.23593e-77 3.24506e-78 8.28399e-77
0.7625 -9.23768e-77 2.38588e-77 6.15284e-76
0.766667 -6.79662e-76 1.72679e-76 4.49864e-75
0.770833 -4.92319e-75 1.23042e-75 3.23831e-74
0.775 -3.51144e-74 8.63284e-75 2.29535e-73
0.779167 -2.46642e-73 5.96487e-74 1.60226e-72
0.783333 -1.70629e-72 4.05932e-73 1.10161e-71
0.7875 -1.16278e-71 2.72125e-72 7.46085e-71
0.791667 -7.80658e-71 1.79723e-71 4.97824e-70
0.795833 -5.16413e-70 1.16954e-70 3.27299e-69
0.8 -3.36637e-69 7.49989e-70 2.12055e-68
0.804167 -2.16276e-68 4.74003e-69 1.35407e-67
0.808333 -1.36958e-67 2.95287e-68 8.52263e-67
0.8125 -8.54977e-67 1.81341e-67 5.28811e-66
0.816667 -5.26209e-66 1.09797e-66 3.23498e-65
0.820833 -3.19337e-65 6.55498e-66 1.95136e-64
0.825 -1.91108e-64 3.85918e-65 1.16077e-63
0.829167 -1.12795e-63 2.24081e-64 6.80995e-63
0.833333 -6.56654e-63 1.28337e-63 3.94078e-62
0.8375 -3.77104e-62 7.25073e-63 2.2496e-61
0.841667 -2.13654e-61 4.04147e-62 1.26695e-60
0.845833 -1.19435e-60 2.22264e-61 7.04026e-60
0.85 -6.58817e-60 1.2062e-60 3.86045e-59
0.854167 -3.58638e-59 6.45994e-60 2.08906e-58
0.858333 -1.92685e-58 3.41462e-59 1.11576e-57
0.8625 -1.02184e-57 1.78156e-58 5.88214e-57
0.866667 -5.34937e-57 9.17588e-58 3.06119e-56
0.870833 -2.76468e-56 4.66575e-57 1.5728e-55
0.875 -1.41076e-55 2.34241e-56 7.97858e-55
0.879167 -7.10824e-55 1.16121e-55 3.99655e-54
0.883333 -3.53682e-54 5.68463e-55 1.97693e-53
0.8875 -1.73798e-53 2.74838e-54 9.65785e-53
0.891667 -8.43511e-53 1.31241e-53 4.66004e-52
0.895833 -4.0438e-52 6.19041e-53 2.22104e-51
0.9 -1.91504e-51 2.88443e-52 1.04572e-50
0.904167 -8.9596e-51 1.32778e-51 4.86405e-50
0.908333 -4.1415e-50 6.03882e-51 2.23534e-49
0.9125 -1.89155e-49 2.71377e-50 1.01505e-48
0.916667 -8.53695e-49 1.20509e-49 4.55464e-48
0.920833 -3.80754e-48 5.28844e-49 2.01969e-47
0.925 -1.67833e-47 2.29365e-48 8.85127e-47
0.929167 -7.31188e-47 9.83213e-48 3.83399e-46
0.933333 -3.14871e-46 4.16603e-47 1.64154e-45
0.9375 -1.34035e-45 1.74494e-46 6.94759e-45
0.941667 -5.64048e-45 7.22523e-46 2.90691e-44
0.945833 -2.34668e-44 2.95777e-45 1.20246e-43
0.95 -9.65296e-44 1.19715e-44 4.91794e-43
0.954167 -3.92613e-43 4.79102e-44 1.98881e-42
0.958333 -1.57904e-42 1.89598e-43 7.95299e-42
0.9625 -6.28019e-42 7.41979e-43 3.145e-41
0.966667 -2.47019e-41 2.87162e-42 1.22996e-40
0.970833 -9.60929e-41 1.09917e-41 4.75733e-40
0.975 -3.69727e-40 4.16135e-41 1.81998e-39
0.979167 -1.4071e-39 1.55831e-40 6.88695e-39
0.983333 -5.29722e-39 5.77236e-40 2.57789e-38
0.9875 -1.97275e-38 2.1152e-39 9.54565e-38
0.991667 -7.2681e-38 7.66787e-39 3.49681e-37
0.995833 -2.64922e-37 2.75007e-38 1.26732e-36
1 -9.55402e-37 9.75844e-38 4.54436e-36
1.00417 -3.40915e-36 3.42615e-37 1.61232e-35
1.00833 -1.2037e-35 1.19027e-36 5.66034e-35
1.0125 -4.20559e-35 4.09178e-36 1.96638e-34
1.01667 -1.45408e-34 1.39198e-35 6.76003e-34
1.02083 -4.97538e-34 4.68621e-35 2.29987e-33
1.025 -1.68484e-33 1.56135e-34 7.74373e-33
1.02917 -5.64679e-33 5.1486e-34 2.58054e-32
1.03333 -1.87317e-32 1.68036e-33 8.51139e-32
1.0375 -6.15039e-32 5.42826e-33 2.77868e-31
1.04167 -1.99892e-31 1.73572e-32 8.97933e-31
1.04583 -6.4309e-31 5.49384e-32 2.87231e-30
1.05 -2.04809e-30 1.72134e-31 9.0953e-30
1.05417 -6.4572e-30 5.33906e-31 2.85114e-29
1.05833 -2.01545e-29 1.63941e-30 8.84812e-29
1.0625 -6.22797e-29 4.98369e-30 2.7185e-28
1.06667 -1.90539e-28 1.49991e-29 8.26926e-28
1.07083 -5.77165e-28 4.4694e-29 2.49046e-27
1.075 -1.73104e-27 1.3186e-28 7.42643e-27
1.07917 -5.14064e-27 3.85185e-28 2.19272e-26
1.08333 -1.51163e-26 1.11412e-27 6.41061e-26
1.0875 -4.40153e-26 3.19088e-27 1.85585e-25
1.09167 -1.26912e-25 9.04937e-27 5.32014e-25
1.09583 -3.62374e-25 2.54136e-26 1.51027e-24
1.1 -1.02465e-24 7.06745e-26 4.24566e-24
1.10417 -2.86926e-24 1.94634e-25 1.18197e-23
1.10833 -7.95699e-24 5.30817e-25 3.25875e-23
1.1125 -2.18536e-23 1.43366e-24 8.89785e-23
1.11667 -5.94432e-23 3.83475e-24 2.40612e-22
1.12083 -1.60138e-22 1.01583e-23 6.44405e-22
1.125 -4.27276e-22 2.66505e-23 1.70929e-21
1.12917 -1.12915e-21 6.92464e-23 4.49052e-21
1.13333 -2.9555e-21 1.78198e-22 1.16844e-20
1.1375 -7.6622e-21 4.54182e-22 3.01131e-20
1.14167 -1.96755e-20 1.14652e-21 7.6868e-20
1.14583 -5.00442e-20 2.86658e-21 1.9435e-19
1.15 -1.26079e-19 7.09869e-21 4.86718e-19
1.15417 -3.14627e-19 1.74113e-20 1.20733e-18
1.15833 -7.77714e-19 4.22983e-20 2.96647e-18
1.1625 -1.90422e-18 1.01779e-19 7.21967e-18
1.16667 -4.61839e-18 2.42569e-19 1.74045e-17
1.17083 -1.10954e-17 5.7261e-19 4.15602e-17
1.175 -2.64044e-17 1.33884e-18 9.83024e-17
1.17917 -6.22431e-17 3.10057e-18 2.30316e-16
1.18333 -1.45342e-16 7.11211e-18 5.3451e-16
1.1875 -3.3618e-16 1.61584e-17 1.22874e-15
1.19167 -7.7026e-16 3.63613e-17 2.79794e-15
1.19583 -1.74817e-15 8.10431e-17 6.31084e-15
1.2 -3.93017e-15 1.78907e-16 1.40995e-14
1.20417 -8.75218e-15 3.9117e-16 3.12023e-14
1.20833 -1.93062e-14 8.47086e-16 6.83961e-14
1.2125 -4.21839e-14 1.8168e-15 1.48503e-13
1.21667 -9.12987e-14 3.85918e-15 3.19367e-13
1.22083 -1.95724e-13 8.11869e-15 6.80287e-13
1.225 -4.15602e-13 1.69149e-14 1.43528e-12
1.22917 -8.74099e-13 3.49009e-14 2.99925e-12
1.23333 -1.82089e-12 7.1314e-14 6.20746e-12
1.2375 -3.757e-12 1.44303e-13 1.27242e-11
1.24167 -7.67752e-12 2.89148e-13 2.58319e-11
1.24583 -1.55387e-11 5.73719e-13 5.19368e-11
1.25 -3.11465e-11 1.12719e-12 1.03414e-10
1.25417 -6.18291e-11 2.19278e-12 2.03916e-10
1.25833 -1.2155e-10 4.22353e-12 3.9818e-10
1.2625 -2.36634e-10 8.05416e-12 7.69927e-10
1.26667 -4.56192e-10 1.52058e-11 1.47416e-09
1.27083 -8.70859e-10 2.84195e-11 2.79478e-09
1.275 -1.64612e-09 5.25801e-11 5.24614e-09
1.27917 -3.08083e-09 9.62936e-11 9.7499e-09
1.28333 -5.70884e-09 1.74549e-10 1.79394e-08
1.2875 -1.04732e-08 3.13148e-10 3.26769e-08
1.29167 -1.90212e-08 5.55987e-10 5.89214e-08
1.29583 -3.41981e-08 9.76848e-10 1.05167e-07
1.3 -6.08614e-08 1.69825e-09 1.85794e-07
1.30417 -1.07209e-07 2.92111e-09 3.24862e-07
1.30833 -1.86912e-07 4.97079e-09 5.62151e-07
1.3125 -3.22501e-07 8.36737e-09 9.62624e-07
1.31667 -5.50652e-07 1.39312e-08 1.63108e-06
1.32083 -9.30334e-07 2.2939e-08 2.73446e-06
1.325 -1.55517e-06 3.735e-08 4.53528e-06
1.32917 -2.57189e-06 6.01278e-08 7.44096e-06
1.33333 -4.20746e-06 9.56895e-08 1.20753e-05
1.3375 -6.80819e-06 1.50518e-07 1.93806e-05
1.34167 -1.08953e-05 2.33974e-07 3.07594e-05
1.34583 -1.72419e-05 3.59354e-07 4.827e-05
1.35 -2.69785e-05 5.45206e-07 7.48863e-05
1.35417 -4.17322e-05 8.1693e-07 0.000114839
1.35833 -6.3809e-05 1.20861e-06 0.000174048
1.3625 -9.64226e-05 1.765e-06 0.000260656
1.36667 -0.000143975 2.54349e-06 0.000385658
1.37083 -0.000212385 3.61572e-06 0.000563622
1.375 -0.000309458 5.06845e-06 0.000813451
1.37917 -0.000445272 7.00304e-06 0.00115913
1.38333 -0.000632548 9.53284e-06 0.00163033
1.3875 -0.000886938 1.27774e-05 0.00226282
1.39167 -0.00122717 1.6853e-05 0.00309827
1.39583 -0.00167491 2.18577e-05 0.00418353
1.4 -0.0022543 2.78516e-05 0.00556882
1.40417 -0.00299092 3.48309e-05 0.00730481
1.40833 -0.00391016 4.26973e-05 0.00943814
1.4125 -0.00503481 5.12248e-05 0.0120056
1.41667 -0.00638196 6.00266e-05 0.0150265
1.42083 -0.00795904 6.85272e-05 0.0184945
1.425 -0.00975944 7.59472e-05 0.0223681
1.42917 -0.0117579 8.13063e-05 0.026562
1.43333 -0.0139064 8.34542e-05 0.0309409
1.4375 -0.0161305 8.11346e-05 0.0353151
1.44167 -0.0183289 7.30861e-05 0.0394431
1.44583 -0.0203742 5.81791e-05 0.0430397
1.45 -0.0221181 3.55808e-05 0.0457925
1.45417 -0.0234009 4.9321e-06 0.047386
1.45833 -0.024064 -3.34863e-05 0.0475334
1.4625 -0.0239667 -7.86298e-05 0.0460119
1.46667 -0.0230044 -0.00012864 0.0426995
1.47083 -0.0211263 -0.0001809 0.037605
1.475 -0.0183509 -0.000232216 0.0308882
1.47917 -0.0147733 -0.00027913 0.022861
1.48333 -0.0105648 -0.000318344 0.0139671
1.4875 -0.00596019 -0.000347204 0.00473788
1.49167 -0.00123279 -0.000364189 -0.00427455
1.49583 0.00334057 -0.000369286 -0.0125782
1.5 0.00752149 -0.000364184 -0.0198264
1.50417 0.0111524 -0.00035219 -0.025891
1.50833 0.0141915 -0.000337821 -0.0309096
1.5125 0.0167333 -0.000326087 -0.0352898
1.51667 0.0190061 -0.000321539 -0.0396643
1.52083 0.0213442 -0.000327215 -0.0447949
1.525 0.0241355 -0.000343675 -0.0514352
1.52917 0.0277488 -0.000368339 -0.0601705
1.53333 0.0324523 -0.000395298 -0.0712641
1.5375 0.0383383 -0.000415725 -0.0845368
1.54167 0.0452672 -0.000418891 -0.0993104
1.54583 0.0528456 -0.000393678 -0.114429
1.55 0.0604456 -0.000330367 -0.128366
1.55417 0.0672656 -0.000222404 -0.139402
1.55833 0.0724263 -6.78261e-05 -0.145845
1.5625 0.0750854 0.000129914 -0.146267
1.56667 0.0745543 0.000361888 -0.139703
1.57083 0.0703969 0.000614397 -0.125796
1.575 0.0624951 0.000870314 -0.10486
1.57917 0.0510746 0.00111084 -0.0778664
1.58333 0.0366891 0.0013174 -0.0463536
1.5875 0.0201707 0.00147336 -0.0122934
1.59167 0.00255721 0.00156559 0.0220736
1.59583 -0.0149931 0.00158556 0.0544129
1.6 -0.0312921 0.00153017 0.0824755
1.60417 -0.0452128 0.00140221 0.104276
1.60833 -0.0557808 0.00121049 0.118274
1.6125 -0.0622641 0.000969462 0.123539
1.61667 -0.0642564 0.000698317 0.11989
1.62083 -0.061741 0.000419223 0.107972
1.625 -0.0551211 0.000154912 0.0892333
1.62917 -0.0451979 -7.42887e-05 0.0657844
1.63333 -0.0330881 -0.000253447 0.0401413
1.6375 -0.0200849 -0.0003754 0.0148904
1.64167 -0.00748485 -0.000441857 -0.00765901
1.64583 0.00358419 -0.000462787 -0.0257499
1.65 0.0122925 -0.000454073 -0.0383124
1.65417 0.0181618 -0.000433929 -0.0449253
1.65833 0.0210326 -0.000418969 -0.0456309
1.6625 0.0209608 -0.00042101 -0.0406793
1.66667 0.018088 -0.000445473 -0.0303113
1.67083 0.0125398 -0.000491757 -0.0146786
1.675 0.00439909 -0.000555262 0.00605034
1.67917 -0.00622734 -0.000630143 0.0314251
1.68333 -0.0190677 -0.000711622 0.0603915
1.6875 -0.0335266 -0.000796874 0.0910562
1.69167 -0.0485825 -0.000884094 0.120671
1.69583 -0.0628017 -0.0009702 0.145902
1.7 -0.0744988 -0.0010483 0.163356
1.70417 -0.0820142 -0.00110628 0.170225
1.70833 -0.0840404 -0.00112756 0.164872
1.7125 -0.0799006 -0.00109429 0.147183
1.71667 -0.0696966 -0.000992135 0.118577
1.72083 -0.0542843 -0.000815188 0.0817003
1.725 -0.0350932 -0.000569236 0.0399043
1.72917 -0.013853 -0.000272081 -0.00330644
1.73333 0.00768248 4.93414e-05 -0.0447096
1.7375 0.0279396 0.000364184 -0.0815947
1.74167 0.0456232 0.000643626 -0.111804
1.74583 0.0597225 0.0008657 -0.133676
1.75 0.0694782 0.00101772 -0.146015
1.75417 0.0743676 0.00109603 -0.148161
1.75833 0.0741452 0.00110379 -0.140156
1.7625 0.0689291 0.00104802 -0.122938
1.76667 0.0592907 0.000937432 -0.0984248
1.77083 0.0462842 0.000781554 -0.0694005
1.775 0.0313687 0.000591203 -0.0391641
1.77917 0.0162162 0.000379546 -0.011008
1.78333 0.00244184 0.000162662 0.0123422
1.7875 -0.00867264 -4.11629e-05 0.0291744
1.79167 -0.0163853 -0.000213585 0.039001
1.79583 -0.0205752 -0.000339313 0.0424896
1.8 -0.0216824 -0.00040923 0.0411482
1.80417 -0.0205306 -0.000422472 0.0368651
1.80833 -0.0180879 -0.000386728 0.0314302
1.8125 -0.0152301 -0.000316531 0.0261563
1.81667 -0.0125646 -0.000229934 0.021685
1.82083 -0.0103521 -0.000144415 0.0180067
1.825 -0.00853594 -7.31084e-05 0.0146683
1.82917 -0.00686068 -2.24341e-05 0.0110909
1.83333 -0.00503603 8.23676e-06 0.00688525
1.8375 -0.00288969 2.47975e-05 0.00205469
1.84167 -0.000455596 3.51655e-05 -0.00298532
1.84583 0.00203197 4.57701e-05 -0.00756909
1.85 0.00423144 5.90934e-05 -0.011045
1.85417 0.00582912 7.31757e-05 -0.0130161
1.85833 0.00665288 8.3165e-05 -0.0134441
1.8625 0.00671148 8.40709e-05 -0.0125758
1.86667 0.00614624 7.33365e-05 -0.0107495
1.87083 0.00512996 5.19818e-05 -0.00820622
1.875 0.0037783 2.38756e-05 -0.005032
1.87917 0.00213166 -6.2581e-06 -0.00127074
1.88333 0.000221132 -3.47863e-05 0.00286297
1.8875 -0.00182509 -5.98394e-05 0.00682451
1.89167 -0.00371283 -8.03599e-05 0.00977391
1.89583 -0.00501584 -9.43314e-05 0.0108391
1.9 -0.00531974 -9.76956e-05 0.00949824
1.90417 -0.00441279 -8.51888e-05 0.00588011
1.90833 -0.00242053 -5.31425e-05 0.00080243
1.9125 0.000198478 -2.87314e-06 -0.00449522
1.91667 0.00280601 5.74567e-05 -0.00879861
1.92083 0.00481344 0.000114101 -0.0113186
1.925 0.00587072 0.000152098 -0.0118499
1.92917 0.00592529 0.000160915 -0.0106468
1.93333 0.00514192 0.000138617 -0.00814629
1.9375 0.00375795 9.2452e-05 -0.00474898
1.94167 0.00197999 3.55795e-05 -0.000799748
1.94583 -1.47153e-05 -1.82725e-05 0.00325898
1.95 -0.00199716 -5.94685e-05 0.00674267
1.95417 -0.00362112 -8.43282e-05 0.00878765
1.95833 -0.00446854 -9.39022e-05 0.0086797
1.9625 -0.00422273 -9.11903e-05 0.00629238
1.96667 -0.00288057 -7.89787e-05 0.00234536
1.97083 -0.000857811 -5.95924e-05 -0.00175153
1.975 0.00111834 -3.61594e-05 -0.00446913
1.97917 0.00231173 -1.3725e-05 -0.00487492
1.98333 0.0023272 1.32982e-06 -0.0030968
1.9875 0.00131056 3.68443e-06 -0.000253259
1.99167 -0.000125868 -8.25239e-06 0.00212982
1.99583 -0.00122012 -3.15448e-05 0.00289252
2 -0.00144404 -6.09047e-05 0.00177128
2.00417 -0.00073903 -9.28815e-05 -0.000590929
2.00833 0.000516737 -0.000129477 -0.00311103
2.0125 0.00176656 -0.000178651 -0.0048896
2.01667 0.00258677 -0.000251027 -0.00561608
2.02083 0.00286782 -0.000354593 -0.00556567
2.025 0.00278582 -0.000490558 -0.00528287
2.02917 0.00262849 -0.000652803 -0.00522716
2.03333 0.00261925 -0.000830957 -0.00561652
2.0375 0.00285061 -0.00101468 -0.00649736
2.04167 0.00332902 -0.001196 -0.00787205
2.04583 0.0040397 -0.00136799 -0.00968966
2.05 0.00493762 -0.0015209 -0.0116698
2.05417 0.00585993 -0.00163859 -0.0131413
2.05833 0.00645702 -0.00169826 -0.0131439
2.0625 0.0062614 -0.00167419 -0.0108743
2.06667 0.00492086 -0.00154368 -0.00626869
2.07083 0.00247734 -0.00129243 -0.000316698
2.075 -0.000510197 -0.00091735 0.00520759
2.07917 -0.00313928 -0.000427443 0.00856227
2.08333 -0.00459117 0.000155541 0.00897777
2.0875 -0.00458329 0.000795254 0.00714904
2.09167 -0.00356656 0.00143881 0.00493664
2.09583 -0.00252233 0.00201804 0.00440956
2.1 -0.00245626 0.00245726 0.00677489
2.10417 -0.00387822 0.00268805 0.0118099
2.10833 -0.00656681 0.00266742 0.0180893
2.1125 -0.00973634 0.00239252 0.0238069
2.11667 -0.0124758 0.00190581 0.0276546
2.12083 -0.0141797 0.00128785 0.029258
2.125 -0.0147312 0.000640447 0.0290193
2.12917 -0.0143871 6.5713e-05 0.0276132
2.13333 -0.0135089 -0.000352269 0.0255492
2.1375 -0.0123502 -0.000559418 0.0230637
2.14167 -0.0110189 -0.00053616 0.0202948
2.14583 -0.00957674 -0.000295564 0.017474
2.15 -0.00813385 0.000123388 0.0149086
2.15417 -0.00683194 0.000666101 0.0127545
2.15833 -0.00572757 0.00127448 0.0107952
2.1625 -0.00468933 0.00189797 0.00845448
2.16667 -0.00341912 0.00249973 0.0050826
2.17083 -0.00160506 0.00305506 0.000325012
2.175 0.000897649 0.00354263 -0.00568906
2.17917 0.00398808 0.00393302 -0.012459
2.18333 0.00739249 0.00418157 -0.0194116
2.1875 0.0108208 0.00423149 -0.0261421
2.19167 0.0140808 0.00402777 -0.0324275
2.19583 0.0170744 0.00353694 -0.0380592
2.2 0.0197052 0.00276331 -0.0426937
2.20417 0.0218074 0.00175339 -0.0458969
2.20833 0.0231731 0.000585325 -0.0473639
2.2125 0.0236656 -0.000652761 -0.0471172
2.21667 0.0233123 -0.00188595 -0.045483
2.22083 0.0222823 -0.00306677 -0.0428177
2.225 0.0207453 -0.00417377 -0.0391816
2.22917 0.018715 -0.00519503 -0.0342203
2.23333 0.0160059 -0.0061045 -0.0273737
2.2375 0.012351 -0.00684338 -0.0182854
2.24167 0.00760732 -0.00731749 -0.00713479
2.24583 0.00190838 -0.00741513 0.00532289
2.25 -0.00433525 -0.00704079 0.0180043
2.25417 -0.0105725 -0.00615185 0.0298336
2.25833 -0.0162788 -0.00478334 0.039943
2.2625 -0.0210452 -0.0030503 0.0476707
2.26667 -0.0245669 -0.0011273 0.0524701
2.27083 -0.0265941 0.00078579 0.0539054
2.275 -0.0269346 0.00249812 0.0517949
2.27917 -0.0255292 0.003852 0.0463966
2.28333 -0.0225412 0.00473507 0.0384534
2.2875 -0.0183672 0.00508589 0.029003
2.29167 -0.0135313 0.00489963 0.0190416
2.29583 -0.00851467 0.00423482 0.00924828
2.3 -0.00362885 0.00321412 -5.63636e-05
2.30417 0.000986886 0.00200981 -0.00871171
2.30833 0.00525357 0.000810677 -0.0164391
2.3125 0.00901521 -0.000220776 -0.0226949
2.31667 0.0119812 -0.000982639 -0.0267681
2.32083 0.0137948 -0.00144321 -0.0280734
2.325 0.0141907 -0.00162313 -0.0264668
2.32917 0.0131459 -0.00156422 -0.0224026
2.33333 0.0109382 -0.00130719 -0.0168365
2.3375 0.00807488 -0.000892034 -0.0109143
2.34167 0.00512638 -0.00037567 -0.00559361
2.34583 0.00254416 0.000155212 -0.0013811
2.35 0.00054928 0.000596863 0.00169116
2.35417 -0.000859357 0.000867533 0.00385579
2.35833 -0.00179381 0.000948484 0.00531618
2.3625 -0.00234026 0.000893465 0.00607633
2.36667 -0.00249162 0.000791267 0.00602114
2.37083 -0.00219725 0.000701587 0.00518294
2.375 -0.00148787 0.00061073 0.00396281
2.37917 -0.000564441 0.000446354 0.00307606
2.38333 0.000247408 0.000148875 0.00319168
2.3875 0.00067564 -0.000250611 0.00449902
2.39167 0.000693772 -0.000611334 0.00654188
2.39583 0.000572653 -0.000752171 0.00849086
2.4 0.000730038 -0.000572157 0.00968719
2.40417 0.00147344 -0.000137413 0.0100553
2.40833 0.00282638 0.000337201 0.0100654
2.4125 0.00457042 0.000611563 0.0102886
2.41667 0.00646033 0.000568633 0.0109309
2.42083 0.0084222 0.00028237 0.0117555
2.425 0.0105564 -4.47252e-05 0.0124619
2.42917 0.012941 -0.000226973 0.0131658
2.43333 0.0154187 -0.000212841 0.0145006
2.4375 0.0175833 -8.73877e-05 0.017177
2.44167 0.0190123 3.19343e-05 0.0213323
2.44583 0.0195663 0.000109298 0.02624
2.45 0.0194883 0.000211625 0.030687
2.45417 0.0191923 0.000418845 0.0337607
2.45833 0.0188936 0.000708946 0.0354061
2.4625 0.0183903 0.00093295 0.0362753
2.46667 0.0171913 0.000918639 0.0369791
2.47083 0.0149009 0.000622523 0.0373748
2.475 0.0115429 0.000194299 0.036509
2.47917 0.00755451 -0.000116871 0.0332843
2.48333 0.00345492 -0.000149369 0.0272969
2.4875 -0.000526491 4.32949e-05 0.019145
2.49167 -0.00454858 0.000234745 0.00996462
2.49583 -0.00890958 0.000206834 0.00061505
2.5 -0.0136806 -8.0147e-05 -0.00878373
2.50417 -0.018548 -0.000467979 -0.0185967
2.50833 -0.0229991 -0.000740717 -0.0289905
2.5125 -0.0266805 -0.000798003 -0.0394856
2.51667 -0.0296096 -0.000714654 -0.0491737
2.52083 -0.0320623 -0.000648737 -0.0574084
2.525 -0.0342562 -0.000694796 -0.0643317
2.52917 -0.036133 -0.000816396 -0.070734
2.53333 -0.0374496 -0.000905703 -0.077342
2.5375 -0.0381009 -0.000897431 -0.0841407
2.54167 -0.0383737 -0.000825172 -0.090318
2.54583 -0.0388758 -0.00077802 -0.0948786
2.55 -0.0401541 -0.000815134 -0.0973988
2.55417 -0.0422809 -0.00092489 -0.0982783
2.55833 -0.0447226 -0.00105486 -0.0982821
2.5625 -0.0465778 -0.00116369 -0.0977641
2.56667 -0.0469884 -0.00123704 -0.0962111
2.57083 -0.0454125 -0.00126592 -0.0924532
2.575 -0.0416006 -0.00123293 -0.0853234
2.57917 -0.035385 -0.00113161 -0.0742138
2.58333 -0.0265471 -0.000987551 -0.0591236
2.5875 -0.0149419 -0.000835338 -0.0402824
2.59167 -0.000805434 -0.000661822 -0.0178047
2.59583 0.0150173 -0.000387432 0.00821134
2.6 0.0311522 6.46794e-05 0.0371623
2.60417 0.0460726 0.000661846 0.0674336
2.60833 0.0585225 0.00123584 0.0964017
2.6125 0.0677062 0.00159574 0.121058
2.61667 0.0731718 0.00169093 0.138884
2.62083 0.0745758 0.00165898 0.148422
2.625 0.0716087 0.00168963 0.149248
2.62917 0.0641891 0.00182615 0.141558
2.63333 0.0527635 0.00190663 0.125832
2.6375 0.0384206 0.00171736 0.102911
2.64167 0.0226747 0.00121138 0.0743358
2.64583 0.00704997 0.00056925 0.0425239
2.65 -0.00723958 3.91933e-05 0.0104657
2.65417 -0.0193328 -0.000277086 -0.0189487
2.65833 -0.028565 -0.000474286 -0.0435189
2.6625 -0.0343561 -0.000693916 -0.0618785
2.66667 -0.0362984 -0.000953871 -0.0732404
2.67083 -0.0343614 -0.00114245 -0.0771259
2.675 -0.0289916 -0.00116153 -0.0734011
2.67917 -0.0209817 -0.00103455 -0.0625724
2.68333 -0.011201 -0.000854382 -0.0459873
2.6875 -0.000399766 -0.000653934 -0.0256485
2.69167 0.0107893 -0.00037797 -0.00370007
2.69583 0.0217237 3.81451e-06 0.018073
2.7 0.0316621 0.000399571 0.0384297
2.70417 0.0398089 0.000666836 0.0565205
2.70833 0.0454572 0.000787474 0.0716157
2.7125 0.0481301 0.00092029 0.0829423
2.71667 0.0476587 0.00122883 0.0897072
2.72083 0.0441838 0.00166489 0.0912456
2.725 0.038081 0.0019794 0.0871996
2.72917 0.0298222 0.00198398 0.0776403
2.73333 0.0198373 0.00177346 0.0630679
2.7375 0.00848164 0.00163186 0.0442831
2.74167 -0.00384275 0.00170586 0.0222368
2.74583 -0.0165125 0.00182181 -0.00197881
2.75 -0.0286371 0.00167779 -0.0269567
2.75417 -0.0392169 0.00120259 -0.0508171
2.75833 -0.0473741 0.000661071 -0.0713442
2.7625 -0.052451 0.000372801 -0.0864659
2.76667 -0.0539471 0.000369523 -0.0947638
2.77083 -0.0514924 0.000392597 -0.0956355
2.775 -0.0450406 0.000222352 -0.0890898
2.77917 -0.0351854 -6.77395e-05 -0.0755656
2.78333 -0.0232566 -0.000236376 -0.0561242
2.7875 -0.0109788 -0.000206179 -0.0328413
2.79167 0.000121686 -0.000174794 -0.00880955
2.79583 0.00912078 -0.000367085 0.0126
2.8 0.015661 -0.000752363 0.0288481
2.80417 0.0196683 -0.00109235 0.0389006
2.80833 0.021202 -0.00125246 0.0430327
2.8125 0.020564 -0.00136454 0.0421289
2.81667 0.0184112 -0.00162694 0.0372072
2.82083 0.015586 -0.00201181 0.0294484
2.825 0.0127269 -0.00227762 0.0203278
2.82917 0.010026 -0.00227815 0.0113514
2.83333 0.00737226 -0.00215215 0.00347686
2.8375 0.00471548 -0.00212465 -0.00318679
2.84167 0.00227365 -0.00217272 -0.00901286
2.84583 0.000415358 -0.00200955 -0.0141409
2.85 -0.000598763 -0.00143264 -0.0181018
2.85417 -0.000746223 -0.000592713 -0.0201068
2.85833 -0.000193905 0.000171396 -0.0196614
2.8625 0.000782129 0.000719735 -0.01694
2.86667 0.00181366 0.0012154 -0.0127056
2.87083 0.00246504 0.00182082 -0.00798476
2.875 0.00235117 0.00240895 -0.00375976
2.87917 0.00129366 0.00268608 -0.000738309
2.88333 -0.000607394 0.00255705 0.000827181
2.8875 -0.00300402 0.00223227 0.00120601
2.89167 -0.00535557 0.00193683 0.00105896
2.89583 -0.00700592 0.00163326 0.00118418
2.9 -0.00738721 0.00113915 0.00230088
2.90417 -0.00634856 0.00045089 0.00488672
2.90833 -0.00435894 -0.000209451 0.00894119
2.9125 -0.00231144 -0.000695214 0.0137148
2.91667 -0.0010115 -0.00112621 0.0177468
2.92083 -0.000782335 -0.00165733 0.019468
2.925 -0.00149688 -0.00215458 0.0180513
2.92917 -0.00285384 -0.0023011 0.0138009
2.93333 -0.00448334 -0.00204804 0.00775442
2.9375 -0.00581585 -0.00175968 0.00100085
2.94167 -0.00609948 -0.00176295 -0.00555484
2.94583 -0.00482682 -0.00188286 -0.0109489
2.95 -0.00222282 -0.00166834 -0.0141341
2.95417 0.000817847 -0.00108377 -0.0145804
2.95833 0.00340335 -0.000698625 -0.0129069
2.9625 0.00524679 -0.000995614 -0.0106143
2.96667 0.00656899 -0.00166241 -0.00894131
2.97083 0.00751786 -0.00189367 -0.00798776
2.975 0.00788964 -0.0014199 -0.00703405
2.97917 0.00747531 -0.000902748 -0.00559153
2.98333 0.00647359 -0.00107161 -0.00388375
2.9875 0.00531346 -0.00168317 -0.00227882
2.99167 0.00407437 -0.00174315 -0.000595712
2.99583 0.0023246 -0.000798031 0.00166768
