0 0 0 0
0.00416667 0 0 0
0.00833333 0 0 0
0.0125 0 0 0
0.0166667 0 0 0
0.0208333 0 0 0
0.025 0 0 0
0.0291667 0 0 0
0.0333333 0 0 0
0.0375 0 0 0
0.0416667 0 0 0
0.0458333 0 0 0
0.05 0 0 0
0.0541667 0 0 0
0.0583333 0 0 0
0.0625 0 0 0
0.0666667 0 0 0
0.0708333 0 0 0
0.075 0 0 0
0.0791667 0 0 0
0.0833333 0 0 0
0.0875 0 0 0
0.0916667 0 0 0
0.0958333 0 0 0
0.1 0 0 0
0.104167 0 0 0
0.108333 0 0 0
0.1125 0 0 0
0.116667 0 0 0
0.120833 0 0 0
0.125 0 0 0
0.129167 0 0 0
0.133333 0 0 0
0.1375 0 0 0
0.141667 0 0 0
0.145833 0 0 0
0.15 0 0 0
0.154167 0 0 0
0.158333 0 0 0
0.1625 0 0 0
0.166667 0 0 0
0.170833 0 0 0
0.175 0 0 0
0.179167 0 0 0
0.183333 0 0 0
0.1875 0 0 0
0.191667 -2.94463e-321 4.49254e-320 6.03748e-320
0.195833 -1.03773e-316 1.48613e-315 1.99821e-315
0.2 -2.7878e-312 3.90674e-311 5.25252e-311
0.204167 -6.01345e-308 8.24998e-307 1.10911e-306
0.208333 -1.05079e-303 1.4119e-302 1.89799e-302
0.2125 -1.49983e-299 1.97455e-298 2.65416e-298
0.216667 -1.76239e-295 2.27424e-294 3.05677e-294
0.220833 -1.71749e-291 2.17319e-290 2.92074e-290
0.225 -1.39776e-287 1.73487e-286 2.33147e-286
0.229167 -9.56254e-284 1.16462e-282 1.56502e-282
0.233333 -5.53363e-280 6.61523e-279 8.88895e-279
0.2375 -2.72454e-276 3.1981e-275 4.29703e-275
0.241667 -1.14773e-272 1.32323e-271 1.77781e-271
0.245833 -4.15849e-269 4.71042e-268 6.32827e-268
0.25 -1.30245e-265 1.4499e-264 1.94777e-264
0.254167 -3.54306e-262 3.8773e-261 5.20842e-261
0.258333 -8.40911e-259 9.04882e-258 1.21547e-257
0.2625 -1.74881e-255 1.85092e-254 2.4861e-254
0.266667 -3.19988e-252 3.3319e-251 4.47509e-251
0.270833 -5.17151e-249 5.299e-248 7.11677e-248
0.275 -7.40987e-246 7.4732e-245 1.00364e-244
0.279167 -9.44617e-243 9.37931e-242 1.25957e-241
0.283333 -1.07505e-239 1.05113e-238 1.41153e-238
0.2875 -1.0958e-236 1.05528e-235 1.41706e-235
0.291667 -1.0035e-233 9.52031e-233 1.27837e-232
0.295833 -8.28073e-231 7.74084e-230 1.03939e-229
0.3 -6.17478e-228 5.68867e-227 7.63813e-227
0.304167 -4.17211e-225 3.78876e-224 5.08698e-224
0.308333 -2.56097e-222 2.29286e-221 3.07842e-221
0.3125 -1.43171e-219 1.26397e-218 1.69697e-218
0.316667 -7.30715e-217 6.36231e-216 8.54169e-216
0.320833 -3.41263e-214 2.93099e-213 3.93489e-213
0.325 -1.46164e-211 1.23849e-210 1.66266e-210
0.329167 -5.7534e-209 4.81035e-208 6.45772e-208
0.333333 -2.08562e-206 1.72089e-205 2.31019e-205
0.3375 -6.97633e-204 5.68166e-203 7.62721e-203
0.341667 -2.15737e-201 1.73448e-200 2.32838e-200
0.345833 -6.17909e-199 4.90484e-198 6.58425e-198
0.35 -1.64207e-196 1.28709e-195 1.72777e-195
0.354167 -4.05565e-194 3.13946e-193 4.21435e-193
0.358333 -9.32493e-192 7.12975e-191 9.57081e-191
0.3625 -1.9991e-189 1.50991e-188 2.02687e-188
0.366667 -4.00209e-187 2.98641e-186 4.0089e-186
0.370833 -7.49288e-185 5.52471e-184 7.41624e-184
0.375 -1.31381e-182 9.57284e-182 1.28505e-181
0.379167 -2.16042e-180 1.55577e-179 2.08848e-179
0.383333 -3.33613e-178 2.37466e-177 3.18779e-177
0.3875 -4.84403e-176 3.4085e-175 4.57569e-175
0.391667 -6.62169e-174 4.60648e-173 6.18399e-173
0.395833 -8.53202e-172 5.86872e-171 7.87861e-171
0.4 -1.03744e-169 7.0565e-169 9.47335e-169
0.404167 -1.19177e-167 8.01675e-167 1.07627e-166
0.408333 -1.29484e-165 8.61476e-165 1.15658e-164
0.4125 -1.33197e-163 8.76566e-163 1.17687e-162
0.416667 -1.29859e-161 8.45411e-161 1.13508e-160
0.420833 -1.20111e-159 7.73614e-159 1.03871e-158
0.425 -1.05499e-157 6.72316e-157 9.02731e-157
0.429167 -8.80798e-156 5.55419e-155 7.45797e-155
0.433333 -6.99613e-154 4.36577e-153 5.86241e-153
0.4375 -5.29149e-152 3.26796e-151 4.38842e-151
0.441667 -3.81426e-150 2.33152e-149 3.13104e-149
0.445833 -2.6225e-148 1.58675e-147 2.13097e-147
0.45 -1.72125e-146 1.03095e-145 1.3846e-145
0.454167 -1.0793e-144 6.3998e-144 8.59558e-144
0.458333 -6.47045e-143 3.79862e-142 5.10219e-142
0.4625 -3.71151e-141 2.15744e-140 2.89796e-140
0.466667 -2.03846e-139 1.17333e-138 1.57614e-138
0.470833 -1.07274e-137 6.11462e-137 8.21429e-137
0.475 -5.41281e-136 3.05554e-135 4.10501e-135
0.479167 -2.62047e-134 1.46508e-133 1.96841e-133
0.483333 -1.21799e-132 6.74485e-132 9.06261e-132
0.4875 -5.43864e-131 2.98327e-130 4.00869e-130
0.491667 -2.33445e-129 1.2685e-128 1.70462e-128
0.495833 -9.63804e-128 5.18826e-127 6.97254e-127
0.5 -3.8296e-126 2.0424e-125 2.745e-125
0.504167 -1.4653e-124 7.74275e-124 1.0407e-123
0.508333 -5.40192e-123 2.82827e-122 3.80178e-122
0.5125 -1.91978e-121 9.95991e-121 1.33892e-120
0.516667 -6.5806e-120 3.38317e-119 4.54841e-119
0.520833 -2.17677e-118 1.10904e-117 1.49115e-117
0.525 -6.95202e-117 3.51033e-116 4.72016e-116
0.529167 -2.14472e-115 1.07333e-114 1.44337e-114
0.533333 -6.39441e-114 3.1718e-113 4.26572e-113
0.5375 -1.84331e-112 9.06299e-112 1.21899e-111
0.541667 -5.14002e-111 2.5051e-110 3.36972e-110
0.545833 -1.38704e-109 6.7013e-109 9.01507e-109
0.55 -3.62376e-108 1.73564e-107 2.33513e-107
0.554167 -9.16978e-107 4.35419e-106 5.85874e-106
0.558333 -2.24836e-105 1.05848e-104 1.42438e-104
0.5625 -5.34384e-104 2.49435e-103 3.35696e-103
0.566667 -1.23167e-102 5.70039e-102 7.67255e-102
0.570833 -2.75393e-101 1.26383e-100 1.70126e-100
0.575 -5.97574e-100 2.71937e-99 3.66101e-99
0.579167 -1.25884e-98 5.68077e-98 7.64874e-98
0.583333 -2.5754e-97 1.15254e-96 1.552e-96
0.5875 -5.11875e-96 2.2718e-95 3.05954e-95
0.591667 -9.88731e-95 4.35206e-94 5.86183e-94
0.595833 -1.85666e-93 8.10539e-93 1.09186e-92
0.6 -3.39052e-92 1.46808e-91 1.97786e-91
0.604167 -6.0231e-91 2.58678e-90 3.48548e-90
0.608333 -1.04118e-89 4.43546e-89 5.97721e-89
0.6125 -1.75195e-88 7.40319e-88 9.97785e-88
0.616667 -2.87034e-87 1.20318e-86 1.62184e-86
0.620833 -4.58024e-86 1.90457e-85 2.56764e-85
0.625 -7.12046e-85 2.93728e-84 3.96043e-84
0.629167 -1.07874e-83 4.41463e-83 5.95323e-83
0.633333 -1.59305e-82 6.46788e-82 8.72334e-82
0.6375 -2.29385e-81 9.23983e-81 1.24637e-80
0.641667 -3.22134e-80 1.2874e-79 1.73685e-79
0.645833 -4.4132e-79 1.74993e-78 2.36121e-78
0.65 -5.89964e-78 2.3211e-77 3.13238e-77
0.654167 -7.69764e-77 3.00497e-76 4.0559e-76
0.658333 -9.80515e-76 3.79805e-75 5.12716e-75
0.6625 -1.2196e-74 4.68769e-74 6.32913e-74
0.666667 -1.48165e-73 5.65111e-73 7.63112e-73
0.670833 -1.75848e-72 6.6555e-72 8.9889e-72
0.675 -2.03933e-71 7.65944e-71 1.03465e-70
0.679167 -2.31147e-70 8.61536e-70 1.16398e-69
0.683333 -2.56114e-69 9.47333e-69 1.28011e-68
0.6875 -2.77465e-68 1.01853e-67 1.37655e-67
0.691667 -2.93971e-67 1.07095e-66 1.44765e-66
0.695833 -3.04652e-66 1.10149e-65 1.4892e-65
0.7 -3.08882e-65 1.10839e-64 1.49878e-64
0.704167 -3.06445e-64 1.09138e-63 1.47605e-63
0.708333 -2.97551e-63 1.05177e-62 1.42274e-62
0.7125 -2.82814e-62 9.92212e-62 1.34242e-61
0.716667 -2.63175e-61 9.16429e-61 1.24011e-60
0.720833 -2.39812e-60 8.2886e-60 1.12183e-59
0.725 -2.14018e-59 7.34216e-59 9.93917e-59
0.729167 -1.87092e-58 6.37089e-58 8.62598e-58
0.733333 -1.60235e-57 5.41599e-57 7.33449e-57
0.7375 -1.3447e-56 4.51156e-56 6.11087e-56
0.741667 -1.10592e-55 3.68311e-55 4.98971e-55
0.745833 -8.91501e-55 2.94717e-54 3.99348e-54
0.75 -7.04502e-54 2.31187e-53 3.13326e-53
0.754167 -5.45843e-53 1.77808e-52 2.41031e-52
0.758333 -4.14706e-52 1.34101e-51 1.81819e-51
0.7625 -3.09001e-51 9.9189e-51 1.34511e-50
0.766667 -2.25832e-50 7.19622e-50 9.76089e-50
0.770833 -1.6191e-49 5.12168e-49 6.94843e-49
0.775 -1.13888e-48 3.57638e-48 4.85297e-48
0.779167 -7.86069e-48 2.45048e-47 3.32587e-47
0.783333 -5.32438e-47 1.64774e-46 2.23684e-46
0.7875 -3.53962e-46 1.08745e-45 1.47654e-45
0.791667 -2.3098e-45 7.04469e-45 9.56734e-45
0.795833 -1.47969e-44 4.4802e-44 6.08582e-44
0.8 -9.30675e-44 2.79745e-43 3.80082e-43
0.804167 -5.74778e-43 1.71517e-42 2.33085e-42
0.808333 -3.48597e-42 1.0327e-41 1.4037e-41
0.8125 -2.07641e-41 6.1067e-41 8.30237e-41
0.816667 -1.21483e-40 3.54692e-40 4.82327e-40
0.820833 -6.9818e-40 2.02372e-39 2.75254e-39
0.825 -3.94198e-39 1.13434e-38 1.5432e-38
0.829167 -2.18673e-38 6.24699e-38 8.50049e-38
0.833333 -1.19193e-37 3.38042e-37 4.60086e-37
0.8375 -6.38434e-37 1.79756e-36 2.44706e-36
0.841667 -3.3607e-36 9.39379e-36 1.27908e-35
0.845833 -1.73871e-35 4.82483e-35 6.57105e-35
0.85 -8.84185e-35 2.43579e-34 3.31808e-34
0.854167 -4.41988e-34 1.20878e-33 1.64699e-33
0.858333 -2.17201e-33 5.8971e-33 8.03665e-33
0.8625 -1.04937e-32 2.82841e-32 3.85543e-32
0.866667 -4.98472e-32 1.33379e-31 1.8185e-31
0.870833 -2.32824e-31 6.18452e-31 8.43381e-31
0.875 -1.06934e-30 2.81983e-30 3.84622e-30
0.879167 -4.82987e-30 1.26435e-29 1.72492e-29
0.883333 -2.1454e-29 5.5752e-29 7.60774e-29
0.8875 -9.37263e-29 2.41785e-28 3.30002e-28
0.891667 -4.02733e-28 1.03133e-27 1.40791e-27
0.895833 -1.70216e-27 4.327e-27 5.90817e-27
0.9 -7.07665e-27 1.78574e-26 2.43877e-26
0.904167 -2.89416e-26 7.24951e-26 9.90263e-26
0.908333 -1.1644e-25 2.89521e-25 3.95556e-25
0.9125 -4.60881e-25 1.13749e-24 1.5544e-24
0.916667 -1.79471e-24 4.39675e-24 6.00936e-24
0.920833 -6.87598e-24 1.67203e-23 2.28571e-23
0.925 -2.59194e-23 6.256e-23 8.55374e-23
0.929167 -9.61347e-23 2.30306e-22 3.14952e-22
0.933333 -3.5084e-22 8.34222e-22 1.14103e-21
0.9375 -1.25987e-21 2.97327e-21 4.06746e-21
0.941667 -4.4518e-21 1.04273e-20 1.42671e-20
0.945833 -1.54792e-20 3.59836e-20 4.92421e-20
0.95 -5.2963e-20 1.2219e-19 1.67238e-19
0.954167 -1.78324e-19 4.08293e-19 5.58903e-19
0.958333 -5.90839e-19 1.3425e-18 1.83798e-18
0.9625 -1.92641e-18 4.34379e-18 5.94777e-18
0.966667 -6.18091e-18 1.38304e-17 1.89397e-17
0.970833 -1.95154e-17 4.33319e-17 5.93472e-17
0.975 -6.06351e-17 1.33595e-16 1.82991e-16
0.979167 -1.85391e-16 4.05297e-16 5.55211e-16
0.983333 -5.57782e-16 1.20992e-15 1.6576e-15
0.9875 -1.65138e-15 3.55408e-15 4.86953e-15
0.991667 -4.8109e-15 1.02726e-14 1.40757e-14
0.995833 -1.37909e-14 2.92148e-14 4.0033e-14
1 -3.88987e-14 8.17491e-14 1.12026e-13
1.00417 -1.07954e-13 2.25064e-13 3.08427e-13
1.00833 -2.9477e-13 6.0961e-13 8.35424e-13
1.0125 -7.91876e-13 1.62445e-12 2.22618e-12
1.01667 -2.09284e-12 4.25836e-12 5.83567e-12
1.02083 -5.44126e-12 1.0981e-11 1.50479e-11
1.025 -1.39162e-11 2.78531e-11 3.81667e-11
1.02917 -3.50083e-11 6.94885e-11 9.52122e-11
1.03333 -8.66208e-11 1.70501e-10 2.33596e-10
1.0375 -2.10785e-10 4.11414e-10 5.63594e-10
1.04167 -5.04415e-10 9.76187e-10 1.33709e-09
1.04583 -1.18693e-09 2.27745e-09 3.11891e-09
1.05 -2.74608e-09 5.22374e-09 7.15238e-09
1.05417 -6.246e-09 1.17783e-08 1.61233e-08
1.05833 -1.3965e-08 2.61036e-08 3.5724e-08
1.0625 -3.06886e-08 5.68562e-08 7.77877e-08
1.06667 -6.62752e-08 1.2169e-07 1.66435e-07
1.07083 -1.40637e-07 2.55897e-07 3.49861e-07
1.075 -2.93192e-07 5.28613e-07 7.22421e-07
1.07917 -6.00392e-07 1.0725e-06 1.46504e-06
1.08333 -1.20745e-06 2.13677e-06 2.91737e-06
1.0875 -2.38433e-06 4.17955e-06 5.70323e-06
1.09167 -4.62201e-06 8.02447e-06 1.09431e-05
1.09583 -8.79353e-06 1.51186e-05 2.06034e-05
1.1 -1.64154e-05 2.79449e-05 3.80543e-05
1.10417 -3.00589e-05 5.06595e-05 6.89293e-05
1.10833 -5.39758e-05 9.00434e-05 0.000122406
1.1125 -9.50132e-05 0.000156865 0.000213031
1.11667 -0.000163897 0.000267745 0.000363214
1.12083 -0.000276943 0.000447568 0.000606422
1.125 -0.000458192 0.000732385 0.000991009
1.12917 -0.000741884 0.00117259 0.00158433
1.13333 -0.00117495 0.00183583 0.00247644
1.1375 -0.00181904 0.00280884 0.00378218
1.14167 -0.0027511 0.00419688 0.00563991
1.14583 -0.00406147 0.00611899 0.00820458
1.15 -0.00584784 0.00869745 0.0116327
1.15417 -0.00820365 0.0120393 0.016057
1.15833 -0.0111999 0.0162097 0.0215497
1.1625 -0.0148599 0.0211971 0.0280763
1.16667 -0.0191292 0.026874 0.0354437
1.17083 -0.0238439 0.0329611 0.0432532
1.175 -0.0287048 0.0390016 0.0508713
1.17917 -0.0332661 0.0443616 0.0574341
1.18333 -0.0369484 0.0482655 0.0619011
1.1875 -0.0390857 0.0498753 0.0631687
1.19167 -0.039008 0.048414 0.0602391
1.19583 -0.0361566 0.0433189 0.0524277
1.2 -0.0302142 0.0343996 0.0395704
1.20417 -0.0212248 0.0219619 0.022179
1.20833 -0.00966874 0.00685779 0.00149155
1.2125 0.00353742 -0.00957281 -0.0206244
1.21667 0.0171368 -0.025677 -0.0419242
1.22083 0.0297182 -0.0397601 -0.0601588
1.225 0.0399617 -0.050395 -0.0734873
1.22917 0.0468847 -0.0566914 -0.0808206
1.23333 0.0500217 -0.0584443 -0.0819942
1.2375 0.0494814 -0.0561141 -0.0777117
1.24167 0.0458613 -0.0506412 -0.0692774
1.24583 0.0400482 -0.0431652 -0.0582186
1.25 0.0329825 -0.0347553 -0.0459463
1.25417 0.0254781 -0.0262643 -0.0335936
1.25833 0.0181725 -0.0183603 -0.022091
1.2625 0.0116185 -0.0117047 -0.0124134
1.26667 0.00645109 -0.00715649 -0.00582391
1.27083 0.00350852 -0.00584292 -0.00390464
1.275 0.00378726 -0.00898104 -0.00824368
1.27917 0.00818116 -0.0174553 -0.0198234
1.28333 0.017074 -0.0313036 -0.0383511
1.2875 0.0299628 -0.0493617 -0.0618791
1.29167 0.0453237 -0.0692952 -0.0869958
1.29583 0.0608536 -0.0880943 -0.109628
1.3 0.0740518 -0.102877 -0.126177
1.30417 0.0829179 -0.111665 -0.134499
1.30833 0.0864535 -0.113763 -0.134247
1.3125 0.0847155 -0.109559 -0.126395
1.31667 0.0783944 -0.0998424 -0.112197
1.32083 0.0681459 -0.085045 -0.0921702
1.325 0.0540647 -0.06485 -0.0657252
1.32917 0.0356315 -0.0384493 -0.0317084
1.33333 0.012202 -0.00534305 0.0103967
1.3375 -0.016217 0.0337544 0.059302
1.34167 -0.0483553 0.0764398 0.111491
1.34583 -0.0816098 0.118882 0.161834
1.35 -0.112592 0.156709 0.204941
1.35417 -0.138007 0.186054 0.236502
1.35833 -0.155396 0.204253 0.253963
1.3625 -0.163416 0.20994 0.25634
1.36667 -0.16163 0.202746 0.243596
1.37083 -0.150156 0.182999 0.216246
1.375 -0.129523 0.151772 0.175572
1.37917 -0.100887 0.111224 0.124233
1.38333 -0.066363 0.0648251 0.0666058
1.3875 -0.0290769 0.0170614 0.00830593
1.39167 0.00731574 -0.0274469 -0.0450816
1.39583 0.0394792 -0.0649939 -0.0893439
1.4 0.0651258 -0.0933874 -0.122214
1.40417 0.0831718 -0.111767 -0.142871
1.40833 0.0932896 -0.119898 -0.150923
1.4125 0.09531 -0.117617 -0.145884
1.41667 0.0890695 -0.105016 -0.12776
1.42083 0.0749319 -0.0832844 -0.098395
1.425 0.0545882 -0.0554934 -0.0623653
1.42917 0.031368 -0.0264478 -0.0263294
1.43333 0.0095355 -0.00133081 0.00319521
1.4375 -0.00721869 0.0162045 0.0223932
1.44167 -0.017202 0.0253136 0.0313744
1.44583 -0.0211137 0.0277558 0.0332204
1.45 -0.0211395 0.0263627 0.0315532
1.45417 -0.0193952 0.0232657 0.0283691
1.45833 -0.0168159 0.0190807 0.0235891
1.4625 -0.013188 0.0134537 0.0163716
1.46667 -0.00810777 0.00630269 0.006866
1.47083 -0.00194868 -0.00138144 -0.00313144
1.475 0.00398907 -0.00782742 -0.0110872
1.47917 0.00820816 -0.011536 -0.015291
1.48333 0.00992572 -0.0121333 -0.0156757
1.4875 0.00937836 -0.0103299 -0.0133082
1.49167 0.00735122 -0.00715829 -0.0092451
1.49583 0.00448827 -0.00329484 -0.00397275
1.5 0.00108365 0.00090476 0.00206613
1.50417 -0.0025094 0.00483306 0.00759426
1.50833 -0.0054159 0.00731186 0.0104937
1.5125 -0.00640571 0.00710355 0.00907902
1.51667 -0.00474835 0.00395803 0.00367544
1.52083 -0.00103691 -0.000779539 -0.00303971
1.525 0.00287841 -0.00474169 -0.00755048
1.52917 0.00499386 -0.00602362 -0.00783772
1.53333 0.00449037 -0.00443754 -0.00465807
1.5375 0.00221576 -0.00150391 -0.000711925
1.54167 -8.92214e-05 0.000806202 0.00155648
1.54583 -0.00115139 0.00151069 0.00164507
1.55 -0.000968107 0.00106725 0.000842758
1.55417 -0.000457196 0.000590127 0.000619947
1.55833 -0.000405739 0.000671355 0.00118063
1.5625 -0.000739441 0.000903781 0.00146745
1.56667 -0.000736162 0.000456259 0.000434953
1.57083 0.000123224 -0.000944521 -0.00174845
1.575 0.00153305 -0.00258926 -0.00370211
1.57917 0.00254435 -0.00329894 -0.00394889
1.58333 0.00234083 -0.0023932 -0.00208395
1.5875 0.000902797 -0.000285042 0.000940386
1.59167 -0.000958233 0.00173932 0.00346288
1.59583 -0.00213185 0.00233326 0.00407219
1.6 -0.00186465 0.000915803 0.00230672
1.60417 -0.000159753 -0.00196096 -0.0010751
1.60833 0.00219692 -0.00485995 -0.00428028
1.6125 0.00396224 -0.00621581 -0.00524936
1.61667 0.0040643 -0.00528561 -0.00294195
1.62083 0.00233318 -0.00277746 0.00157343
1.625 -0.000141292 -0.000618464 0.00533531
1.62917 -0.00151062 -0.000754987 0.00540876
1.63333 -0.000450431 -0.00366449 0.00132403
1.6375 0.00266028 -0.00775233 -0.00410222
1.64167 0.00576426 -0.0103435 -0.00670016
1.64583 0.00660381 -0.00969671 -0.00434096
1.65 0.0045676 -0.00643701 0.00112431
1.65417 0.0012898 -0.00310297 0.00528702
1.65833 -0.00065501 -0.00207291 0.00488482
1.6625 9.01319e-05 -0.00360653 0.000524838
1.66667 0.00254843 -0.00569908 -0.00400337
1.67083 0.00432277 -0.00584444 -0.00510972
1.675 0.00367704 -0.00311313 -0.0023377
1.67917 0.000900646 0.00124342 0.00167292
1.68333 -0.00216186 0.00502038 0.00379592
1.6875 -0.00379284 0.00685315 0.00295442
1.69167 -0.00368184 0.0070145 0.000447756
1.69583 -0.00281184 0.00678819 -0.00166304
1.7 -0.00238047 0.00728263 -0.00220104
1.70417 -0.00291202 0.00876469 -0.00122351
1.70833 -0.00418635 0.0107943 0.00056149
1.7125 -0.0056585 0.0126851 0.00225483
1.71667 -0.00677409 0.0138474 0.00286962
1.72083 -0.00708927 0.014036 0.001712
1.725 -0.0064996 0.0136295 -0.000794113
1.72917 -0.00556889 0.0136818 -0.0028297
1.73333 -0.00543109 0.0153393 -0.0024248
1.7375 -0.00694295 0.0188109 0.000500929
1.74167 -0.00970111 0.0228436 0.00349521
1.74583 -0.0120635 0.0254965 0.00358023
1.75 -0.0125035 0.0257523 0.000304647
1.75417 -0.0111181 0.0244105 -0.00339766
1.75833 -0.0096351 0.0231896 -0.00389176
1.7625 -0.00966107 0.0227714 -0.000606305
1.76667 -0.010859 0.0217969 0.00313058
1.77083 -0.0110544 0.0180141 0.00336807
1.775 -0.00835254 0.0105498 -0.000341373
1.77917 -0.00313983 0.000984072 -0.00438828
1.78333 0.00218075 -0.00795063 -0.00485685
1.7875 0.00552517 -0.0147562 -0.00163275
1.79167 0.00709495 -0.0201869 0.00155846
1.79583 0.00888789 -0.0258858 0.00121662
1.8 0.012305 -0.0321592 -0.00220752
1.80417 0.0164671 -0.0373049 -0.00495751
1.80833 0.0190605 -0.0392057 -0.00416341
1.8125 0.0187499 -0.037439 -0.000882028
1.81667 0.0165003 -0.0336263 0.00130558
1.82083 0.0144116 -0.0297134 0.000395774
1.825 0.013444 -0.0261446 -0.00193111
1.82917 0.0126012 -0.0219382 -0.00247843
1.83333 0.0104081 -0.0164458 -0.000318494
1.8375 0.00688358 -0.0106362 0.00223515
1.84167 0.00368382 -0.0063527 0.00251063
1.84583 0.00228 -0.00444362 0.000698218
1.85 0.00236726 -0.00403145 -0.00046964
1.85417 0.00240621 -0.00377762 0.000834102
1.85833 0.00160269 -0.00352275 0.00320147
1.8625 0.000863047 -0.0042332 0.00371294
1.86667 0.00152443 -0.00637503 0.00165584
1.87083 0.00345867 -0.00889676 -0.000415811
1.875 0.00500028 -0.0102466 0.00023485
1.87917 0.00489614 -0.0101972 0.0030208
1.88333 0.00387465 -0.0101331 0.00455777
1.8875 0.00380351 -0.0113562 0.00277896
1.89167 0.00538408 -0.0134518 -0.000383262
1.89583 0.00720254 -0.0146603 -0.00118901
1.9 0.00732898 -0.0137275 0.00137819
1.90417 0.00553111 -0.0110117 0.00425797
1.90833 0.0034293 -0.00768047 0.00386227
1.9125 0.00243622 -0.00409339 0.000315633
1.91667 0.00196438 0.00075028 -0.00264862
1.92083 1.34355e-05 0.00811347 -0.0019866
1.925 -0.00453419 0.0178915 0.00117967
1.92917 -0.0104783 0.028083 0.00284092
1.93333 -0.015301 0.0360545 0.000603998
1.9375 -0.017561 0.0406311 -0.0036176
1.94167 -0.0181802 0.0429522 -0.00565499
1.94583 -0.0192319 0.0449019 -0.00364781
1.95 -0.0214354 0.0465536 -0.000169912
1.95417 -0.0230879 0.0456838 0.000529522
1.95833 -0.021827 0.0403609 -0.00265639
1.9625 -0.0174401 0.0316373 -0.00620471
1.96667 -0.0123893 0.0227058 -0.00583793
1.97083 -0.00911002 0.0152233 -0.00159607
1.975 -0.00715098 0.00752735 0.00197521
1.97917 -0.00380383 -0.00268255 0.00113848
1.98333 0.00230963 -0.0146086 -0.00248672
1.9875 0.00914374 -0.0245763 -0.00388949
1.99167 0.0133868 -0.0299487 -0.00086796
1.99583 0.014187 -0.031567 0.00331638
2 0.0137442 -0.0318399 0.00413208
2.00417 0.0142349 -0.0315754 0.00131756
2.00833 0.015233 -0.0297645 -0.00121196
2.0125 0.0147494 -0.0258235 -0.000479368
2.01667 0.0120597 -0.020686 0.00223306
2.02083 0.0085521 -0.0156543 0.00356751
2.025 0.00597206 -0.0112661 0.00221854
2.02917 0.00468431 -0.00752214 -0.000115794
2.03333 0.00378702 -0.00422734 -0.00116693
2.0375 0.00227202 -0.000697929 -0.000376071
2.04167 -0.000181908 0.0038687 0.00105605
2.04583 -0.00304052 0.00901321 0.00152878
2.05 -0.00523081 0.0128338 0.000436652
2.05417 -0.0060439 0.0141195 -0.00120146
2.05833 -0.00598695 0.014 -0.00159813
2.0625 -0.00627632 0.0143195 -0.00023577
2.06667 -0.00718555 0.0148829 0.00123085
2.07083 -0.00751023 0.0138549 0.000935347
2.075 -0.00625619 0.0108704 -0.000607606
2.07917 -0.0042743 0.00802341 -0.00111614
2.08333 -0.00327882 0.00710861 0.000176548
2.0875 -0.00354607 0.00734904 0.00141333
2.09167 -0.00372968 0.00694901 0.000986399
2.09583 -0.00300724 0.00573639 -4.7295e-05
2.1 -0.00216789 0.00483081 0.000168225
2.10417 -0.00207807 0.00443939 0.00121737
2.10833 -0.00220925 0.00362179 0.00119174
2.1125 -0.00159825 0.00201451 -3.14233e-05
2.11667 -0.000445971 0.000250247 -0.000553577
2.12083 0.000355751 -0.0014134 0.000337731
2.125 0.000793263 -0.00348244 0.000953905
2.12917 0.00164951 -0.00602276 1.63631e-05
2.13333 0.00307778 -0.00839074 -0.00128141
2.1375 0.00440817 -0.0104485 -0.00131233
2.14167 0.00533096 -0.0126645 -0.000509283
2.14583 0.00614616 -0.0146362 -0.000261207
2.15 0.00679077 -0.0151129 -0.0006222
2.15417 0.0068147 -0.0141454 -0.000846978
2.15833 0.00647917 -0.0134286 -0.0010787
2.1625 0.00653984 -0.0134361 -0.00156832
2.16667 0.00661269 -0.0121559 -0.00127324
2.17083 0.00533043 -0.00837146 0.000421532
2.175 0.00280848 -0.00425757 0.00150246
2.17917 0.00116171 -0.0021841 -0.000164858
2.18333 0.00126866 -0.000547324 -0.00258877
2.1875 0.000826195 0.00380458 -0.00163298
2.19167 -0.00227726 0.0098127 0.00227511
2.19583 -0.00608516 0.0129353 0.00366303
2.2 -0.00691337 0.0119371 0.00012804
2.20417 -0.00489436 0.0107015 -0.00329061
2.20833 -0.00388259 0.0118548 -0.00135448
2.2125 -0.00554298 0.0128128 0.00322391
2.21667 -0.00697845 0.0107921 0.00377231
2.22083 -0.00558553 0.00786792 -0.000251501
2.225 -0.00307296 0.00719953 -0.00286291
2.22917 -0.00233337 0.00729281 -0.000912801
2.23333 -0.00288098 0.00475371 0.00191511
2.2375 -0.00234469 0.0006606 0.00172889
2.24167 -0.000661162 -0.00117961 -0.00018812
2.24583 0.000491385 -0.0012289 -0.00103267
2.25 0.00120626 -0.00351505 -0.00102466
2.25417 0.00276846 -0.0078352 -0.00117442
2.25833 0.00425057 -0.00908477 -0.000384021
2.2625 0.00352533 -0.00604772 0.00157738
2.26667 0.00165969 -0.00440659 0.00167125
2.27083 0.00216567 -0.0075788 -0.00153793
2.275 0.00502479 -0.0105085 -0.00368925
2.27917 0.00576861 -0.00770664 -0.000551789
2.28333 0.00246486 -0.00257784 0.00419499
2.2875 -0.000548315 -0.00213125 0.0034254
2.29167 0.000896462 -0.00565011 -0.00216129
2.29583 0.00413095 -0.00616467 -0.00430537
2.3 0.00372938 -0.00192874 0.000319812
2.30417 -9.72046e-05 0.00132556 0.0049393
2.30833 -0.00215179 0.0002319 0.00304386
2.3125 -0.000384818 -0.00143726 -0.00216996
2.31667 0.00164298 -0.000116065 -0.0034157
2.32083 0.000890727 0.00187831 3.8308e-05
2.325 -0.00108611 0.0015126 0.00278211
2.32917 -0.00166256 0.000605839 0.00175442
2.33333 -0.00107635 0.00205625 -0.000914831
2.3375 -0.000886197 0.00460891 -0.00237405
2.34167 -0.00132895 0.00571045 -0.00193748
2.34583 -0.00212884 0.00624614 -0.000102271
2.35 -0.00357176 0.00802127 0.00170894
2.35417 -0.00501158 0.00933051 0.0011668
2.35833 -0.00460216 0.00767499 -0.00189407
2.3625 -0.00232895 0.00472401 -0.0036048
2.36667 -0.00099296 0.0038912 -0.000955762
2.37083 -0.00214313 0.00462846 0.00281222
2.375 -0.00335572 0.00375422 0.00226012
2.37917 -0.00197099 0.00104748 -0.00177101
2.38333 0.000705799 -0.00122704 -0.00315884
2.3875 0.00182313 -0.00312217 -1.37885e-05
2.39167 0.00162658 -0.00624284 0.00270932
2.39583 0.00233851 -0.00915672 0.00144593
2.4 0.00391432 -0.00912076 -0.000960792
2.40417 0.00455107 -0.00777942 -0.00100677
2.40833 0.00436355 -0.00897663 7.09238e-05
2.4125 0.00473765 -0.0110357 5.23858e-05
2.41667 0.00479873 -0.00840937 8.11059e-05
2.42083 0.00271005 -0.00197147 0.00120013
2.425 8.22256e-05 0.00055658 0.000954428
2.42917 0.000335246 -0.0027232 -0.0018246
2.43333 0.00239185 -0.00353105 -0.00296448
2.4375 0.00135235 0.00301374 0.000629478
2.44167 -0.00317534 0.00898854 0.00415404
2.44583 -0.00520452 0.00599592 0.00149939
2.45 -0.00177745 -0.00021137 -0.00394951
2.45417 0.0014237 0.00168286 -0.00345603
2.45833 -0.00131215 0.00979133 0.00289192
2.4625 -0.00624933 0.0116086 0.00542838
2.46667 -0.0058465 0.00438874 0.000115266
2.47083 -0.000790692 -0.000580565 -0.00477581
2.475 0.0012787 0.00305899 -0.00179156
2.47917 -0.00181788 0.00655795 0.00400943
2.48333 -0.00374108 0.00156625 0.0035823
2.4875 -0.000505563 -0.00542013 -0.00181223
2.49167 0.00315733 -0.0041425 -0.00355538
2.49583 0.00204094 0.00213482 0.000253657
2.5 -0.00117772 0.002591 0.002894
2.50417 -0.00113252 -0.00267664 0.000792525
2.50833 0.0012208 -0.00340621 -0.00154561
2.5125 0.00104945 0.00272562 -0.000291513
2.51667 -0.00162516 0.00608806 0.00162272
2.52083 -0.00229742 0.00167289 0.000767393
2.525 -0.000136116 -0.00265123 -0.000625617
2.52917 0.000782452 -8.04947e-05 0.000550892
2.53333 -0.000977503 0.00355323 0.00212556
2.5375 -0.0016037 0.000399038 0.000676285
2.54167 0.00098765 -0.00550071 -0.00175428
2.54583 0.00310358 -0.00514266 -0.000868326
2.55 0.00151708 -4.09666e-05 0.00210354
2.55417 -0.000829409 0.000488626 0.00205316
2.55833 0.00030749 -0.00480477 -0.0013045
2.5625 0.00331509 -0.00735618 -0.00268705
2.56667 0.00347189 -0.00344524 2.42009e-05
2.57083 0.000765525 0.000194055 0.00230463
2.575 -0.000428945 -0.00146368 0.000495043
2.57917 0.00118165 -0.00354598 -0.00242563
2.58333 0.00200357 -0.000531666 -0.00206795
2.5875 -5.65908e-05 0.00407762 0.000399696
2.59167 -0.00222687 0.00409303 0.000790387
2.59583 -0.00175695 0.00101589 -0.00122574
2.6 -0.000210376 0.000654745 -0.00230193
2.60417 -0.000283639 0.00297763 -0.00119869
2.60833 -0.00133479 0.00291632 -0.000143466
2.6125 -0.00105923 -0.000390745 -0.000589116
2.61667 0.000390365 -0.00235538 -0.00124463
2.62083 0.000971322 -0.000899068 -0.000873143
2.625 0.000295802 0.000661809 -0.000177983
2.62917 -0.00013548 -0.00019665 -4.39986e-05
2.63333 0.000267037 -0.0014267 -6.4661e-05
2.6375 0.000511112 -0.000706603 0.000311514
2.64167 6.88195e-05 0.000659514 0.000775238
2.64583 -0.000332889 0.000450757 0.000972101
2.65 -0.000138733 -0.000829805 0.00106491
2.65417 0.000258998 -0.00123296 0.00108364
2.65833 0.000353349 -0.000301542 0.000835546
2.6625 8.32169e-05 0.000989058 0.000605411
2.66667 -0.000450897 0.00180281 0.000793021
2.67083 -0.00098226 0.00179192 0.00089169
2.675 -0.000981033 0.00108143 0.000145441
2.67917 -0.000370356 0.000568301 -0.000850973
2.68333 2.15252e-05 0.00100003 -0.000752194
2.6875 -0.000395925 0.0015127 0.00025694
2.69167 -0.000856091 0.00064675 0.000481522
2.69583 -0.000326195 -0.00106906 -0.000596341
2.7 0.000727618 -0.0015462 -0.00136478
2.70417 0.000953163 -0.000497509 -0.000588049
2.70833 0.000254055 -7.42045e-05 0.00065527
2.7125 -8.74273e-05 -0.00131219 0.000661504
2.71667 0.000501612 -0.00230826 -0.0003855
2.72083 0.00106141 -0.00140817 -0.00088103
2.725 0.000765261 -9.72975e-05 -0.00016902
2.72917 0.000190828 -0.000616754 0.000767496
2.73333 0.000240718 -0.00219309 0.000825772
2.7375 0.000699309 -0.00211565 6.72971e-05
2.74167 0.000695212 8.62886e-05 -0.000619967
2.74583 5.47436e-05 0.00199018 -0.000578826
2.75 -0.000604883 0.00190108 4.14188e-05
2.75417 -0.000855479 0.000963867 0.000494522
2.75833 -0.000829473 0.000943219 0.0001992
2.7625 -0.00071304 0.00161916 -0.000557111
2.76667 -0.000488482 0.00160753 -0.000813613
2.77083 -0.000244925 0.000697767 -7.31315e-05
2.775 -0.00023032 -3.4652e-05 0.000921885
2.77917 -0.000401789 -5.76274e-05 0.0009654
2.78333 -0.000315409 -7.35064e-05 -4.90903e-05
2.7875 0.000262562 -0.000765747 -0.000848742
2.79167 0.000904846 -0.00172793 -0.000378552
2.79583 0.00100021 -0.00199328 0.000744191
2.8 0.000532827 -0.00122523 0.000988219
2.80417 8.14115e-05 -0.00015396 -2.87791e-05
2.80833 0.000105519 7.32887e-05 -0.00100958
2.8125 0.000490535 -0.000893409 -0.000732183
2.81667 0.000771252 -0.00193891 0.000358913
2.82083 0.000603823 -0.00149745 0.000830752
2.825 5.63481e-05 0.000440685 0.00011095
2.82917 -0.00043334 0.00202849 -0.00091319
2.83333 -0.000514357 0.00192967 -0.00102027
2.8375 -0.00042815 0.00117081 -1.26807e-05
2.84167 -0.000739201 0.0014816 0.00104421
2.84583 -0.00137364 0.00250026 0.000910399
2.85 -0.0014496 0.00233291 -0.000332588
2.85417 -0.000548143 0.000679316 -0.00110692
2.85833 0.000388846 -0.000549309 -0.000224806
2.8625 0.000237436 -0.000150116 0.00129992
2.86667 -0.000595462 0.000633042 0.00135698
2.87083 -0.000664613 0.000185437 -0.000288711
2.875 0.000377991 -0.00108372 -0.00145511
2.87917 0.00123353 -0.0015711 -0.000545201
2.88333 0.000820536 -0.00080002 0.0011846
2.8875 -0.000249693 0.000169069 0.00141354
2.89167 -0.000592817 0.000213548 -8.48989e-05
2.89583 0.000155947 -0.000657004 -0.00134178
2.9 0.00101673 -0.00134633 -0.000876371
2.90417 0.000887269 -0.000756536 0.000615714
2.90833 -0.000213419 0.00077391 0.00129111
2.9125 -0.00107938 0.00141595 0.000274479
2.91667 -0.000604074 0.000120794 -0.0013316
2.92083 0.000739308 -0.00150027 -0.00151842
2.925 0.00119673 -0.00105974 0.000235089
2.92917 -2.19645e-06 0.00105191 0.00192726
2.93333 -0.0013399 0.00195576 0.00135691
2.9375 -0.000942501 0.000421611 -0.000688903
2.94167 0.000715731 -0.00143212 -0.00115256
2.94583 0.00144149 -0.00147043 0.00101783
2.95 0.000526269 -0.000544702 0.00317831
2.95417 -0.000287314 -0.000693985 0.00270654
2.95833 0.000523232 -0.00189556 0.000765439
2.9625 0.00206868 -0.00238684 0.000599715
2.96667 0.00243775 -0.00139815 0.00305531
2.97083 0.00134405 -5.07379e-06 0.00570656
2.975 0.000368231 0.000445303 0.00624708
2.97917 0.000908996 -0.000231713 0.00524931
2.98333 0.00260717 -0.00102283 0.00524899
2.9875 0.00383742 -0.000751006 0.00778745
2.99167 0.00361489 0.000436166 0.0116151
2.99583 0.00296221 0.000760813 0.013954
