0 0 0 0
0.00416667 0 0 0
0.00833333 0 0 0
0.0125 0 0 0
0.0166667 0 0 0
0.0208333 0 0 0
0.025 0 0 0
0.0291667 0 0 0
0.0333333 0 0 0
0.0375 0 0 0
0.0416667 0 0 0
0.0458333 0 0 0
0.05 0 0 0
0.0541667 0 0 0
0.0583333 0 0 0
0.0625 0 0 0
0.0666667 0 0 0
0.0708333 0 0 0
0.075 0 0 0
0.0791667 0 0 0
0.0833333 0 0 0
0.0875 0 0 0
0.0916667 0 0 0
0.0958333 0 0 0
0.1 0 0 0
0.104167 0 0 0
0.108333 0 0 0
0.1125 0 0 0
0.116667 0 0 0
0.120833 0 0 0
0.125 -1.82804e-322 3.78948e-321 8.18173e-321
0.129167 -2.07109e-316 2.85562e-315 6.08195e-315
0.133333 -1.00447e-310 1.33999e-309 2.85455e-309
0.1375 -3.21035e-305 4.14785e-304 8.83795e-304
0.141667 -6.93314e-300 8.68393e-299 1.85072e-298
0.145833 -1.03512e-294 1.25801e-293 2.68169e-293
0.15 -1.09097e-289 1.28759e-288 2.74537e-288
0.154167 -8.27368e-285 9.4903e-284 2.02397e-283
0.158333 -4.59527e-280 5.12661e-279 1.09363e-278
0.1625 -1.89985e-275 2.06293e-274 4.40194e-274
0.166667 -5.93478e-271 6.27637e-270 1.33963e-269
0.170833 -1.4202e-266 1.46377e-265 3.12508e-265
0.175 -2.63707e-262 2.65047e-261 5.6602e-261
0.179167 -3.84499e-258 3.77074e-257 8.05484e-257
0.183333 -4.45124e-254 4.26166e-253 9.10617e-253
0.1875 -4.13389e-250 3.8659e-249 8.26295e-249
0.191667 -3.10963e-246 2.8419e-245 6.07611e-245
0.195833 -1.91179e-242 1.70827e-241 3.65349e-241
0.2 -9.68757e-239 8.46729e-238 1.81149e-237
0.204167 -4.07818e-235 3.48817e-234 7.46502e-234
0.208333 -1.43686e-231 1.20317e-230 2.57577e-230
0.2125 -4.26659e-228 3.49904e-227 7.49335e-227
0.216667 -1.07476e-224 8.63576e-224 1.85002e-223
0.220833 -2.31092e-221 1.81993e-220 3.90018e-220
0.225 -4.26611e-218 3.2941e-217 7.06188e-217
0.229167 -6.79895e-215 5.14907e-214 1.10426e-213
0.233333 -9.40318e-212 6.98689e-211 1.49895e-210
0.2375 -1.13414e-208 8.2706e-208 1.77501e-207
0.241667 -1.19853e-205 8.58038e-205 1.84221e-204
0.245833 -1.11464e-202 7.83625e-202 1.6831e-201
0.25 -9.16113e-200 6.32648e-199 1.35937e-198
0.254167 -6.68075e-197 4.53309e-196 9.74415e-196
0.258333 -4.33918e-194 2.89365e-193 6.22263e-193
0.2625 -2.5192e-191 1.6515e-190 3.55294e-190
0.266667 -1.31183e-188 8.45627e-188 1.82e-187
0.270833 -6.1472e-186 3.8973e-185 8.3916e-185
0.275 -2.60025e-183 1.62176e-182 3.49347e-182
0.279167 -9.9583e-181 6.11136e-180 1.31705e-179
0.283333 -3.46278e-178 2.09146e-177 4.50931e-177
0.2875 -1.09626e-175 6.51781e-175 1.40592e-174
0.291667 -3.16796e-173 1.85446e-172 4.00202e-172
0.295833 -8.37734e-171 4.82922e-170 1.04266e-169
0.3 -2.03201e-168 1.15375e-167 2.49221e-167
0.304167 -4.53134e-166 2.53458e-165 5.4776e-165
0.308333 -9.31025e-164 5.13111e-163 1.10945e-162
0.3125 -1.76621e-161 9.5926e-161 2.07515e-160
0.316667 -3.09985e-159 1.65941e-158 3.59156e-158
0.320833 -5.04313e-157 2.66133e-156 5.76303e-156
0.325 -7.61951e-155 3.96443e-154 8.58929e-154
0.329167 -1.07102e-152 5.49506e-152 1.19118e-151
0.333333 -1.403e-150 7.09935e-150 1.53975e-149
0.3375 -1.71565e-148 8.56318e-148 1.85824e-147
0.341667 -1.96154e-146 9.65857e-146 2.09707e-145
0.345833 -2.10006e-144 1.02027e-143 2.21643e-143
0.35 -2.10851e-142 1.01084e-141 2.19716e-141
0.354167 -1.98813e-140 9.40657e-140 2.04576e-139
0.358333 -1.76294e-138 8.23298e-138 1.79154e-137
0.3625 -1.47206e-136 6.78632e-136 1.47759e-135
0.366667 -1.15897e-134 5.27493e-134 1.14918e-133
0.370833 -8.61408e-133 3.87118e-132 8.43854e-132
0.375 -6.05134e-131 2.68548e-130 5.85742e-130
0.379167 -4.02258e-129 1.76303e-128 3.84773e-128
0.383333 -2.53311e-127 1.09658e-126 2.39467e-126
0.3875 -1.51273e-125 6.46878e-125 1.4135e-124
0.391667 -8.57599e-124 3.62297e-123 7.92148e-123
0.395833 -4.62018e-122 1.92842e-121 4.21904e-121
0.4 -2.3676e-120 9.7646e-120 2.13767e-119
0.404167 -1.15517e-118 4.70799e-118 1.03133e-117
0.408333 -5.37115e-117 2.16342e-116 4.74223e-116
0.4125 -2.3821e-115 9.48319e-115 2.08007e-114
0.416667 -1.00854e-113 3.96871e-113 8.71081e-113
0.420833 -4.07977e-112 1.58704e-111 3.48565e-111
0.425 -1.5781e-110 6.06899e-110 1.33384e-109
0.429167 -5.84155e-109 2.22115e-108 4.88492e-108
0.433333 -2.07086e-107 7.78578e-107 1.71346e-106
0.4375 -7.03592e-106 2.61581e-105 5.76072e-105
0.441667 -2.29272e-104 8.42951e-104 1.85769e-103
0.445833 -7.17037e-103 2.6073e-102 5.74994e-102
0.45 -2.15371e-101 7.7458e-101 1.7094e-100
0.454167 -6.2169e-100 2.21163e-99 4.88422e-99
0.458333 -1.72575e-98 6.07301e-98 1.34214e-97
0.4625 -4.60967e-97 1.60477e-96 3.5491e-96
0.466667 -1.18552e-95 4.08317e-95 9.03687e-95
0.470833 -2.93734e-94 1.00095e-93 2.21693e-93
0.475 -7.01537e-93 2.36542e-92 5.24282e-92
0.479167 -1.61599e-91 5.39164e-91 1.19591e-90
0.483333 -3.59215e-90 1.186e-89 2.63262e-89
0.4875 -7.70948e-89 2.51901e-88 5.59576e-88
0.491667 -1.59835e-87 5.16863e-87 1.14903e-86
0.495833 -3.20267e-86 1.02503e-85 2.28048e-85
0.5 -6.20521e-85 1.96574e-84 4.3767e-84
0.504167 -1.16308e-83 3.64708e-83 8.12646e-83
0.508333 -2.10994e-82 6.54931e-82 1.46046e-81
0.5125 -3.70624e-81 1.13886e-80 2.54156e-80
0.516667 -6.30651e-80 1.91847e-79 4.28479e-79
0.520833 -1.03997e-78 3.13213e-78 7.00094e-78
0.525 -1.66269e-77 4.95793e-77 1.10908e-76
0.529167 -2.57831e-76 7.61225e-76 1.70421e-75
0.533333 -3.87937e-75 1.13409e-74 2.54102e-74
0.5375 -5.66577e-74 1.64011e-73 3.67776e-73
0.541667 -8.03506e-73 2.30329e-72 5.16905e-72
0.545833 -1.10691e-71 3.14219e-71 7.05749e-71
0.55 -1.48177e-70 4.16563e-70 9.36386e-70
0.554167 -1.92818e-69 5.36837e-69 1.20775e-68
0.558333 -2.43983e-68 6.72769e-68 1.51481e-67
0.5625 -3.00303e-67 8.20151e-67 1.8482e-66
0.566667 -3.59658e-66 9.72895e-66 2.19424e-65
0.570833 -4.19261e-65 1.12336e-64 2.53572e-64
0.575 -4.75861e-64 1.26295e-63 2.85321e-63
0.579167 -5.26023e-63 1.38292e-62 3.12688e-62
0.583333 -5.66484e-62 1.47529e-61 3.33858e-61
0.5875 -5.94499e-61 1.53375e-60 3.47383e-60
0.591667 -6.08161e-60 1.55435e-59 3.52349e-59
0.595833 -6.06606e-59 1.53594e-58 3.48475e-58
0.6 -5.9011e-58 1.4803e-57 3.36141e-57
0.604167 -5.60026e-57 1.39184e-56 3.16325e-56
0.608333 -5.18615e-56 1.27702e-55 2.90482e-55
0.6125 -4.68759e-55 1.14364e-54 2.60366e-54
0.616667 -4.13645e-54 9.99914e-54 2.27843e-53
0.620833 -3.56437e-53 8.53735e-53 1.94703e-52
0.625 -2.99995e-52 7.11985e-52 1.62517e-51
0.629167 -2.46672e-51 5.801e-51 1.32529e-50
0.633333 -1.98196e-50 4.61864e-50 1.05609e-49
0.6375 -1.55645e-49 3.59418e-49 8.22554e-49
0.641667 -1.1949e-48 2.73431e-48 6.26315e-48
0.645833 -8.96952e-48 2.034e-47 4.6631e-47
0.65 -6.58475e-47 1.47976e-46 3.39544e-46
0.654167 -4.72853e-46 1.05307e-45 2.41847e-45
0.658333 -3.3221e-45 7.33214e-45 1.68536e-44
0.6625 -2.28391e-44 4.99565e-44 1.1493e-43
0.666667 -1.53676e-43 3.33134e-43 7.67078e-43
0.670833 -1.01221e-42 2.17466e-42 5.01174e-42
0.675 -6.52746e-42 1.38989e-41 3.20595e-41
0.679167 -4.12197e-41 8.69889e-41 2.00824e-40
0.683333 -2.54932e-40 5.33224e-40 1.23207e-39
0.6875 -1.54444e-39 3.20177e-39 7.40441e-39
0.691667 -9.16669e-39 1.88352e-38 4.35958e-38
0.695833 -5.33111e-38 1.08573e-37 2.51516e-37
0.7 -3.03844e-37 6.13342e-37 1.42206e-36
0.704167 -1.69736e-36 3.3961e-36 7.88066e-36
0.708333 -9.29501e-36 1.84338e-35 4.28118e-35
0.7125 -4.99044e-35 9.80998e-35 2.28023e-34
0.716667 -2.62724e-34 5.11913e-34 1.19088e-33
0.720833 -1.3564e-33 2.61973e-33 6.09942e-33
0.725 -6.86852e-33 1.31494e-32 3.06403e-32
0.729167 -3.41173e-32 6.47435e-32 1.50986e-31
0.733333 -1.66256e-31 3.12738e-31 7.2991e-31
0.7375 -7.94918e-31 1.48221e-30 3.46214e-30
0.741667 -3.72957e-30 6.8934e-30 1.61143e-29
0.745833 -1.71726e-29 3.1463e-29 7.36063e-29
0.75 -7.76064e-29 1.40947e-28 3.29992e-28
0.754167 -3.44265e-28 6.19789e-28 1.45219e-27
0.758333 -1.49922e-27 2.67554e-27 6.27356e-27
0.7625 -6.40994e-27 1.13396e-26 2.66085e-26
0.766667 -2.69094e-26 4.71898e-26 1.10811e-25
0.770833 -1.10931e-25 1.92841e-25 4.5315e-25
0.775 -4.49098e-25 7.73905e-25 1.81984e-24
0.779167 -1.78568e-24 3.05038e-24 7.17784e-24
0.783333 -6.97396e-24 1.18095e-23 2.78073e-23
0.7875 -2.67546e-23 4.49111e-23 1.05819e-22
0.791667 -1.00832e-22 1.67786e-22 3.95583e-22
0.795833 -3.73341e-22 6.15839e-22 1.45283e-21
0.8 -1.35817e-21 2.22085e-21 5.24232e-21
0.804167 -4.8548e-21 7.86935e-21 1.85862e-20
0.808333 -1.70524e-20 2.74002e-20 6.47508e-20
0.8125 -5.88602e-20 9.37545e-20 2.21672e-19
0.816667 -1.99666e-19 3.15265e-19 7.45781e-19
0.820833 -6.65669e-19 1.0419e-18 2.46587e-18
0.825 -2.18124e-18 3.38431e-18 8.01322e-18
0.829167 -7.02524e-18 1.08049e-17 2.55943e-17
0.833333 -2.22407e-17 3.39081e-17 8.03514e-17
0.8375 -6.92125e-17 1.046e-16 2.47957e-16
0.841667 -2.11731e-16 3.17188e-16 7.52153e-16
0.845833 -6.36737e-16 9.45538e-16 2.24283e-15
0.85 -1.88246e-15 2.77094e-15 6.5744e-15
0.854167 -5.47131e-15 7.98311e-15 1.89451e-14
0.858333 -1.56339e-14 2.26112e-14 5.36693e-14
0.8625 -4.39195e-14 6.29631e-14 1.49468e-13
0.866667 -1.21303e-13 1.72372e-13 4.09234e-13
0.870833 -3.29388e-13 4.63945e-13 1.10152e-12
0.875 -8.79371e-13 1.22769e-12 2.91486e-12
0.879167 -2.30814e-12 3.19397e-12 7.58297e-12
0.883333 -5.95627e-12 8.16942e-12 1.93935e-11
0.8875 -1.51114e-11 2.05429e-11 4.87595e-11
0.891667 -3.76917e-11 5.07853e-11 1.20515e-10
0.895833 -9.24245e-11 1.23426e-10 2.92815e-10
0.9 -2.22801e-10 2.9489e-10 6.99356e-10
0.904167 -5.27986e-10 6.92591e-10 1.64187e-09
0.908333 -1.22994e-09 1.59897e-09 3.78876e-09
0.9125 -2.8163e-09 3.62855e-09 8.59309e-09
0.916667 -6.3385e-09 8.0933e-09 1.91544e-08
0.920833 -1.4021e-08 1.77416e-08 4.19593e-08
0.925 -3.04806e-08 3.8221e-08 9.03214e-08
0.929167 -6.5116e-08 8.09131e-08 1.91039e-07
0.933333 -1.36689e-07 1.68307e-07 3.96988e-07
0.9375 -2.81913e-07 3.43962e-07 8.10424e-07
0.941667 -5.71198e-07 6.90547e-07 1.62508e-06
0.945833 -1.13683e-06 1.36175e-06 3.20044e-06
0.95 -2.2222e-06 2.63732e-06 6.18947e-06
0.954167 -4.26565e-06 5.01562e-06 1.17527e-05
0.958333 -8.03953e-06 9.36506e-06 2.1907e-05
0.9625 -1.48745e-05 1.71649e-05 4.00785e-05
0.966667 -2.70107e-05 3.08765e-05 7.19496e-05
0.970833 -4.81297e-05 5.44974e-05 0.000126716
0.975 -8.41344e-05 9.4358e-05 0.000218884
0.979167 -0.000144245 0.000160221 0.000370721
0.983333 -0.000242477 0.000266727 0.000615457
0.9875 -0.000399523 0.000435193 0.00100118
0.991667 -0.000644998 0.000695669 0.00159525
0.995833 -0.00101988 0.00108907 0.00248861
1 -0.00157877 0.00166893 0.00379916
1.00417 -0.00239143 0.00250228 0.00567264
1.00833 -0.00354255 0.00366856 0.00827915
1.0125 -0.00512888 0.00525577 0.0118028
1.01667 -0.00725208 0.00735252 0.0164226
1.02083 -0.0100063 0.0100352 0.0222818
1.025 -0.01346 0.0133497 0.0294472
1.02917 -0.017631 0.0172889 0.0378591
1.03333 -0.0224589 0.0217678 0.047278
1.0375 -0.0277763 0.0265997 0.0572394
1.04167 -0.0332862 0.0314813 0.067027
1.04583 -0.0385523 0.0359907 0.0756828
1.05 -0.0430124 0.0396078 0.0820644
1.05417 -0.0460185 0.04176 0.0849599
1.05833 -0.0469089 0.0418935 0.0832553
1.0625 -0.0451078 0.0395657 0.0761372
1.06667 -0.0402383 0.0345419 0.0632961
1.07083 -0.0322301 0.0268797 0.0450852
1.075 -0.0213946 0.016976 0.022585
1.07917 -0.0084407 0.0055564 -0.00246484
1.08333 0.00558506 -0.00640211 -0.0278802
1.0875 0.0194378 -0.0178128 -0.0513684
1.09167 0.0318729 -0.0276599 -0.0709235
1.09583 0.0418636 -0.03518 -0.0851863
1.1 0.0487854 -0.039998 -0.0936716
1.10417 0.0525138 -0.0421776 -0.0967899
1.10833 0.0534042 -0.0421691 -0.0956505
1.1125 0.0521556 -0.0406669 -0.0917021
1.11667 0.0496001 -0.0384223 -0.0863352
1.12083 0.04649 -0.0360759 -0.0805905
1.125 0.0433618 -0.0340715 -0.0750913
1.12917 0.0405318 -0.0326814 -0.0702287
1.13333 0.0382223 -0.0321287 -0.0665121
1.1375 0.0367583 -0.0327412 -0.064903
1.14167 0.0367265 -0.0350444 -0.0669164
1.14583 0.0389847 -0.0397135 -0.0743444
1.15 0.0444584 -0.0473556 -0.0886049
1.15417 0.0537531 -0.0581718 -0.109909
1.15833 0.0667059 -0.0716203 -0.136569
1.1625 0.0820624 -0.08623 -0.164793
1.16667 0.0974508 -0.099683 -0.189149
1.17083 0.109729 -0.109189 -0.203661
1.175 0.115639 -0.112066 -0.203196
1.17917 0.112573 -0.106341 -0.184696
1.18333 0.0991836 -0.0911829 -0.147812
1.1875 0.0756424 -0.0670248 -0.0947611
1.19167 0.0434771 -0.0353751 -0.0295536
1.19583 0.00510053 0.00156432 0.0430291
1.2 -0.0367362 0.0412929 0.118232
1.20417 -0.0793322 0.0812637 0.191621
1.20833 -0.120148 0.118949 0.258912
1.2125 -0.156695 0.151799 0.315644
1.21667 -0.186397 0.177246 0.357113
1.22083 -0.206629 0.192884 0.378831
1.225 -0.21504 0.196837 0.377434
1.22917 -0.210082 0.188207 0.351685
1.23333 -0.191519 0.167413 0.303117
1.2375 -0.160693 0.136256 0.235998
1.24167 -0.120396 0.0976715 0.156656
1.24583 -0.0744153 0.0552561 0.0724308
1.25 -0.0269374 0.0127453 -0.00934053
1.25417 0.0180034 -0.0264128 -0.0820772
1.25833 0.0569025 -0.0593306 -0.140437
1.2625 0.0870206 -0.0838428 -0.180676
1.26667 0.106562 -0.0986346 -0.200994
1.27083 0.114842 -0.103363 -0.201798
1.275 0.112404 -0.0987246 -0.185664
1.27917 0.100946 -0.0863796 -0.156838
1.28333 0.0830121 -0.0686864 -0.120334
1.2875 0.0614801 -0.0483009 -0.0809796
1.29167 0.0390586 -0.0277722 -0.0428133
1.29583 0.0179799 -0.009259 -0.00899611
1.3 -4.05043e-05 0.00560169 0.0179593
1.30417 -0.0137089 0.015751 0.0360967
1.30833 -0.0221481 0.020789 0.0443734
1.3125 -0.0251023 0.0210944 0.0433279
1.31667 -0.0232349 0.0178602 0.0354759
1.32083 -0.0182084 0.0128744 0.0248259
1.325 -0.0122804 0.00798125 0.0154151
1.32917 -0.00745474 0.00439742 0.00952878
1.33333 -0.00460433 0.00224207 0.00670278
1.3375 -0.00313232 0.000615774 0.00430835
1.34167 -0.00149074 -0.00172524 -0.000452395
1.34583 0.00166433 -0.00544175 -0.00832527
1.35 0.00638174 -0.00999857 -0.0170545
1.35417 0.011138 -0.013801 -0.0224818
1.35833 0.0136446 -0.0150669 -0.0211196
1.3625 0.0122892 -0.0129317 -0.0125603
1.36667 0.00728603 -0.0080939 -9.28738e-05
1.37083 0.000753991 -0.00256901 0.0109546
1.375 -0.00437607 0.00131967 0.0161117
1.37917 -0.00594272 0.00210457 0.0140494
1.38333 -0.00362843 -0.000195923 0.00686803
1.3875 0.00110082 -0.00429225 -0.0015848
1.39167 0.0060344 -0.00844231 -0.00803754
1.39583 0.00945287 -0.0112941 -0.0111701
1.4 0.0107551 -0.0122674 -0.0113693
1.40417 0.010227 -0.0114038 -0.00950312
1.40833 0.00837454 -0.00900414 -0.00600104
1.4125 0.00549298 -0.00543673 -0.00103258
1.41667 0.00181106 -0.00122549 0.00458289
1.42083 -0.0020631 0.00281564 0.00888405
1.425 -0.00499528 0.00572413 0.00953368
1.42917 -0.0058284 0.0068714 0.00551189
1.43333 -0.00425758 0.00647124 -0.00161518
1.4375 -0.00134496 0.00564973 -0.00812437
1.44167 0.00089908 0.00587273 -0.0103016
1.44583 0.00074001 0.00802673 -0.00693851
1.45 -0.00207631 0.0117866 -0.00030046
1.45417 -0.0060603 0.0157723 0.00528617
1.45833 -0.00893923 0.0184532 0.00632578
1.4625 -0.00920954 0.0191942 0.00247225
1.46667 -0.00717277 0.0187062 -0.00339162
1.47083 -0.00470162 0.0185688 -0.00732481
1.475 -0.00391662 0.0201643 -0.00710076
1.47917 -0.00575231 0.0237765 -0.00354731
1.48333 -0.00944219 0.0284628 0.000421632
1.4875 -0.0132274 0.0327263 0.00218469
1.49167 -0.0156691 0.035433 0.00130188
1.49583 -0.0165383 0.0362952 -0.000477705
1.5 -0.016656 0.0356329 -0.000926809
1.50417 -0.01692 0.0337125 0.000728633
1.50833 -0.0173794 0.030273 0.0032349
1.5125 -0.0171228 0.0246561 0.00448859
1.51667 -0.0150461 0.0164295 0.00341421
1.52083 -0.010833 0.0059724 0.000939913
1.525 -0.00531636 -0.00548882 -0.000759838
1.52917 9.39527e-05 -0.0164618 -0.00014163
1.53333 0.00445477 -0.0259484 0.0022699
1.5375 0.00794584 -0.0337927 0.00412882
1.54167 0.0115764 -0.0403487 0.00309816
1.54583 0.0161497 -0.0457511 -0.00114879
1.55 0.0213183 -0.0494144 -0.00639463
1.55417 0.0255395 -0.0502244 -0.00936229
1.55833 0.0270551 -0.047345 -0.00817377
1.5625 0.0251951 -0.0410392 -0.00388392
1.56667 0.0209911 -0.0328409 0.000198372
1.57083 0.0165638 -0.0248619 0.00100428
1.575 0.0136824 -0.0186804 -0.00186284
1.57917 0.0125747 -0.014593 -0.00570545
1.58333 0.0119178 -0.0117689 -0.00677365
1.5875 0.0100491 -0.00916401 -0.00326423
1.59167 0.00645873 -0.00647322 0.00309365
1.59583 0.0023565 -0.00437115 0.00822248
1.6 -0.000189155 -0.00386396 0.00882374
1.60417 0.000104375 -0.00530229 0.00499694
1.60833 0.00263219 -0.00790062 0.000207231
1.6125 0.00528385 -0.0102129 -0.00145084
1.61667 0.00606609 -0.0112249 0.00147114
1.62083 0.00468515 -0.0111793 0.0066235
1.625 0.00279035 -0.0114153 0.00979355
1.62917 0.00263924 -0.0132765 0.00835399
1.63333 0.00523414 -0.0169083 0.00338866
1.6375 0.00942904 -0.0208941 -0.00124463
1.64167 0.0127252 -0.0230474 -0.00210285
1.64583 0.0131008 -0.021774 0.00107249
1.65 0.0103958 -0.0169791 0.00527476
1.65417 0.00618065 -0.00987723 0.00681792
1.65833 0.00231233 -0.00193831 0.00435079
1.6625 -0.000560763 0.00613341 -0.000204408
1.66667 -0.00331663 0.0145886 -0.00345208
1.67083 -0.00732743 0.0239325 -0.00341332
1.675 -0.0130443 0.0340197 -0.00104592
1.67917 -0.0194298 0.0437526 0.000774053
1.68333 -0.0246796 0.0516224 -0.000207711
1.6875 -0.0275623 0.0565868 -0.00376819
1.69167 -0.0282224 0.0585229 -0.00751407
1.69583 -0.0278126 0.0579064 -0.00893776
1.7 -0.0273359 0.0550784 -0.00741314
1.70417 -0.0267169 0.0498028 -0.00452602
1.70833 -0.02487 0.0415312 -0.00262032
1.7125 -0.0206676 0.0301403 -0.0028809
1.71667 -0.0139817 0.0164898 -0.00451556
1.72083 -0.00595943 0.0023119 -0.00557805
1.725 0.00164926 -0.0104985 -0.00463183
1.72917 0.00754436 -0.0206657 -0.00187403
1.73333 0.0115008 -0.0278687 0.00111244
1.7375 0.0141627 -0.0325059 0.0026727
1.74167 0.0162791 -0.0351766 0.00235396
1.74583 0.0180449 -0.0362767 0.00114838
1.75 0.0190425 -0.0359169 0.0005818
1.75417 0.0187445 -0.0340997 0.00143383
1.75833 0.0170891 -0.0309421 0.00312709
1.7625 0.0146274 -0.0267575 0.00425356
1.76667 0.0121332 -0.0219403 0.00378178
1.77083 0.0100195 -0.0167521 0.0019439
1.775 0.00805529 -0.0112045 6.65374e-05
1.77917 0.00562734 -0.00519797 -0.000523159
1.78333 0.00234437 0.00113849 0.000389177
1.7875 -0.00149877 0.00719704 0.00171929
1.79167 -0.00499307 0.0120429 0.00201765
1.79583 -0.00721054 0.014963 0.000755598
1.8 -0.00787977 0.0159862 -0.00115569
1.80417 -0.00758867 0.0158751 -0.00212444
1.80833 -0.00730434 0.0155233 -0.00130486
1.8125 -0.00757284 0.0152772 0.000586048
1.81667 -0.00808713 0.0148177 0.00187411
1.82083 -0.00804075 0.0136973 0.00147757
1.825 -0.00697811 0.0119704 -3.81667e-05
1.82917 -0.00534015 0.0102612 -0.000973002
1.83333 -0.0041356 0.00921206 -0.000161351
1.8375 -0.00400589 0.00889909 0.00181768
1.84167 -0.00459513 0.00880011 0.00315092
1.84583 -0.00488456 0.00829049 0.00258781
1.85 -0.00418383 0.00711579 0.000720453
1.85417 -0.00276882 0.00540038 -0.000610434
1.85833 -0.00149857 0.00331183 -0.000222609
1.8625 -0.000827359 0.000843487 0.00117211
1.86667 -0.000298452 -0.00205063 0.00173932
1.87083 0.000908733 -0.00520323 0.000506099
1.875 0.0029842 -0.00823127 -0.00157852
1.87917 0.00518094 -0.0108187 -0.00267135
1.88333 0.00657298 -0.0129592 -0.00202485
1.8875 0.00703783 -0.0148848 -0.000739297
1.89167 0.00734892 -0.0167659 -0.000468603
1.89583 0.00826894 -0.0184804 -0.00157415
1.9 0.00966026 -0.0196 -0.00280061
1.90417 0.0105775 -0.019538 -0.00275726
1.90833 0.0101876 -0.0177998 -0.00145036
1.9125 0.00850499 -0.0143233 -0.000174209
1.91667 0.00624959 -0.00970904 -2.35212e-05
1.92083 0.00411841 -0.00498254 -0.000767452
1.925 0.00226333 -0.000894199 -0.00123762
1.92917 0.000394949 0.00259251 -0.000646705
1.93333 -0.00172445 0.00597886 0.000615638
1.9375 -0.00391812 0.00938086 0.00144684
1.94167 -0.00568834 0.0122091 0.0011903
1.94583 -0.00667299 0.0138244 0.000314251
1.95 -0.00701543 0.0143091 -7.10181e-05
1.95417 -0.00721895 0.0143125 0.000587194
1.95833 -0.00757655 0.014198 0.00161356
1.9625 -0.00781142 0.0136595 0.00179151
1.96667 -0.00739766 0.0122465 0.000759157
1.97083 -0.00620946 0.00997262 -0.000495964
1.975 -0.00470074 0.00722413 -0.000727621
1.97917 -0.00339847 0.00428993 0.000128047
1.98333 -0.00235239 0.00124427 0.000888611
1.9875 -0.00118476 -0.00179626 0.00049843
1.99167 0.000380398 -0.00452933 -0.000797435
1.99583 0.00211036 -0.00658593 -0.00174306
2 0.00336071 -0.00773696 -0.00137424
2.00417 0.00362725 -0.00814586 1.55598e-05
2.00833 0.00316214 -0.00849977 0.00108228
2.0125 0.00298946 -0.00951426 0.000682041
2.01667 0.00393274 -0.0109313 -0.000816334
2.02083 0.00546013 -0.0113471 -0.00160004
2.025 0.0059409 -0.00968044 -0.000343206
2.02917 0.0045126 -0.00667874 0.00190011
2.03333 0.00236108 -0.00421268 0.002562
2.0375 0.00144533 -0.00307907 0.000771312
2.04167 0.00208165 -0.00243917 -0.00120091
2.04583 0.00268979 -0.00162017 -0.000718234
2.05 0.00210608 -0.0012103 0.0016395
2.05417 0.00110916 -0.00158481 0.00276525
2.05833 0.000998548 -0.00157209 0.00120606
2.0625 0.00156088 -6.24001e-06 -0.00104254
2.06667 0.00152054 0.00220651 -0.00148238
2.07083 0.000480699 0.0033234 -0.00026558
2.075 -0.000803281 0.00361703 0.000692432
2.07917 -0.0018394 0.00491583 0.000460654
2.08333 -0.00278632 0.00729144 -0.000483027
2.0875 -0.0034617 0.00862481 -0.00158768
2.09167 -0.00341193 0.00818783 -0.0023325
2.09583 -0.00321926 0.00811018 -0.00176492
2.1 -0.00413848 0.0097409 0.000141922
2.10417 -0.00580156 0.0109618 0.00123715
2.10833 -0.00600684 0.00949834 -0.000376903
2.1125 -0.00395251 0.00687082 -0.00286534
2.11667 -0.00196349 0.00587732 -0.00242041
2.12083 -0.0021811 0.00556179 0.00102972
2.125 -0.00300176 0.00258851 0.00304162
2.12917 -0.00133175 -0.00285262 0.00104407
2.13333 0.00249155 -0.00683741 -0.00168017
2.1375 0.00505592 -0.00792647 -0.000999931
2.14167 0.00504667 -0.00904939 0.0018122
2.14583 0.00477603 -0.0115818 0.00248765
2.15 0.00578734 -0.0122674 0.000575525
2.15417 0.00630848 -0.00911975 -0.000544937
2.15833 0.00486872 -0.00604026 0.000240049
2.1625 0.00335636 -0.00698223 0.000417674
2.16667 0.00373645 -0.0089118 -0.000912703
2.17083 0.00421575 -0.00635289 -0.00120146
2.175 0.00215095 -0.00080127 0.000458552
2.17917 -0.000970847 0.00116881 0.000893847
2.18333 -0.00153675 -0.00125437 -0.00166798
2.1875 2.07449e-05 -0.00151819 -0.00363721
2.19167 -0.000444903 0.0034293 -0.00148117
2.19583 -0.00393115 0.00787551 0.00200269
2.2 -0.00632111 0.00669972 0.00164324
2.20417 -0.00490945 0.00366378 -0.00179547
2.20833 -0.00268079 0.00470201 -0.00267731
2.2125 -0.00324782 0.00775726 0.000588316
2.21667 -0.00498685 0.00646831 0.00323952
2.22083 -0.00405288 0.00128392 0.00189053
2.225 -0.000909273 -0.000994893 -0.000544429
2.22917 0.000576139 0.0016199 -0.000186928
2.23333 -0.000464041 0.00340687 0.00174125
2.2375 -0.000934824 0.000945136 0.00179081
2.24167 0.000555574 -0.00123459 0.000265536
2.24583 0.00143496 0.00114752 8.95192e-05
2.25 3.00118e-05 0.00432925 0.00126777
2.25417 -0.00115818 0.00263609 0.000936881
2.25833 0.00035219 -0.00173717 -0.00121378
2.2625 0.00247963 -0.00201262 -0.00186737
2.26667 0.00169635 0.00194566 0.000372481
2.27083 -0.00104274 0.00316681 0.00211191
2.275 -0.00147832 -0.00102349 0.00030513
2.27917 0.00119444 -0.00444636 -0.00256734
2.28333 0.0028677 -0.00212705 -0.00197125
2.2875 0.000977734 0.0013967 0.00155472
2.29167 -0.001346 -0.000620072 0.00294607
2.29583 -0.000208073 -0.00598245 0.000365086
2.3 0.00285114 -0.00701724 -0.00196288
2.30417 0.00336894 -0.00309153 -0.000443459
2.30833 0.00107631 -0.00131594 0.00232673
2.3125 -4.63309e-05 -0.00411488 0.0020489
2.31667 0.00127669 -0.00477849 -0.000286451
2.32083 0.00149861 0.00094052 -0.000511229
2.325 -0.00134962 0.00671427 0.00139574
2.32917 -0.00380087 0.00545334 0.00154324
2.33333 -0.00262088 0.000971724 -0.000632173
2.3375 -0.000420961 0.00153397 -0.00121466
2.34167 -0.0012613 0.00597962 0.000917505
2.34583 -0.00358615 0.00607191 0.00154752
2.35 -0.00286885 0.000888643 -0.00148102
2.35417 0.000405669 -0.00170929 -0.00385054
2.35833 0.00137708 0.00116585 -0.00180978
2.3625 -0.000858152 0.00268737 0.00116933
2.36667 -0.00170222 -0.00137701 -1.6404e-05
2.37083 0.00102092 -0.0053373 -0.00359589
2.375 0.00349652 -0.00393668 -0.00401622
2.37917 0.00265551 -0.00154545 -0.00104567
2.38333 0.00115486 -0.00396369 0.000570685
2.3875 0.00223209 -0.00788865 -0.000699324
2.39167 0.00408464 -0.00670052 -0.00162146
2.39583 0.00345842 -0.00174226 -0.0006107
2.4 0.00127881 0.000708714 0.000266232
2.40417 0.000337202 0.000282401 0.00022961
2.40833 0.000153148 0.00169492 0.00113339
2.4125 -0.001336 0.00511372 0.00281827
2.41667 -0.00307949 0.00590143 0.0024357
2.42083 -0.00255888 0.00345783 -2.80117e-05
2.425 -0.000747528 0.00235302 -0.000646583
2.42917 -0.000836704 0.00405805 0.00189749
2.43333 -0.0027154 0.00472576 0.00348488
2.4375 -0.00312705 0.00244928 0.00111478
2.44167 -0.00118246 0.000178061 -0.00205516
2.44583 0.000486263 -0.000315278 -0.00178579
2.45 0.000429813 -0.0012778 0.000685378
2.45417 0.000272625 -0.00362656 0.0012623
2.45833 0.00108896 -0.00453819 -0.000433222
2.4625 0.00161059 -0.00311774 -0.00148611
2.46667 0.00130325 -0.00294358 -0.00105827
2.47083 0.00171068 -0.00543641 -0.00084605
2.475 0.00299513 -0.00597296 -0.000908889
2.47917 0.00253552 -0.00132457 0.000369941
2.48333 -0.000566696 0.00368572 0.00199889
2.4875 -0.0027318 0.00305709 0.000850989
2.49167 -0.00105335 -0.000393009 -0.00231211
2.49583 0.00140278 0.000586961 -0.00232283
2.5 -4.7521e-05 0.00519143 0.00208741
2.50417 -0.00370197 0.00537065 0.00452055
2.50833 -0.00348144 -0.000262415 0.000272727
2.5125 0.00108855 -0.00310135 -0.00498575
2.51667 0.00334394 0.00118102 -0.00297601
2.52083 1.30117e-05 0.00471116 0.00367963
2.525 -0.00323034 0.000631615 0.00477655
2.52917 -0.00101513 -0.00460855 -0.00126208
2.53333 0.00287627 -0.00218293 -0.00480972
2.5375 0.00221137 0.00312374 -0.000803091
2.54167 -0.000997792 0.000786898 0.00354878
2.54583 -0.000525575 -0.00635561 0.00165232
2.55 0.00269834 -0.0061265 -0.00197439
2.55417 0.00252061 0.00153399 -0.00114639
2.55833 -0.000823176 0.00388647 0.00112129
2.5625 -0.00110827 -0.00214847 -0.000143162
2.56667 0.00190097 -0.00435266 -0.00171312
2.57083 0.00151776 0.00272767 0.000901326
2.575 -0.00311214 0.00745122 0.00327095
2.57917 -0.00425918 0.00165374 -0.000327546
2.58333 0.000731791 -0.00454255 -0.00490132
2.5875 0.00372871 -0.00042653 -0.00217872
2.59167 -0.000629019 0.00667353 0.00432475
2.59583 -0.00545668 0.00462941 0.00418481
2.6 -0.00302511 -0.00268306 -0.00253374
2.60417 0.00261364 -0.00323626 -0.00532056
2.60833 0.00287668 0.00239823 -0.000214139
2.6125 -0.00164213 0.00368705 0.00487557
2.61667 -0.00349028 -0.00122143 0.00325865
2.62083 -0.000487008 -0.0039786 -0.00176871
2.625 0.00251826 -0.00116846 -0.00367034
2.62917 0.0020954 0.00145844 -0.00113952
2.63333 -1.48525e-05 -0.000115328 0.00236948
2.6375 -0.000935548 -0.00267342 0.00309802
2.64167 -6.20895e-05 -0.00220839 0.000174451
2.64583 0.00129571 0.000592543 -0.00305858
2.65 0.00142492 0.00232902 -0.00223428
2.65417 2.21121e-05 0.00106605 0.00177643
2.65833 -0.00104524 -0.00146428 0.00327784
2.6625 -0.000341162 -0.00133708 0.000260387
2.66667 0.00061836 0.00205824 -0.00258671
2.67083 4.77117e-05 0.00364633 -0.00172824
2.675 -0.000645401 3.49512e-05 0.000323728
2.67917 0.000286385 -0.00370617 0.000736874
2.68333 0.000976165 -0.00149852 0.000599627
2.6875 -0.000532233 0.00279388 0.00061386
2.69167 -0.00157144 0.00115361 -0.000789943
2.69583 0.000745144 -0.00452361 -0.00246414
2.7 0.00330542 -0.00522232 -0.000758504
2.70417 0.00166066 -0.000258675 0.00299327
2.70833 -0.00179404 0.00195126 0.0028397
2.7125 -0.00143127 -0.00136065 -0.00167938
2.71667 0.0019929 -0.0034924 -0.00379142
2.72083 0.00271233 -0.000561583 -0.000346918
2.725 -0.000468512 0.00291054 0.0034041
2.72917 -0.00295744 0.00277767 0.00254779
2.73333 -0.00204256 0.000965969 -0.000955946
2.7375 0.000141567 0.000497596 -0.00277147
2.74167 0.000889864 0.00140447 -0.00152624
2.74583 -0.000247043 0.00251694 0.00144113
2.75 -0.00211903 0.00272412 0.00317401
2.75417 -0.00263428 0.00121291 0.000883541
2.75833 -0.000567443 -0.000573067 -0.00343636
2.7625 0.00178824 -9.35506e-05 -0.00356054
2.76667 0.00103871 0.00134081 0.00156048
2.77083 -0.0015441 -6.28434e-05 0.00450884
2.775 -0.00146398 -0.00310421 0.000763393
2.77917 0.00138148 -0.00282859 -0.00364217
2.78333 0.00256474 -8.79137e-05 -0.00223592
2.7875 0.00100986 -0.000539557 0.00170038
2.79167 0.00013594 -0.00333268 0.00222412
2.79583 0.00074983 -0.00191483 0.000417084
2.8 0.000203153 0.00289976 -0.000224011
2.80417 -0.00112544 0.0032136 -0.000557275
2.80833 -0.000261078 -0.00124984 -0.00140023
2.8125 0.00152836 -0.00214983 -0.000133799
2.81667 0.000344733 0.00205174 0.0027171
2.82083 -0.00234782 0.00351347 0.00196602
2.825 -0.00164515 -0.000144319 -0.00244509
2.82917 0.00161105 -0.00213501 -0.00349088
2.83333 0.00201748 0.000298708 0.000862404
2.8375 -0.000841591 0.00198811 0.00362823
2.84167 -0.00223894 0.00071366 0.000834713
2.84583 -0.00075793 -2.60594e-05 -0.00248961
2.85 0.000641276 0.000376943 -0.00193342
2.85417 0.000702634 -0.000734847 0.000291274
2.85833 0.000461267 -0.00206117 0.00154229
2.8625 -0.000183044 -0.000859947 0.00203314
2.86667 -0.0010241 0.000196061 0.0010169
2.87083 8.54357e-06 -0.00179965 -0.00181198
2.875 0.00240032 -0.00284982 -0.00229451
2.87917 0.00191725 0.000536213 0.00213738
2.88333 -0.00190767 0.00342092 0.00560968
2.8875 -0.00346932 0.00129358 0.00240213
2.89167 -0.000447387 -0.0011071 -0.0023111
2.89583 0.00187071 0.000928628 -0.000587509
2.9 -7.2255e-05 0.00301935 0.00482635
2.90417 -0.00232486 0.000956309 0.00595532
2.90833 -0.00132724 -0.000790802 0.00303284
2.9125 0.00036225 0.0014627 0.00193864
2.91667 0.000290059 0.00289854 0.0035664
2.92083 0.000342265 2.20839e-07 0.00518686
2.925 0.001471 -0.00239345 0.00686303
2.92917 0.00166633 -0.000934171 0.00871607
2.93333 0.0013599 -4.82429e-05 0.00817787
2.9375 0.00338137 -0.00242774 0.00610465
2.94167 0.00654547 -0.0039041 0.0079163
2.94583 0.0069551 -0.00251002 0.013723
2.95 0.00566799 -0.00212144 0.0164236
2.95417 0.0071829 -0.00383001 0.013889
2.95833 0.0110857 -0.00402569 0.0129477
2.9625 0.013096 -0.00266438 0.017351
2.96667 0.0130077 -0.00327536 0.0221702
2.97083 0.0139779 -0.00488551 0.0235827
2.975 0.0159871 -0.00403176 0.0240887
2.97917 0.0170966 -0.00295116 0.0254689
2.98333 0.0183252 -0.00558048 0.0261793
2.9875 0.0207465 -0.00868657 0.0269004
2.99167 0.0215343 -0.00724358 0.0294385
2.99583 0.0189605 -0.0042846 0.0305845
