0 0 0 0
0.00416667 0 0 0
0.00833333 0 0 0
0.0125 0 0 0
0.0166667 0 0 0
0.0208333 0 0 0
0.025 0 0 0
0.0291667 0 0 0
0.0333333 0 0 0
0.0375 0 0 0
0.0416667 0 0 0
0.0458333 0 0 0
0.05 0 0 0
0.0541667 0 0 0
0.0583333 0 0 0
0.0625 0 0 0
0.0666667 0 0 0
0.0708333 0 0 0
0.075 0 0 0
0.0791667 0 0 0
0.0833333 0 0 0
0.0875 0 0 0
0.0916667 0 0 0
0.0958333 0 0 0
0.1 0 0 0
0.104167 0 0 0
0.108333 0 0 0
0.1125 0 0 0
0.116667 0 0 0
0.120833 0 0 0
0.125 0 0 0
0.129167 0 0 0
0.133333 0 0 0
0.1375 0 0 0
0.141667 0 0 0
0.145833 0 0 0
0.15 0 0 0
0.154167 0 0 0
0.158333 0 0 0
0.1625 0 0 0
0.166667 0 0 0
0.170833 0 0 0
0.175 0 0 0
0.179167 0 0 0
0.183333 0 0 0
0.1875 0 0 0
0.191667 -3.37447e-321 0 1.04806e-319
0.195833 -3.13327e-317 1.80256e-318 9.07154e-316
0.2 -2.28639e-313 1.72065e-314 6.47356e-312
0.204167 -1.39023e-309 1.32247e-310 3.85066e-308
0.208333 -7.10238e-306 8.32343e-307 1.92503e-304
0.2125 -3.0725e-302 4.3449e-303 8.15142e-301
0.216667 -1.13382e-298 1.90063e-299 2.94513e-297
0.220833 -3.59381e-295 7.02803e-296 9.14212e-294
0.225 -9.84742e-292 2.2135e-292 2.45389e-290
0.229167 -2.34658e-288 5.97802e-289 5.72962e-287
0.233333 -4.88964e-285 1.39286e-285 1.17016e-283
0.2375 -8.954e-282 2.81537e-282 2.10084e-280
0.241667 -1.44754e-278 4.96215e-279 3.33084e-277
0.245833 -2.07444e-275 7.66267e-276 4.68297e-274
0.25 -2.64508e-272 1.04136e-272 5.86025e-271
0.254167 -3.01099e-269 1.25069e-269 6.54948e-268
0.258333 -3.06934e-266 1.33273e-266 6.5574e-265
0.2625 -2.80983e-263 1.26473e-263 5.89827e-262
0.266667 -2.31615e-260 1.07265e-260 4.779e-259
0.270833 -1.72343e-257 8.15811e-258 3.49668e-256
0.275 -1.16039e-254 5.58193e-255 2.31588e-253
0.279167 -7.08608e-252 3.44649e-252 1.39162e-250
0.283333 -3.93347e-249 1.92594e-249 7.60394e-248
0.2875 -1.98917e-246 9.76783e-247 3.78635e-245
0.291667 -9.18383e-244 4.50831e-244 1.72184e-242
0.295833 -3.87924e-241 1.89846e-241 7.16566e-240
0.3 -1.50222e-238 7.31197e-239 2.73465e-237
0.304167 -5.34395e-236 2.58189e-236 9.58953e-235
0.308333 -1.74979e-233 8.37721e-234 3.09594e-232
0.3125 -5.28375e-231 2.50302e-231 9.21976e-230
0.316667 -1.47416e-228 6.90145e-229 2.53738e-227
0.320833 -3.80705e-226 1.75955e-226 6.46519e-225
0.325 -9.11684e-224 4.15612e-224 1.52782e-222
0.329167 -2.02798e-221 9.11185e-222 3.35436e-220
0.333333 -4.19735e-219 1.85753e-219 6.85355e-218
0.3375 -8.09633e-217 3.52716e-217 1.30526e-215
0.341667 -1.45776e-214 6.24874e-215 2.32077e-213
0.345833 -2.45378e-212 1.03451e-212 3.85822e-211
0.35 -3.86707e-210 1.60294e-210 6.00628e-209
0.354167 -5.71421e-208 2.32807e-208 8.76834e-207
0.358333 -7.92815e-206 3.17397e-206 1.20207e-204
0.3625 -1.03422e-203 4.06758e-204 1.54963e-202
0.366667 -1.27012e-201 4.90655e-202 1.88094e-200
0.370833 -1.47036e-199 5.5781e-200 2.15239e-198
0.375 -1.60651e-197 5.9843e-198 2.32491e-196
0.379167 -1.65862e-195 6.06577e-196 2.37326e-194
0.383333 -1.62001e-193 5.81589e-194 2.29216e-192
0.3875 -1.4986e-191 5.28079e-192 2.09696e-190
0.391667 -1.31441e-189 4.54588e-190 1.81913e-188
0.395833 -1.09425e-187 3.71399e-188 1.49803e-186
0.4 -8.6553e-186 2.88282e-186 1.17222e-184
0.404167 -6.51126e-184 2.12805e-184 8.72484e-183
0.408333 -4.66319e-182 1.4954e-182 6.18279e-181
0.4125 -3.18233e-180 1.00128e-180 4.17541e-179
0.416667 -2.07133e-178 6.39407e-179 2.68967e-177
0.420833 -1.28702e-176 3.89773e-177 1.65413e-175
0.425 -7.64057e-175 2.27006e-175 9.72048e-174
0.429167 -4.33748e-173 1.26421e-173 5.46281e-172
0.433333 -2.35655e-171 6.73779e-172 2.93839e-170
0.4375 -1.22627e-169 3.43935e-170 1.51395e-168
0.441667 -6.11654e-168 1.68281e-168 7.47759e-167
0.445833 -2.92659e-166 7.8981e-167 3.54309e-165
0.45 -1.34422e-164 3.55842e-165 1.61174e-163
0.454167 -5.93122e-163 1.5401e-163 7.04375e-162
0.458333 -2.51584e-161 6.4077e-162 2.95947e-160
0.4625 -1.02655e-159 2.56455e-160 1.19623e-158
0.466667 -4.03203e-158 9.88007e-159 4.65474e-157
0.470833 -1.52542e-156 3.66632e-157 1.74474e-155
0.475 -5.56224e-155 1.31128e-155 6.30363e-154
0.479167 -1.956e-153 4.52289e-154 2.19655e-152
0.483333 -6.63751e-152 1.50541e-152 7.3865e-151
0.4875 -2.17475e-150 4.83796e-151 2.39847e-149
0.491667 -6.88377e-149 1.50205e-149 7.52441e-148
0.495833 -2.10619e-147 4.50778e-148 2.28187e-146
0.5 -6.23236e-146 1.30836e-146 6.69307e-145
0.504167 -1.78452e-144 3.67461e-145 1.89976e-143
0.508333 -4.94683e-143 9.99156e-144 5.22079e-142
0.5125 -1.32826e-141 2.63156e-142 1.3898e-140
0.516667 -3.45625e-140 6.71677e-141 3.58556e-139
0.520833 -8.71958e-139 1.66221e-139 8.96928e-138
0.525 -2.13382e-137 3.99013e-138 2.17648e-136
0.529167 -5.06745e-136 9.29535e-137 5.12562e-135
0.533333 -1.16837e-134 2.10238e-135 1.17199e-133
0.5375 -2.61651e-133 4.61865e-134 2.60298e-132
0.541667 -5.69371e-132 9.8596e-133 5.61792e-131
0.545833 -1.20442e-130 2.04608e-131 1.17873e-129
0.55 -2.47771e-129 4.12937e-130 2.40525e-128
0.554167 -4.95882e-128 8.10795e-129 4.77515e-127
0.558333 -9.65898e-127 1.54944e-127 9.22699e-126
0.5625 -1.83178e-125 2.88294e-126 1.73597e-124
0.566667 -3.38347e-124 5.22466e-125 3.18123e-123
0.570833 -6.08915e-123 9.22564e-124 5.68031e-122
0.575 -1.06809e-121 1.58783e-122 9.88615e-121
0.579167 -1.8267e-120 2.6646e-121 1.67768e-119
0.583333 -3.04705e-119 4.3614e-120 2.77692e-118
0.5875 -4.95893e-118 6.96513e-119 4.48469e-117
0.591667 -7.87647e-117 1.08563e-117 7.06898e-116
0.595833 -1.22137e-115 1.65204e-116 1.08786e-114
0.6 -1.84957e-114 2.45517e-115 1.63498e-113
0.604167 -2.73611e-113 3.56446e-114 2.40053e-112
0.608333 -3.95512e-112 5.05693e-113 3.44418e-111
0.6125 -5.58829e-111 7.01273e-112 4.83029e-110
0.616667 -7.71991e-110 9.50863e-111 6.62357e-109
0.620833 -1.04299e-108 1.26095e-109 8.88307e-108
0.625 -1.37849e-107 1.63587e-108 1.16548e-106
0.629167 -1.78276e-106 2.07676e-107 1.49633e-105
0.633333 -2.25666e-105 2.58059e-106 1.8804e-104
0.6375 -2.7966e-104 3.13952e-105 2.31357e-103
0.641667 -3.39388e-103 3.74046e-104 2.78759e-102
0.645833 -4.03432e-102 4.36527e-103 3.29002e-101
0.65 -4.69847e-101 4.99145e-102 3.80448e-100
0.654167 -5.36236e-100 5.59337e-101 4.31141e-99
0.658333 -5.99887e-99 6.144e-100 4.7893e-98
0.6625 -6.57954e-98 6.61697e-99 5.21615e-97
0.666667 -7.07668e-97 6.98864e-98 5.57123e-96
0.670833 -7.46562e-96 7.24014e-97 5.8367e-95
0.675 -7.72675e-95 7.35891e-96 5.99917e-94
0.679167 -7.84718e-94 7.33978e-95 6.05082e-93
0.683333 -7.82175e-93 7.1853e-94 5.98995e-92
0.6875 -7.65342e-92 6.90535e-93 5.82111e-91
0.691667 -7.35281e-91 6.51616e-92 5.55453e-90
0.695833 -6.93716e-90 6.03872e-91 5.20513e-89
0.7 -6.42869e-89 5.49705e-90 4.79115e-88
0.704167 -5.8527e-88 4.91615e-89 4.33264e-87
0.708333 -5.23554e-87 4.32026e-88 3.84989e-86
0.7125 -4.60274e-86 3.73132e-87 3.36206e-85
0.716667 -3.97738e-85 3.16781e-86 2.88601e-84
0.720833 -3.37892e-84 2.64407e-85 2.43558e-83
0.725 -2.82249e-83 2.1701e-84 2.02112e-82
0.729167 -2.31863e-82 1.75165e-83 1.64944e-81
0.733333 -1.87347e-81 1.39075e-82 1.32405e-80
0.7375 -1.48918e-80 1.08631e-81 1.04561e-79
0.741667 -1.16466e-79 8.34888e-81 8.12453e-79
0.745833 -8.96339e-79 6.31451e-80 6.21234e-78
0.75 -6.78937e-78 4.7006e-79 4.67527e-77
0.754167 -5.06216e-77 3.44455e-78 3.46351e-76
0.758333 -3.71581e-76 2.48508e-77 2.52608e-75
0.7625 -2.68563e-75 1.76539e-76 1.8141e-74
0.766667 -1.9115e-74 1.23507e-75 1.28298e-73
0.770833 -1.33997e-73 8.51043e-75 8.93675e-73
0.775 -9.25271e-73 5.77672e-74 6.13199e-72
0.779167 -6.29439e-72 3.86312e-73 4.14517e-71
0.783333 -4.21896e-71 2.54552e-72 2.76095e-70
0.7875 -2.78663e-70 1.65293e-71 1.81219e-69
0.791667 -1.81397e-69 1.05785e-70 1.17229e-68
0.795833 -1.16389e-68 6.67324e-70 7.47485e-68
0.8 -7.36163e-68 4.15e-69 4.69851e-67
0.804167 -4.59062e-67 2.54453e-68 2.91179e-66
0.808333 -2.82263e-66 1.53839e-67 1.77931e-65
0.8125 -1.71147e-65 9.17223e-67 1.07222e-64
0.816667 -1.02346e-64 5.39361e-66 6.37248e-64
0.820833 -6.03673e-64 3.12846e-65 3.73569e-63
0.825 -3.51247e-63 1.79008e-64 2.16032e-62
0.829167 -2.01627e-62 1.01054e-63 1.23253e-61
0.833333 -1.14197e-61 5.62881e-63 6.93832e-61
0.8375 -6.3823e-61 3.09391e-62 3.85418e-60
0.841667 -3.52012e-60 1.6783e-61 2.11287e-59
0.845833 -1.91619e-59 8.98553e-61 1.1432e-58
0.85 -1.02959e-58 4.74869e-60 6.10551e-58
0.854167 -5.46105e-58 2.47743e-59 3.21893e-57
0.858333 -2.85966e-57 1.27604e-58 1.67546e-56
0.8625 -1.47849e-56 6.48939e-58 8.61046e-56
0.866667 -7.54792e-56 3.25882e-57 4.36949e-55
0.870833 -3.80524e-55 1.61611e-56 2.1897e-54
0.875 -1.8946e-54 7.91536e-56 1.08374e-53
0.879167 -9.31695e-54 3.82913e-55 5.29773e-53
0.883333 -4.52571e-53 1.82976e-54 2.55809e-52
0.8875 -2.17165e-52 8.63752e-54 1.22022e-51
0.891667 -1.02949e-51 4.02827e-53 5.75032e-51
0.895833 -4.82188e-51 1.85617e-52 2.67739e-50
0.9 -2.23155e-50 8.4512e-52 1.23178e-49
0.904167 -1.02053e-49 3.80238e-51 5.59997e-49
0.908333 -4.6122e-49 1.69068e-50 2.51597e-48
0.9125 -2.06008e-48 7.42961e-50 1.11718e-47
0.916667 -9.09465e-48 3.22702e-49 4.90308e-47
0.920833 -3.96867e-47 1.38548e-48 2.12704e-46
0.925 -1.71195e-46 5.88015e-48 9.12165e-46
0.929167 -7.30054e-46 2.46716e-47 3.86715e-45
0.933333 -3.07797e-45 1.02343e-46 1.6209e-44
0.9375 -1.28307e-44 4.19753e-46 6.71741e-44
0.941667 -5.28857e-44 1.7023e-45 2.75266e-43
0.945833 -2.15555e-43 6.8267e-45 1.11541e-42
0.95 -8.6883e-43 2.70735e-44 4.46972e-42
0.954167 -3.46335e-42 1.06185e-43 1.77138e-41
0.958333 -1.36543e-41 4.119e-43 6.94311e-41
0.9625 -5.32449e-41 1.58036e-42 2.69175e-40
0.966667 -2.05375e-40 5.99764e-42 1.03224e-39
0.970833 -7.83614e-40 2.25158e-41 3.91571e-39
0.975 -2.95779e-39 8.36185e-41 1.46944e-38
0.979167 -1.1045e-38 3.07218e-40 5.45541e-38
0.983333 -4.08055e-38 1.11672e-39 2.00383e-37
0.9875 -1.49159e-37 4.0162e-39 7.28238e-37
0.991667 -5.3949e-37 1.42916e-38 2.61871e-36
0.995833 -1.9308e-36 5.03228e-38 9.318e-36
1 -6.8381e-36 1.75341e-37 3.28097e-35
1.00417 -2.39661e-35 6.04588e-37 1.14326e-34
1.00833 -8.31269e-35 2.06306e-36 3.94252e-34
1.0125 -2.85358e-34 6.96719e-36 1.34556e-33
1.01667 -9.6953e-34 2.32872e-35 4.54525e-33
1.02083 -3.26042e-33 7.70385e-35 1.51968e-32
1.025 -1.08529e-32 2.52259e-34 5.02927e-32
1.02917 -3.57597e-32 8.1762e-34 1.64753e-31
1.03333 -1.16637e-31 2.62324e-33 5.34266e-31
1.0375 -3.76611e-31 8.33148e-33 1.71511e-30
1.04167 -1.20386e-30 2.61951e-32 5.45069e-30
1.04583 -3.80981e-30 8.15354e-32 1.71496e-29
1.05 -1.19369e-29 2.51255e-31 5.34214e-29
1.05417 -3.70298e-29 7.66552e-31 1.64759e-28
1.05833 -1.13737e-28 2.31547e-30 5.03118e-28
1.0625 -3.45904e-28 6.925e-30 1.52122e-27
1.06667 -1.04166e-27 2.05068e-29 4.55437e-27
1.07083 -3.10618e-27 6.01288e-29 1.35018e-26
1.075 -9.17214e-27 1.74577e-28 3.96367e-26
1.07917 -2.68207e-26 5.0191e-28 1.15227e-25
1.08333 -7.76672e-26 1.42891e-27 3.31723e-25
1.0875 -2.22733e-25 4.02844e-27 9.45742e-25
1.09167 -6.32586e-25 1.12468e-26 2.67028e-24
1.09583 -1.77933e-24 3.10953e-26 7.46684e-24
1.1 -4.95683e-24 8.51412e-26 2.06787e-23
1.10417 -1.36764e-23 2.30873e-25 5.67187e-23
1.10833 -3.7374e-23 6.20012e-25 1.54083e-22
1.1125 -1.01159e-22 1.64904e-24 4.14587e-22
1.11667 -2.71199e-22 4.34381e-24 1.10489e-21
1.12083 -7.20152e-22 1.13325e-23 2.91655e-21
1.125 -1.89418e-21 2.9282e-23 7.62564e-21
1.12917 -4.935e-21 7.49379e-23 1.9749e-20
1.13333 -1.27358e-20 1.89947e-22 5.06622e-20
1.1375 -3.25573e-20 4.76865e-22 1.28735e-19
1.14167 -8.24431e-20 1.18576e-21 3.24031e-19
1.14583 -2.068e-19 2.92035e-21 8.07905e-19
1.15 -5.13857e-19 7.12384e-21 1.99536e-18
1.15417 -1.26483e-18 1.72122e-20 4.88173e-18
1.15833 -3.08407e-18 4.11908e-20 1.1831e-17
1.1625 -7.44937e-18 9.76354e-20 2.84028e-17
1.16667 -1.78247e-17 2.29222e-19 6.75462e-17
1.17083 -4.22504e-17 5.33021e-19 1.59125e-16
1.175 -9.92088e-17 1.22764e-18 3.71344e-16
1.17917 -2.30769e-16 2.80047e-18 8.58448e-16
1.18333 -5.31759e-16 6.32738e-18 1.96585e-15
1.1875 -1.21384e-15 1.41593e-17 4.45947e-15
1.19167 -2.74481e-15 3.1382e-17 1.0021e-14
1.19583 -6.14849e-15 6.88866e-17 2.23067e-14
1.2 -1.36435e-14 1.4976e-16 4.91866e-14
1.20417 -2.99905e-14 3.22444e-16 1.07435e-13
1.20833 -6.53031e-14 6.87549e-16 2.32447e-13
1.2125 -1.40855e-13 1.45188e-15 4.98171e-13
1.21667 -3.00952e-13 3.03618e-15 1.05756e-12
1.22083 -6.36939e-13 6.28751e-15 2.22377e-12
1.225 -1.33527e-12 1.28935e-14 4.63161e-12
1.22917 -2.77269e-12 2.61812e-14 9.55477e-12
1.23333 -5.70277e-12 5.26402e-14 1.95229e-11
1.2375 -1.16176e-11 1.04794e-13 3.9509e-11
1.24167 -2.3441e-11 2.06552e-13 7.91886e-11
1.24583 -4.68445e-11 4.03064e-13 1.57192e-10
1.25 -9.27149e-11 7.78657e-13 3.09022e-10
1.25417 -1.81734e-10 1.48909e-12 6.01619e-10
1.25833 -3.52777e-10 2.81887e-12 1.15988e-09
1.2625 -6.78157e-10 5.28173e-12 2.21436e-09
1.26667 -1.29094e-09 9.79478e-12 4.18608e-09
1.27083 -2.4334e-09 1.79761e-11 7.83559e-09
1.275 -4.54181e-09 3.26471e-11 1.45218e-08
1.27917 -8.3933e-09 5.86679e-11 2.66461e-08
1.28333 -1.53569e-08 1.04309e-10 4.84044e-08
1.2875 -2.78174e-08 1.83468e-10 8.70463e-08
1.29167 -4.98822e-08 3.19202e-10 1.54954e-07
1.29583 -8.85453e-08 5.49269e-10 2.73034e-07
1.3 -1.55577e-07 9.34667e-10 4.76167e-07
1.30417 -2.70556e-07 1.5726e-09 8.2186e-07
1.30833 -4.65658e-07 2.61573e-09 1.40378e-06
1.3125 -7.9312e-07 4.30038e-09 2.3726e-06
1.31667 -1.33671e-06 6.98668e-09 3.9677e-06
1.32083 -2.22905e-06 1.12147e-08 6.56445e-06
1.325 -3.67747e-06 1.77809e-08 1.07438e-05
1.32917 -6.00172e-06 2.78385e-08 1.73929e-05
1.33333 -9.68846e-06 4.30259e-08 2.78476e-05
1.3375 -1.5468e-05 6.56226e-08 4.40914e-05
1.34167 -2.44207e-05 9.87285e-08 6.90259e-05
1.34583 -3.81214e-05 1.46452e-07 0.000106832
1.35 -5.88308e-05 2.14082e-07 0.000163438
1.35417 -8.97424e-05 3.08194e-07 0.000247114
1.35833 -0.000135293 4.36617e-07 0.000369198
1.3625 -0.000201541 6.08158e-07 0.00054495
1.36667 -0.000296603 8.31935e-07 0.000794511
1.37083 -0.000431143 1.11613e-06 0.00114392
1.375 -0.00061888 1.46596e-06 0.00162606
1.37917 -0.000877048 1.88057e-06 0.00228148
1.38333 -0.00122676 2.34867e-06 0.00315869
1.3875 -0.00169312 2.84273e-06 0.00431398
1.39167 -0.00230501 3.31167e-06 0.00581008
1.39583 -0.00309433 3.67216e-06 0.00771363
1.4 -0.00409453 3.79913e-06 0.0100909
1.40417 -0.00533828 3.51627e-06 0.0130016
1.40833 -0.00685421 2.58791e-06 0.0164907
1.4125 -0.00866253 7.14365e-07 0.0205784
1.41667 -0.0107698 -2.46716e-06 0.0252481
1.42083 -0.0131631 -7.37319e-06 0.0304351
1.425 -0.0158038 -1.44536e-05 0.0360143
1.42917 -0.0186224 -2.41584e-05 0.0417929
1.43333 -0.0215145 -3.68901e-05 0.0475058
1.4375 -0.0243396 -5.29436e-05 0.0528196
1.44167 -0.0269241 -7.24363e-05 0.0573455
1.44583 -0.0290683 -9.52359e-05 0.0606624
1.45 -0.0305592 -0.000120894 0.0623508
1.45417 -0.0311888 -0.0001486 0.0620353
1.45833 -0.0307758 -0.000177165 0.0594324
1.4625 -0.0291897 -0.000205051 0.0543969
1.46667 -0.0263737 -0.000230456 0.0469599
1.47083 -0.0223625 -0.000251449 0.0373504
1.475 -0.0172908 -0.000266154 0.0259915
1.47917 -0.0113888 -0.000272969 0.0134665
1.48333 -0.00496218 -0.000270779 0.000453459
1.4875 0.00164346 -0.000259137 -0.0123676
1.49167 0.00809136 -0.000238364 -0.0244242
1.49583 0.014109 -0.000209548 -0.0353602
1.5 0.0195416 -0.000174399 -0.0451248
1.50417 0.0243933 -0.000134981 -0.054017
1.50833 0.0288447 -9.33373e-05 -0.0626707
1.5125 0.0332385 -5.10733e-05 -0.0719681
1.51667 0.0380299 -8.9653e-06 -0.0828844
1.52083 0.043703 3.33054e-05 -0.0962822
1.525 0.0506648 7.72191e-05 -0.112684
1.52917 0.0591313 0.000125231 -0.132065
1.53333 0.0690281 0.000180328 -0.15371
1.5375 0.0799272 0.00024537 -0.17617
1.54167 0.0910358 0.000322334 -0.197346
1.54583 0.10125 0.00041159 -0.21469
1.55 0.109267 0.000511372 -0.225518
1.55417 0.11375 0.000617563 -0.22737
1.55833 0.113507 0.000723888 -0.218377
1.5625 0.107679 0.000822489 -0.197555
1.56667 0.0958713 0.00090481 -0.165005
1.57083 0.0782464 0.000962635 -0.121956
1.575 0.055531 0.000989085 -0.0706778
1.57917 0.0289584 0.000979405 -0.0142635
1.58333 0.000150844 0.000931431 0.0436689
1.5875 -0.0290382 0.000845674 0.0993223
1.59167 -0.0566993 0.000725087 0.149071
1.59583 -0.0810431 0.000574604 0.189789
1.6 -0.100562 0.000400574 0.219141
1.60417 -0.11417 0.000210196 0.235808
1.60833 -0.121311 1.10085e-05 0.239644
1.6125 -0.122025 -0.000189564 0.231724
1.61667 -0.11696 -0.000384626 0.214247
1.62083 -0.107311 -0.00056819 0.190281
1.625 -0.0946739 -0.000735485 0.163338
1.62917 -0.0808206 -0.000883104 0.136829
1.63333 -0.0674224 -0.00100887 0.113486
1.6375 -0.0557641 -0.00111137 0.0948779
1.64167 -0.0465192 -0.00118913 0.0811562
1.64583 -0.0396469 -0.00123974 0.0711126
1.65 -0.0344528 -0.00125914 0.0625798
1.65417 -0.0298145 -0.00124147 0.053086
1.65833 -0.0245221 -0.00117989 0.0405974
1.6625 -0.0176458 -0.00106819 0.0241371
1.66667 -0.00882276 -0.000903116 0.00409003
1.67083 0.00162448 -0.000686738 -0.0179059
1.675 0.0127792 -0.000428072 -0.0394484
1.67917 0.0234016 -0.000143326 -0.0580796
1.68333 0.032292 0.000145617 -0.0719749
1.6875 0.0386221 0.000414298 -0.08038
1.69167 0.0421249 0.000639699 -0.0836578
1.69583 0.0430826 0.00080416 -0.0829528
1.7 0.0421324 0.000898154 -0.0796308
1.70417 0.0399749 0.000921217 -0.0747303
1.70833 0.0371095 0.000880902 -0.0686536
1.7125 0.0337036 0.000790249 -0.061213
1.71667 0.0296426 0.000664668 -0.051992
1.72083 0.0247276 0.00051923 -0.040837
1.725 0.0189218 0.000367026 -0.0282374
1.72917 0.0125217 0.00021876 -0.0153939
1.73333 0.00616471 8.31601e-05 -0.00392118
1.7375 0.000655783 -3.24506e-05 0.00470614
1.74167 -0.00331829 -0.000122074 0.00972659
1.74583 -0.00546367 -0.000181676 0.0114262
1.75 -0.00601763 -0.000210284 0.0110683
1.75417 -0.00567884 -0.000210902 0.0104235
1.75833 -0.005346 -0.000190531 0.011073
1.7625 -0.00576378 -0.000158914 0.0137635
1.76667 -0.00721673 -0.000126174 0.0180704
1.77083 -0.00939523 -0.000100046 0.0225105
1.775 -0.0114897 -8.37201e-05 0.0250662
1.77917 -0.0124803 -7.51248e-05 0.0239281
1.78333 -0.0115154 -6.80487e-05 0.0181871
1.7875 -0.00824228 -5.47617e-05 0.00823519
1.79167 -0.00297462 -2.9257e-05 -0.00425721
1.79583 0.0033567 1.00349e-05 -0.0167706
1.8 0.00944911 5.90365e-05 -0.0266278
1.80417 0.0139884 0.000108783 -0.0317318
1.80833 0.0160114 0.000147942 -0.0311319
1.8125 0.015165 0.000166291 -0.0252595
1.81667 0.0117889 0.00015803 -0.015772
1.82083 0.00680357 0.000123833 -0.00505769
1.825 0.00143803 7.09569e-05 0.00444955
1.82917 -0.00311944 1.1296e-05 0.0109356
1.83333 -0.00604112 -4.20193e-05 0.0136444
1.8375 -0.00705122 -7.84152e-05 0.0129559
1.84167 -0.00643121 -9.28104e-05 0.0100936
1.84583 -0.00484758 -8.671e-05 0.0065956
1.85 -0.00307593 -6.7109e-05 0.00376401
1.85417 -0.00173407 -4.36571e-05 0.00231139
1.85833 -0.00112622 -2.51973e-05 0.0023147
1.8625 -0.00124376 -1.70195e-05 0.00343569
1.86667 -0.00189051 -1.98322e-05 0.00524024
1.87083 -0.00284332 -3.0676e-05 0.00742079
1.875 -0.00395289 -4.5128e-05 0.00981373
1.87917 -0.00513977 -5.96038e-05 0.0122528
1.88333 -0.0063157 -7.26292e-05 0.0144166
1.8875 -0.0073131 -8.45918e-05 0.0158339
1.89167 -0.0078994 -9.63557e-05 0.0160909
1.89583 -0.00788855 -0.000107732 0.0151198
1.9 -0.00728044 -0.000116812 0.0133484
1.90417 -0.00631823 -0.000120574 0.011544
1.90833 -0.00539025 -0.000116359 0.0103752
1.9125 -0.00480248 -0.000103265 0.00992869
1.91667 -0.00454946 -8.25644e-05 0.00950681
1.92083 -0.00424257 -5.69401e-05 0.00790681
1.925 -0.00327996 -2.90786e-05 0.00409836
1.92917 -0.00119632 -5.9935e-07 -0.00206434
1.93333 0.00200023 2.79937e-05 -0.00954331
1.9375 0.00572082 5.64162e-05 -0.0164822
1.94167 0.00902093 8.3577e-05 -0.0211044
1.94583 0.011066 0.00010739 -0.0226646
1.95 0.0115854 0.000125809 -0.0218967
1.95417 0.0110441 0.000138488 -0.0206533
1.95833 0.0104095 0.000147825 -0.0209012
1.9625 0.0106254 0.000158277 -0.0236195
1.96667 0.0120796 0.000173891 -0.0282201
1.97083 0.0143675 0.000195207 -0.0328066
1.975 0.0164779 0.000217378 -0.0351021
1.97917 0.0172861 0.000230864 -0.0335012
1.98333 0.0160682 0.000224693 -0.0276752
1.9875 0.012763 0.000190768 -0.0184828
1.99167 0.00788201 0.000127023 -0.00737621
1.99583 0.00218992 3.78733e-05 0.00423523
2 -0.00360918 -6.81266e-05 0.0152801
2.00417 -0.00899792 -0.000181958 0.0249216
2.00833 -0.0135777 -0.000297211 0.0323292
2.0125 -0.0169549 -0.000411272 0.0366691
2.01667 -0.0187476 -0.000524666 0.0374287
2.02083 -0.0187551 -0.000639646 0.0348424
2.025 -0.0171581 -0.000759149 0.0300184
2.02917 -0.0145538 -0.000886382 0.024526
2.03333 -0.0117236 -0.00102438 0.0196085
2.0375 -0.0092384 -0.00117458 0.0155191
2.04167 -0.00715702 -0.00133423 0.0114749
2.04583 -0.0050482 -0.00149373 0.00632986
2.05 -0.00235718 -0.00163546 -0.000443573
2.05417 0.00111181 -0.00173545 -0.00814129
2.05833 0.00493292 -0.00176752 -0.0150477
2.0625 0.00822054 -0.00170828 -0.0193906
2.06667 0.0101306 -0.00154101 -0.0204024
2.07083 0.0103689 -0.00125744 -0.0187535
2.075 0.00935368 -0.000858148 -0.0160469
2.07917 0.00791294 -0.000353296 -0.01372
2.08333 0.00672478 0.000235174 -0.012128
2.0875 0.00589484 0.000870559 -0.0104591
2.09167 0.00497041 0.00150015 -0.00753317
2.09583 0.00337638 0.0020586 -0.0028898
2.1 0.000949881 0.00247728 0.00264356
2.10417 -0.00182456 0.00269793 0.00734013
2.10833 -0.00406218 0.00268661 0.00965697
2.1125 -0.00503815 0.00244339 0.00924111
2.11667 -0.0046615 0.0020047 0.00713853
2.12083 -0.00352352 0.00143791 0.00506137
2.125 -0.00248824 0.000830141 0.00424195
2.12917 -0.00211901 0.0002742 0.00468088
2.13333 -0.00234345 -0.000145896 0.00528695
2.1375 -0.00257541 -0.000367788 0.00475321
2.14167 -0.00217957 -0.000360277 0.00250587
2.14583 -0.00093083 -0.000127468 -0.000935556
2.15 0.000848354 0.000294201 -0.00437084
2.15417 0.0025325 0.00084618 -0.00671859
2.15833 0.00360152 0.00146275 -0.00758735
2.1625 0.00390413 0.0020856 -0.00725647
2.16667 0.00361659 0.00267236 -0.00620459
2.17083 0.00299044 0.00319588 -0.00465791
2.175 0.00213436 0.00363526 -0.00254625
2.17917 0.00101187 0.00396419 0.000146671
2.18333 -0.0003722 0.00414366 0.00301561
2.1875 -0.00179639 0.00412436 0.00524417
2.19167 -0.0028478 0.00385914 0.00605259
2.19583 -0.00315865 0.00332029 0.00524491
2.2 -0.0026715 0.002514 0.00339912
2.20417 -0.00170931 0.00148442 0.00151119
2.20833 -0.000774992 0.000304673 0.000339853
2.2125 -0.00022181 -0.000942157 -5.57942e-05
2.21667 -4.30033e-05 -0.00218402 -0.00024111
2.22083 6.32621e-05 -0.00337342 -0.000870097
2.225 0.000413284 -0.00448683 -0.00212068
2.22917 0.00106696 -0.00550955 -0.00353907
2.23333 0.0017758 -0.00641305 -0.00439314
2.2375 0.00217871 -0.00713639 -0.00423172
2.24167 0.0020788 -0.00758332 -0.00320227
2.24583 0.00157986 -0.0076401 -0.00189508
2.25 0.000984613 -0.0072098 -0.000870056
2.25417 0.000551505 -0.00624997 -0.000262973
2.25833 0.000313064 -0.00479806 0.000222313
2.2625 9.66597e-05 -0.00297354 0.000960659
2.26667 -0.000284291 -0.000956349 0.00200965
2.27083 -0.000838376 0.0010484 0.0030101
2.275 -0.00136693 0.00284539 0.00346664
2.27917 -0.00162176 0.00427297 0.00317666
2.28333 -0.00151913 0.00521451 0.00245317
2.2875 -0.00123295 0.00560338 0.00194857
2.29167 -0.00108507 0.00542884 0.0021955
2.29583 -0.00130902 0.00474399 0.00319926
2.3 -0.00186174 0.0036686 0.00438288
2.30417 -0.00242444 0.00237633 0.00493473
2.30833 -0.00259797 0.00106241 0.00432675
2.3125 -0.00216069 -9.99127e-05 0.00265585
2.31667 -0.00121468 -0.000995778 0.000582962
2.32083 -0.000123369 -0.00158084 -0.00108618
2.325 0.000715912 -0.00186546 -0.00189844
2.32917 0.00111238 -0.00188457 -0.00199923
2.33333 0.00117652 -0.00167551 -0.00196555
2.3375 0.00120901 -0.00127834 -0.00234505
2.34167 0.00146367 -0.000753356 -0.00322835
2.34583 0.00195345 -0.000193637 -0.00417077
2.35 0.00244279 0.000288778 -0.0045378
2.35417 0.00263896 0.000604102 -0.00402919
2.35833 0.00244373 0.000728212 -0.00297352
2.3625 0.00206755 0.000713361 -0.00212524
2.36667 0.00189778 0.000649784 -0.00207101
2.37083 0.0022001 0.000598864 -0.00268914
2.375 0.00288021 0.000546249 -0.00312101
2.37917 0.00351261 0.000416175 -0.0023467
2.38333 0.00364787 0.000145116 3.61887e-05
2.3875 0.00317889 -0.000237029 0.00344924
2.39167 0.00247082 -0.000586348 0.00672518
2.39583 0.00212413 -0.000715937 0.00899653
2.4 0.00253397 -0.000520443 0.010382
2.40417 0.00359517 -6.64456e-05 0.0118858
2.40833 0.0048075 0.000425636 0.0145483
2.4125 0.00571485 0.000708124 0.0185308
2.41667 0.00632099 0.000658468 0.0229125
2.42083 0.00712074 0.000349117 0.0264098
2.425 0.00869589 -1.60934e-05 0.0284359
2.42917 0.0112017 -0.000249773 0.0295851
2.43333 0.0141854 -0.00029923 0.0310866
2.4375 0.0169118 -0.000247028 0.0336619
2.44167 0.0189301 -0.000203853 0.0367788
2.44583 0.02039 -0.000193788 0.0390019
2.45 0.0218058 -0.000136521 0.0391957
2.45417 0.0234527 5.72509e-05 0.0375572
2.45833 0.024919 0.000366955 0.035531
2.4625 0.0252407 0.000638102 0.0345966
2.46667 0.0235576 0.000691223 0.034908
2.47083 0.0197627 0.000479127 0.0349552
2.475 0.0145997 0.000152371 0.0325868
2.47917 0.00910737 -3.84776e-05 0.0265812
2.48333 0.00386757 6.45463e-05 0.0174783
2.4875 -0.00131937 0.000396965 0.00700618
2.49167 -0.00707494 0.000717419 -0.00336298
2.49583 -0.01373 0.000795207 -0.0134681
2.5 -0.0208908 0.000585143 -0.024243
2.50417 -0.0276606 0.000246538 -0.0364897
2.50833 -0.0333115 -1.72067e-06 -0.0497955
2.5125 -0.0378109 -5.90888e-05 -0.0625971
2.51667 -0.0417444 -3.62189e-06 -0.0733518
2.52083 -0.0457207 3.45799e-06 -0.0817746
2.525 -0.0498022 -0.000131144 -0.0890352
2.52917 -0.0534688 -0.000363917 -0.0967315
2.53333 -0.0561389 -0.000576457 -0.105529
2.5375 -0.0577666 -0.000693041 -0.114629
2.54167 -0.0589677 -0.000738578 -0.122471
2.54583 -0.0605405 -0.000794051 -0.128004
2.55 -0.0627698 -0.000909403 -0.13138
2.55417 -0.0650848 -0.00106372 -0.1335
2.55833 -0.0663241 -0.00119976 -0.13483
2.5625 -0.06536 -0.00128129 -0.134553
2.56667 -0.0615682 -0.00131113 -0.13075
2.57083 -0.0548214 -0.00130617 -0.121415
2.575 -0.0451292 -0.00127626 -0.105445
2.57917 -0.0323418 -0.00123624 -0.082865
2.58333 -0.0162388 -0.00122306 -0.0542989
2.5875 0.00305155 -0.00127208 -0.020359
2.59167 0.0246727 -0.00136114 0.0183913
2.59583 0.0470455 -0.00139183 0.0608368
2.6 0.0682889 -0.00125819 0.104661
2.60417 0.0867515 -0.000954711 0.146333
2.60833 0.101288 -0.000606933 0.181909
2.6125 0.111158 -0.000365984 0.208161
2.61667 0.115764 -0.000252613 0.223312
2.62083 0.114552 -0.000113316 0.22698
2.625 0.107253 0.000243688 0.219592
2.62917 0.0942828 0.000851614 0.201884
2.63333 0.0769439 0.00152729 0.174937
2.6375 0.0572011 0.00202374 0.140637
2.64167 0.0371206 0.00224783 0.101998
2.64583 0.0183386 0.00232325 0.0628585
2.65 0.00188146 0.00243723 0.0269535
2.65417 -0.0116443 0.00263621 -0.00306058
2.65833 -0.0217758 0.00278515 -0.0260285
2.6625 -0.0281459 0.00272231 -0.0419739
2.66667 -0.0307123 0.00242969 -0.0514347
2.67083 -0.0300155 0.00203531 -0.0550546
2.675 -0.0271606 0.00166526 -0.053685
2.67917 -0.0234656 0.00133158 -0.048713
2.68333 -0.0200127 0.000981252 -0.0421004
2.6875 -0.0174118 0.000622345 -0.0359135
2.69167 -0.0158708 0.000348248 -0.0316359
2.69583 -0.0153972 0.000220393 -0.0297772
2.7 -0.0158935 0.000167742 -0.0300282
2.70417 -0.0170842 5.70031e-05 -0.0317314
2.70833 -0.0184258 -0.00013174 -0.0342207
2.7125 -0.0191826 -0.000250337 -0.0368065
2.71667 -0.0186837 -0.000151991 -0.0385838
2.72083 -0.016607 9.56827e-05 -0.0384239
2.725 -0.0131134 0.000225743 -0.0353183
2.72917 -0.00877429 3.82874e-05 -0.0289027
2.73333 -0.00435663 -0.000373376 -0.0198113
2.7375 -0.000570532 -0.000715808 -0.00960591
2.74167 0.00213098 -0.000825298 -0.000277274
2.74583 0.00363177 -0.000857121 0.00646253
2.75 0.00408574 -0.00110028 0.00977129
2.75417 0.00376342 -0.00162244 0.0098755
2.75833 0.0029455 -0.00216395 0.00780241
2.7625 0.00194894 -0.00241441 0.00485129
2.76667 0.0012043 -0.00234856 0.00216451
2.77083 0.00119375 -0.00222289 0.000610058
2.775 0.00217914 -0.00224307 0.000832742
2.77917 0.00391889 -0.00231052 0.00314297
2.78333 0.00568501 -0.00215282 0.00715697
2.7875 0.00665895 -0.00166458 0.0115604
2.79167 0.00640519 -0.00102951 0.0144784
2.79583 0.00501736 -0.000481854 0.0144349
2.8 0.00285719 -2.7068e-05 0.0112205
2.80417 0.000225741 0.000514873 0.00591938
2.80833 -0.00266226 0.0012098 7.0108e-05
2.8125 -0.00543664 0.00186069 -0.00525251
2.81667 -0.00746536 0.00221868 -0.00963603
2.82083 -0.00815607 0.00228081 -0.0128391
2.825 -0.00743309 0.00227602 -0.0143905
2.82917 -0.00587219 0.00235096 -0.0138683
2.83333 -0.00427939 0.00237411 -0.0115424
2.8375 -0.00307745 0.00212936 -0.00851312
2.84167 -0.00206884 0.00164756 -0.00597998
2.84583 -0.000750869 0.0012231 -0.00426697
2.85 0.00117991 0.00107023 -0.00258413
2.85417 0.00360016 0.00106154 0.000208428
2.85833 0.00609909 0.000899562 0.00455231
2.8625 0.0082094 0.000505031 0.00977712
2.86667 0.00949174 0.000114158 0.0145329
2.87083 0.00953187 -3.87707e-05 0.0175211
2.875 0.00804321 -2.54224e-05 0.0179314
2.87917 0.00509559 -0.000110938 0.0155164
2.88333 0.00127683 -0.000390729 0.010597
2.8875 -0.00239107 -0.00067786 0.00415211
2.89167 -0.00477177 -0.000784391 -0.00219001
2.89583 -0.00503073 -0.000788879 -0.00649055
2.9 -0.00299929 -0.000911223 -0.00715441
2.90417 0.000662125 -0.00118413 -0.00364259
2.90833 0.00465343 -0.00140509 0.00309046
2.9125 0.00758302 -0.00144022 0.0107262
2.91667 0.00858534 -0.00142187 0.0164008
2.92083 0.00758322 -0.00152458 0.0179478
2.925 0.00505827 -0.00164515 0.014868
2.92917 0.00165957 -0.00150551 0.00835879
2.93333 -0.00193537 -0.00109348 0.00043599
2.9375 -0.00493613 -0.000794417 -0.0070596
2.94167 -0.00655425 -0.000930292 -0.0128241
2.94583 -0.00649262 -0.00129237 -0.0159414
2.95 -0.005347 -0.00137386 -0.0159559
2.95417 -0.00431509 -0.00107538 -0.0134138
2.95833 -0.00430977 -0.000911045 -0.0101223
2.9625 -0.00532346 -0.0013302 -0.00831498
2.96667 -0.00668766 -0.00201575 -0.00911726
2.97083 -0.00785837 -0.00218384 -0.0117661
2.975 -0.00877535 -0.00160232 -0.0144502
2.97917 -0.00945352 -0.000971383 -0.0159022
2.98333 -0.00949814 -0.00104723 -0.0160618
2.9875 -0.00832889 -0.00159498 -0.0153082
2.99167 -0.00590349 -0.00161191 -0.0134897
2.99583 -0.00297284 -0.000626831 -0.0100897
