0 0 0 0
0.00416667 0 0 0
0.00833333 0 0 0
0.0125 0 0 0
0.0166667 0 0 0
0.0208333 0 0 0
0.025 0 0 0
0.0291667 0 0 0
0.0333333 0 0 0
0.0375 0 0 0
0.0416667 0 0 0
0.0458333 0 0 0
0.05 0 0 0
0.0541667 0 0 0
0.0583333 0 0 0
0.0625 0 0 0
0.0666667 0 0 0
0.0708333 0 0 0
0.075 0 0 0
0.0791667 0 0 0
0.0833333 0 0 0
0.0875 0 0 0
0.0916667 0 0 0
0.0958333 0 0 0
0.1 0 0 0
0.104167 0 0 0
0.108333 0 0 0
0.1125 0 0 0
0.116667 0 0 0
0.120833 0 0 0
0.125 0 0 0
0.129167 0 0 0
0.133333 0 0 0
0.1375 0 0 0
0.141667 0 0 0
0.145833 0 0 0
0.15 0 0 0
0.154167 0 0 0
0.158333 0 0 0
0.1625 0 0 0
0.166667 0 0 0
0.170833 0 0 0
0.175 0 0 0
0.179167 0 0 0
0.183333 0 0 0
0.1875 0 0 0
0.191667 -2.94463e-321 4.49254e-320 6.03748e-320
0.195833 -1.03784e-316 1.48628e-315 1.99843e-315
0.2 -2.78814e-312 3.90721e-311 5.25317e-311
0.204167 -6.01419e-308 8.25099e-307 1.10924e-306
0.208333 -1.0509e-303 1.41206e-302 1.89819e-302
0.2125 -1.49996e-299 1.97473e-298 2.65437e-298
0.216667 -1.7625e-295 2.27439e-294 3.05694e-294
0.220833 -1.71756e-291 2.17329e-290 2.92085e-290
0.225 -1.3978e-287 1.73491e-286 2.33152e-286
0.229167 -9.56269e-284 1.16464e-282 1.56504e-282
0.233333 -5.53368e-280 6.6153e-279 8.88903e-279
0.2375 -2.72456e-276 3.19812e-275 4.29707e-275
0.241667 -1.14774e-272 1.32324e-271 1.77783e-271
0.245833 -4.15855e-269 4.71049e-268 6.32837e-268
0.25 -1.30248e-265 1.44993e-264 1.94781e-264
0.254167 -3.54314e-262 3.87739e-261 5.20855e-261
0.258333 -8.40934e-259 9.04906e-258 1.21551e-257
0.2625 -1.74887e-255 1.85098e-254 2.48619e-254
0.266667 -3.20001e-252 3.33202e-251 4.47527e-251
0.270833 -5.17176e-249 5.29924e-248 7.11713e-248
0.275 -7.4103e-246 7.47362e-245 1.0037e-244
0.279167 -9.44679e-243 9.37991e-242 1.25966e-241
0.283333 -1.07512e-239 1.0512e-238 1.41163e-238
0.2875 -1.09588e-236 1.05536e-235 1.41716e-235
0.291667 -1.00356e-233 9.52094e-233 1.27845e-232
0.295833 -8.28121e-231 7.7413e-230 1.03945e-229
0.3 -6.17508e-228 5.68895e-227 7.63849e-227
0.304167 -4.17228e-225 3.78892e-224 5.08718e-224
0.308333 -2.56106e-222 2.29294e-221 3.07852e-221
0.3125 -1.43175e-219 1.264e-218 1.69702e-218
0.316667 -7.30733e-217 6.36247e-216 8.54189e-216
0.320833 -3.4127e-214 2.93105e-213 3.93497e-213
0.325 -1.46166e-211 1.23851e-210 1.66269e-210
0.329167 -5.75349e-209 4.81043e-208 6.45783e-208
0.333333 -2.08565e-206 1.72091e-205 2.31023e-205
0.3375 -6.97643e-204 5.68175e-203 7.62733e-203
0.341667 -2.15741e-201 1.7345e-200 2.32842e-200
0.345833 -6.17918e-199 4.90492e-198 6.58435e-198
0.35 -1.64209e-196 1.28711e-195 1.7278e-195
0.354167 -4.05571e-194 3.13951e-193 4.21442e-193
0.358333 -9.3251e-192 7.12987e-191 9.57099e-191
0.3625 -1.99914e-189 1.50994e-188 2.02691e-188
0.366667 -4.00218e-187 2.98648e-186 4.00899e-186
0.370833 -7.49303e-185 5.52481e-184 7.41642e-184
0.375 -1.31384e-182 9.57306e-182 1.28508e-181
0.379167 -2.16047e-180 1.55581e-179 2.08853e-179
0.383333 -3.33621e-178 2.37472e-177 3.18786e-177
0.3875 -4.84414e-176 3.40858e-175 4.57579e-175
0.391667 -6.62185e-174 4.60659e-173 6.18415e-173
0.395833 -8.53224e-172 5.86887e-171 7.87883e-171
0.4 -1.03747e-169 7.0567e-169 9.47365e-169
0.404167 -1.19181e-167 8.017e-167 1.07631e-166
0.408333 -1.29488e-165 8.61506e-165 1.15663e-164
0.4125 -1.33202e-163 8.76599e-163 1.17692e-162
0.416667 -1.29864e-161 8.45443e-161 1.13512e-160
0.420833 -1.20116e-159 7.73644e-159 1.03875e-158
0.425 -1.05504e-157 6.72342e-157 9.02765e-157
0.429167 -8.80831e-156 5.5544e-155 7.45824e-155
0.433333 -6.99638e-154 4.36593e-153 5.86262e-153
0.4375 -5.29168e-152 3.26807e-151 4.38858e-151
0.441667 -3.81439e-150 2.3316e-149 3.13115e-149
0.445833 -2.62259e-148 1.58681e-147 2.13105e-147
0.45 -1.72132e-146 1.03099e-145 1.38466e-145
0.454167 -1.07934e-144 6.40004e-144 8.59591e-144
0.458333 -6.47071e-143 3.79877e-142 5.10239e-142
0.4625 -3.71166e-141 2.15753e-140 2.89807e-140
0.466667 -2.03854e-139 1.17337e-138 1.57621e-138
0.470833 -1.07278e-137 6.11486e-137 8.21463e-137
0.475 -5.41303e-136 3.05566e-135 4.10517e-135
0.479167 -2.62058e-134 1.46514e-133 1.96848e-133
0.483333 -1.21804e-132 6.74511e-132 9.06296e-132
0.4875 -5.43885e-131 2.98339e-130 4.00884e-130
0.491667 -2.33454e-129 1.26855e-128 1.70469e-128
0.495833 -9.63839e-128 5.18845e-127 6.97279e-127
0.5 -3.82974e-126 2.04248e-125 2.74509e-125
0.504167 -1.46535e-124 7.74301e-124 1.04074e-123
0.508333 -5.4021e-123 2.82837e-122 3.80191e-122
0.5125 -1.91984e-121 9.96024e-121 1.33897e-120
0.516667 -6.58082e-120 3.38328e-119 4.54855e-119
0.520833 -2.17684e-118 1.10908e-117 1.4912e-117
0.525 -6.95224e-117 3.51044e-116 4.72031e-116
0.529167 -2.14479e-115 1.07336e-114 1.44342e-114
0.533333 -6.3946e-114 3.17189e-113 4.26584e-113
0.5375 -1.84337e-112 9.06326e-112 1.21902e-111
0.541667 -5.14016e-111 2.50517e-110 3.36981e-110
0.545833 -1.38708e-109 6.70148e-109 9.0153e-109
0.55 -3.62385e-108 1.73568e-107 2.33519e-107
0.554167 -9.16999e-107 4.35429e-106 5.85888e-106
0.558333 -2.24841e-105 1.0585e-104 1.42441e-104
0.5625 -5.34395e-104 2.49441e-103 3.35703e-103
0.566667 -1.23169e-102 5.7005e-102 7.6727e-102
0.570833 -2.75398e-101 1.26385e-100 1.70129e-100
0.575 -5.97585e-100 2.71942e-99 3.66108e-99
0.579167 -1.25886e-98 5.68087e-98 7.64886e-98
0.583333 -2.57544e-97 1.15256e-96 1.55202e-96
0.5875 -5.11883e-96 2.27184e-95 3.05958e-95
0.591667 -9.88745e-95 4.35212e-94 5.86191e-94
0.595833 -1.85668e-93 8.10549e-93 1.09187e-92
0.6 -3.39056e-92 1.4681e-91 1.97789e-91
0.604167 -6.02316e-91 2.58681e-90 3.48551e-90
0.608333 -1.0412e-89 4.4355e-89 5.97727e-89
0.6125 -1.75197e-88 7.40327e-88 9.97794e-88
0.616667 -2.87037e-87 1.20319e-86 1.62185e-86
0.620833 -4.58027e-86 1.90459e-85 2.56766e-85
0.625 -7.12051e-85 2.93731e-84 3.96046e-84
0.629167 -1.07875e-83 4.41466e-83 5.95327e-83
0.633333 -1.59306e-82 6.46792e-82 8.72339e-82
0.6375 -2.29387e-81 9.23989e-81 1.24638e-80
0.641667 -3.22136e-80 1.28741e-79 1.73686e-79
0.645833 -4.41322e-79 1.74994e-78 2.36122e-78
0.65 -5.89967e-78 2.32111e-77 3.13239e-77
0.654167 -7.69767e-77 3.00498e-76 4.05592e-76
0.658333 -9.80519e-76 3.79807e-75 5.12718e-75
0.6625 -1.2196e-74 4.68771e-74 6.32916e-74
0.666667 -1.48166e-73 5.65113e-73 7.63115e-73
0.670833 -1.75849e-72 6.65553e-72 8.98894e-72
0.675 -2.03934e-71 7.65947e-71 1.03466e-70
0.679167 -2.31148e-70 8.6154e-70 1.16398e-69
0.683333 -2.56115e-69 9.47337e-69 1.28011e-68
0.6875 -2.77466e-68 1.01853e-67 1.37655e-67
0.691667 -2.93972e-67 1.07096e-66 1.44766e-66
0.695833 -3.04653e-66 1.1015e-65 1.4892e-65
0.7 -3.08883e-65 1.10839e-64 1.49878e-64
0.704167 -3.06446e-64 1.09139e-63 1.47606e-63
0.708333 -2.97552e-63 1.05178e-62 1.42275e-62
0.7125 -2.82815e-62 9.92215e-62 1.34242e-61
0.716667 -2.63176e-61 9.16432e-61 1.24012e-60
0.720833 -2.39813e-60 8.28863e-60 1.12183e-59
0.725 -2.14019e-59 7.34219e-59 9.93921e-59
0.729167 -1.87093e-58 6.37091e-58 8.62602e-58
0.733333 -1.60236e-57 5.41601e-57 7.33452e-57
0.7375 -1.3447e-56 4.51158e-56 6.1109e-56
0.741667 -1.10593e-55 3.68312e-55 4.98973e-55
0.745833 -8.91505e-55 2.94718e-54 3.9935e-54
0.75 -7.04505e-54 2.31188e-53 3.13328e-53
0.754167 -5.45846e-53 1.77809e-52 2.41032e-52
0.758333 -4.14708e-52 1.34102e-51 1.8182e-51
0.7625 -3.09002e-51 9.91895e-51 1.34512e-50
0.766667 -2.25833e-50 7.19626e-50 9.76094e-50
0.770833 -1.6191e-49 5.12171e-49 6.94847e-49
0.775 -1.13889e-48 3.5764e-48 4.85299e-48
0.779167 -7.86073e-48 2.45049e-47 3.32589e-47
0.783333 -5.32441e-47 1.64775e-46 2.23685e-46
0.7875 -3.53964e-46 1.08746e-45 1.47655e-45
0.791667 -2.30981e-45 7.04473e-45 9.5674e-45
0.795833 -1.4797e-44 4.48023e-44 6.08586e-44
0.8 -9.30681e-44 2.79747e-43 3.80085e-43
0.804167 -5.74781e-43 1.71518e-42 2.33086e-42
0.808333 -3.48599e-42 1.0327e-41 1.40371e-41
0.8125 -2.07643e-41 6.10674e-41 8.30242e-41
0.816667 -1.21483e-40 3.54694e-40 4.82329e-40
0.820833 -6.98184e-40 2.02373e-39 2.75256e-39
0.825 -3.942e-39 1.13435e-38 1.54321e-38
0.829167 -2.18674e-38 6.24702e-38 8.50053e-38
0.833333 -1.19193e-37 3.38044e-37 4.60089e-37
0.8375 -6.38437e-37 1.79756e-36 2.44708e-36
0.841667 -3.36072e-36 9.39384e-36 1.27909e-35
0.845833 -1.73872e-35 4.82485e-35 6.57108e-35
0.85 -8.84189e-35 2.4358e-34 3.3181e-34
0.854167 -4.4199e-34 1.20879e-33 1.64699e-33
0.858333 -2.17202e-33 5.89713e-33 8.03668e-33
0.8625 -1.04937e-32 2.82842e-32 3.85544e-32
0.866667 -4.98474e-32 1.3338e-31 1.8185e-31
0.870833 -2.32825e-31 6.18454e-31 8.43384e-31
0.875 -1.06935e-30 2.81984e-30 3.84623e-30
0.879167 -4.82988e-30 1.26435e-29 1.72493e-29
0.883333 -2.14541e-29 5.57522e-29 7.60776e-29
0.8875 -9.37266e-29 2.41786e-28 3.30003e-28
0.891667 -4.02734e-28 1.03133e-27 1.40791e-27
0.895833 -1.70216e-27 4.32701e-27 5.90818e-27
0.9 -7.07666e-27 1.78574e-26 2.43878e-26
0.904167 -2.89417e-26 7.24953e-26 9.90265e-26
0.908333 -1.16441e-25 2.89522e-25 3.95557e-25
0.9125 -4.60882e-25 1.1375e-24 1.5544e-24
0.916667 -1.79471e-24 4.39676e-24 6.00937e-24
0.920833 -6.87599e-24 1.67203e-23 2.28572e-23
0.925 -2.59195e-23 6.25601e-23 8.55375e-23
0.929167 -9.61349e-23 2.30307e-22 3.14952e-22
0.933333 -3.50841e-22 8.34224e-22 1.14103e-21
0.9375 -1.25987e-21 2.97327e-21 4.06747e-21
0.941667 -4.4518e-21 1.04273e-20 1.42671e-20
0.945833 -1.54792e-20 3.59836e-20 4.92422e-20
0.95 -5.2963e-20 1.2219e-19 1.67238e-19
0.954167 -1.78325e-19 4.08293e-19 5.58903e-19
0.958333 -5.90839e-19 1.34251e-18 1.83799e-18
0.9625 -1.92641e-18 4.3438e-18 5.94778e-18
0.966667 -6.18091e-18 1.38304e-17 1.89398e-17
0.970833 -1.95154e-17 4.33319e-17 5.93473e-17
0.975 -6.06352e-17 1.33595e-16 1.82991e-16
0.979167 -1.85391e-16 4.05298e-16 5.55212e-16
0.983333 -5.57783e-16 1.20992e-15 1.6576e-15
0.9875 -1.65138e-15 3.55409e-15 4.86954e-15
0.991667 -4.81091e-15 1.02726e-14 1.40757e-14
0.995833 -1.37909e-14 2.92149e-14 4.00331e-14
1 -3.88987e-14 8.17493e-14 1.12026e-13
1.00417 -1.07954e-13 2.25064e-13 3.08428e-13
1.00833 -2.94771e-13 6.09611e-13 8.35425e-13
1.0125 -7.91877e-13 1.62445e-12 2.22618e-12
1.01667 -2.09285e-12 4.25837e-12 5.83568e-12
1.02083 -5.44127e-12 1.0981e-11 1.50479e-11
1.025 -1.39162e-11 2.78532e-11 3.81668e-11
1.02917 -3.50084e-11 6.94886e-11 9.52123e-11
1.03333 -8.66209e-11 1.70501e-10 2.33596e-10
1.0375 -2.10785e-10 4.11414e-10 5.63595e-10
1.04167 -5.04415e-10 9.76189e-10 1.33709e-09
1.04583 -1.18694e-09 2.27745e-09 3.11892e-09
1.05 -2.74609e-09 5.22375e-09 7.15239e-09
1.05417 -6.24601e-09 1.17783e-08 1.61233e-08
1.05833 -1.3965e-08 2.61036e-08 3.5724e-08
1.0625 -3.06887e-08 5.68563e-08 7.77878e-08
1.06667 -6.62753e-08 1.2169e-07 1.66436e-07
1.07083 -1.40637e-07 2.55897e-07 3.49862e-07
1.075 -2.93192e-07 5.28614e-07 7.22423e-07
1.07917 -6.00393e-07 1.0725e-06 1.46505e-06
1.08333 -1.20745e-06 2.13677e-06 2.91737e-06
1.0875 -2.38433e-06 4.17956e-06 5.70324e-06
1.09167 -4.62202e-06 8.02449e-06 1.09431e-05
1.09583 -8.79355e-06 1.51187e-05 2.06035e-05
1.1 -1.64154e-05 2.79449e-05 3.80544e-05
1.10417 -3.0059e-05 5.06596e-05 6.89294e-05
1.10833 -5.39758e-05 9.00435e-05 0.000122406
1.1125 -9.50134e-05 0.000156865 0.000213031
1.11667 -0.000163898 0.000267746 0.000363214
1.12083 -0.000276943 0.000447568 0.000606422
1.125 -0.000458193 0.000732386 0.00099101
1.12917 -0.000741885 0.00117259 0.00158433
1.13333 -0.00117496 0.00183583 0.00247644
1.1375 -0.00181904 0.00280885 0.00378218
1.14167 -0.0027511 0.00419688 0.00563992
1.14583 -0.00406147 0.006119 0.00820459
1.15 -0.00584784 0.00869746 0.0116327
1.15417 -0.00820366 0.0120394 0.016057
1.15833 -0.0111999 0.0162098 0.0215497
1.1625 -0.0148599 0.0211971 0.0280763
1.16667 -0.0191292 0.026874 0.0354437
1.17083 -0.0238439 0.0329611 0.0432532
1.175 -0.0287048 0.0390016 0.0508714
1.17917 -0.0332661 0.0443616 0.0574341
1.18333 -0.0369484 0.0482655 0.0619011
1.1875 -0.0390857 0.0498753 0.0631687
1.19167 -0.039008 0.048414 0.060239
1.19583 -0.0361566 0.0433189 0.0524277
1.2 -0.0302141 0.0343996 0.0395704
1.20417 -0.0212247 0.0219619 0.022179
1.20833 -0.00966871 0.00685775 0.0014915
1.2125 0.00353745 -0.00957284 -0.0206244
1.21667 0.0171368 -0.0256771 -0.0419242
1.22083 0.0297182 -0.0397601 -0.0601588
1.225 0.0399617 -0.050395 -0.0734873
1.22917 0.0468847 -0.0566914 -0.0808206
1.23333 0.0500217 -0.0584443 -0.0819942
1.2375 0.0494814 -0.0561141 -0.0777117
1.24167 0.0458613 -0.0506412 -0.0692774
1.24583 0.0400482 -0.0431652 -0.0582186
1.25 0.0329825 -0.0347553 -0.0459463
1.25417 0.0254781 -0.0262643 -0.0335936
1.25833 0.0181725 -0.0183603 -0.022091
1.2625 0.0116185 -0.0117047 -0.0124134
1.26667 0.00645109 -0.00715648 -0.0058239
1.27083 0.00350852 -0.00584292 -0.00390464
1.275 0.00378726 -0.00898105 -0.00824369
1.27917 0.00818116 -0.0174553 -0.0198234
1.28333 0.017074 -0.0313036 -0.0383511
1.2875 0.0299628 -0.0493617 -0.0618791
1.29167 0.0453237 -0.0692952 -0.0869959
1.29583 0.0608537 -0.0880943 -0.109628
1.3 0.0740518 -0.102877 -0.126177
1.30417 0.082918 -0.111665 -0.134499
1.30833 0.0864535 -0.113763 -0.134247
1.3125 0.0847155 -0.109559 -0.126395
1.31667 0.0783944 -0.0998424 -0.112197
1.32083 0.0681459 -0.085045 -0.0921702
1.325 0.0540647 -0.06485 -0.0657252
1.32917 0.0356315 -0.0384492 -0.0317084
1.33333 0.012202 -0.00534302 0.0103967
1.3375 -0.016217 0.0337545 0.0593021
1.34167 -0.0483553 0.0764398 0.111491
1.34583 -0.0816098 0.118882 0.161834
1.35 -0.112592 0.156709 0.204941
1.35417 -0.138007 0.186054 0.236502
1.35833 -0.155396 0.204253 0.253963
1.3625 -0.163416 0.20994 0.25634
1.36667 -0.16163 0.202746 0.243596
1.37083 -0.150156 0.182999 0.216246
1.375 -0.129523 0.151772 0.175572
1.37917 -0.100887 0.111224 0.124233
1.38333 -0.0663629 0.0648249 0.0666058
1.3875 -0.0290768 0.0170611 0.00830587
1.39167 0.00731589 -0.0274474 -0.0450817
1.39583 0.0394794 -0.0649946 -0.089344
1.4 0.0651261 -0.0933884 -0.122214
1.40417 0.0831723 -0.111769 -0.142871
1.40833 0.0932905 -0.119901 -0.150924
1.4125 0.0953114 -0.117622 -0.145884
1.41667 0.0890718 -0.105023 -0.127761
1.42083 0.0749356 -0.0832956 -0.098396
1.425 0.054594 -0.0555107 -0.0623668
1.42917 0.0313769 -0.0264744 -0.0263317
1.43333 0.00954919 -0.00137123 0.00319159
1.4375 -0.00719796 0.0161439 0.0223877
1.44167 -0.017171 0.0252238 0.0313663
1.44583 -0.0210679 0.0276242 0.0332084
1.45 -0.0210726 0.0261723 0.0315358
1.45417 -0.0192988 0.0229935 0.0283442
1.45833 -0.0166786 0.0186967 0.0235538
1.4625 -0.0129949 0.0129188 0.0163221
1.46667 -0.00783969 0.00556738 0.00679775
1.47083 -0.00158152 -0.00237864 -0.00322432
1.475 0.00448514 -0.00916109 -0.0112119
1.47917 0.00886908 -0.0132944 -0.0154562
1.48333 0.0107937 -0.0144174 -0.0158913
1.4875 0.0105014 -0.013252 -0.0135854
1.49167 0.00878207 -0.0108377 -0.00959576
1.49583 0.00628222 -0.00785184 -0.00440918
1.5 0.00329547 -0.00464224 0.00153223
1.50417 0.000170232 -0.00179723 0.0069529
1.50833 -0.00222895 -0.000462166 0.00973793
1.5125 -0.00268896 -0.00182642 0.00820658
1.51667 -0.000503511 -0.006076 0.00269032
1.52083 0.00370276 -0.0117869 -0.00412548
1.525 0.00804157 -0.0165016 -0.00871546
1.52917 0.0104663 -0.0182192 -0.0090501
1.53333 0.0101134 -0.0166587 -0.00587566
1.5375 0.00778797 -0.0132594 -0.00188304
1.54167 0.00519553 -0.00993515 0.000490913
1.54583 0.00358609 -0.0076455 0.000748241
1.55 0.00295641 -0.00595378 0.00017755
1.55417 0.00240382 -0.0038155 0.000243716
1.55833 0.0011793 -0.000756419 0.00113967
1.5625 -0.000582881 0.00265836 0.00179191
1.56667 -0.00208323 0.005415 0.00113513
1.57083 -0.00271579 0.007055 -0.000683831
1.575 -0.00270092 0.00812674 -0.00230487
1.57917 -0.00291646 0.0097001 -0.00226739
1.58333 -0.00413437 0.0124217 -0.000176192
1.5875 -0.0063671 0.0159345 0.00301583
1.59167 -0.00883834 0.0190985 0.00565691
1.59583 -0.0105141 0.0207875 0.00635454
1.6 -0.0107491 0.0206816 0.00467275
1.60417 -0.00966974 0.0195877 0.00139808
1.60833 -0.0081766 0.0191363 -0.00165145
1.6125 -0.00759348 0.0209711 -0.00240032
1.61667 -0.00901452 0.025756 0.000193504
1.62083 -0.0125556 0.0325259 0.00504517
1.625 -0.0169892 0.0389252 0.00915793
1.62917 -0.0202521 0.042445 0.00954496
1.63333 -0.0207477 0.0419745 0.00567329
1.6375 -0.0185578 0.0384868 0.000293051
1.64167 -0.0154568 0.0341343 -0.00248648
1.64583 -0.0134745 0.0303143 -0.000581682
1.65 -0.0130846 0.026295 0.00413433
1.65417 -0.012631 0.0196977 0.00725919
1.65833 -0.00964313 0.00856755 0.00556661
1.6625 -0.00298946 -0.00670004 -0.000272431
1.66667 0.00602415 -0.0232693 -0.00638193
1.67083 0.0145959 -0.0376965 -0.00907006
1.675 0.0205433 -0.0480841 -0.0077719
1.67917 0.0237036 -0.0547626 -0.00502111
1.68333 0.0255004 -0.0591393 -0.00384912
1.6875 0.0272969 -0.0619778 -0.00525765
1.69167 0.0291492 -0.0626689 -0.00789938
1.69583 0.0299508 -0.0599124 -0.00969851
1.7 0.0285344 -0.0529355 -0.00950053
1.70417 0.0245719 -0.0421551 -0.0074229
1.70833 0.0186382 -0.0289901 -0.0042679
1.7125 0.0117619 -0.015296 -0.00105415
1.71667 0.00505601 -0.00287354 0.0011005
1.72083 -0.000474052 0.00694997 0.00137649
1.725 -0.00423917 0.0137582 9.44201e-05
1.72917 -0.00646582 0.0182078 -0.000994146
1.73333 -0.00814298 0.0214796 5.60549e-05
1.7375 -0.0101827 0.0241958 0.0033416
1.74167 -0.0124054 0.0257704 0.00645732
1.74583 -0.0134977 0.0250222 0.0064878
1.75 -0.0122903 0.0216314 0.0030427
1.75417 -0.00919758 0.0169344 -0.00089738
1.75833 -0.00618401 0.013 -0.00167023
1.7625 -0.005007 0.0107205 0.00130663
1.76667 -0.00542017 0.00889244 0.0047101
1.77083 -0.00532036 0.00544091 0.00460023
1.775 -0.00289691 -0.000284552 0.000554541
1.77917 0.0013608 -0.00648396 -0.00377762
1.78333 0.00495608 -0.0103168 -0.00443417
1.7875 0.00577375 -0.0104142 -0.00126278
1.79167 0.00410332 -0.00798214 0.00202517
1.79583 0.00218252 -0.00543221 0.00190998
1.8 0.00179288 -0.00404287 -0.0012107
1.80417 0.00251533 -0.00309028 -0.00365558
1.80833 0.00247962 -0.00121755 -0.00263265
1.8125 0.000674445 0.00163291 0.000741347
1.81667 -0.00180506 0.00394093 0.00285851
1.82083 -0.00294645 0.00427163 0.0017255
1.825 -0.00205706 0.00293975 -0.000937636
1.82917 -0.00049996 0.00172701 -0.0018814
1.83333 -0.000119157 0.00194214 -0.000130162
1.8375 -0.00118746 0.00303717 0.00203262
1.84167 -0.00222471 0.00335074 0.00194376
1.84583 -0.00182762 0.00205651 -0.000212976
1.85 -0.000302255 3.18359e-06 -0.00171475
1.85417 0.0008266 -0.00146417 -0.000735107
1.85833 0.000758466 -0.00211568 0.00133305
1.8625 0.000364071 -0.00281596 0.00159913
1.86667 0.000935019 -0.00396881 -0.000616045
1.87083 0.00232218 -0.00457156 -0.00273338
1.875 0.00289582 -0.00327252 -0.00201056
1.87917 0.00151076 -0.000189889 0.000946317
1.88333 -0.000931102 0.00284783 0.00271298
1.8875 -0.00234811 0.00406568 0.00117251
1.89167 -0.00181836 0.00344689 -0.00178836
1.89583 -0.000561268 0.00241611 -0.00245708
1.9 -0.000362893 0.00202386 0.000182314
1.90417 -0.00137598 0.00185161 0.00309674
1.90833 -0.00196841 0.000809668 0.00274565
1.9125 -0.000778641 -0.00126555 -0.000692513
1.91667 0.00150254 -0.00308698 -0.00344059
1.92083 0.00273313 -0.00304404 -0.00243489
1.925 0.00162858 -0.00085389 0.00119138
1.92917 -0.000794363 0.00189942 0.00338912
1.93333 -0.00221431 0.00302786 0.00170768
1.9375 -0.00139861 0.00182335 -0.00199923
1.94167 0.000513909 -0.000110416 -0.00361031
1.94583 0.00123805 -0.000476832 -0.00129245
1.95 -0.000128306 0.00109388 0.002373
1.95417 -0.00200578 0.00250334 0.00314159
1.95833 -0.002072 0.00174955 -8.64146e-05
1.9625 -6.36339e-05 -0.000359337 -0.00378484
1.96667 0.00168687 -0.000998272 -0.00367615
1.97083 0.000928021 0.00104609 0.000202981
1.975 -0.00167173 0.00360759 0.00332127
1.97917 -0.00315892 0.00379858 0.00196991
1.98333 -0.00187129 0.00171725 -0.00219296
1.9875 0.000478909 0.000244544 -0.0041177
1.99167 0.000948022 0.00123624 -0.00157347
1.99583 -0.00096856 0.00327071 0.0021934
2 -0.00283354 0.0037596 0.00265689
2.00417 -0.00242975 0.00222442 -0.000439524
2.00833 -0.000377352 0.000449683 -0.00316816
2.0125 0.000949421 -3.04502e-06 -0.00253214
2.01667 0.000372095 0.000779207 0.000203526
2.02083 -0.00109093 0.00193405 0.00168166
2.025 -0.00186333 0.00287393 0.000571132
2.02917 -0.00152788 0.00320952 -0.00147944
2.03333 -0.000796011 0.00271509 -0.00225878
2.0375 -0.000493392 0.00192121 -0.00125162
2.04167 -0.000897434 0.00188103 0.000327555
2.04583 -0.00161617 0.00269594 0.00089513
2.05 -0.00184733 0.0030741 -0.000120972
2.05417 -0.00115491 0.0021862 -0.00167358
2.05833 -0.000197861 0.00116925 -0.00196802
2.0625 -0.000168302 0.00154885 -0.00050193
2.06667 -0.00117343 0.00267172 0.00104517
2.07083 -0.00179175 0.00230486 0.000791273
2.075 -0.000850571 -0.000153577 -0.00074314
2.07917 0.000899733 -0.00271027 -0.00125018
2.08333 0.00178494 -0.00362539 7.03124e-05
2.0875 0.00155043 -0.00374238 0.00138653
2.09167 0.00156917 -0.00490676 0.00110033
2.09583 0.00267863 -0.00723852 0.000266585
2.1 0.00405454 -0.00940766 0.0007381
2.10417 0.00472423 -0.0108823 0.00210265
2.10833 0.00506494 -0.0123007 0.00245944
2.1125 0.0059084 -0.0138906 0.00168634
2.11667 0.00700357 -0.0150933 0.00166452
2.12083 0.00750182 -0.0158395 0.00306978
2.125 0.00747615 -0.0167672 0.00416919
2.12917 0.0077626 -0.0179036 0.0036499
2.13333 0.00848928 -0.0184354 0.00269301
2.1375 0.00891063 -0.0181061 0.0029322
2.14167 0.00867739 -0.0175122 0.00394409
2.14583 0.00816891 -0.016675 0.00433451
2.15 0.00753019 -0.0149001 0.00402374
2.15417 0.00656226 -0.0126345 0.00372315
2.15833 0.0056866 -0.0115811 0.00327014
2.1625 0.00563538 -0.0118362 0.0024263
2.16667 0.00583502 -0.0108757 0.00227731
2.17083 0.00468696 -0.00717265 0.00349026
2.175 0.0021832 -0.0029776 0.00408384
2.17917 0.000491446 -0.00101081 0.00191872
2.18333 0.000651035 5.56279e-05 -0.0010494
2.1875 0.000462431 0.00351963 -0.000725243
2.19167 -0.00228716 0.00897679 0.00244623
2.19583 -0.00596468 0.0127765 0.00301091
2.2 -0.00728876 0.0143267 -0.00139077
2.20417 -0.00664973 0.017509 -0.00567726
2.20833 -0.00784962 0.0242515 -0.00458997
2.2125 -0.0121923 0.0309093 -0.000844644
2.21667 -0.0162821 0.0337838 -0.0011201
2.22083 -0.0171127 0.034547 -0.00594184
2.225 -0.0162371 0.0364768 -0.00927111
2.22917 -0.016621 0.0383988 -0.0078767
2.23333 -0.0179222 0.0370358 -0.00536042
2.2375 -0.0178025 0.0331745 -0.00556189
2.24167 -0.0160447 0.0300504 -0.00718866
2.24583 -0.0140631 0.0267107 -0.00746371
2.25 -0.0115621 0.0190606 -0.00664781
2.25417 -0.00726426 0.00776231 -0.00578929
2.25833 -0.00234516 -0.00127649 -0.00382263
2.2625 0.000677553 -0.00601771 -0.000555509
2.26667 0.00248965 -0.0115512 0.000914052
2.27083 0.00633769 -0.0209699 -0.000934793
2.275 0.0120606 -0.0290225 -0.0018414
2.27917 0.015101 -0.0299903 0.00233152
2.28333 0.0134202 -0.0269767 0.00783822
2.2875 0.0112222 -0.0267375 0.00752365
2.29167 0.0125732 -0.0285305 0.00209091
2.29583 0.0148176 -0.0256841 -0.000174718
2.3 0.0126914 -0.0170024 0.00409027
2.30417 0.00667492 -0.00882641 0.0081548
2.30833 0.00225065 -0.00500424 0.00556178
2.3125 0.00168779 -0.00205816 -0.000429775
2.31667 0.00155991 0.00338186 -0.00246264
2.32083 -0.00107976 0.00875486 0.00026632
2.325 -0.00455654 0.0106634 0.00240804
2.32917 -0.00607599 0.0105245 0.000941313
2.33333 -0.00570241 0.011003 -0.00199008
2.3375 -0.00491387 0.0109814 -0.0035453
2.34167 -0.00404479 0.00846943 -0.00306679
2.34583 -0.00310678 0.00518524 -0.00108733
2.35 -0.00277885 0.003733 0.000935855
2.35417 -0.00277051 0.00287852 0.000644075
2.35833 -0.00142641 0.00014479 -0.00215303
2.3625 0.00128315 -0.00311033 -0.00361039
2.36667 0.00271185 -0.00383952 -0.000742503
2.37083 0.00147346 -0.00274611 0.00318792
2.375 4.7917e-05 -0.00286871 0.00272818
2.37917 0.00101835 -0.00412912 -0.00128104
2.38333 0.00294569 -0.00407762 -0.00270455
2.3875 0.00291207 -0.00290879 0.000367051
2.39167 0.00125204 -0.00270462 0.00299711
2.39583 0.0004234 -0.0026458 0.00163249
2.4 0.000664236 -0.000469276 -0.00087768
2.40417 0.000380427 0.00199353 -0.00102299
2.40833 -0.000242919 0.000969146 -2.91981e-05
2.4125 0.000136461 -0.00170398 -0.000101085
2.41667 0.000564117 -0.000366229 -8.28108e-05
2.42083 -0.000852707 0.00417154 0.00107145
2.425 -0.0025405 0.00431915 0.000898589
2.42917 -0.0011506 -0.00152516 -0.00178373
2.43333 0.00209665 -0.00467282 -0.00281537
2.4375 0.00211778 8.21521e-05 0.000890298
2.44167 -0.00161393 0.00486922 0.00452309
2.44583 -0.00311944 0.00105945 0.00196189
2.45 0.000671207 -0.00590041 -0.0034254
2.45417 0.0042068 -0.00479189 -0.00291946
2.45833 0.00180301 0.00273828 0.00338304
2.4625 -0.00292708 0.00461911 0.00582092
2.46667 -0.00263643 -0.00159119 0.000371444
2.47083 0.00186979 -0.00468936 -0.00467598
2.475 0.00301643 0.00121799 -0.00185378
2.47917 -0.00114795 0.00680117 0.00379086
2.48333 -0.00401946 0.00332473 0.00322679
2.4875 -0.00144797 -0.00278642 -0.00226692
2.49167 0.00185688 -0.00116357 -0.00405394
2.49583 0.00063441 0.00499233 -0.000227163
2.5 -0.00246765 0.00478696 0.00248187
2.50417 -0.00205557 -0.00175405 0.000478205
2.50833 0.000931451 -0.00420724 -0.00175143
2.5125 0.00156689 0.00022559 -0.000381863
2.51667 -0.000354868 0.00250504 0.00166342
2.52083 -0.000589283 -0.0020211 0.000959906
2.525 0.00155674 -0.00559141 -0.000274703
2.52917 0.00208057 -0.00187877 0.00103229
2.53333 -0.0002263 0.00279232 0.00267242
2.5375 -0.00133564 0.0003956 0.00120779
2.54167 0.000899446 -0.00483438 -0.00130251
2.54583 0.00268885 -0.00359026 -0.000523777
2.55 0.000672713 0.00270066 0.00234549
2.55417 -0.00223057 0.00447249 0.00220583
2.55833 -0.00165121 6.38336e-05 -0.00123966
2.5625 0.000985513 -0.00223163 -0.00272055
2.56667 0.00107194 0.00132858 -0.000111084
2.57083 -0.00142487 0.00421782 0.00208987
2.575 -0.00222835 0.00156562 0.000247387
2.57917 -0.000115276 -0.00177205 -0.00265878
2.58333 0.00132544 -0.000341787 -0.00226521
2.5875 2.03778e-05 0.00246882 0.000226714
2.59167 -0.00132452 0.000858786 0.000616505
2.59583 -0.000141259 -0.00319322 -0.00140944
2.6 0.00179989 -0.00364556 -0.00247346
2.60417 0.00171902 -0.000736911 -0.00131822
2.60833 0.000372838 -5.14324e-05 -0.000182755
2.6125 0.00030601 -0.00290875 -0.000552006
2.61667 0.0015624 -0.00481485 -0.0011619
2.62083 0.00212381 -0.00342111 -0.000778076
2.625 0.00146863 -0.00169158 -8.56255e-05
2.62917 0.000939702 -0.00201802 4.71717e-05
2.63333 0.00107659 -0.00250574 2.23296e-05
2.6375 0.000964644 -0.00107784 0.000367906
2.64167 0.000188687 0.000856379 0.00075458
2.64583 -0.000477124 0.0011404 0.000833096
2.65 -0.00050239 0.000318127 0.000797122
2.65417 -0.000288159 0.000158022 0.000710799
2.65833 -0.000252756 0.000753021 0.000392696
2.6625 -0.000298924 0.000869906 0.000108975
2.66667 -0.000231023 -0.000183226 0.00022924
2.67083 0.000126747 -0.00219499 0.000232689
2.675 0.00103733 -0.00438992 -0.000621763
2.67917 0.00228958 -0.00554137 -0.00170774
2.68333 0.00292617 -0.00505364 -0.00165665
2.6875 0.00244349 -0.00420739 -0.000653438
2.69167 0.00180125 -0.00475324 -0.000408565
2.69583 0.00215606 -0.00610993 -0.00144963
2.7 0.00300919 -0.005922 -0.00215528
2.70417 0.00288797 -0.00374525 -0.00126942
2.70833 0.00163357 -0.00187733 0.000137683
2.7125 0.000601814 -0.0016804 0.000342775
2.71667 0.000511222 -0.00144816 -0.000510198
2.72083 0.000482635 0.000579893 -0.000850459
2.725 -0.000362235 0.00317109 -2.67279e-05
2.72917 -0.00155003 0.00413047 0.00100281
2.73333 -0.00218008 0.0038728 0.00116781
2.7375 -0.00229405 0.00453828 0.000544035
2.74167 -0.00251494 0.00627887 7.5972e-06
2.74583 -0.0029018 0.00694339 0.000192228
2.75 -0.00299153 0.00559015 0.000936399
2.75417 -0.00270861 0.00409513 0.0015039
2.75833 -0.00250156 0.00443122 0.00133695
2.7625 -0.00262225 0.00597376 0.000741545
2.76667 -0.00284965 0.00670331 0.000681644
2.77083 -0.00298678 0.00606092 0.00164809
2.775 -0.00314133 0.00527561 0.0028971
2.77917 -0.00335559 0.00529279 0.00323343
2.78333 -0.00337322 0.00563767 0.00256484
2.7875 -0.00305153 0.00544223 0.00216447
2.79167 -0.00272475 0.00471375 0.0030638
2.79583 -0.00282829 0.00422969 0.00460643
2.8 -0.00330766 0.00458301 0.00522722
2.80417 -0.0037087 0.00554365 0.00453145
2.80833 -0.00378446 0.00622281 0.00382362
2.8125 -0.00373213 0.00595034 0.00433429
2.81667 -0.00383674 0.00508293 0.00560878
2.82083 -0.00408578 0.00453423 0.00617959
2.825 -0.00413241 0.00428879 0.00542751
2.82917 -0.00355834 0.00317151 0.00419985
2.83333 -0.00233611 0.000768927 0.00369571
2.8375 -0.00111554 -0.00133191 0.00410522
2.84167 -0.000681793 -0.00151215 0.00436116
2.84583 -0.000876278 -0.000712915 0.00322404
2.85 -0.000540817 -0.00136907 0.000786185
2.85417 0.000975766 -0.00389683 -0.00134135
2.85833 0.00275557 -0.00608592 -0.00191159
2.8625 0.00351095 -0.00634303 -0.00186485
2.86667 0.00345176 -0.00573794 -0.00324375
2.87083 0.00392846 -0.0059576 -0.00623572
2.875 0.00530317 -0.00669829 -0.00862935
2.87917 0.00630425 -0.00631034 -0.00880285
2.88333 0.00581617 -0.00418736 -0.00798132
2.8875 0.00439542 -0.00144883 -0.00845215
2.89167 0.00347253 0.000344984 -0.0104259
2.89583 0.00363194 0.000525688 -0.0119559
2.9 0.00420931 -0.000310506 -0.0116273
2.90417 0.00432129 -0.00101867 -0.0102294
2.90833 0.00395417 -0.00135113 -0.00969836
2.9125 0.00405012 -0.00242141 -0.0109766
2.91667 0.00541206 -0.00492571 -0.0129896
2.92083 0.00743337 -0.0074412 -0.0137131
2.925 0.00845374 -0.00804369 -0.0125625
2.92917 0.0078857 -0.00739671 -0.011421
2.93333 0.00730926 -0.00819775 -0.012314
2.9375 0.00843742 -0.0111778 -0.0142372
2.94167 0.0104936 -0.0137771 -0.01391
2.94583 0.0110225 -0.0137357 -0.0100984
2.95 0.00921323 -0.012026 -0.00534348
2.95417 0.00683723 -0.0107758 -0.00226359
2.95833 0.00546128 -0.00984948 0.000207061
2.9625 0.00419521 -0.00730669 0.00511767
2.96667 0.00115207 -0.00245416 0.0130216
2.97083 -0.00376892 0.00312636 0.0211082
2.975 -0.00858503 0.00733054 0.0266148
2.97917 -0.0113885 0.00938354 0.0296329
2.98333 -0.0121315 0.0101885 0.0322564
2.9875 -0.0122839 0.0112415 0.0356898
2.99167 -0.0129067 0.0127886 0.0384997
2.99583 -0.0131313 0.0131795 0.0379031
