0 0 0 0
0.00416667 0 0 0
0.00833333 0 0 0
0.0125 0 0 0
0.0166667 0 0 0
0.0208333 0 0 0
0.025 0 0 0
0.0291667 0 0 0
0.0333333 0 0 0
0.0375 0 0 0
0.0416667 0 0 0
0.0458333 0 0 0
0.05 0 0 0
0.0541667 0 0 0
0.0583333 0 0 0
0.0625 0 0 0
0.0666667 0 0 0
0.0708333 0 0 0
0.075 0 0 0
0.0791667 0 0 0
0.0833333 0 0 0
0.0875 0 0 0
0.0916667 0 0 0
0.0958333 0 0 0
0.1 0 0 0
0.104167 0 0 0
0.108333 0 0 0
0.1125 0 0 0
0.116667 0 0 0
0.120833 0 0 0
0.125 0 0 0
0.129167 0 0 0
0.133333 0 0 0
0.1375 0 0 0
0.141667 0 0 0
0.145833 0 0 0
0.15 0 0 0
0.154167 0 0 0
0.158333 0 0 0
0.1625 0 0 0
0.166667 0 0 0
0.170833 0 0 0
0.175 0 0 0
0.179167 0 0 0
0.183333 0 0 0
0.1875 0 0 0
0.191667 0 0 0
0.195833 0 0 0
0.2 0 0 0
0.204167 0 0 0
0.208333 -1.27963e-321 0 3.91942e-320
0.2125 -5.94848e-318 -2.70106e-319 1.5912e-316
0.216667 -2.07483e-314 -9.20047e-316 5.44067e-313
0.220833 -6.16673e-311 -2.66889e-312 1.5858e-309
0.225 -1.57122e-307 -6.63648e-309 3.96381e-306
0.229167 -3.45131e-304 -1.42274e-305 8.54469e-303
0.233333 -6.57084e-301 -2.64391e-302 1.59703e-299
0.2375 -1.08979e-297 -4.28084e-299 2.60111e-296
0.241667 -1.58209e-294 -6.06844e-296 3.70941e-293
0.245833 -2.01955e-291 -7.5663e-293 4.65286e-290
0.25 -2.27661e-288 -8.33373e-290 5.15551e-287
0.254167 -2.27567e-285 -8.14208e-287 5.06678e-284
0.258333 -2.0249e-282 -7.08391e-284 4.4339e-281
0.2625 -1.60984e-279 -5.50895e-281 3.46767e-278
0.266667 -1.14756e-276 -3.84289e-278 2.43228e-275
0.270833 -7.3593e-274 -2.4127e-275 1.53521e-272
0.275 -4.25953e-271 -1.36772e-272 8.74761e-270
0.279167 -2.23191e-268 -7.02211e-270 4.51338e-267
0.283333 -1.06182e-265 -3.27476e-267 2.11481e-264
0.2875 -4.59936e-263 -1.39105e-264 9.02415e-262
0.291667 -1.81875e-260 -5.39648e-262 3.51612e-259
0.295833 -6.58246e-258 -1.91685e-259 1.25415e-256
0.3 -2.18578e-255 -6.24932e-257 4.10513e-254
0.304167 -6.67492e-253 -1.87437e-254 1.23597e-251
0.308333 -1.87882e-250 -5.18354e-252 3.43061e-249
0.3125 -4.88493e-248 -1.32457e-249 8.7973e-247
0.316667 -1.17562e-245 -3.13395e-247 2.08853e-244
0.320833 -2.62408e-243 -6.87914e-245 4.59946e-242
0.325 -5.44271e-241 -1.40353e-242 9.41404e-240
0.329167 -1.05095e-238 -2.66653e-240 1.7941e-237
0.333333 -1.89256e-236 -4.72564e-238 3.18922e-235
0.3375 -3.18385e-234 -7.82507e-236 5.29696e-233
0.341667 -5.01194e-232 -1.21259e-233 8.23352e-231
0.345833 -7.39427e-230 -1.76111e-231 1.19962e-228
0.35 -1.02396e-227 -2.40044e-229 1.64084e-226
0.354167 -1.33294e-225 -3.07421e-227 2.11002e-224
0.358333 -1.63341e-223 -3.70244e-225 2.55461e-222
0.3625 -1.88684e-221 -4.19469e-223 2.91591e-220
0.366667 -2.05738e-219 -4.46791e-221 3.1421e-218
0.370833 -2.12036e-217 -4.46361e-219 3.20059e-216
0.375 -2.06818e-215 -4.15883e-217 3.08583e-214
0.379167 -1.91175e-213 -3.56839e-215 2.81979e-212
0.383333 -1.67707e-211 -2.73906e-213 2.44549e-210
0.3875 -1.39838e-209 -1.73949e-211 2.01594e-208
0.391667 -1.11036e-207 -6.49733e-210 1.58243e-206
0.395833 -8.4159e-206 4.46819e-208 1.18545e-204
0.4 -6.10853e-204 1.46933e-205 8.50098e-203
0.404167 -4.26553e-202 2.34467e-203 5.8605e-201
0.408333 -2.88453e-200 3.0134e-201 3.90791e-199
0.4125 -1.90653e-198 3.43665e-199 2.54237e-197
0.416667 -1.24637e-196 3.60204e-197 1.63207e-195
0.420833 -8.16782e-195 3.52601e-195 1.04754e-193
0.425 -5.42932e-193 3.25092e-193 6.80591e-192
0.429167 -3.68314e-191 2.83681e-191 4.50946e-190
0.433333 -2.54451e-189 2.35008e-189 3.04578e-188
0.4375 -1.77379e-187 1.85212e-187 2.08042e-186
0.441667 -1.23226e-185 1.39079e-185 1.4199e-184
0.445833 -8.42975e-184 9.96309e-184 9.56586e-183
0.45 -5.62525e-182 6.81587e-182 6.29841e-181
0.454167 -3.63769e-180 4.45705e-180 4.02429e-179
0.458333 -2.27013e-178 2.78832e-178 2.4837e-177
0.4625 -1.36381e-176 1.67015e-176 1.4766e-175
0.466667 -7.87719e-175 9.58548e-175 8.44374e-174
0.470833 -4.37187e-173 5.27521e-173 4.64104e-172
0.475 -2.33131e-171 2.78572e-171 2.45148e-170
0.479167 -1.19469e-169 1.41255e-169 1.24461e-168
0.483333 -5.88548e-168 6.88227e-168 6.07534e-167
0.4875 -2.78857e-166 3.22402e-166 2.8525e-165
0.491667 -1.27138e-164 1.45303e-164 1.28889e-163
0.495833 -5.58074e-163 6.30424e-163 5.60748e-162
0.5 -2.3598e-161 2.63468e-161 2.35027e-160
0.504167 -9.61749e-160 1.06124e-159 9.49523e-159
0.508333 -3.78e-158 4.1223e-158 3.6997e-157
0.5125 -1.43351e-156 1.54505e-156 1.39103e-155
0.516667 -5.24831e-155 5.59064e-155 5.04944e-154
0.520833 -1.85599e-153 1.95399e-153 1.77059e-152
0.525 -6.34298e-152 6.60013e-152 6.00038e-151
0.529167 -2.09599e-150 2.1556e-150 1.96628e-149
0.533333 -6.70004e-149 6.81056e-149 6.23349e-148
0.5375 -2.07284e-147 2.0826e-147 1.91268e-146
0.541667 -6.20954e-146 6.16657e-146 5.6831e-145
0.545833 -1.80201e-144 1.76885e-144 1.6359e-143
0.55 -5.06819e-143 4.91753e-143 4.56404e-142
0.554167 -1.3821e-141 1.32556e-141 1.23469e-140
0.558333 -3.65596e-140 3.46606e-140 3.24016e-139
0.5625 -9.38474e-139 8.79504e-139 8.25194e-138
0.566667 -2.33873e-137 2.16662e-137 2.04036e-136
0.570833 -5.66044e-136 5.18379e-136 4.89994e-135
0.575 -1.33107e-134 1.20503e-134 1.14335e-133
0.579167 -3.04231e-133 2.72275e-133 2.59322e-132
0.583333 -6.7611e-132 5.98182e-132 5.71918e-131
0.5875 -1.46152e-130 1.27832e-130 1.22694e-129
0.591667 -3.07413e-129 2.65814e-129 2.5613e-128
0.595833 -6.29392e-128 5.38028e-128 5.2048e-127
0.6 -1.25474e-126 1.0604e-126 1.02991e-125
0.604167 -2.43651e-125 2.03573e-125 1.98516e-124
0.608333 -4.61006e-124 3.80801e-124 3.72852e-123
0.6125 -8.50178e-123 6.94298e-123 6.82593e-122
0.616667 -1.52868e-121 1.23424e-121 1.21845e-120
0.620833 -2.68079e-120 2.13992e-120 2.12136e-119
0.625 -4.5865e-119 3.61969e-119 3.60338e-118
0.629167 -7.65775e-118 5.97514e-118 5.97346e-117
0.633333 -1.2481e-116 9.62847e-117 9.66693e-116
0.6375 -1.98634e-115 1.51504e-115 1.52765e-114
0.641667 -3.08769e-114 2.32845e-114 2.35804e-113
0.645833 -4.68933e-113 3.49632e-113 3.55625e-112
0.65 -6.95987e-112 5.13062e-112 5.24161e-111
0.654167 -1.00977e-110 7.3597e-111 7.55237e-110
0.658333 -1.43247e-109 1.03227e-109 1.06405e-108
0.6625 -1.98748e-108 1.41607e-108 1.46625e-107
0.666667 -2.69763e-107 1.90036e-107 1.97666e-106
0.670833 -3.58287e-106 2.49551e-106 2.60761e-105
0.675 -4.65752e-105 3.20743e-105 3.36699e-104
0.679167 -5.92727e-104 4.03582e-104 4.2563e-103
0.683333 -7.38639e-103 4.9726e-103 5.26884e-102
0.6875 -9.01543e-102 6.00084e-102 6.38835e-101
0.691667 -1.07799e-100 7.09436e-101 7.5884e-100
0.695833 -1.26302e-99 8.21832e-100 8.83271e-99
0.7 -1.45034e-98 9.3307e-99 1.00766e-97
0.704167 -1.6326e-97 1.03848e-97 1.12694e-96
0.708333 -1.80193e-96 1.13325e-96 1.23579e-95
0.7125 -1.95041e-95 1.21278e-95 1.32903e-94
0.716667 -2.07078e-94 1.27309e-94 1.40202e-93
0.720833 -2.15698e-93 1.3111e-93 1.45108e-92
0.725 -2.20468e-92 1.32496e-92 1.47377e-91
0.729167 -2.21165e-91 1.31412e-91 1.46909e-90
0.733333 -2.17789e-90 1.27943e-90 1.43758e-89
0.7375 -2.10565e-89 1.22299e-89 1.3812e-88
0.741667 -1.99915e-88 1.14799e-88 1.30317e-87
0.745833 -1.86418e-87 1.05836e-87 1.20764e-86
0.75 -1.70762e-86 9.58483e-87 1.09938e-85
0.754167 -1.53683e-85 8.52837e-86 9.8333e-85
0.758333 -1.35914e-84 7.45675e-85 8.64306e-84
0.7625 -1.18136e-83 6.40777e-84 7.4666e-83
0.766667 -1.00936e-82 5.41261e-83 6.34066e-82
0.770833 -8.47858e-82 4.49488e-82 5.29385e-81
0.775 -7.003e-81 3.67036e-81 4.34611e-80
0.779167 -5.68845e-80 2.94743e-80 3.50904e-79
0.783333 -4.54484e-79 2.32804e-79 2.78677e-78
0.7875 -3.57208e-78 1.80888e-78 2.1772e-77
0.791667 -2.76226e-77 1.38282e-77 1.67359e-76
0.795833 -2.1019e-76 1.04021e-76 1.26593e-75
0.8 -1.57406e-75 7.7008e-76 9.42417e-75
0.804167 -1.16026e-74 5.61138e-75 6.90572e-74
0.808333 -8.41925e-74 4.02514e-74 4.98156e-73
0.8125 -6.01493e-73 2.84268e-73 3.53811e-72
0.816667 -4.23141e-72 1.97681e-72 2.47446e-71
0.820833 -2.93152e-71 1.35379e-71 1.70432e-70
0.825 -2.00036e-70 9.13148e-71 1.15621e-69
0.829167 -1.34458e-69 6.06718e-70 7.7267e-69
0.833333 -8.90386e-69 3.97138e-69 5.08712e-68
0.8375 -5.80949e-68 2.56128e-68 3.30008e-67
0.841667 -3.73522e-67 1.62775e-67 2.10961e-66
0.845833 -2.36681e-66 1.01948e-66 1.32909e-65
0.85 -1.47819e-65 6.29337e-66 8.25342e-65
0.854167 -9.10046e-65 3.82956e-65 5.05227e-64
0.858333 -5.52347e-64 2.29734e-64 3.04902e-63
0.8625 -3.3054e-63 1.3588e-63 1.81428e-62
0.866667 -1.9505e-62 7.92483e-63 1.06454e-61
0.870833 -1.13506e-61 4.55797e-62 6.15999e-61
0.875 -6.51472e-61 2.58551e-61 3.51564e-60
0.879167 -3.68821e-60 1.44663e-60 1.97914e-59
0.883333 -2.05978e-59 7.98455e-60 1.09911e-58
0.8875 -1.1349e-58 4.34776e-59 6.02203e-58
0.891667 -6.16974e-58 2.33585e-58 3.25552e-57
0.895833 -3.3097e-57 1.23831e-57 1.73666e-56
0.9 -1.75212e-56 6.47831e-57 9.14259e-56
0.904167 -9.15446e-56 3.34487e-56 4.7503e-55
0.908333 -4.72101e-55 1.7046e-55 2.43618e-54
0.9125 -2.4033e-54 8.57491e-55 1.23332e-53
0.916667 -1.20779e-53 4.25832e-54 6.16387e-53
0.920833 -5.99269e-53 2.08778e-53 3.04146e-52
0.925 -2.93586e-52 1.01066e-52 1.48183e-51
0.929167 -1.42026e-51 4.83104e-52 7.12915e-51
0.933333 -6.7851e-51 2.28045e-51 3.38716e-50
0.9375 -3.20136e-50 1.06312e-50 1.58937e-49
0.941667 -1.49189e-49 4.89506e-50 7.3662e-49
0.945833 -6.86746e-49 2.2263e-49 3.37227e-48
0.95 -3.12282e-48 1.00021e-48 1.52508e-47
0.954167 -1.40288e-47 4.43927e-48 6.81383e-47
0.958333 -6.22657e-47 1.94661e-47 3.00779e-46
0.9625 -2.73064e-46 8.43377e-47 1.31187e-45
0.966667 -1.18331e-45 3.61055e-46 5.65399e-45
0.970833 -5.06732e-45 1.52743e-45 2.40806e-44
0.975 -2.14455e-44 6.38586e-45 1.01359e-43
0.979167 -8.97016e-44 2.63859e-44 4.21659e-43
0.983333 -3.70851e-43 1.07758e-43 1.7338e-42
0.9875 -1.51552e-42 4.34991e-43 7.04693e-42
0.991667 -6.12231e-42 1.73577e-42 2.83135e-41
0.995833 -2.44505e-41 6.84713e-42 1.12462e-40
1 -9.6539e-41 2.6703e-41 4.41636e-40
1.00417 -3.76868e-40 1.0296e-40 1.71472e-39
1.00833 -1.45469e-39 3.92522e-40 6.58293e-39
1.0125 -5.55233e-39 1.47968e-39 2.499e-38
1.01667 -2.09568e-38 5.51576e-39 9.38122e-38
1.02083 -7.82245e-38 2.03329e-38 3.48275e-37
1.025 -2.88772e-37 7.41268e-38 1.27873e-36
1.02917 -1.05435e-36 2.67273e-37 4.64355e-36
1.03333 -3.80759e-36 9.53147e-37 1.66786e-35
1.0375 -1.36012e-35 3.36211e-36 5.92558e-35
1.04167 -4.80606e-35 1.1731e-35 2.08249e-34
1.04583 -1.67998e-34 4.04898e-35 7.24e-34
1.05 -5.80955e-34 1.38251e-34 2.4901e-33
1.05417 -1.98759e-33 4.67003e-34 8.47303e-33
1.05833 -6.72782e-33 1.56071e-33 2.85249e-32
1.0625 -2.25323e-32 5.1605e-33 9.50146e-32
1.06667 -7.4669e-32 1.6883e-32 3.13154e-31
1.07083 -2.44847e-31 5.46526e-32 1.02128e-30
1.075 -7.9449e-31 1.75063e-31 3.29584e-30
1.07917 -2.55116e-30 5.54906e-31 1.05255e-29
1.08333 -8.107e-30 1.7406e-30 3.3265e-29
1.0875 -2.5496e-29 5.40319e-30 1.04045e-28
1.09167 -7.93577e-29 1.65993e-29 3.22073e-28
1.09583 -2.44471e-28 5.04698e-29 9.8675e-28
1.1 -7.4542e-28 1.51876e-28 2.99221e-27
1.10417 -2.24971e-27 4.52356e-28 8.98099e-27
1.10833 -6.72071e-27 1.33357e-27 2.66819e-26
1.1125 -1.98739e-26 3.89142e-27 7.84664e-26
1.11667 -5.81757e-26 1.12401e-26 2.28422e-25
1.12083 -1.6858e-25 3.21379e-26 6.58251e-25
1.125 -4.83599e-25 9.09616e-26 1.87783e-24
1.12917 -1.37339e-24 2.54861e-25 5.30329e-24
1.13333 -3.86136e-24 7.06913e-25 1.48275e-23
1.1375 -1.07483e-23 1.94113e-24 4.10427e-23
1.14167 -2.96208e-23 5.2769e-24 1.12475e-22
1.14583 -8.08213e-23 1.42019e-23 3.05172e-22
1.15 -2.1834e-22 3.78416e-23 8.19793e-22
1.15417 -5.84024e-22 9.98283e-23 2.18045e-21
1.15833 -1.54676e-21 2.60739e-22 5.74218e-21
1.1625 -4.05623e-21 6.74271e-22 1.49729e-20
1.16667 -1.05325e-20 1.72641e-21 3.86579e-20
1.17083 -2.70807e-20 4.37667e-21 9.88286e-20
1.175 -6.89467e-20 1.09859e-20 2.50174e-19
1.17917 -1.73819e-19 2.73039e-20 6.27083e-19
1.18333 -4.33926e-19 6.71916e-20 1.55645e-18
1.1875 -1.07269e-18 1.63724e-19 3.82537e-18
1.19167 -2.6259e-18 3.95016e-19 9.30997e-18
1.19583 -6.36543e-18 9.43689e-19 2.24368e-17
1.2 -1.52802e-17 2.23231e-18 5.35441e-17
1.20417 -3.63229e-17 5.22869e-18 1.26533e-16
1.20833 -8.55042e-17 1.21267e-17 2.96103e-16
1.2125 -1.99319e-16 2.78488e-17 6.86155e-16
1.21667 -4.60115e-16 6.33257e-17 1.57451e-15
1.22083 -1.05181e-15 1.42581e-16 3.57777e-15
1.225 -2.38103e-15 3.17871e-16 8.05044e-15
1.22917 -5.33756e-15 7.01685e-16 1.79377e-14
1.23333 -1.18487e-14 1.53367e-15 3.95776e-14
1.2375 -2.60463e-14 3.31905e-15 8.64698e-14
1.24167 -5.66974e-14 7.11187e-15 1.87072e-13
1.24583 -1.22213e-13 1.50881e-14 4.0075e-13
1.25 -2.6086e-13 3.16924e-14 8.50075e-13
1.25417 -5.51345e-13 6.59085e-14 1.78546e-12
1.25833 -1.15387e-12 1.357e-13 3.71318e-12
1.2625 -2.39114e-12 2.76607e-13 7.64601e-12
1.26667 -4.90629e-12 5.58183e-13 1.55886e-11
1.27083 -9.9677e-12 1.11509e-12 3.1467e-11
1.275 -2.00502e-11 2.20518e-12 6.28874e-11
1.27917 -3.99312e-11 4.31686e-12 1.24429e-10
1.28333 -7.87343e-11 8.36497e-12 2.43734e-10
1.2875 -1.53695e-10 1.6044e-11 4.7264e-10
1.29167 -2.97017e-10 3.04577e-11 9.07299e-10
1.29583 -5.6822e-10 5.72262e-11 1.72408e-09
1.3 -1.07608e-09 1.0641e-10 3.2429e-09
1.30417 -2.01721e-09 1.95811e-10 6.03753e-09
1.30833 -3.74292e-09 3.56559e-10 1.11253e-08
1.3125 -6.87392e-09 6.42449e-10 2.02894e-08
1.31667 -1.24942e-08 1.14532e-09 3.66191e-08
1.32083 -2.2475e-08 2.02008e-09 6.54034e-08
1.325 -4.00081e-08 3.52473e-09 1.1559e-07
1.32917 -7.04738e-08 6.08361e-09 2.02131e-07
1.33333 -1.22831e-07 1.03858e-08 3.49714e-07
1.3375 -2.11815e-07 1.75353e-08 5.98582e-07
1.34167 -3.6136e-07 2.92779e-08 1.01351e-06
1.34583 -6.09847e-07 4.83361e-08 1.69742e-06
1.35 -1.01803e-06 7.88961e-08 2.81167e-06
1.35417 -1.6808e-06 1.27302e-07 4.60586e-06
1.35833 -2.74439e-06 2.03026e-07 7.46074e-06
1.3625 -4.43099e-06 3.19993e-07 1.19489e-05
1.36667 -7.07343e-06 4.98345e-07 1.89187e-05
1.37083 -1.1163e-05 7.66736e-07 2.96089e-05
1.375 -1.74138e-05 1.16521e-06 4.57988e-05
1.37917 -2.68478e-05 1.74872e-06 7.00041e-05
1.38333 -4.09035e-05 2.59117e-06 0.000105721
1.3875 -6.15709e-05 3.78988e-06 0.000157721
1.39167 -9.15544e-05 5.47007e-06 0.000232395
1.39583 -0.000134459 7.78886e-06 0.000338135
1.4 -0.000194993 1.09377e-05 0.000485716
1.40417 -0.000279172 1.51426e-05 0.000688657
1.40833 -0.000394499 2.06596e-05 0.000963475
1.4125 -0.000550084 2.7765e-05 0.00132977
1.41667 -0.000756658 3.67377e-05 0.00181
1.42083 -0.00102642 4.78321e-05 0.00242889
1.425 -0.00137267 6.12407e-05 0.0032122
1.42917 -0.00180909 7.70455e-05 0.004185
1.43333 -0.00234873 9.51615e-05 0.005369
1.4375 -0.00300257 0.000115274 0.0067793
1.44167 -0.00377768 0.000136778 0.00842041
1.44583 -0.00467509 0.000158726 0.0102819
1.45 -0.00568744 0.000179802 0.0123339
1.45417 -0.00679672 0.000198326 0.0145235
1.45833 -0.00797235 0.000212309 0.0167719
1.4625 -0.00917005 0.000219567 0.0189745
1.46667 -0.0103319 0.000217899 0.0210028
1.47083 -0.0113878 0.000205315 0.0227106
1.475 -0.0122595 0.000180321 0.023944
1.47917 -0.0128653 0.000142198 0.0245541
1.48333 -0.013128 9.12699e-05 0.0244133
1.4875 -0.0129831 2.90757e-05 0.0234316
1.49167 -0.0123875 -4.15797e-05 0.0215724
1.49583 -0.0113274 -0.000116755 0.0188633
1.5 -0.0098233 -0.000191701 0.015401
1.50417 -0.00793204 -0.000261383 0.0113461
1.50833 -0.00574289 -0.000321149 0.00690871
1.5125 -0.00336893 -0.000367464 0.00232336
1.51667 -0.0009332 -0.000398579 -0.00218297
1.52083 0.00144855 -0.000415004 -0.00642597
1.525 0.00368617 -0.000419663 -0.0102962
1.52917 0.0057312 -0.000417608 -0.0137814
1.53333 0.00758737 -0.000415302 -0.0169743
1.5375 0.00931243 -0.000419504 -0.0200592
1.54167 0.0110096 -0.000435914 -0.0232798
1.54583 0.0128087 -0.000467818 -0.0268894
1.55 0.0148383 -0.000514986 -0.0310907
1.55417 0.0171949 -0.000573086 -0.0359767
1.55833 0.0199118 -0.000633799 -0.0414833
1.5625 0.0229368 -0.000685681 -0.0473643
1.56667 0.0261213 -0.000715689 -0.0531953
1.57083 0.0292256 -0.000711124 -0.0584087
1.575 0.0319402 -0.000661655 -0.0623552
1.57917 0.0339197 -0.00056106 -0.0643814
1.58333 0.0348244 -0.00040837 -0.0639115
1.5875 0.0343629 -0.000208244 -0.0605204
1.59167 0.0323287 2.94297e-05 -0.0539862
1.59583 0.0286261 0.000290552 -0.0443195
1.6 0.0232826 0.000558194 -0.0317676
1.60417 0.0164501 0.000814073 -0.0167985
1.60833 0.00839439 0.00103991 -7.25165e-05
1.6125 -0.000520533 0.00121864 0.0175955
1.61667 -0.00985306 0.00133548 0.0352804
1.62083 -0.0191081 0.001379 0.0519986
1.625 -0.0277655 0.00134236 0.066772
1.62917 -0.0353154 0.00122447 0.0787045
1.63333 -0.041299 0.00103105 0.0870678
1.6375 -0.0453542 0.000775009 0.0913857
1.64167 -0.0472585 0.000475905 0.0914993
1.64583 -0.0469599 0.000158115 0.0875942
1.65 -0.0445865 -0.000152134 0.0801758
1.65417 -0.040429 -0.000430396 0.0699898
1.65833 -0.0348938 -0.000657507 0.0579012
1.6625 -0.0284382 -0.000822033 0.0447569
1.66667 -0.0214997 -0.000920961 0.031268
1.67083 -0.0144372 -0.000958412 0.01794
1.675 -0.00750115 -0.000942783 0.00506755
1.67917 -0.000835946 -0.000883283 -0.00721021
1.68333 0.00548753 -0.000787048 -0.0188213
1.6875 0.0114253 -0.000657857 -0.0296753
1.69167 0.016919 -0.000496887 -0.0396165
1.69583 0.0218765 -0.000305132 -0.0484359
1.7 0.0261845 -8.64324e-05 -0.0559356
1.70417 0.0297451 0.000150225 -0.0620182
1.70833 0.0325226 0.0003903 -0.0667593
1.7125 0.0345772 0.0006156 -0.0704255
1.71667 0.0360688 0.00080799 -0.0734214
1.72083 0.0372221 0.000953675 -0.076177
1.725 0.0382651 0.0010465 -0.0790104
1.72917 0.0393572 0.00108902 -0.0820166
1.73333 0.040536 0.00109103 -0.08502
1.7375 0.0416989 0.00106598 -0.08761
1.74167 0.0426279 0.00102674 -0.0892437
1.74583 0.0430467 0.000982168 -0.0893808
1.75 0.042691 0.000935552 -0.0876036
1.75417 0.0413663 0.000885305 -0.0836854
1.75833 0.0389788 0.000827247 -0.0775948
1.7625 0.0355311 0.000757368 -0.0694458
1.76667 0.0310938 0.000673903 -0.0594228
1.77083 0.0257656 0.000577972 -0.0477109
1.775 0.0196396 0.000472743 -0.0344534
1.77917 0.0127846 0.000361665 -0.0197442
1.78333 0.00524491 0.000246597 -0.00364583
1.7875 -0.0029482 0.000126577 0.0137785
1.79167 -0.0117582 -2.35217e-06 0.032431
1.79583 -0.0211265 -0.000146254 0.0521507
1.8 -0.0309584 -0.000311608 0.072692
1.80417 -0.041114 -0.000503223 0.0937103
1.80833 -0.0514033 -0.000722215 0.114757
1.8125 -0.0615857 -0.000964485 0.135283
1.81667 -0.0713741 -0.00122013 0.154646
1.82083 -0.0804407 -0.00147411 0.172121
1.825 -0.0884205 -0.0017082 0.18689
1.82917 -0.0949085 -0.00190382 0.198035
1.83333 -0.0994509 -0.00204495 0.204513
1.8375 -0.101538 -0.00212009 0.205177
1.84167 -0.100614 -0.00212269 0.198843
1.84583 -0.0961164 -0.0020498 0.184446
1.85 -0.0875623 -0.00190006 0.161258
1.85417 -0.0746574 -0.0016721 0.129137
1.85833 -0.0574188 -0.00136478 0.0887227
1.8625 -0.0362677 -0.000979392 0.0415354
1.86667 -0.0120632 -0.00052329 -0.0100744
1.87083 0.0139374 -1.31013e-05 -0.0631102
1.875 0.0401842 0.000524097 -0.114205
1.87917 0.0649808 0.00105258 -0.159933
1.88333 0.0866417 0.00153243 -0.197104
1.8875 0.103639 0.00192513 -0.22303
1.89167 0.11473 0.00219878 -0.235761
1.89583 0.119067 0.0023315 -0.234285
1.9 0.116289 0.00231317 -0.218684
1.90417 0.10659 0.00214599 -0.190204
1.90833 0.0907366 0.00184456 -0.151187
1.9125 0.0700212 0.00143558 -0.104867
1.91667 0.0461435 0.000956334 -0.05504
1.92083 0.0210361 0.000451231 -0.0056725
1.925 -0.00333166 -3.38568e-05 0.0394694
1.92917 -0.0251347 -0.000458318 0.0771289
1.93333 -0.042837 -0.000792499 0.104793
1.9375 -0.0552981 -0.0010204 0.120873
1.94167 -0.0618557 -0.00113868 0.124853
1.94583 -0.0623902 -0.00115305 0.117384
1.95 -0.0573621 -0.00107446 0.10027
1.95417 -0.0477917 -0.000917156 0.0762878
1.95833 -0.0351505 -0.000699152 0.0488064
1.9625 -0.0211583 -0.00044378 0.0212756
1.96667 -0.00751951 -0.000179808 -0.00330433
1.97083 0.00433611 6.15935e-05 -0.0227821
1.975 0.0134362 0.000252763 -0.0360287
1.97917 0.0193295 0.000375944 -0.0428796
1.98333 0.0220361 0.000427005 -0.0439232
1.9875 0.0219281 0.000414501 -0.0402483
1.99167 0.0196002 0.000354573 -0.0332298
1.99583 0.0157644 0.000264327 -0.024365
2 0.0111729 0.000156923 -0.0151255
2.00417 0.00654606 4.01378e-05 -0.00678564
2.00833 0.00248839 -8.21138e-05 -0.000237523
2.0125 -0.00060009 -0.000207544 0.00414497
2.01667 -0.00258382 -0.00033465 0.006519
2.02083 -0.00358636 -0.000463733 0.00743205
2.025 -0.00390903 -0.000598337 0.00757486
2.02917 -0.00390242 -0.000744969 0.00753244
2.03333 -0.0038453 -0.000910076 0.00763468
2.0375 -0.00387972 -0.00109533 0.00794523
2.04167 -0.00401614 -0.00129379 0.00834719
2.04583 -0.00418271 -0.0014892 0.00864191
2.05 -0.00427483 -0.00165893 0.00859803
2.05417 -0.0041765 -0.00177857 0.00795293
2.05833 -0.00375876 -0.00182572 0.00642356
2.0625 -0.00288649 -0.00178124 0.00378411
2.06667 -0.0014611 -0.0016289 1.09374e-05
2.07083 0.000505179 -0.00135556 -0.00457663
2.075 0.00282301 -0.000954422 -0.00928072
2.07917 0.00511849 -0.000431178 -0.0131546
2.08333 0.00691013 0.000189542 -0.0152684
2.0875 0.00774915 0.00086124 -0.0150033
2.09167 0.00736468 0.00151902 -0.0122477
2.09583 0.00575129 0.00208948 -0.00742474
2.1 0.00316844 0.00250408 -0.00136665
2.10417 6.56386e-05 0.0027122 0.00488642
2.10833 -0.00302398 0.00269035 0.0102822
2.1125 -0.00558107 0.00244647 0.0139088
2.11667 -0.00717269 0.00201952 0.0151133
2.12083 -0.0075078 0.00147507 0.0136107
2.125 -0.00648795 0.000897057 0.00957745
2.12917 -0.00424917 0.000375868 0.00368792
2.13333 -0.00117278 -6.44821e-06 -0.00295824
2.1375 0.00216094 -0.000191216 -0.00903719
2.14167 0.00508267 -0.000154316 -0.0132925
2.14583 0.00698483 9.04146e-05 -0.0148345
2.15 0.007469 0.000497371 -0.0133582
2.15417 0.00644494 0.00100333 -0.00921873
2.15833 0.00415378 0.00154482 -0.00335076
2.1625 0.00111151 0.00207253 0.00294753
2.16667 -0.00201149 0.00255771 0.00831518
2.17083 -0.00454678 0.00298842 0.0116468
2.175 -0.00598401 0.0033578 0.0123477
2.17917 -0.00608688 0.0036498 0.0104514
2.18333 -0.0049345 0.00382959 0.00656052
2.1875 -0.00287518 0.0038444 0.00163972
2.19167 -0.000411723 0.00363646 -0.00325401
2.19583 0.00193434 0.00316365 -0.00719865
2.2 0.00372909 0.002419 -0.0095314
2.20417 0.00467754 0.0014391 -0.00988366
2.20833 0.00463272 0.000295951 -0.00819063
2.2125 0.00359707 -0.000925111 -0.00472455
2.21667 0.00173859 -0.00215121 -0.000131701
2.22083 -0.000592744 -0.00333802 0.00460805
2.225 -0.00289161 -0.00446726 0.00837148
2.22917 -0.00460105 -0.00552632 0.0102147
2.23333 -0.0052786 -0.00648114 0.00970188
2.2375 -0.0047561 -0.00725787 0.00707146
2.24167 -0.00320868 -0.0077456 0.00314093
2.24583 -0.00108951 -0.00782179 -0.00100524
2.25 0.00103916 -0.00739106 -0.00438339
2.25417 0.00269214 -0.00642109 -0.00636325
2.25833 0.0035804 -0.0049614 -0.00673323
2.2625 0.00363255 -0.00313861 -0.00563115
2.26667 0.00295097 -0.00113203 -0.00344765
2.27083 0.00175826 0.000859416 -0.000762068
2.275 0.000361917 0.00264767 0.00172128
2.27917 -0.000881211 0.00407656 0.00330883
2.28333 -0.0016361 0.0050335 0.00354107
2.2875 -0.00170023 0.00545651 0.00241065
2.29167 -0.001104 0.00534041 0.000424672
2.29583 -0.00012728 0.00474178 -0.00157808
2.3 0.000805506 0.0037771 -0.00279386
2.30417 0.001313 0.00260772 -0.00281452
2.30833 0.0012287 0.0014102 -0.00178434
2.3125 0.000662397 0.000340014 -0.000280052
2.31667 -7.60663e-05 -0.000497358 0.000994408
2.32083 -0.000637268 -0.00105505 0.001519
2.325 -0.000785059 -0.0013316 0.00113194
2.32917 -0.000474305 -0.00134783 3.58968e-05
2.33333 0.000157173 -0.0011321 -0.00130756
2.3375 0.000851596 -0.000724974 -0.00232977
2.34167 0.00131604 -0.000196391 -0.00252811
2.34583 0.00131544 0.000345946 -0.00165434
2.35 0.000766502 0.000776737 0.000126744
2.35417 -0.000194463 0.00100066 0.00220613
2.35833 -0.00121817 0.00100022 0.00371193
2.3625 -0.00185659 0.00084708 0.00387895
2.36667 -0.00175817 0.000659345 0.00244029
2.37083 -0.000851203 0.000526404 -0.000182064
2.375 0.000592315 0.00045265 -0.0030166
2.37917 0.00205987 0.000365511 -0.00494734
2.38333 0.00301654 0.00018869 -0.00516626
2.3875 0.00312017 -7.14484e-05 -0.0034505
2.39167 0.0023311 -0.000297524 -0.00017923
2.39583 0.000893372 -0.00032544 0.00383729
2.4 -0.000760938 -6.51559e-05 0.00758759
2.40417 -0.00211954 0.000410133 0.0100827
2.40833 -0.00269042 0.000881927 0.0105943
2.4125 -0.00211827 0.00111171 0.0089238
2.41667 -0.000325628 0.000989984 0.00561554
2.42083 0.00237737 0.000600418 0.00193848
2.425 0.00531602 0.000150121 -0.000487767
2.42917 0.00766647 -0.000180777 -0.000336484
2.43333 0.00880106 -0.000353521 0.00281877
2.4375 0.00858709 -0.000462093 0.00828135
2.44167 0.00745785 -0.000616861 0.014539
2.44583 0.00620266 -0.000826761 0.0199279
2.45 0.00559739 -0.000986838 0.0232774
2.45417 0.00608759 -0.000984014 0.0242186
2.45833 0.00767724 -0.000824762 0.023104
2.4625 0.0100203 -0.000661732 0.0207221
2.46667 0.0125901 -0.000681648 0.018035
2.47083 0.0148039 -0.000943569 0.0160101
2.475 0.0160878 -0.00131132 0.0154485
2.47917 0.0159543 -0.00155103 0.016713
2.48333 0.0141545 -0.0015214 0.019432
2.4875 0.0108484 -0.00129633 0.0224132
2.49167 0.00665109 -0.00110949 0.023969
2.49583 0.00244653 -0.0011611 0.0225892
2.5 -0.000981132 -0.00144773 0.0176196
2.50417 -0.00329378 -0.00175809 0.00954677
2.50833 -0.00470977 -0.00183543 -0.000270391
2.5125 -0.00581804 -0.00156644 -0.0102244
2.51667 -0.00723542 -0.00104102 -0.019042
2.52083 -0.00933243 -0.00044832 -0.0260391
2.525 -0.0121634 8.34292e-05 -0.0310551
2.52917 -0.0155621 0.000559685 -0.0342891
2.53333 -0.0192589 0.00105698 -0.0362259
2.5375 -0.0229204 0.00160541 -0.0376319
2.54167 -0.0261423 0.00213567 -0.0394463
2.54583 -0.0285 0.00253237 -0.0424645
2.55 -0.0297047 0.00272746 -0.046939
2.55417 -0.0297822 0.00273887 -0.0523749
2.55833 -0.0291229 0.0026277 -0.0577131
2.5625 -0.028322 0.00243203 -0.0618123
2.56667 -0.0278862 0.00214669 -0.0639274
2.57083 -0.0279829 0.00175509 -0.0638954
2.575 -0.0283693 0.00126147 -0.0619819
2.57917 -0.0285069 0.000686063 -0.0585738
2.58333 -0.0277517 4.59584e-05 -0.0539481
2.5875 -0.0255149 -0.000632037 -0.0481999
2.59167 -0.0213634 -0.00126954 -0.0412521
2.59583 -0.0150956 -0.00172938 -0.0328525
2.6 -0.00681385 -0.0018902 -0.0225684
2.60417 0.00303781 -0.00175513 -0.00988105
2.60833 0.0137229 -0.0014795 0.00556496
2.6125 0.0243561 -0.00125891 0.0236433
2.61667 0.0340831 -0.00116349 0.0435359
2.62083 0.0422221 -0.00108183 0.0637602
2.625 0.0483279 -0.000845774 0.0824239
2.62917 0.0521919 -0.000421598 0.0975926
2.63333 0.0538029 2.98253e-05 0.107648
2.6375 0.0532794 0.000296585 0.111567
2.64167 0.0507843 0.000321943 0.109084
2.64583 0.0464576 0.000258143 0.100695
2.65 0.040414 0.000308236 0.0875037
2.65417 0.0328154 0.000520513 0.0709369
2.65833 0.0239633 0.000748848 0.0524663
2.6625 0.014335 0.000810409 0.0334036
2.66667 0.00453766 0.000661629 0.0147978
2.67083 -0.00477516 0.000408666 -0.00260417
2.675 -0.0129674 0.000167803 -0.0183407
2.67917 -0.0194718 -4.24555e-05 -0.0321293
2.68333 -0.0238765 -0.000255941 -0.0436825
2.6875 -0.0260544 -0.000443332 -0.0525695
2.69167 -0.0262441 -0.000500584 -0.0582822
2.69583 -0.0249771 -0.000374127 -0.0605241
2.7 -0.0228564 -0.000160187 -0.0595097
2.70417 -0.0203444 -2.52709e-05 -0.0559979
2.70833 -0.0177202 -1.81897e-05 -0.0509951
2.7125 -0.0152069 -5.69933e-06 -0.0453724
2.71667 -0.0130927 0.000162133 -0.0397195
2.72083 -0.0116845 0.000437643 -0.0345005
2.725 -0.0111304 0.00058589 -0.0302495
2.72917 -0.0113124 0.000443738 -0.0275126
2.73333 -0.0119468 0.000136523 -0.0265516
2.7375 -0.0128057 -2.54954e-05 -0.0271277
2.74167 -0.0138361 0.000115236 -0.0286267
2.74583 -0.0150725 0.000373802 -0.0304193
2.75 -0.0164705 0.000416922 -0.0321004
2.75417 -0.0178648 0.000133046 -0.0334044
2.75833 -0.0190829 -0.000247644 -0.0339788
2.7625 -0.0200464 -0.000423912 -0.0333495
2.76667 -0.0207009 -0.000363253 -0.0311557
2.77083 -0.0208425 -0.000308278 -0.0273755
2.775 -0.02006 -0.000453371 -0.0222447
2.77917 -0.01791 -0.000695943 -0.01592
2.78333 -0.0141911 -0.000767363 -0.0082417
2.7875 -0.00907968 -0.000572181 0.00114845
2.79167 -0.00304344 -0.00030694 0.0124531
2.79583 0.00334038 -0.000214729 0.0254567
2.8 0.009512 -0.000294428 0.0395243
2.80417 0.0149975 -0.00033214 0.0537533
2.80833 0.0195032 -0.000197173 0.0671225
2.8125 0.0230276 -2.33058e-06 0.0786488
2.81667 0.0258587 8.15295e-05 0.0876356
2.82083 0.0283879 9.48354e-05 0.093923
2.825 0.0308691 0.000259275 0.0978966
2.82917 0.0333303 0.000668382 0.100161
2.83333 0.0356661 0.00111366 0.101127
2.8375 0.0377302 0.0013045 0.100864
2.84167 0.0392779 0.00121744 0.0992493
2.84583 0.0398631 0.00111742 0.0961194
2.85 0.0389193 0.00120969 0.0911597
2.85417 0.0360579 0.00137219 0.083726
2.85833 0.0313187 0.00132288 0.0729666
2.8625 0.0251084 0.00100416 0.0582997
2.86667 0.0178942 0.0006737 0.0398319
2.87083 0.00997978 0.000578717 0.0183093
2.875 0.00155488 0.000646451 -0.00529452
2.87917 -0.00713486 0.000598732 -0.0300648
2.88333 -0.0157617 0.000325114 -0.055052
2.8875 -0.0240371 7.90631e-06 -0.0790706
2.89167 -0.0317364 -0.00015179 -0.100785
2.89583 -0.0385087 -0.000203822 -0.11904
2.9 -0.0436878 -0.000334754 -0.133015
2.90417 -0.046396 -0.000553538 -0.142007
2.90833 -0.0459098 -0.000654265 -0.145162
2.9125 -0.041956 -0.000522543 -0.141604
2.91667 -0.0347226 -0.000326 -0.130897
2.92083 -0.0247309 -0.000276417 -0.113354
2.925 -0.0128121 -0.0002951 -0.0899524
2.92917 -0.000143663 -0.000107425 -0.0620915
2.93333 0.0119119 0.000313948 -0.0315866
2.9375 0.0222061 0.000605002 -0.000752728
2.94167 0.0300996 0.000455793 0.0278364
2.94583 0.0353593 6.81322e-05 0.0519617
2.95 0.0378379 -7.53627e-05 0.070221
2.95417 0.0373914 9.47833e-05 0.0819155
2.95833 0.0341373 4.28093e-05 0.0866615
2.9625 0.0286307 -0.000685276 0.0843811
2.96667 0.0216011 -0.00175997 0.0757384
2.97083 0.0135219 -0.00237457 0.0623403
2.975 0.00460197 -0.00227172 0.0461979
2.97917 -0.00472598 -0.00212933 0.0289206
2.98333 -0.0134581 -0.0026846 0.0115504
2.9875 -0.0203597 -0.00368466 -0.00485365
2.99167 -0.0246673 -0.0041077 -0.0187891
2.99583 -0.0263297 -0.00346249 -0.0287648
