0 0 0 0
0.00416667 0 0 0
0.00833333 0 0 0
0.0125 0 0 0
0.0166667 0 0 0
0.0208333 0 0 0
0.025 0 0 0
0.0291667 0 0 0
0.0333333 0 0 0
0.0375 0 0 0
0.0416667 0 0 0
0.0458333 0 0 0
0.05 0 0 0
0.0541667 0 0 0
0.0583333 0 0 0
0.0625 0 0 0
0.0666667 0 0 0
0.0708333 0 0 0
0.075 0 0 0
0.0791667 0 0 0
0.0833333 0 0 0
0.0875 0 0 0
0.0916667 0 0 0
0.0958333 0 0 0
0.1 0 0 0
0.104167 0 0 0
0.108333 0 0 0
0.1125 0 0 0
0.116667 0 0 0
0.120833 0 0 0
0.125 -1.82804e-322 3.78948e-321 8.18173e-321
0.129167 -2.0713e-316 2.85593e-315 6.08258e-315
0.133333 -1.00455e-310 1.3401e-309 2.85475e-309
0.1375 -3.2105e-305 4.14804e-304 8.83831e-304
0.141667 -6.93329e-300 8.68414e-299 1.85076e-298
0.145833 -1.03514e-294 1.25803e-293 2.68173e-293
0.15 -1.091e-289 1.28762e-288 2.74546e-288
0.154167 -8.27439e-285 9.49104e-284 2.02417e-283
0.158333 -4.59593e-280 5.12734e-279 1.09379e-278
0.1625 -1.9001e-275 2.0632e-274 4.40247e-274
0.166667 -5.93523e-271 6.27688e-270 1.33972e-269
0.170833 -1.42026e-266 1.46383e-265 3.12521e-265
0.175 -2.63716e-262 2.65056e-261 5.66038e-261
0.179167 -3.84511e-258 3.77086e-257 8.0551e-257
0.183333 -4.4514e-254 4.26181e-253 9.1065e-253
0.1875 -4.13408e-250 3.86607e-249 8.26335e-249
0.191667 -3.10983e-246 2.84208e-245 6.07653e-245
0.195833 -1.91195e-242 1.70841e-241 3.65382e-241
0.2 -9.68857e-239 8.46814e-238 1.81168e-237
0.204167 -4.07862e-235 3.48854e-234 7.46581e-234
0.208333 -1.437e-231 1.20329e-230 2.576e-230
0.2125 -4.26691e-228 3.49931e-227 7.49388e-227
0.216667 -1.07482e-224 8.63624e-224 1.85011e-223
0.220833 -2.311e-221 1.82e-220 3.9003e-220
0.225 -4.2662e-218 3.29417e-217 7.06201e-217
0.229167 -6.79903e-215 5.14913e-214 1.10427e-213
0.233333 -9.40325e-212 6.98694e-211 1.49896e-210
0.2375 -1.13415e-208 8.27064e-208 1.77502e-207
0.241667 -1.19853e-205 8.58043e-205 1.84222e-204
0.245833 -1.11465e-202 7.83633e-202 1.68312e-201
0.25 -9.16126e-200 6.32656e-199 1.35939e-198
0.254167 -6.68087e-197 4.53316e-196 9.74433e-196
0.258333 -4.33927e-194 2.8937e-193 6.22276e-193
0.2625 -2.51926e-191 1.65154e-190 3.55303e-190
0.266667 -1.31187e-188 8.4565e-188 1.82006e-187
0.270833 -6.14743e-186 3.89744e-185 8.39193e-185
0.275 -2.60037e-183 1.62183e-182 3.49364e-182
0.279167 -9.95883e-181 6.11168e-180 1.31712e-179
0.283333 -3.46298e-178 2.09158e-177 4.50958e-177
0.2875 -1.09632e-175 6.51818e-175 1.406e-174
0.291667 -3.16814e-173 1.85456e-172 4.00224e-172
0.295833 -8.37776e-171 4.82946e-170 1.04271e-169
0.3 -2.03209e-168 1.1538e-167 2.49231e-167
0.304167 -4.5315e-166 2.53467e-165 5.47778e-165
0.308333 -9.31052e-164 5.13127e-163 1.10948e-162
0.3125 -1.76625e-161 9.59283e-161 2.07519e-160
0.316667 -3.09991e-159 1.65944e-158 3.59163e-158
0.320833 -5.04322e-157 2.66138e-156 5.76313e-156
0.325 -7.61963e-155 3.96449e-154 8.58942e-154
0.329167 -1.07104e-152 5.49514e-152 1.19119e-151
0.333333 -1.40302e-150 7.09944e-150 1.53977e-149
0.3375 -1.71567e-148 8.56329e-148 1.85826e-147
0.341667 -1.96156e-146 9.65868e-146 2.0971e-145
0.345833 -2.10009e-144 1.02028e-143 2.21646e-143
0.35 -2.10853e-142 1.01085e-141 2.19719e-141
0.354167 -1.98815e-140 9.40668e-140 2.04579e-139
0.358333 -1.76296e-138 8.23309e-138 1.79157e-137
0.3625 -1.47209e-136 6.78642e-136 1.47761e-135
0.366667 -1.15899e-134 5.27502e-134 1.1492e-133
0.370833 -8.6142e-133 3.87122e-132 8.4387e-132
0.375 -6.05145e-131 2.68553e-130 5.85753e-130
0.379167 -4.02266e-129 1.76306e-128 3.84781e-128
0.383333 -2.53315e-127 1.09659e-126 2.39472e-126
0.3875 -1.51276e-125 6.46889e-125 1.41353e-124
0.391667 -8.57615e-124 3.62303e-123 7.92163e-123
0.395833 -4.62027e-122 1.92845e-121 4.21913e-121
0.4 -2.36766e-120 9.76481e-120 2.13772e-119
0.404167 -1.1552e-118 4.7081e-118 1.03136e-117
0.408333 -5.3713e-117 2.16348e-116 4.74237e-116
0.4125 -2.38217e-115 9.48346e-115 2.08014e-114
0.416667 -1.00857e-113 3.96883e-113 8.71108e-113
0.420833 -4.07989e-112 1.58708e-111 3.48575e-111
0.425 -1.57814e-110 6.06918e-110 1.33388e-109
0.429167 -5.84173e-109 2.22122e-108 4.88506e-108
0.433333 -2.07092e-107 7.786e-107 1.71351e-106
0.4375 -7.03612e-106 2.61588e-105 5.76088e-105
0.441667 -2.29278e-104 8.42975e-104 1.85774e-103
0.445833 -7.17057e-103 2.60738e-102 5.75011e-102
0.45 -2.15378e-101 7.74603e-101 1.70945e-100
0.454167 -6.21709e-100 2.21169e-99 4.88438e-99
0.458333 -1.72581e-98 6.0732e-98 1.34218e-97
0.4625 -4.60982e-97 1.60482e-96 3.54922e-96
0.466667 -1.18556e-95 4.08331e-95 9.03718e-95
0.470833 -2.93744e-94 1.00099e-93 2.217e-93
0.475 -7.01561e-93 2.3655e-92 5.243e-92
0.479167 -1.61605e-91 5.39182e-91 1.19595e-90
0.483333 -3.59227e-90 1.18604e-89 2.63271e-89
0.4875 -7.70972e-89 2.51909e-88 5.59594e-88
0.491667 -1.5984e-87 5.16879e-87 1.14907e-86
0.495833 -3.20277e-86 1.02506e-85 2.28055e-85
0.5 -6.20539e-85 1.9658e-84 4.37683e-84
0.504167 -1.16311e-83 3.64719e-83 8.1267e-83
0.508333 -2.11e-82 6.54949e-82 1.4605e-81
0.5125 -3.70634e-81 1.13889e-80 2.54164e-80
0.516667 -6.30668e-80 1.91853e-79 4.2849e-79
0.520833 -1.04e-78 3.13221e-78 7.00113e-78
0.525 -1.66274e-77 4.95806e-77 1.10911e-76
0.529167 -2.57838e-76 7.61245e-76 1.70425e-75
0.533333 -3.87947e-75 1.13412e-74 2.54108e-74
0.5375 -5.6659e-74 1.64015e-73 3.67784e-73
0.541667 -8.03524e-73 2.30334e-72 5.16917e-72
0.545833 -1.10693e-71 3.14226e-71 7.05764e-71
0.55 -1.4818e-70 4.16572e-70 9.36405e-70
0.554167 -1.92822e-69 5.36848e-69 1.20777e-68
0.558333 -2.43987e-68 6.72782e-68 1.51484e-67
0.5625 -3.00308e-67 8.20166e-67 1.84823e-66
0.566667 -3.59664e-66 9.72912e-66 2.19427e-65
0.570833 -4.19268e-65 1.12338e-64 2.53575e-64
0.575 -4.75868e-64 1.26297e-63 2.85325e-63
0.579167 -5.26031e-63 1.38294e-62 3.12692e-62
0.583333 -5.66491e-62 1.47531e-61 3.33862e-61
0.5875 -5.94507e-61 1.53377e-60 3.47387e-60
0.591667 -6.08168e-60 1.55436e-59 3.52352e-59
0.595833 -6.06613e-59 1.53596e-58 3.48478e-58
0.6 -5.90115e-58 1.48032e-57 3.36144e-57
0.604167 -5.60032e-57 1.39185e-56 3.16328e-56
0.608333 -5.18619e-56 1.27704e-55 2.90484e-55
0.6125 -4.68763e-55 1.14365e-54 2.60368e-54
0.616667 -4.13648e-54 9.99921e-54 2.27844e-53
0.620833 -3.56439e-53 8.53741e-53 1.94705e-52
0.625 -2.99996e-52 7.11989e-52 1.62518e-51
0.629167 -2.46673e-51 5.80103e-51 1.32529e-50
0.633333 -1.98197e-50 4.61867e-50 1.05609e-49
0.6375 -1.55646e-49 3.5942e-49 8.22557e-49
0.641667 -1.1949e-48 2.73433e-48 6.26318e-48
0.645833 -8.96955e-48 2.034e-47 4.66311e-47
0.65 -6.58478e-47 1.47977e-46 3.39545e-46
0.654167 -4.72855e-46 1.05307e-45 2.41848e-45
0.658333 -3.32211e-45 7.33217e-45 1.68537e-44
0.6625 -2.28392e-44 4.99566e-44 1.1493e-43
0.666667 -1.53676e-43 3.33136e-43 7.6708e-43
0.670833 -1.01221e-42 2.17467e-42 5.01176e-42
0.675 -6.52748e-42 1.3899e-41 3.20596e-41
0.679167 -4.12199e-41 8.69892e-41 2.00824e-40
0.683333 -2.54933e-40 5.33226e-40 1.23208e-39
0.6875 -1.54444e-39 3.20178e-39 7.40443e-39
0.691667 -9.16672e-39 1.88353e-38 4.35959e-38
0.695833 -5.33112e-38 1.08573e-37 2.51516e-37
0.7 -3.03844e-37 6.13343e-37 1.42206e-36
0.704167 -1.69736e-36 3.39611e-36 7.88068e-36
0.708333 -9.29503e-36 1.84339e-35 4.28119e-35
0.7125 -4.99046e-35 9.81e-35 2.28024e-34
0.716667 -2.62725e-34 5.11915e-34 1.19089e-33
0.720833 -1.35641e-33 2.61974e-33 6.09943e-33
0.725 -6.86853e-33 1.31494e-32 3.06404e-32
0.729167 -3.41174e-32 6.47437e-32 1.50986e-31
0.733333 -1.66257e-31 3.12739e-31 7.29912e-31
0.7375 -7.9492e-31 1.48221e-30 3.46215e-30
0.741667 -3.72958e-30 6.89342e-30 1.61143e-29
0.745833 -1.71726e-29 3.14631e-29 7.36065e-29
0.75 -7.76067e-29 1.40947e-28 3.29993e-28
0.754167 -3.44266e-28 6.19791e-28 1.45219e-27
0.758333 -1.49922e-27 2.67555e-27 6.27358e-27
0.7625 -6.40996e-27 1.13397e-26 2.66086e-26
0.766667 -2.69095e-26 4.719e-26 1.10812e-25
0.770833 -1.10932e-25 1.92841e-25 4.53151e-25
0.775 -4.491e-25 7.73908e-25 1.81985e-24
0.779167 -1.78569e-24 3.05039e-24 7.17787e-24
0.783333 -6.97398e-24 1.18095e-23 2.78074e-23
0.7875 -2.67547e-23 4.49113e-23 1.05819e-22
0.791667 -1.00832e-22 1.67787e-22 3.95585e-22
0.795833 -3.73342e-22 6.15841e-22 1.45284e-21
0.8 -1.35818e-21 2.22086e-21 5.24234e-21
0.804167 -4.85482e-21 7.86938e-21 1.85863e-20
0.808333 -1.70525e-20 2.74004e-20 6.4751e-20
0.8125 -5.88604e-20 9.37548e-20 2.21673e-19
0.816667 -1.99667e-19 3.15266e-19 7.45784e-19
0.820833 -6.65672e-19 1.04191e-18 2.46588e-18
0.825 -2.18125e-18 3.38432e-18 8.01326e-18
0.829167 -7.02527e-18 1.0805e-17 2.55944e-17
0.833333 -2.22408e-17 3.39082e-17 8.03517e-17
0.8375 -6.92128e-17 1.046e-16 2.47958e-16
0.841667 -2.11731e-16 3.17189e-16 7.52156e-16
0.845833 -6.36739e-16 9.45541e-16 2.24283e-15
0.85 -1.88247e-15 2.77095e-15 6.57442e-15
0.854167 -5.47133e-15 7.98314e-15 1.89452e-14
0.858333 -1.56339e-14 2.26112e-14 5.36695e-14
0.8625 -4.39197e-14 6.29633e-14 1.49469e-13
0.866667 -1.21303e-13 1.72372e-13 4.09235e-13
0.870833 -3.29389e-13 4.63946e-13 1.10153e-12
0.875 -8.79373e-13 1.22769e-12 2.91486e-12
0.879167 -2.30814e-12 3.19398e-12 7.58298e-12
0.883333 -5.95628e-12 8.16943e-12 1.93935e-11
0.8875 -1.51114e-11 2.0543e-11 4.87596e-11
0.891667 -3.76917e-11 5.07854e-11 1.20516e-10
0.895833 -9.24247e-11 1.23427e-10 2.92816e-10
0.9 -2.22802e-10 2.9489e-10 6.99357e-10
0.904167 -5.27987e-10 6.92592e-10 1.64187e-09
0.908333 -1.22994e-09 1.59898e-09 3.78877e-09
0.9125 -2.8163e-09 3.62855e-09 8.5931e-09
0.916667 -6.3385e-09 8.09331e-09 1.91545e-08
0.920833 -1.4021e-08 1.77416e-08 4.19593e-08
0.925 -3.04806e-08 3.8221e-08 9.03215e-08
0.929167 -6.5116e-08 8.09131e-08 1.91039e-07
0.933333 -1.36689e-07 1.68307e-07 3.96988e-07
0.9375 -2.81913e-07 3.43962e-07 8.10424e-07
0.941667 -5.71198e-07 6.90548e-07 1.62508e-06
0.945833 -1.13683e-06 1.36175e-06 3.20044e-06
0.95 -2.2222e-06 2.63732e-06 6.18947e-06
0.954167 -4.26565e-06 5.01563e-06 1.17527e-05
0.958333 -8.03954e-06 9.36506e-06 2.19071e-05
0.9625 -1.48745e-05 1.71649e-05 4.00785e-05
0.966667 -2.70107e-05 3.08765e-05 7.19496e-05
0.970833 -4.81297e-05 5.44974e-05 0.000126716
0.975 -8.41344e-05 9.4358e-05 0.000218884
0.979167 -0.000144245 0.000160221 0.000370721
0.983333 -0.000242477 0.000266727 0.000615457
0.9875 -0.000399523 0.000435193 0.00100119
0.991667 -0.000644998 0.000695669 0.00159525
0.995833 -0.00101988 0.00108907 0.00248861
1 -0.00157878 0.00166893 0.00379916
1.00417 -0.00239143 0.00250228 0.00567264
1.00833 -0.00354255 0.00366856 0.00827916
1.0125 -0.00512888 0.00525577 0.0118029
1.01667 -0.00725208 0.00735252 0.0164226
1.02083 -0.0100063 0.0100352 0.0222818
1.025 -0.01346 0.0133497 0.0294473
1.02917 -0.017631 0.0172889 0.0378591
1.03333 -0.0224589 0.0217678 0.047278
1.0375 -0.0277763 0.0265998 0.0572394
1.04167 -0.0332862 0.0314813 0.067027
1.04583 -0.0385524 0.0359907 0.0756828
1.05 -0.0430124 0.0396078 0.0820644
1.05417 -0.0460185 0.04176 0.0849599
1.05833 -0.0469089 0.0418935 0.0832553
1.0625 -0.0451078 0.0395657 0.0761372
1.06667 -0.0402383 0.0345419 0.063296
1.07083 -0.0322301 0.0268797 0.0450851
1.075 -0.0213946 0.0169759 0.0225849
1.07917 -0.00844066 0.00555638 -0.00246491
1.08333 0.00558509 -0.00640214 -0.0278802
1.0875 0.0194378 -0.0178128 -0.0513684
1.09167 0.0318729 -0.02766 -0.0709235
1.09583 0.0418636 -0.0351801 -0.0851863
1.1 0.0487854 -0.039998 -0.0936716
1.10417 0.0525138 -0.0421776 -0.0967899
1.10833 0.0534042 -0.0421691 -0.0956504
1.1125 0.0521556 -0.0406669 -0.0917021
1.11667 0.0496001 -0.0384222 -0.0863352
1.12083 0.04649 -0.0360759 -0.0805904
1.125 0.0433618 -0.0340716 -0.0750913
1.12917 0.0405318 -0.0326814 -0.0702287
1.13333 0.0382223 -0.0321288 -0.0665122
1.1375 0.0367584 -0.0327413 -0.064903
1.14167 0.0367266 -0.0350446 -0.0669165
1.14583 0.0389848 -0.0397139 -0.0743444
1.15 0.0444586 -0.0473563 -0.088605
1.15417 0.0537535 -0.0581729 -0.109909
1.15833 0.0667065 -0.0716222 -0.13657
1.1625 0.0820635 -0.0862333 -0.164794
1.16667 0.0974526 -0.0996883 -0.18915
1.17083 0.109732 -0.109198 -0.203662
1.175 0.115644 -0.11208 -0.203198
1.17917 0.112581 -0.106363 -0.184699
1.18333 0.0991964 -0.0912188 -0.147817
1.1875 0.0756625 -0.0670809 -0.0947697
1.19167 0.0435083 -0.0354616 -0.0295668
1.19583 0.00514847 0.00143288 0.043009
1.2 -0.0366636 0.0410958 0.118201
1.20417 -0.0792237 0.0809724 0.191576
1.20833 -0.119988 0.118524 0.258846
1.2125 -0.156463 0.151189 0.315549
1.21667 -0.186065 0.176384 0.356978
1.22083 -0.206162 0.191682 0.378642
1.225 -0.214392 0.195189 0.377173
1.22917 -0.209198 0.185983 0.351332
1.23333 -0.190332 0.164462 0.302646
1.2375 -0.159126 0.132407 0.235382
1.24167 -0.118361 0.0927408 0.155863
1.24583 -0.0718223 0.0490561 0.0714293
1.25 -0.0236948 0.00509976 -0.010581
1.25417 0.0219788 -0.0356495 -0.0835826
1.25833 0.0616757 -0.07025 -0.142225
1.2625 0.092626 -0.0964565 -0.18275
1.26667 0.11299 -0.112847 -0.20334
1.27083 0.122028 -0.118949 -0.20438
1.275 0.120213 -0.115311 -0.188421
1.27917 0.10917 -0.103445 -0.159679
1.28333 0.0913688 -0.0855673 -0.123141
1.2875 0.0696203 -0.0642272 -0.0836159
1.29167 0.0465849 -0.0419156 -0.0451256
1.29583 0.0244744 -0.0208015 -0.0108292
1.3 0.00501968 -0.00261136 0.0167496
1.30417 -0.0104295 0.0114254 0.035628
1.30833 -0.0209001 0.020669 0.0447225
1.3125 -0.0260075 0.0252134 0.0445199
1.31667 -0.0262685 0.025961 0.0374796
1.32083 -0.0232006 0.0244481 0.0275563
1.325 -0.0189421 0.0223553 0.018746
1.32917 -0.0154271 0.0208622 0.0133122
1.33333 -0.0135267 0.0202012 0.0107951
1.3375 -0.0127185 0.0197336 0.00859787
1.34167 -0.0116011 0.0185917 0.00397939
1.34583 -0.00902958 0.0165462 -0.00373304
1.35 -0.00517374 0.0145385 -0.012207
1.35417 -0.00175284 0.0144556 -0.0172197
1.35833 -0.00118381 0.0181784 -0.0152468
1.3625 -0.0051026 0.0264232 -0.00588394
1.36667 -0.0131897 0.0380803 0.00753013
1.37083 -0.0230902 0.0504891 0.0195726
1.375 -0.031525 0.0605162 0.0256423
1.37917 -0.0359123 0.0658179 0.0242589
1.38333 -0.0354934 0.0655794 0.0173707
1.3875 -0.0313283 0.0604036 0.008692
1.39167 -0.0253073 0.0515728 0.00139733
1.39583 -0.0189531 0.0402573 -0.00324132
1.4 -0.0128157 0.0271567 -0.00560338
1.40417 -0.00671243 0.0126494 -0.00649248
1.40833 -0.000391727 -0.00285942 -0.00621949
1.4125 0.00604615 -0.0187711 -0.00478611
1.41667 0.0123083 -0.0344211 -0.00280243
1.42083 0.018378 -0.0492764 -0.00198993
1.425 0.0246979 -0.062893 -0.00443144
1.42917 0.0317203 -0.0745732 -0.0109001
1.43333 0.0391073 -0.0830294 -0.0196183
1.4375 0.0453033 -0.0864927 -0.0267175
1.44167 0.0480409 -0.0834276 -0.0284304
1.44583 0.0456289 -0.0735135 -0.0236047
1.45 0.038176 -0.0582231 -0.0146698
1.45417 0.0278137 -0.0404927 -0.00620258
1.45833 0.0176367 -0.0235525 -0.00199545
1.4625 0.0100099 -0.00958367 -0.00268803
1.46667 0.00538465 0.000982001 -0.00563997
1.47083 0.00241486 0.00912428 -0.00706924
1.475 -0.000775327 0.0161621 -0.00481609
1.47917 -0.00513984 0.0227152 0.000301038
1.48333 -0.0101159 0.0283683 0.0054204
1.4875 -0.014224 0.0321424 0.00797768
1.49167 -0.0162843 0.0332962 0.00756695
1.49583 -0.0162574 0.031809 0.00594079
1.5 -0.015095 0.0282428 0.00531402
1.50417 -0.0138242 0.0232192 0.00646147
1.50833 -0.0126904 0.0170378 0.00817297
1.5125 -0.0110849 0.00979164 0.00844642
1.51667 -0.00829362 0.00185005 0.0063567
1.52083 -0.00439666 -0.00578005 0.00300004
1.525 -0.000512829 -0.0116439 0.000693244
1.52917 0.00188053 -0.0145555 0.00105684
1.53333 0.002048 -0.0143454 0.00355751
1.5375 0.000630168 -0.0120419 0.00576065
1.54167 -0.000746177 -0.0092724 0.00519061
1.54583 -0.000643537 -0.00725533 0.00137436
1.55 0.00110421 -0.00609222 -0.00358493
1.55417 0.00325303 -0.00487831 -0.00646866
1.55833 0.00410054 -0.00255524 -0.00539981
1.5625 0.00282511 0.00112962 -0.00139372
1.56667 0.000175685 0.00528326 0.00229423
1.57083 -0.00205479 0.00841028 0.00263808
1.575 -0.002398 0.00942931 -0.000740587
1.57917 -0.000859303 0.00838424 -0.00515098
1.58333 0.00108477 0.00630663 -0.00686311
1.5875 0.00168343 0.00435349 -0.00408826
1.59167 0.000374029 0.00292523 0.00145345
1.59583 -0.0016858 0.00149128 0.00572832
1.6 -0.00250997 -0.000724404 0.00551579
1.60417 -0.000941065 -0.00377101 0.00101306
1.60833 0.00226247 -0.00656578 -0.00422286
1.6125 0.00485166 -0.00748876 -0.00604118
1.61667 0.00477062 -0.00559346 -0.0029963
1.62083 0.00179355 -0.00149388 0.00249351
1.625 -0.00221002 0.00282963 0.00609762
1.62917 -0.0046378 0.00525072 0.0050581
1.63333 -0.00408985 0.00487486 0.000360488
1.6375 -0.00135034 0.00255237 -0.00416824
1.64167 0.00133897 0.000152864 -0.00503856
1.64583 0.00208446 -0.000824187 -0.00188891
1.65 0.000747868 -0.000236868 0.00239177
1.65417 -0.00114199 0.000826063 0.00420584
1.65833 -0.00180359 0.00109644 0.00223514
1.6625 -0.000701131 0.000200334 -0.00161895
1.66667 0.00110859 -0.00110314 -0.0040126
1.67083 0.00198599 -0.00164274 -0.00302196
1.675 0.00113975 -0.000852618 0.000351497
1.67917 -0.000744488 0.000770719 0.00319376
1.68333 -0.00214901 0.00210524 0.00320048
1.6875 -0.00201897 0.00230894 0.000520033
1.69167 -0.000588744 0.00142443 -0.00254606
1.69583 0.000905194 0.000236257 -0.0035707
1.7 0.00129854 -0.000407939 -0.00196331
1.70417 0.000414298 -0.000197802 0.000716465
1.70833 -0.000911339 0.000569875 0.00219808
1.7125 -0.00162497 0.00138831 0.00137726
1.71667 -0.0013386 0.00196818 -0.000908148
1.72083 -0.000564273 0.00233237 -0.00271796
1.725 -0.00017093 0.0025954 -0.00265223
1.72917 -0.00058972 0.00273335 -0.000927725
1.73333 -0.00145778 0.00259396 0.000913399
1.7375 -0.00197091 0.00210647 0.00132701
1.74167 -0.00160464 0.00144515 6.95381e-06
1.74583 -0.000576172 0.000964222 -0.00193172
1.75 0.000331654 0.000954738 -0.00291443
1.75417 0.000417665 0.00143218 -0.00219855
1.75833 -0.000366804 0.00212104 -0.000451889
1.7625 -0.00138823 0.0026386 0.000827303
1.76667 -0.00185293 0.0027475 0.000558073
1.77083 -0.00144776 0.00251769 -0.00103203
1.775 -0.00058442 0.00228948 -0.00260478
1.77917 -5.80371e-05 0.00243379 -0.00284048
1.78333 -0.000396226 0.00304689 -0.00156466
1.7875 -0.00141937 0.00381998 8.47223e-05
1.79167 -0.00237304 0.0042517 0.000625072
1.79583 -0.00254589 0.00408869 -0.000463573
1.8 -0.00188164 0.00360173 -0.00223084
1.80417 -0.00105739 0.00336426 -0.00305208
1.80833 -0.000907402 0.0036539 -0.00208881
1.8125 -0.00164305 0.00404545 -0.000107282
1.81667 -0.00256977 0.00368227 0.00116344
1.82083 -0.00263489 0.00206925 0.000632104
1.825 -0.00138859 -0.000360916 -0.00107236
1.82917 0.000523776 -0.0025278 -0.00213293
1.83333 0.00187516 -0.0036425 -0.0012719
1.8375 0.00197763 -0.00393431 0.000979879
1.84167 0.00136078 -0.00446032 0.00277427
1.84583 0.00130539 -0.00617031 0.00277685
1.85 0.00262944 -0.0090984 0.00151132
1.85417 0.00490083 -0.0123856 0.000814186
1.85833 0.00686443 -0.0150234 0.001926
1.8625 0.00765296 -0.0165907 0.00420418
1.86667 0.00754967 -0.0173935 0.00582921
1.87083 0.00755404 -0.0180433 0.00575573
1.875 0.00827465 -0.0189505 0.00479566
1.87917 0.00935828 -0.0201124 0.00465384
1.88333 0.0100116 -0.0212065 0.0060002
1.8875 0.00993593 -0.0218128 0.00773896
1.89167 0.00958894 -0.0216413 0.00827396
1.89583 0.00954392 -0.0206964 0.00729974
1.9 0.00977686 -0.0192613 0.00608405
1.90417 0.00972703 -0.0176525 0.00598419
1.90833 0.00899954 -0.0159524 0.00694824
1.9125 0.00784276 -0.0140338 0.00766573
1.91667 0.00686991 -0.01185 0.00707497
1.92083 0.00638907 -0.00955526 0.00547428
1.925 0.00607805 -0.00720964 0.00409728
1.92917 0.00529106 -0.00447791 0.00376068
1.93333 0.00364431 -0.000891933 0.00405778
1.9375 0.00133384 0.00352471 0.00383795
1.94167 -0.00107685 0.00813893 0.00239463
1.94583 -0.00320941 0.0124109 0.00016959
1.95 -0.00525313 0.016558 -0.00171916
1.95417 -0.00775703 0.0212422 -0.00268182
1.95833 -0.0109804 0.0266299 -0.0033408
1.9625 -0.0144968 0.0320408 -0.00485699
1.96667 -0.0175406 0.0365837 -0.00753973
1.97083 -0.0197192 0.0398652 -0.0103483
1.975 -0.0212454 0.0419203 -0.0119731
1.97917 -0.0224432 0.0426903 -0.0122676
1.98333 -0.0231733 0.0418466 -0.0123145
1.9875 -0.0228582 0.0390667 -0.0130677
1.99167 -0.0210261 0.0343073 -0.0142038
1.99583 -0.0177842 0.0278723 -0.0144346
2 -0.0138079 0.0203307 -0.0128182
2.00417 -0.00983732 0.0122181 -0.00971611
2.00833 -0.0060208 0.00367527 -0.00656796
2.0125 -0.00177484 -0.00535192 -0.00462707
2.01667 0.0033892 -0.014285 -0.00364613
2.02083 0.00878415 -0.0216655 -0.0019517
2.025 0.0127509 -0.0263414 0.00162526
2.02917 0.0143789 -0.0286933 0.00587306
2.03333 0.0146553 -0.0298903 0.00809464
2.0375 0.0151888 -0.0299812 0.0073441
2.04167 0.0159528 -0.0277861 0.0058789
2.04583 0.0152568 -0.023004 0.00636863
2.05 0.0121945 -0.0172282 0.00829161
2.05417 0.00810565 -0.0120344 0.00861246
2.05833 0.00492066 -0.00713705 0.00596762
2.0625 0.00287414 -0.0017002 0.00246759
2.06667 0.000848437 0.00344518 0.000744816
2.07083 -0.00159758 0.00667106 0.000774561
2.075 -0.00377269 0.00815698 0.000730428
2.07917 -0.0051561 0.00950503 -0.000281759
2.08333 -0.00583087 0.0107268 -0.00178498
2.0875 -0.0056369 0.0100273 -0.00323727
2.09167 -0.00433053 0.00728627 -0.004117
2.09583 -0.00282147 0.00516413 -0.00347111
2.1 -0.00262414 0.00515601 -0.00129997
2.10417 -0.00342311 0.00494311 0.000175252
2.10833 -0.00290351 0.00207749 -0.00103839
2.1125 -0.000182481 -0.00168573 -0.0031833
2.11667 0.00228308 -0.00289036 -0.00247663
2.12083 0.00202162 -0.00184016 0.00117716
2.125 0.000337387 -0.00177911 0.00336705
2.12917 0.000325776 -0.00320242 0.00152149
2.13333 0.0020348 -0.00331002 -0.00111531
2.1375 0.00262907 -0.00156878 -0.000452207
2.14167 0.00123101 -0.00112319 0.00224271
2.14583 0.000233632 -0.00293527 0.00276119
2.15 0.000961423 -0.00321239 0.000730567
2.15417 0.00138619 0.000193156 -0.00043066
2.15833 -2.12733e-05 0.00309135 0.000366288
2.1625 -0.0012202 0.00116059 0.000550489
2.16667 -7.95307e-05 -0.00257334 -0.000807715
2.17083 0.00157698 -0.00219306 -0.00112107
2.175 0.000857668 0.00135019 0.00059744
2.17917 -0.00102843 0.00167566 0.00122681
2.18333 -0.000555675 -0.00231421 -0.00103604
2.1875 0.00198848 -0.00449563 -0.00270697
2.19167 0.00264917 -0.00187826 -0.000364647
2.19583 0.000416846 0.00035232 0.00315022
2.2 -0.000893296 -0.00209459 0.00270946
2.20417 0.00100125 -0.00489441 -0.000844365
2.20833 0.00286298 -0.00220673 -0.00183455
2.2125 0.00117325 0.0032528 0.00130052
2.21667 -0.00207537 0.00435808 0.00373662
2.22083 -0.00263778 0.00110774 0.00206165
2.225 -0.000750921 0.000231803 -0.000761503
2.22917 -0.00024559 0.00377081 -0.000756785
2.23333 -0.00200364 0.00592439 0.000933059
2.2375 -0.002873 0.00308237 0.000870144
2.24167 -0.00135621 -0.000261369 -0.000687113
2.24583 -8.77679e-06 0.000496057 -0.00085932
2.25 -0.000673354 0.00217242 0.000363247
2.25417 -0.00113993 -0.000434893 0.000166096
2.25833 0.000847972 -0.00507777 -0.00172219
2.2625 0.00319475 -0.00531326 -0.00200735
2.26667 0.00253742 -0.0013763 0.000620739
2.27083 -1.04609e-05 -0.000282812 0.0026702
2.275 -0.000208817 -0.00437502 0.00104641
2.27917 0.00254619 -0.00705929 -0.00175073
2.28333 0.00392982 -0.00323096 -0.00113484
2.2875 0.00133179 0.00229766 0.002386
2.29167 -0.0019488 0.00230739 0.00373315
2.29583 -0.00175165 -0.00137115 0.00103584
2.3 0.000576944 -0.00119306 -0.00148542
2.30417 0.000634153 0.00344843 -0.000191408
2.30833 -0.00185188 0.00532079 0.00238995
2.3125 -0.00286406 0.00177727 0.00200149
2.31667 -0.00104593 -0.000559407 -0.00038191
2.32083 6.95042e-05 0.00285644 -0.000647289
2.325 -0.0016517 0.0063605 0.0011818
2.32917 -0.00306226 0.00354301 0.00121843
2.33333 -0.00122635 -0.00151228 -0.00105273
2.3375 0.00116393 -0.000831771 -0.00166608
2.34167 0.000233168 0.00383274 0.000510639
2.34583 -0.00216362 0.0038145 0.00122722
2.35 -0.001316 -0.00179085 -0.00171729
2.35417 0.00223813 -0.00475994 -0.00402237
2.35833 0.00342713 -0.00186281 -0.00191702
2.3625 0.00117321 0.000113298 0.00115625
2.36667 7.02585e-05 -0.00328616 9.63061e-05
2.37083 0.00242161 -0.00656624 -0.00336292
2.375 0.0045143 -0.0044139 -0.0037193
2.37917 0.00324716 -0.00097965 -0.000764403
2.38333 0.00116809 -0.0020167 0.000781076
2.3875 0.00150428 -0.00460454 -0.000562826
2.39167 0.00266217 -0.00281592 -0.00152579
2.39583 0.00173994 0.00146906 -0.000534172
2.4 -8.44293e-05 0.00204232 0.000293951
2.40417 -8.40051e-05 -0.000750853 0.000127143
2.40833 0.000881485 -0.00128667 0.000805878
2.4125 0.000300279 0.00108892 0.00220257
2.41667 -0.000990727 0.00151619 0.00151875
2.42083 -0.000329292 -0.00126621 -0.00122491
2.425 0.00165256 -0.0031859 -0.00209409
2.42917 0.00199263 -0.00267321 0.000229382
2.43333 0.000716319 -0.00297012 0.00164496
2.4375 0.000749536 -0.00538719 -0.000808796
2.44167 0.0026793 -0.00686981 -0.00394159
2.44583 0.00383685 -0.00606428 -0.00352132
2.45 0.0030009 -0.00573992 -0.0008378
2.45417 0.0020645 -0.0069712 -5.21721e-05
2.45833 0.00217809 -0.00665586 -0.0015747
2.4625 0.00193365 -0.00357739 -0.00246933
2.46667 0.000647502 -0.00143059 -0.00184821
2.47083 -5.8681e-05 -0.00227588 -0.00137737
2.475 0.000312497 -0.00221048 -0.00113589
2.47917 -0.000498318 0.00180439 0.000435928
2.48333 -0.00330328 0.00552537 0.00229485
2.4875 -0.00481788 0.00393208 0.00130203
2.49167 -0.00261871 0.000536323 -0.00175483
2.49583 -0.000103526 0.00255439 -0.00167485
2.5 -0.00192968 0.00855328 0.00282499
2.50417 -0.00608897 0.00981243 0.00534576
2.50833 -0.00618801 0.00469528 0.00119241
2.5125 -0.00164804 0.002002 -0.00393132
2.51667 0.000760317 0.00635941 -0.00170585
2.52083 -0.00238809 0.00999743 0.00525672
2.525 -0.00548365 0.00599189 0.00670878
2.52917 -0.00315216 0.000817624 0.000994703
2.53333 0.000774349 0.00356477 -0.00232644
2.5375 -8.62773e-05 0.00975288 0.00179164
2.54167 -0.00385328 0.00881839 0.0061743
2.54583 -0.00422753 0.00304438 0.00427969
2.55 -0.00180507 0.00381522 0.000657537
2.55417 -0.00231857 0.0107077 0.00149205
2.55833 -0.0053108 0.0111756 0.00374913
2.5625 -0.00469723 0.0028785 0.00243799
2.56667 -0.000642331 -0.00119657 0.000770047
2.57083 -0.000208535 0.00472475 0.00321545
2.575 -0.00436521 0.00878772 0.00531932
2.57917 -0.00522315 0.00237922 0.00134313
2.58333 0.000125556 -0.0046913 -0.00370287
2.5875 0.00369431 -0.00174191 -0.00149221
2.59167 9.68018e-05 0.00404606 0.0045293
2.59583 -0.00390196 0.000703607 0.00398677
2.6 -0.000684745 -0.00775869 -0.00304651
2.60417 0.00561661 -0.00912603 -0.00608437
2.60833 0.00632676 -0.00369806 -0.00119519
2.6125 0.00190897 -0.00176641 0.0036987
2.61667 -0.000299949 -0.00515964 0.00191738
2.62083 0.00187612 -0.00581475 -0.00321974
2.625 0.0037428 -0.000808102 -0.00515045
2.62917 0.00213358 0.00363303 -0.0025449
2.63333 -0.000955563 0.00321646 0.00115713
2.6375 -0.00250217 0.00113723 0.00219066
2.64167 -0.00189583 0.00156817 -0.000356356
2.64583 -0.000543263 0.00406309 -0.00321592
2.65 -0.000291773 0.00543303 -0.00210818
2.65417 -0.00155362 0.00383717 0.00203091
2.65833 -0.00249628 0.000932652 0.00348697
2.6625 -0.00162287 0.000426414 0.000278385
2.66667 -0.000317558 0.00269224 -0.00285032
2.67083 -0.000239561 0.00256292 -0.00230454
2.675 4.93664e-05 -0.00321022 -0.000549926
2.67917 0.00218921 -0.00923011 -0.000393897
2.68333 0.00410709 -0.00905395 -0.000744584
2.6875 0.00363202 -0.00627164 -0.000909747
2.69167 0.00328311 -0.00875846 -0.00246761
2.69583 0.00588937 -0.0145997 -0.00426393
2.7 0.0083598 -0.0148866 -0.00261712
2.70417 0.00632963 -0.00917196 0.00119332
2.70833 0.00232468 -0.00617089 0.001274
2.7125 0.00211066 -0.00885223 -0.00280225
2.71667 0.00500935 -0.0104667 -0.00427182
2.72083 0.00521661 -0.00685164 -2.57677e-05
2.725 0.00140232 -0.00223543 0.00463651
2.72917 -0.00196262 -0.000731179 0.0047508
2.73333 -0.00214752 -0.00072163 0.00221769
2.7375 -0.0011015 0.000375837 0.001306
2.74167 -0.00129696 0.00236336 0.00333298
2.74583 -0.0030733 0.00421048 0.0069277
2.75 -0.00535423 0.00513887 0.00911256
2.75417 -0.0062002 0.0045255 0.00707418
2.75833 -0.00445492 0.00369626 0.00277921
2.7625 -0.00233807 0.00491003 0.00242542
2.76667 -0.00311058 0.00668373 0.00702904
2.77083 -0.00543443 0.00528515 0.00914356
2.775 -0.00486653 0.00210195 0.00425947
2.77917 -0.00142291 0.00221344 -0.00152423
2.78333 0.000387295 0.00474158 -0.00165911
2.7875 -0.000498769 0.00392326 0.000618661
2.79167 -0.000598025 0.000566287 -0.000592971
2.79583 0.000906795 0.0013075 -0.00412842
2.8 0.00128033 0.00545796 -0.00638742
2.80417 0.000795013 0.00515151 -0.00817375
2.80833 0.0024003 5.20516e-05 -0.0102999
2.8125 0.00486552 -0.00149727 -0.0101273
2.81667 0.00428794 0.00217749 -0.0081472
2.82083 0.00206554 0.00333511 -0.00957601
2.825 0.00308574 -0.000552147 -0.0145713
2.82917 0.00661793 -0.00303061 -0.0161715
2.83333 0.00742104 -0.00155063 -0.0123267
2.8375 0.00516089 -0.00116751 -0.0100194
2.84167 0.0045263 -0.00377936 -0.0132696
2.84583 0.00681069 -0.00559397 -0.0170224
2.85 0.00887904 -0.00586974 -0.0166869
2.85417 0.00931229 -0.00731239 -0.0142904
2.85833 0.00910071 -0.00879208 -0.012425
2.8625 0.00821711 -0.00767062 -0.0108308
2.86667 0.00687579 -0.00646381 -0.0100372
2.87083 0.00696155 -0.00775701 -0.0101047
2.875 0.00774172 -0.00742739 -0.00687703
2.87917 0.0049806 -0.00219654 0.00202259
2.88333 -0.00160938 0.00274826 0.0106098
2.8875 -0.00629667 0.00288128 0.0130766
2.89167 -0.00670021 0.00296782 0.0142005
2.89583 -0.0078888 0.00748062 0.0212513
2.9 -0.0130198 0.0116705 0.0309798
2.90417 -0.0178268 0.0111651 0.035201
2.90833 -0.018619 0.0104063 0.0338378
2.9125 -0.0177785 0.0128738 0.0322479
2.91667 -0.0174607 0.0134731 0.0311189
2.92083 -0.0156796 0.00877145 0.0281328
2.925 -0.0117743 0.00403681 0.0238853
2.92917 -0.00813693 0.00290934 0.018717
2.93333 -0.00453193 0.00100853 0.0103874
2.9375 0.00161802 -0.00412628 0.000640969
2.94167 0.00855987 -0.00781466 -0.00418413
2.94583 0.0118518 -0.00782249 -0.00376327
2.95 0.0124716 -0.00821431 -0.00532459
2.95417 0.0150534 -0.0101925 -0.0106429
2.95833 0.0190221 -0.00989624 -0.0123423
2.9625 0.0198422 -0.0072389 -0.00691383
2.96667 0.017569 -0.00627714 -0.000176998
2.97083 0.0159937 -0.00644389 0.00364949
2.975 0.0153337 -0.00393772 0.0072999
2.97917 0.0134279 -0.000591073 0.0123053
2.98333 0.0114173 -0.000835051 0.0161427
2.9875 0.0110903 -0.00240724 0.0190226
2.99167 0.0101344 -0.000543044 0.0233267
2.99583 0.0066642 0.00221484 0.0262659
