0 0 0 0
0.00416667 0 0 0
0.00833333 0 0 0
0.0125 0 0 0
0.0166667 0 0 0
0.0208333 0 0 0
0.025 0 0 0
0.0291667 0 0 0
0.0333333 0 0 0
0.0375 0 0 0
0.0416667 0 0 0
0.0458333 0 0 0
0.05 0 0 0
0.0541667 0 0 0
0.0583333 0 0 0
0.0625 0 0 0
0.0666667 0 0 0
0.0708333 0 0 0
0.075 0 0 0
0.0791667 0 0 0
0.0833333 0 0 0
0.0875 0 0 0
0.0916667 0 0 0
0.0958333 0 0 0
0.1 0 0 0
0.104167 0 0 0
0.108333 0 0 0
0.1125 0 0 0
0.116667 0 0 0
0.120833 0 0 0
0.125 -1.82804e-322 3.78948e-321 8.18173e-321
0.129167 -2.0713e-316 2.85593e-315 6.08258e-315
0.133333 -1.00455e-310 1.3401e-309 2.85475e-309
0.1375 -3.2105e-305 4.14804e-304 8.83831e-304
0.141667 -6.93329e-300 8.68414e-299 1.85076e-298
0.145833 -1.03514e-294 1.25803e-293 2.68173e-293
0.15 -1.091e-289 1.28762e-288 2.74546e-288
0.154167 -8.27439e-285 9.49104e-284 2.02417e-283
0.158333 -4.59593e-280 5.12734e-279 1.09379e-278
0.1625 -1.9001e-275 2.0632e-274 4.40247e-274
0.166667 -5.93523e-271 6.27688e-270 1.33972e-269
0.170833 -1.42026e-266 1.46383e-265 3.12521e-265
0.175 -2.63716e-262 2.65056e-261 5.66038e-261
0.179167 -3.84511e-258 3.77086e-257 8.0551e-257
0.183333 -4.4514e-254 4.26181e-253 9.1065e-253
0.1875 -4.13408e-250 3.86607e-249 8.26335e-249
0.191667 -3.10983e-246 2.84208e-245 6.07653e-245
0.195833 -1.91195e-242 1.70841e-241 3.65382e-241
0.2 -9.68857e-239 8.46814e-238 1.81168e-237
0.204167 -4.07862e-235 3.48854e-234 7.46581e-234
0.208333 -1.437e-231 1.20329e-230 2.576e-230
0.2125 -4.26691e-228 3.49931e-227 7.49388e-227
0.216667 -1.07482e-224 8.63624e-224 1.85011e-223
0.220833 -2.311e-221 1.82e-220 3.9003e-220
0.225 -4.2662e-218 3.29417e-217 7.06201e-217
0.229167 -6.79903e-215 5.14913e-214 1.10427e-213
0.233333 -9.40325e-212 6.98694e-211 1.49896e-210
0.2375 -1.13415e-208 8.27064e-208 1.77502e-207
0.241667 -1.19853e-205 8.58043e-205 1.84222e-204
0.245833 -1.11465e-202 7.83633e-202 1.68312e-201
0.25 -9.16126e-200 6.32656e-199 1.35939e-198
0.254167 -6.68087e-197 4.53316e-196 9.74433e-196
0.258333 -4.33927e-194 2.8937e-193 6.22276e-193
0.2625 -2.51926e-191 1.65154e-190 3.55303e-190
0.266667 -1.31187e-188 8.4565e-188 1.82006e-187
0.270833 -6.14743e-186 3.89744e-185 8.39193e-185
0.275 -2.60037e-183 1.62183e-182 3.49364e-182
0.279167 -9.95883e-181 6.11168e-180 1.31712e-179
0.283333 -3.46298e-178 2.09158e-177 4.50958e-177
0.2875 -1.09632e-175 6.51818e-175 1.406e-174
0.291667 -3.16814e-173 1.85456e-172 4.00224e-172
0.295833 -8.37776e-171 4.82946e-170 1.04271e-169
0.3 -2.03209e-168 1.1538e-167 2.49231e-167
0.304167 -4.5315e-166 2.53467e-165 5.47778e-165
0.308333 -9.31052e-164 5.13127e-163 1.10948e-162
0.3125 -1.76625e-161 9.59283e-161 2.07519e-160
0.316667 -3.09991e-159 1.65944e-158 3.59163e-158
0.320833 -5.04322e-157 2.66138e-156 5.76313e-156
0.325 -7.61963e-155 3.96449e-154 8.58942e-154
0.329167 -1.07104e-152 5.49514e-152 1.19119e-151
0.333333 -1.40302e-150 7.09944e-150 1.53977e-149
0.3375 -1.71567e-148 8.56329e-148 1.85826e-147
0.341667 -1.96156e-146 9.65868e-146 2.0971e-145
0.345833 -2.10009e-144 1.02028e-143 2.21646e-143
0.35 -2.10853e-142 1.01085e-141 2.19719e-141
0.354167 -1.98815e-140 9.40668e-140 2.04579e-139
0.358333 -1.76296e-138 8.23309e-138 1.79157e-137
0.3625 -1.47209e-136 6.78642e-136 1.47761e-135
0.366667 -1.15899e-134 5.27502e-134 1.1492e-133
0.370833 -8.6142e-133 3.87122e-132 8.4387e-132
0.375 -6.05145e-131 2.68553e-130 5.85753e-130
0.379167 -4.02266e-129 1.76306e-128 3.84781e-128
0.383333 -2.53315e-127 1.09659e-126 2.39472e-126
0.3875 -1.51276e-125 6.46889e-125 1.41353e-124
0.391667 -8.57615e-124 3.62303e-123 7.92163e-123
0.395833 -4.62027e-122 1.92845e-121 4.21913e-121
0.4 -2.36766e-120 9.76481e-120 2.13772e-119
0.404167 -1.1552e-118 4.7081e-118 1.03136e-117
0.408333 -5.3713e-117 2.16348e-116 4.74237e-116
0.4125 -2.38217e-115 9.48346e-115 2.08014e-114
0.416667 -1.00857e-113 3.96883e-113 8.71108e-113
0.420833 -4.07989e-112 1.58708e-111 3.48575e-111
0.425 -1.57814e-110 6.06918e-110 1.33388e-109
0.429167 -5.84173e-109 2.22122e-108 4.88506e-108
0.433333 -2.07092e-107 7.786e-107 1.71351e-106
0.4375 -7.03612e-106 2.61588e-105 5.76088e-105
0.441667 -2.29278e-104 8.42975e-104 1.85774e-103
0.445833 -7.17057e-103 2.60738e-102 5.75011e-102
0.45 -2.15378e-101 7.74603e-101 1.70945e-100
0.454167 -6.21709e-100 2.21169e-99 4.88438e-99
0.458333 -1.72581e-98 6.0732e-98 1.34218e-97
0.4625 -4.60982e-97 1.60482e-96 3.54922e-96
0.466667 -1.18556e-95 4.08331e-95 9.03718e-95
0.470833 -2.93744e-94 1.00099e-93 2.217e-93
0.475 -7.01561e-93 2.3655e-92 5.243e-92
0.479167 -1.61605e-91 5.39182e-91 1.19595e-90
0.483333 -3.59227e-90 1.18604e-89 2.63271e-89
0.4875 -7.70972e-89 2.51909e-88 5.59594e-88
0.491667 -1.5984e-87 5.16879e-87 1.14907e-86
0.495833 -3.20277e-86 1.02506e-85 2.28055e-85
0.5 -6.20539e-85 1.9658e-84 4.37683e-84
0.504167 -1.16311e-83 3.64719e-83 8.1267e-83
0.508333 -2.11e-82 6.54949e-82 1.4605e-81
0.5125 -3.70634e-81 1.13889e-80 2.54164e-80
0.516667 -6.30668e-80 1.91853e-79 4.2849e-79
0.520833 -1.04e-78 3.13221e-78 7.00113e-78
0.525 -1.66274e-77 4.95806e-77 1.10911e-76
0.529167 -2.57838e-76 7.61245e-76 1.70425e-75
0.533333 -3.87947e-75 1.13412e-74 2.54108e-74
0.5375 -5.6659e-74 1.64015e-73 3.67784e-73
0.541667 -8.03524e-73 2.30334e-72 5.16917e-72
0.545833 -1.10693e-71 3.14226e-71 7.05764e-71
0.55 -1.4818e-70 4.16572e-70 9.36405e-70
0.554167 -1.92822e-69 5.36848e-69 1.20777e-68
0.558333 -2.43987e-68 6.72782e-68 1.51484e-67
0.5625 -3.00308e-67 8.20166e-67 1.84823e-66
0.566667 -3.59664e-66 9.72912e-66 2.19427e-65
0.570833 -4.19268e-65 1.12338e-64 2.53575e-64
0.575 -4.75868e-64 1.26297e-63 2.85325e-63
0.579167 -5.26031e-63 1.38294e-62 3.12692e-62
0.583333 -5.66491e-62 1.47531e-61 3.33862e-61
0.5875 -5.94507e-61 1.53377e-60 3.47387e-60
0.591667 -6.08168e-60 1.55436e-59 3.52352e-59
0.595833 -6.06613e-59 1.53596e-58 3.48478e-58
0.6 -5.90115e-58 1.48032e-57 3.36144e-57
0.604167 -5.60032e-57 1.39185e-56 3.16328e-56
0.608333 -5.18619e-56 1.27704e-55 2.90484e-55
0.6125 -4.68763e-55 1.14365e-54 2.60368e-54
0.616667 -4.13648e-54 9.99921e-54 2.27844e-53
0.620833 -3.56439e-53 8.53741e-53 1.94705e-52
0.625 -2.99996e-52 7.11989e-52 1.62518e-51
0.629167 -2.46673e-51 5.80103e-51 1.32529e-50
0.633333 -1.98197e-50 4.61867e-50 1.05609e-49
0.6375 -1.55646e-49 3.59419e-49 8.22558e-49
0.641667 -1.1949e-48 2.73433e-48 6.26318e-48
0.645833 -8.96955e-48 2.034e-47 4.66311e-47
0.65 -6.58478e-47 1.47977e-46 3.39545e-46
0.654167 -4.72855e-46 1.05307e-45 2.41848e-45
0.658333 -3.32211e-45 7.33217e-45 1.68537e-44
0.6625 -2.28392e-44 4.99566e-44 1.1493e-43
0.666667 -1.53676e-43 3.33136e-43 7.6708e-43
0.670833 -1.01221e-42 2.17467e-42 5.01176e-42
0.675 -6.52748e-42 1.3899e-41 3.20596e-41
0.679167 -4.12199e-41 8.69892e-41 2.00824e-40
0.683333 -2.54933e-40 5.33226e-40 1.23208e-39
0.6875 -1.54444e-39 3.20178e-39 7.40443e-39
0.691667 -9.16672e-39 1.88353e-38 4.35959e-38
0.695833 -5.33112e-38 1.08573e-37 2.51516e-37
0.7 -3.03844e-37 6.13343e-37 1.42206e-36
0.704167 -1.69736e-36 3.39611e-36 7.88068e-36
0.708333 -9.29504e-36 1.84339e-35 4.28119e-35
0.7125 -4.99046e-35 9.81001e-35 2.28024e-34
0.716667 -2.62725e-34 5.11915e-34 1.19089e-33
0.720833 -1.35641e-33 2.61974e-33 6.09944e-33
0.725 -6.86854e-33 1.31494e-32 3.06404e-32
0.729167 -3.41174e-32 6.47437e-32 1.50986e-31
0.733333 -1.66257e-31 3.12739e-31 7.29913e-31
0.7375 -7.94921e-31 1.48221e-30 3.46215e-30
0.741667 -3.72958e-30 6.89342e-30 1.61143e-29
0.745833 -1.71726e-29 3.14631e-29 7.36065e-29
0.75 -7.76067e-29 1.40947e-28 3.29994e-28
0.754167 -3.44266e-28 6.19792e-28 1.45219e-27
0.758333 -1.49922e-27 2.67555e-27 6.27358e-27
0.7625 -6.40997e-27 1.13397e-26 2.66086e-26
0.766667 -2.69095e-26 4.719e-26 1.10812e-25
0.770833 -1.10932e-25 1.92841e-25 4.53152e-25
0.775 -4.491e-25 7.73908e-25 1.81985e-24
0.779167 -1.78569e-24 3.05039e-24 7.17787e-24
0.783333 -6.97399e-24 1.18095e-23 2.78074e-23
0.7875 -2.67548e-23 4.49113e-23 1.05819e-22
0.791667 -1.00832e-22 1.67787e-22 3.95585e-22
0.795833 -3.73343e-22 6.15841e-22 1.45284e-21
0.8 -1.35818e-21 2.22086e-21 5.24234e-21
0.804167 -4.85482e-21 7.86938e-21 1.85863e-20
0.808333 -1.70525e-20 2.74004e-20 6.4751e-20
0.8125 -5.88605e-20 9.37549e-20 2.21673e-19
0.816667 -1.99667e-19 3.15266e-19 7.45784e-19
0.820833 -6.65672e-19 1.04191e-18 2.46588e-18
0.825 -2.18125e-18 3.38432e-18 8.01326e-18
0.829167 -7.02527e-18 1.0805e-17 2.55944e-17
0.833333 -2.22408e-17 3.39082e-17 8.03517e-17
0.8375 -6.92128e-17 1.046e-16 2.47958e-16
0.841667 -2.11731e-16 3.17189e-16 7.52156e-16
0.845833 -6.36739e-16 9.45541e-16 2.24283e-15
0.85 -1.88247e-15 2.77095e-15 6.57442e-15
0.854167 -5.47133e-15 7.98314e-15 1.89452e-14
0.858333 -1.56339e-14 2.26112e-14 5.36695e-14
0.8625 -4.39197e-14 6.29633e-14 1.49469e-13
0.866667 -1.21303e-13 1.72372e-13 4.09235e-13
0.870833 -3.29389e-13 4.63946e-13 1.10153e-12
0.875 -8.79373e-13 1.22769e-12 2.91486e-12
0.879167 -2.30814e-12 3.19398e-12 7.58298e-12
0.883333 -5.95628e-12 8.16943e-12 1.93935e-11
0.8875 -1.51114e-11 2.0543e-11 4.87596e-11
0.891667 -3.76917e-11 5.07854e-11 1.20516e-10
0.895833 -9.24247e-11 1.23427e-10 2.92816e-10
0.9 -2.22802e-10 2.9489e-10 6.99357e-10
0.904167 -5.27987e-10 6.92592e-10 1.64187e-09
0.908333 -1.22994e-09 1.59898e-09 3.78877e-09
0.9125 -2.8163e-09 3.62855e-09 8.5931e-09
0.916667 -6.3385e-09 8.09331e-09 1.91545e-08
0.920833 -1.4021e-08 1.77416e-08 4.19593e-08
0.925 -3.04806e-08 3.8221e-08 9.03215e-08
0.929167 -6.5116e-08 8.09131e-08 1.91039e-07
0.933333 -1.36689e-07 1.68307e-07 3.96988e-07
0.9375 -2.81913e-07 3.43962e-07 8.10424e-07
0.941667 -5.71198e-07 6.90548e-07 1.62508e-06
0.945833 -1.13683e-06 1.36175e-06 3.20044e-06
0.95 -2.2222e-06 2.63732e-06 6.18947e-06
0.954167 -4.26565e-06 5.01563e-06 1.17527e-05
0.958333 -8.03954e-06 9.36506e-06 2.19071e-05
0.9625 -1.48745e-05 1.71649e-05 4.00785e-05
0.966667 -2.70107e-05 3.08765e-05 7.19496e-05
0.970833 -4.81297e-05 5.44974e-05 0.000126716
0.975 -8.41344e-05 9.4358e-05 0.000218884
0.979167 -0.000144245 0.000160221 0.000370721
0.983333 -0.000242477 0.000266727 0.000615457
0.9875 -0.000399523 0.000435193 0.00100119
0.991667 -0.000644998 0.000695669 0.00159525
0.995833 -0.00101988 0.00108907 0.00248861
1 -0.00157878 0.00166893 0.00379916
1.00417 -0.00239143 0.00250228 0.00567264
1.00833 -0.00354255 0.00366856 0.00827916
1.0125 -0.00512888 0.00525577 0.0118029
1.01667 -0.00725208 0.00735252 0.0164226
1.02083 -0.0100063 0.0100352 0.0222818
1.025 -0.01346 0.0133497 0.0294473
1.02917 -0.017631 0.0172889 0.0378591
1.03333 -0.0224589 0.0217678 0.047278
1.0375 -0.0277763 0.0265998 0.0572394
1.04167 -0.0332862 0.0314813 0.067027
1.04583 -0.0385524 0.0359907 0.0756828
1.05 -0.0430124 0.0396078 0.0820644
1.05417 -0.0460185 0.04176 0.0849599
1.05833 -0.0469089 0.0418935 0.0832553
1.0625 -0.0451078 0.0395657 0.0761372
1.06667 -0.0402383 0.0345419 0.063296
1.07083 -0.0322301 0.0268797 0.0450851
1.075 -0.0213946 0.0169759 0.0225849
1.07917 -0.00844065 0.00555637 -0.00246491
1.08333 0.0055851 -0.00640215 -0.0278802
1.0875 0.0194378 -0.0178129 -0.0513684
1.09167 0.0318729 -0.02766 -0.0709235
1.09583 0.0418637 -0.0351801 -0.0851863
1.1 0.0487855 -0.0399981 -0.0936716
1.10417 0.0525139 -0.0421778 -0.0967899
1.10833 0.0534043 -0.0421695 -0.0956505
1.1125 0.0521558 -0.0406676 -0.0917022
1.11667 0.0496005 -0.0384235 -0.0863355
1.12083 0.0464907 -0.0360781 -0.0805909
1.125 0.0433631 -0.0340752 -0.075092
1.12917 0.040534 -0.0326876 -0.07023
1.13333 0.038226 -0.0321391 -0.0665143
1.1375 0.0367643 -0.0327582 -0.0649066
1.14167 0.0367364 -0.035072 -0.0669222
1.14583 0.0390005 -0.0397575 -0.0743536
1.15 0.0444836 -0.0474248 -0.0886195
1.15417 0.0537926 -0.0582793 -0.109932
1.15833 0.0667669 -0.0717849 -0.136604
1.1625 0.0821555 -0.0864785 -0.164846
1.16667 0.0975906 -0.100052 -0.189229
1.17083 0.109936 -0.10973 -0.203777
1.175 0.115941 -0.112846 -0.203364
1.17917 0.113006 -0.107449 -0.184936
1.18333 0.0997957 -0.0927314 -0.148149
1.1875 0.0764933 -0.0691527 -0.0952262
1.19167 0.0446404 -0.0382498 -0.0301848
1.19583 0.00666372 -0.00225119 0.0421874
1.2 -0.0346726 0.0363202 0.117129
1.20417 -0.0766578 0.0749046 0.190204
1.20833 -0.116748 0.110976 0.257127
1.2125 -0.152459 0.142008 0.31344
1.21667 -0.181229 0.165483 0.35445
1.22083 -0.200463 0.179076 0.375688
1.225 -0.207857 0.181026 0.373816
1.22917 -0.201926 0.170584 0.34763
1.23333 -0.182514 0.148343 0.298706
1.2375 -0.151052 0.11629 0.23136
1.24167 -0.110428 0.0775426 0.151963
1.24583 -0.0645188 0.0358509 0.0678991
1.25 -0.017582 -0.00495063 -0.0134645
1.25417 0.026308 -0.0413939 -0.0855344
1.25833 0.0636498 -0.0706683 -0.142979
1.2625 0.0917582 -0.0907898 -0.18209
1.26667 0.108944 -0.10072 -0.20113
1.27083 0.114678 -0.100463 -0.20059
1.275 0.109685 -0.0910862 -0.183142
1.27917 0.095855 -0.0745892 -0.153126
1.28333 0.0758955 -0.0535768 -0.115633
1.2875 0.052796 -0.0308033 -0.0755382
1.29167 0.0292939 -0.00873363 -0.036883
1.29583 0.00755437 0.0107449 -0.00278366
1.3 -0.0108674 0.0264215 0.0243372
1.30417 -0.0249109 0.0377489 0.042645
1.30833 -0.0339651 0.0448292 0.051229
1.3125 -0.0380222 0.0484259 0.0507439
1.31667 -0.0379212 0.0499049 0.0437792
1.32083 -0.0353816 0.0509499 0.0343539
1.325 -0.0325711 0.0530081 0.0264412
1.32917 -0.0312553 0.0566413 0.0221892
1.33333 -0.0319448 0.0611397 0.020939
1.3375 -0.0336035 0.0647121 0.0198338
1.34167 -0.0342266 0.0652772 0.0158447
1.34583 -0.0320557 0.0614902 0.00802147
1.35 -0.026718 0.0534231 -0.00153437
1.35417 -0.0195341 0.0424589 -0.00875396
1.35833 -0.0127226 0.0304239 -0.0101678
1.3625 -0.00795987 0.0184775 -0.00531389
1.36667 -0.00522419 0.00646498 0.00264505
1.37083 -0.00271804 -0.00682905 0.0085789
1.375 0.00203731 -0.0226657 0.00828634
1.37917 0.0106207 -0.0412091 0.000773663
1.38333 0.0226537 -0.0609714 -0.011472
1.3875 0.0359071 -0.0791729 -0.0241959
1.39167 0.0474229 -0.0927714 -0.0337456
1.39583 0.0548616 -0.0995406 -0.0385047
1.4 0.0572482 -0.0986525 -0.0387053
1.40417 0.054834 -0.0906238 -0.0352413
1.40833 0.0484622 -0.0768954 -0.0287557
1.4125 0.0390889 -0.0594243 -0.0197856
1.41667 0.0278006 -0.040442 -0.00960372
1.42083 0.0160839 -0.0222387 -0.000623094
1.425 0.00579707 -0.00675745 0.00445052
1.42917 -0.00145442 0.00498287 0.00436293
1.43333 -0.00522048 0.0132932 0.000586686
1.4375 -0.00665014 0.0196292 -0.00314547
1.44167 -0.00793203 0.0257143 -0.00307113
1.44583 -0.0109167 0.0323905 0.00204111
1.45 -0.015808 0.0389234 0.00988631
1.45417 -0.0208867 0.0432925 0.016042
1.45833 -0.0235567 0.0433673 0.0169058
1.4625 -0.022044 0.0382551 0.0120805
1.46667 -0.0165807 0.0289539 0.00450993
1.47083 -0.00925883 0.0178975 -0.00167081
1.475 -0.00269662 0.00772046 -0.00393415
1.47917 0.00149944 6.5694e-05 -0.00276581
1.48333 0.00340603 -0.00484459 -0.000777553
1.4875 0.00422395 -0.00774226 -0.000395723
1.49167 0.0050563 -0.00944634 -0.00200285
1.49583 0.0060279 -0.0102869 -0.00391667
1.5 0.00638376 -0.010173 -0.00405377
1.50417 0.00536884 -0.00908897 -0.00180128
1.50833 0.00307178 -0.00747373 0.00145806
1.5125 0.00049481 -0.00608714 0.00354808
1.51667 -0.0012068 -0.00545576 0.00337283
1.52083 -0.0016633 -0.00538912 0.00186798
1.525 -0.00159717 -0.0050378 0.00121145
1.52917 -0.00220521 -0.00353273 0.00291831
1.53333 -0.00408956 -0.000750736 0.00638823
1.5375 -0.00660707 0.00240116 0.00915352
1.54167 -0.0082042 0.00446131 0.00872903
1.54583 -0.00753393 0.00435817 0.00464969
1.55 -0.00451409 0.00215974 -0.00094976
1.55417 -0.000494179 -0.000919711 -0.00477779
1.55833 0.00263721 -0.00327103 -0.0048263
1.5625 0.0037499 -0.00386639 -0.00192383
1.56667 0.00318572 -0.00277574 0.00088327
1.57083 0.00233385 -0.000900806 0.000740755
1.575 0.00240388 0.000801346 -0.00265715
1.57917 0.00338548 0.0019672 -0.00667789
1.58333 0.00406062 0.0028574 -0.00776111
1.5875 0.00309559 0.0038156 -0.004332
1.59167 0.000333531 0.00468984 0.00171536
1.59583 -0.00281802 0.00478062 0.00627217
1.6 -0.00432181 0.00341786 0.00614596
1.60417 -0.00309559 0.000692263 0.00161674
1.60833 2.7503e-05 -0.00232625 -0.0036889
1.6125 0.00280931 -0.0041686 -0.00560666
1.61667 0.00326715 -0.00396272 -0.00272391
1.62083 0.00119378 -0.00206956 0.00251448
1.625 -0.00169731 0.000179047 0.0058125
1.62917 -0.00314861 0.00146814 0.00451939
1.63333 -0.00215665 0.00143588 -0.00024945
1.6375 0.000272762 0.000804313 -0.0045991
1.64167 0.00202431 0.000611085 -0.00509671
1.64583 0.00166665 0.00120998 -0.001553
1.65 -0.000365042 0.00191843 0.00294234
1.65417 -0.00217988 0.00164545 0.00468038
1.65833 -0.00207026 -2.50903e-05 0.0023955
1.6625 1.72851e-05 -0.0022574 -0.00181729
1.66667 0.00241834 -0.0034672 -0.00439255
1.67083 0.00313434 -0.00256498 -0.00329342
1.675 0.00149227 7.27222e-05 0.000410811
1.67917 -0.00129829 0.00275104 0.00359985
1.68333 -0.00312568 0.00367376 0.0037578
1.6875 -0.00265708 0.00228914 0.00095479
1.69167 -0.000345482 -0.000307621 -0.00240086
1.69583 0.00200758 -0.00223516 -0.00366208
1.7 0.0027107 -0.00225544 -0.00205393
1.70417 0.00145736 -0.000639597 0.000887077
1.70833 -0.000561964 0.00117347 0.00273642
1.7125 -0.00170665 0.00178394 0.00216464
1.71667 -0.00118577 0.000902069 -0.000131239
1.72083 0.000415017 -0.000538578 -0.00217057
1.725 0.00171828 -0.00123125 -0.00236144
1.72917 0.00170078 -0.000564916 -0.000713199
1.73333 0.00046497 0.000934113 0.00130855
1.7375 -0.000930004 0.00207539 0.00205296
1.74167 -0.00137109 0.00196328 0.00100289
1.74583 -0.000572886 0.000689261 -0.000888391
1.75 0.000742378 -0.000741525 -0.00204199
1.75417 0.00145845 -0.00116759 -0.00154994
1.75833 0.000951334 -0.000151226 0.000122703
1.7625 -0.000445353 0.00165606 0.00156588
1.76667 -0.00172688 0.00294385 0.00160427
1.77083 -0.0020004 0.0026904 0.000255935
1.775 -0.00115086 0.000949039 -0.00131045
1.77917 0.000105701 -0.00113804 -0.00177561
1.78333 0.000796997 -0.00215974 -0.00078938
1.7875 0.000438935 -0.00148724 0.000738473
1.79167 -0.000627453 0.00027468 0.00143929
1.79583 -0.00155878 0.00180342 0.000703154
1.8 -0.00171613 0.00210016 -0.000759869
1.80417 -0.0011629 0.00117863 -0.00155494
1.80833 -0.000534084 -0.000123952 -0.000907211
1.8125 -0.000410961 -0.00093018 0.000561412
1.81667 -0.000794015 -0.000940104 0.00137389
1.82083 -0.00118188 -0.000415217 0.000626644
1.825 -0.00116579 0.000251696 -0.00105376
1.82917 -0.00090517 0.000831418 -0.00203922
1.83333 -0.000946041 0.00118917 -0.00130188
1.8375 -0.00154369 0.00113174 0.000476768
1.84167 -0.00224018 0.000517023 0.00148636
1.84583 -0.00224325 -0.000450396 0.000584679
1.85 -0.00129005 -0.00115989 -0.00148486
1.85417 -6.61017e-05 -0.000996276 -0.00277159
1.85833 0.000373268 0.000109485 -0.00208272
1.8625 -0.000328055 0.00153663 -0.000221806
1.86667 -0.00138687 0.00243549 0.000832745
1.87083 -0.00160739 0.00240005 -1.38524e-05
1.875 -0.000579472 0.00176112 -0.00185366
1.87917 0.000896684 0.00128345 -0.00279299
1.88333 0.0016128 0.00157214 -0.00198642
1.8875 0.00113217 0.00265626 -0.000463667
1.89167 0.000122342 0.00398007 0.000105382
1.89583 -0.000424939 0.00474526 -0.000745479
1.9 -0.000171859 0.00442364 -0.00189214
1.90417 0.000392449 0.00318273 -0.00201146
1.90833 0.000599549 0.00188017 -0.00105813
1.9125 0.000249269 0.00145453 -0.00017934
1.91667 -0.000366637 0.00210058 -0.000319756
1.92083 -0.000891136 0.00302846 -0.0011946
1.925 -0.00121262 0.00316652 -0.0017092
1.92917 -0.00140234 0.00214512 -0.00121414
1.93333 -0.00148157 0.000524423 -0.000186469
1.9375 -0.00132547 -0.000894484 0.000314405
1.94167 -0.000805028 -0.00177675 -0.000211441
1.94583 -2.10486e-05 -0.00224116 -0.0011286
1.95 0.000649506 -0.00246887 -0.00125978
1.95417 0.000863623 -0.00265538 -0.000119244
1.95833 0.000749683 -0.0032224 0.0014827
1.9625 0.000937457 -0.00462528 0.00223599
1.96667 0.00197193 -0.00676807 0.0017904
1.97083 0.00367156 -0.00888412 0.00122003
1.975 0.00521582 -0.0102606 0.0018389
1.97917 0.00595795 -0.0109831 0.00368456
1.98333 0.00607655 -0.0117783 0.00545914
1.9875 0.00635429 -0.013189 0.0059786
1.99167 0.00735694 -0.0150327 0.00542535
1.99583 0.00884968 -0.0165707 0.0050737
2 0.00995258 -0.0170992 0.00593379
2.00417 0.00990639 -0.0165643 0.00771951
2.00833 0.00886861 -0.0157631 0.00904013
2.0125 0.00794788 -0.0156588 0.00869766
2.01667 0.00812057 -0.0161715 0.0070584
2.02083 0.00896567 -0.0159681 0.00599429
2.025 0.0089007 -0.01401 0.0069009
2.02917 0.00708678 -0.0110666 0.00874179
2.03333 0.00470976 -0.00886505 0.00890449
2.0375 0.0036368 -0.00775444 0.00646732
2.04167 0.0039467 -0.00625742 0.00371384
2.04583 0.00375232 -0.00327748 0.00336499
2.05 0.00172334 0.000397646 0.00492761
2.05417 -0.00120143 0.00356342 0.00529385
2.05833 -0.00326609 0.00645049 0.00290069
2.0625 -0.0042163 0.00986519 -0.000397641
2.06667 -0.00519089 0.0134097 -0.00215752
2.07083 -0.00689085 0.016293 -0.00244578
2.075 -0.00905751 0.019341 -0.00301786
2.07917 -0.0114584 0.023977 -0.004701
2.08333 -0.0140201 0.0291387 -0.00704851
2.0875 -0.0159884 0.0317123 -0.00962375
2.09167 -0.0164452 0.0308923 -0.0119578
2.09583 -0.0159798 0.0296509 -0.0129751
2.1 -0.0162836 0.0303041 -0.0123788
2.10417 -0.0174353 0.0309199 -0.0120579
2.10833 -0.0172602 0.0284324 -0.0138135
2.1125 -0.0145178 0.0233133 -0.0159067
2.11667 -0.0110269 0.0180787 -0.0146938
2.12083 -0.0088577 0.0126694 -0.0101716
2.125 -0.00692412 0.00521717 -0.0067005
2.12917 -0.00288324 -0.00318841 -0.00672269
2.13333 0.00252097 -0.00898148 -0.00695486
2.1375 0.00611643 -0.0119641 -0.00348212
2.14167 0.00723122 -0.0160495 0.0020711
2.14583 0.00863114 -0.0224042 0.00513608
2.15 0.0116882 -0.0264433 0.00515187
2.15417 0.0139291 -0.0247556 0.00555716
2.15833 0.0131977 -0.0208261 0.00754564
2.1625 0.0112452 -0.0194625 0.00856765
2.16667 0.0105231 -0.0189959 0.0075682
2.17083 0.0099237 -0.0147296 0.0069591
2.175 0.00714334 -0.00786433 0.00767209
2.17917 0.00346584 -0.00409915 0.00674565
2.18333 0.00205302 -0.00377721 0.00268708
2.1875 0.00227416 -0.000867778 -0.000727465
2.19167 0.000289899 0.00649817 6.14374e-05
2.19583 -0.00429971 0.0117048 0.00219985
2.2 -0.00697706 0.00973951 0.000517316
2.20417 -0.00516606 0.00538968 -0.0040922
2.20833 -0.00240836 0.00571774 -0.00579671
2.2125 -0.00286047 0.00905741 -0.00288614
2.21667 -0.00502453 0.00851048 -0.000174628
2.22083 -0.00471773 0.00361221 -0.0012367
2.225 -0.00192161 0.000648893 -0.00334759
2.22917 -0.000271173 0.00184574 -0.0026969
2.23333 -0.000793704 0.00217214 -0.000441936
2.2375 -0.000756698 -0.00126235 6.59065e-05
2.24167 0.000989825 -0.00392725 -0.000854635
2.24583 0.00192006 -0.00191311 -0.000380799
2.25 0.000582364 0.000763888 0.00134599
2.25417 -0.000388404 -0.00137172 0.00137724
2.25833 0.00137283 -0.00559738 -0.000574094
2.2625 0.00350001 -0.00474707 -0.00110643
2.26667 0.00226138 0.00117296 0.00122968
2.27083 -0.00131955 0.00455517 0.00301084
2.275 -0.00267344 0.00203232 0.0011146
2.27917 -0.000669498 -0.000488757 -0.00201514
2.28333 0.000697765 0.00224334 -0.00178351
2.2875 -0.00128071 0.00620666 0.00140224
2.29167 -0.00371642 0.0049348 0.00259117
2.29583 -0.00282425 0.00041056 -3.41686e-05
2.3 -2.17227e-05 -0.000241716 -0.0023203
2.30417 0.00049035 0.00313336 -0.000764073
2.30833 -0.00135564 0.0033436 0.00200585
2.3125 -0.001578 -0.00170885 0.0017343
2.31667 0.00091671 -0.00482879 -0.0005235
2.32083 0.00234614 -0.00138855 -0.000584063
2.325 0.000570942 0.00248306 0.0015202
2.32917 -0.00102633 -0.000187478 0.00182367
2.33333 0.000734999 -0.0054564 -0.00026366
2.3375 0.00318244 -0.0049569 -0.000781231
2.34167 0.00222121 9.00308e-05 0.00146423
2.34583 -0.000532277 0.00116561 0.00228433
2.35 -0.000381873 -0.00303102 -0.000521275
2.35417 0.00238242 -0.00488644 -0.00271195
2.35833 0.00299834 -0.00149419 -0.000576543
2.3625 0.000508907 0.000531636 0.00244297
2.36667 -0.000630721 -0.00283497 0.00130844
2.37083 0.00164521 -0.00584459 -0.00217847
2.375 0.00351707 -0.00330966 -0.00250532
2.37917 0.00199141 0.000296012 0.000479886
2.38333 -0.00018893 -0.000946189 0.00198299
2.3875 0.000283788 -0.00394969 0.00049441
2.39167 0.00170038 -0.00244545 -0.00068314
2.39583 0.000952065 0.00189928 8.39673e-05
2.4 -0.000902189 0.0028086 0.000717155
2.40417 -0.00108314 0.000401874 0.000388135
2.40833 -0.000303169 0.000161674 0.000929227
2.4125 -0.000977739 0.00279981 0.00222683
2.41667 -0.00229887 0.0036092 0.00152276
2.42083 -0.0017053 0.00138847 -0.00112574
2.425 0.000108867 0.000104908 -0.0017861
2.42917 0.000216052 0.00115905 0.000813451
2.43333 -0.00126484 0.00123066 0.0025076
2.4375 -0.00133727 -0.00092469 0.000285747
2.44167 0.000587835 -0.00212592 -0.00268052
2.44583 0.00179498 -0.000958935 -0.00215667
2.45 0.00101913 -0.00025662 0.000573978
2.45417 0.000148635 -0.00124534 0.00135256
2.45833 0.000372174 -0.000985611 -0.000230897
2.4625 0.00034591 0.00163438 -0.00123847
2.46667 -0.000551476 0.00292338 -0.000779138
2.47083 -0.000676163 0.000957673 -0.000514343
2.475 0.000414526 -0.000125067 -0.000512264
2.47917 0.000329615 0.00292712 0.000809436
2.48333 -0.00188987 0.00591438 0.00243785
2.4875 -0.00302681 0.00364327 0.00125672
2.49167 -0.00059611 -0.000629159 -0.00194633
2.49583 0.00214283 0.000211277 -0.00199295
2.5 0.000624961 0.00490936 0.00237185
2.50417 -0.00318135 0.00508434 0.00473348
2.50833 -0.00302116 -0.000674499 0.000396087
2.5125 0.00157348 -0.00363708 -0.00493496
2.51667 0.00384881 0.000544377 -0.00294522
2.52083 0.000504802 0.00388147 0.00374967
2.525 -0.00272855 -0.000525148 0.00491777
2.52917 -0.000448926 -0.00601731 -0.00105846
2.53333 0.00347085 -0.00341408 -0.00458117
2.5375 0.00263379 0.00266333 -0.000593525
2.54167 -0.0010208 0.00141226 0.00370559
2.54583 -0.00112533 -0.00495111 0.00173925
2.55 0.00169529 -0.00481889 -0.00195652
2.55417 0.00155701 0.0017329 -0.00117907
2.55833 -0.00125754 0.00234444 0.00107012
2.5625 -0.000731409 -0.00541466 -0.000179433
2.56667 0.00304123 -0.0087753 -0.0017166
2.57083 0.0031108 -0.00207905 0.000924489
2.575 -0.00145373 0.00286998 0.00330049
2.57917 -0.00281695 -0.00246085 -0.000305168
2.58333 0.0018722 -0.0082921 -0.00488139
2.5875 0.00465171 -0.00404045 -0.00214438
2.59167 0.000218983 0.00311516 0.00439355
2.59583 -0.00461856 0.00136513 0.00431381
2.6 -0.0022883 -0.00515824 -0.00230944
2.60417 0.00303508 -0.00443175 -0.00497171
2.60833 0.00277225 0.00271363 0.000253947
2.6125 -0.00236502 0.00545297 0.00541176
2.61667 -0.00480308 0.00184057 0.0037895
2.62083 -0.00233523 0.00031816 -0.0012955
2.625 0.000143194 0.00432887 -0.00324733
2.62917 -0.00079372 0.00786907 -0.000681947
2.63333 -0.00327022 0.00648669 0.00300811
2.6375 -0.00421124 0.00314611 0.0040753
2.64167 -0.00292412 0.00207411 0.00160658
2.64583 -0.000864808 0.00319431 -0.00110482
2.65 -7.40812e-05 0.00370162 0.000288328
2.65417 -0.00115075 0.00184365 0.00490072
2.65833 -0.00228015 -0.000929362 0.0069813
2.6625 -0.00182027 -0.00111141 0.00444575
2.66667 -0.00102571 0.00174092 0.00196212
2.67083 -0.0015871 0.00270697 0.00310738
2.675 -0.00218181 -0.00140979 0.00539416
2.67917 -0.00115197 -0.0055591 0.00594828
2.68333 -0.000337551 -0.00379577 0.00579565
2.6875 -0.00162968 7.30474e-05 0.00559639
2.69167 -0.0023945 -0.00166681 0.00372314
2.69583 0.000134513 -0.00688903 0.00123631
2.7 0.00278214 -0.00673714 0.00175768
2.70417 0.00118828 -0.00101547 0.00404011
2.70833 -0.00204984 0.00139957 0.00223755
2.7125 -0.00110507 -0.00238972 -0.00407984
2.71667 0.00332952 -0.00543189 -0.0080954
2.72083 0.00532481 -0.00340889 -0.00649255
2.725 0.00337439 -0.000543275 -0.004357
2.72917 0.00186435 -0.00103648 -0.00663929
2.73333 0.0035639 -0.00321795 -0.0115201
2.7375 0.0064875 -0.00411955 -0.0146253
2.74167 0.00789098 -0.00345392 -0.0143776
2.74583 0.00714034 -0.00223328 -0.0120543
2.75 0.00537192 -0.00185447 -0.0107556
2.75417 0.00491612 -0.00355379 -0.013314
2.75833 0.00718488 -0.00587135 -0.0175926
2.7625 0.00980346 -0.00580037 -0.0173881
2.76667 0.00920458 -0.00426633 -0.0119829
2.77083 0.00660205 -0.00502353 -0.0090153
2.775 0.00645412 -0.00694815 -0.0128255
2.77917 0.00875454 -0.00516752 -0.0171868
2.78333 0.00910955 -0.000840318 -0.0157758
2.7875 0.00674322 -9.72545e-05 -0.0119369
2.79167 0.00528974 -0.002237 -0.0111012
2.79583 0.00534749 -0.000390485 -0.0115573
2.8 0.00391336 0.00491209 -0.00979126
2.80417 0.0013086 0.00576492 -0.00695193
2.80833 0.000564881 0.00202734 -0.00363127
2.8125 0.000145962 0.00249564 0.00327563
2.81667 -0.00417061 0.00878724 0.0129482
2.82083 -0.0106274 0.0123436 0.0191868
2.825 -0.0135631 0.0101056 0.0214037
2.82917 -0.0134812 0.00908062 0.0267868
2.83333 -0.0159966 0.0125161 0.0369967
2.8375 -0.0214062 0.0149033 0.0437629
2.84167 -0.0242299 0.013271 0.0422975
2.84583 -0.0225831 0.0112532 0.0380377
2.85 -0.0198103 0.0103353 0.0357548
2.85417 -0.0175999 0.00803119 0.0326205
2.85833 -0.0146791 0.00484928 0.0257369
2.8625 -0.010921 0.003134 0.0166828
2.86667 -0.00668078 0.000780225 0.00635076
2.87083 -0.000594063 -0.00463276 -0.00542247
2.875 0.00682896 -0.00919334 -0.0148235
2.87917 0.0114004 -0.00908175 -0.018145
2.88333 0.0117498 -0.00822629 -0.0195229
2.8875 0.0124272 -0.0108614 -0.0247659
2.89167 0.0160074 -0.0132197 -0.0301722
2.89583 0.0182173 -0.0110469 -0.0279682
2.9 0.0154713 -0.00759894 -0.0196976
2.90417 0.0107875 -0.00628118 -0.0135353
2.90833 0.0078674 -0.00401025 -0.0113487
2.9125 0.0056963 0.000917789 -0.00834893
2.91667 0.00272714 0.0038035 -0.00259479
2.92083 0.000172424 0.00277122 0.00363574
2.925 -0.00160447 0.00308593 0.00872419
2.92917 -0.0039339 0.00694434 0.0116192
2.93333 -0.00574971 0.00929021 0.0111225
2.9375 -0.00479819 0.00791114 0.00956639
2.94167 -0.00283872 0.00703438 0.0114028
2.94583 -0.00314707 0.00801062 0.0153831
2.95 -0.0041039 0.00722943 0.0155797
2.95417 -0.00210156 0.00476642 0.0118714
2.95833 0.00139813 0.00430594 0.0105314
2.9625 0.00273919 0.00462816 0.0132389
2.96667 0.00295704 0.00199821 0.0151238
2.97083 0.00483076 -0.000915907 0.0142809
2.975 0.00690724 0.000393275 0.0134452
2.97917 0.00721485 0.0023312 0.0126553
2.98333 0.00822103 -0.000703597 0.0100785
2.9875 0.01154 -0.00497646 0.00844815
2.99167 0.0132395 -0.00391644 0.0107892
2.99583 0.0107983 -0.000517939 0.0127972
