0 0 0 0
0.00416667 0 0 0
0.00833333 0 0 0
0.0125 0 0 0
0.0166667 0 0 0
0.0208333 0 0 0
0.025 0 0 0
0.0291667 0 0 0
0.0333333 0 0 0
0.0375 0 0 0
0.0416667 0 0 0
0.0458333 0 0 0
0.05 0 0 0
0.0541667 0 0 0
0.0583333 0 0 0
0.0625 0 0 0
0.0666667 0 0 0
0.0708333 0 0 0
0.075 0 0 0
0.0791667 0 0 0
0.0833333 0 0 0
0.0875 0 0 0
0.0916667 0 0 0
0.0958333 0 0 0
0.1 0 0 0
0.104167 0 0 0
0.108333 0 0 0
0.1125 0 0 0
0.116667 0 0 0
0.120833 0 0 0
0.125 0 0 0
0.129167 0 0 0
0.133333 0 0 0
0.1375 0 0 0
0.141667 0 0 0
0.145833 0 0 0
0.15 0 0 0
0.154167 0 0 0
0.158333 0 0 0
0.1625 0 0 0
0.166667 0 0 0
0.170833 0 0 0
0.175 0 0 0
0.179167 0 0 0
0.183333 0 0 0
0.1875 0 0 0
0.191667 -2.94463e-321 4.49254e-320 6.03748e-320
0.195833 -1.03784e-316 1.48628e-315 1.99843e-315
0.2 -2.78814e-312 3.90721e-311 5.25317e-311
0.204167 -6.01419e-308 8.25099e-307 1.10924e-306
0.208333 -1.0509e-303 1.41206e-302 1.89819e-302
0.2125 -1.49996e-299 1.97473e-298 2.65437e-298
0.216667 -1.7625e-295 2.27439e-294 3.05694e-294
0.220833 -1.71756e-291 2.17329e-290 2.92085e-290
0.225 -1.3978e-287 1.73491e-286 2.33152e-286
0.229167 -9.56269e-284 1.16464e-282 1.56504e-282
0.233333 -5.53368e-280 6.6153e-279 8.88903e-279
0.2375 -2.72456e-276 3.19812e-275 4.29707e-275
0.241667 -1.14774e-272 1.32324e-271 1.77783e-271
0.245833 -4.15855e-269 4.71049e-268 6.32837e-268
0.25 -1.30248e-265 1.44993e-264 1.94781e-264
0.254167 -3.54314e-262 3.87739e-261 5.20855e-261
0.258333 -8.40934e-259 9.04906e-258 1.21551e-257
0.2625 -1.74887e-255 1.85098e-254 2.48619e-254
0.266667 -3.20001e-252 3.33202e-251 4.47527e-251
0.270833 -5.17176e-249 5.29924e-248 7.11713e-248
0.275 -7.4103e-246 7.47362e-245 1.0037e-244
0.279167 -9.44679e-243 9.37991e-242 1.25966e-241
0.283333 -1.07512e-239 1.0512e-238 1.41163e-238
0.2875 -1.09588e-236 1.05536e-235 1.41716e-235
0.291667 -1.00356e-233 9.52094e-233 1.27845e-232
0.295833 -8.28121e-231 7.7413e-230 1.03945e-229
0.3 -6.17508e-228 5.68895e-227 7.63849e-227
0.304167 -4.17228e-225 3.78892e-224 5.08718e-224
0.308333 -2.56106e-222 2.29294e-221 3.07852e-221
0.3125 -1.43175e-219 1.264e-218 1.69702e-218
0.316667 -7.30733e-217 6.36247e-216 8.54189e-216
0.320833 -3.4127e-214 2.93105e-213 3.93497e-213
0.325 -1.46166e-211 1.23851e-210 1.66269e-210
0.329167 -5.75349e-209 4.81043e-208 6.45783e-208
0.333333 -2.08565e-206 1.72091e-205 2.31023e-205
0.3375 -6.97643e-204 5.68175e-203 7.62733e-203
0.341667 -2.15741e-201 1.7345e-200 2.32842e-200
0.345833 -6.17918e-199 4.90492e-198 6.58435e-198
0.35 -1.64209e-196 1.28711e-195 1.7278e-195
0.354167 -4.05571e-194 3.13951e-193 4.21442e-193
0.358333 -9.3251e-192 7.12987e-191 9.57099e-191
0.3625 -1.99914e-189 1.50994e-188 2.02691e-188
0.366667 -4.00218e-187 2.98648e-186 4.00899e-186
0.370833 -7.49303e-185 5.52481e-184 7.41642e-184
0.375 -1.31384e-182 9.57306e-182 1.28508e-181
0.379167 -2.16047e-180 1.55581e-179 2.08853e-179
0.383333 -3.33621e-178 2.37472e-177 3.18786e-177
0.3875 -4.84414e-176 3.40858e-175 4.57579e-175
0.391667 -6.62185e-174 4.60659e-173 6.18415e-173
0.395833 -8.53224e-172 5.86887e-171 7.87883e-171
0.4 -1.03747e-169 7.0567e-169 9.47365e-169
0.404167 -1.19181e-167 8.017e-167 1.07631e-166
0.408333 -1.29488e-165 8.61506e-165 1.15663e-164
0.4125 -1.33202e-163 8.76599e-163 1.17692e-162
0.416667 -1.29864e-161 8.45443e-161 1.13512e-160
0.420833 -1.20116e-159 7.73644e-159 1.03875e-158
0.425 -1.05504e-157 6.72342e-157 9.02765e-157
0.429167 -8.80831e-156 5.5544e-155 7.45824e-155
0.433333 -6.99638e-154 4.36593e-153 5.86262e-153
0.4375 -5.29168e-152 3.26807e-151 4.38858e-151
0.441667 -3.81439e-150 2.3316e-149 3.13115e-149
0.445833 -2.62259e-148 1.58681e-147 2.13105e-147
0.45 -1.72132e-146 1.03099e-145 1.38466e-145
0.454167 -1.07934e-144 6.40004e-144 8.59591e-144
0.458333 -6.47071e-143 3.79877e-142 5.10239e-142
0.4625 -3.71166e-141 2.15753e-140 2.89807e-140
0.466667 -2.03854e-139 1.17337e-138 1.57621e-138
0.470833 -1.07278e-137 6.11486e-137 8.21463e-137
0.475 -5.41303e-136 3.05566e-135 4.10517e-135
0.479167 -2.62058e-134 1.46514e-133 1.96848e-133
0.483333 -1.21804e-132 6.74511e-132 9.06296e-132
0.4875 -5.43885e-131 2.98339e-130 4.00884e-130
0.491667 -2.33454e-129 1.26855e-128 1.70469e-128
0.495833 -9.63839e-128 5.18845e-127 6.97279e-127
0.5 -3.82974e-126 2.04248e-125 2.74509e-125
0.504167 -1.46535e-124 7.74301e-124 1.04074e-123
0.508333 -5.4021e-123 2.82837e-122 3.80191e-122
0.5125 -1.91984e-121 9.96024e-121 1.33897e-120
0.516667 -6.58082e-120 3.38328e-119 4.54855e-119
0.520833 -2.17684e-118 1.10908e-117 1.4912e-117
0.525 -6.95224e-117 3.51044e-116 4.72031e-116
0.529167 -2.14479e-115 1.07336e-114 1.44342e-114
0.533333 -6.3946e-114 3.17189e-113 4.26584e-113
0.5375 -1.84337e-112 9.06326e-112 1.21902e-111
0.541667 -5.14016e-111 2.50517e-110 3.36981e-110
0.545833 -1.38708e-109 6.70148e-109 9.0153e-109
0.55 -3.62385e-108 1.73568e-107 2.33519e-107
0.554167 -9.16999e-107 4.35429e-106 5.85888e-106
0.558333 -2.24841e-105 1.0585e-104 1.42441e-104
0.5625 -5.34395e-104 2.49441e-103 3.35703e-103
0.566667 -1.23169e-102 5.7005e-102 7.6727e-102
0.570833 -2.75398e-101 1.26385e-100 1.70129e-100
0.575 -5.97585e-100 2.71942e-99 3.66108e-99
0.579167 -1.25886e-98 5.68087e-98 7.64886e-98
0.583333 -2.57544e-97 1.15256e-96 1.55202e-96
0.5875 -5.11883e-96 2.27184e-95 3.05958e-95
0.591667 -9.88745e-95 4.35212e-94 5.86191e-94
0.595833 -1.85668e-93 8.10549e-93 1.09187e-92
0.6 -3.39056e-92 1.4681e-91 1.97789e-91
0.604167 -6.02316e-91 2.58681e-90 3.48551e-90
0.608333 -1.0412e-89 4.4355e-89 5.97727e-89
0.6125 -1.75197e-88 7.40327e-88 9.97794e-88
0.616667 -2.87037e-87 1.20319e-86 1.62185e-86
0.620833 -4.58027e-86 1.90459e-85 2.56766e-85
0.625 -7.12051e-85 2.93731e-84 3.96046e-84
0.629167 -1.07875e-83 4.41466e-83 5.95327e-83
0.633333 -1.59306e-82 6.46792e-82 8.72339e-82
0.6375 -2.29387e-81 9.23988e-81 1.24638e-80
0.641667 -3.22136e-80 1.28741e-79 1.73686e-79
0.645833 -4.41322e-79 1.74994e-78 2.36122e-78
0.65 -5.89967e-78 2.32111e-77 3.13239e-77
0.654167 -7.69767e-77 3.00498e-76 4.05592e-76
0.658333 -9.80519e-76 3.79807e-75 5.12718e-75
0.6625 -1.2196e-74 4.68771e-74 6.32916e-74
0.666667 -1.48166e-73 5.65113e-73 7.63115e-73
0.670833 -1.75849e-72 6.65553e-72 8.98894e-72
0.675 -2.03934e-71 7.65947e-71 1.03466e-70
0.679167 -2.31148e-70 8.6154e-70 1.16398e-69
0.683333 -2.56115e-69 9.47337e-69 1.28011e-68
0.6875 -2.77466e-68 1.01853e-67 1.37655e-67
0.691667 -2.93972e-67 1.07096e-66 1.44766e-66
0.695833 -3.04653e-66 1.1015e-65 1.4892e-65
0.7 -3.08884e-65 1.10839e-64 1.49879e-64
0.704167 -3.06446e-64 1.09139e-63 1.47606e-63
0.708333 -2.97553e-63 1.05178e-62 1.42275e-62
0.7125 -2.82815e-62 9.92216e-62 1.34242e-61
0.716667 -2.63177e-61 9.16433e-61 1.24012e-60
0.720833 -2.39813e-60 8.28863e-60 1.12183e-59
0.725 -2.14019e-59 7.3422e-59 9.93922e-59
0.729167 -1.87093e-58 6.37091e-58 8.62602e-58
0.733333 -1.60236e-57 5.41602e-57 7.33453e-57
0.7375 -1.3447e-56 4.51158e-56 6.11091e-56
0.741667 -1.10593e-55 3.68312e-55 4.98974e-55
0.745833 -8.91506e-55 2.94718e-54 3.9935e-54
0.75 -7.04506e-54 2.31188e-53 3.13328e-53
0.754167 -5.45846e-53 1.77809e-52 2.41032e-52
0.758333 -4.14708e-52 1.34102e-51 1.8182e-51
0.7625 -3.09003e-51 9.91896e-51 1.34512e-50
0.766667 -2.25833e-50 7.19627e-50 9.76095e-50
0.770833 -1.61911e-49 5.12171e-49 6.94847e-49
0.775 -1.13889e-48 3.5764e-48 4.853e-48
0.779167 -7.86074e-48 2.45049e-47 3.32589e-47
0.783333 -5.32441e-47 1.64775e-46 2.23685e-46
0.7875 -3.53964e-46 1.08746e-45 1.47655e-45
0.791667 -2.30981e-45 7.04474e-45 9.5674e-45
0.795833 -1.4797e-44 4.48023e-44 6.08586e-44
0.8 -9.30681e-44 2.79747e-43 3.80085e-43
0.804167 -5.74781e-43 1.71518e-42 2.33086e-42
0.808333 -3.48599e-42 1.0327e-41 1.40371e-41
0.8125 -2.07643e-41 6.10674e-41 8.30242e-41
0.816667 -1.21483e-40 3.54694e-40 4.8233e-40
0.820833 -6.98184e-40 2.02373e-39 2.75256e-39
0.825 -3.942e-39 1.13435e-38 1.54321e-38
0.829167 -2.18674e-38 6.24702e-38 8.50053e-38
0.833333 -1.19193e-37 3.38044e-37 4.60089e-37
0.8375 -6.38437e-37 1.79756e-36 2.44708e-36
0.841667 -3.36072e-36 9.39384e-36 1.27909e-35
0.845833 -1.73872e-35 4.82485e-35 6.57108e-35
0.85 -8.84189e-35 2.4358e-34 3.3181e-34
0.854167 -4.4199e-34 1.20879e-33 1.64699e-33
0.858333 -2.17202e-33 5.89713e-33 8.03668e-33
0.8625 -1.04937e-32 2.82842e-32 3.85544e-32
0.866667 -4.98474e-32 1.3338e-31 1.8185e-31
0.870833 -2.32825e-31 6.18455e-31 8.43384e-31
0.875 -1.06935e-30 2.81984e-30 3.84623e-30
0.879167 -4.82988e-30 1.26435e-29 1.72493e-29
0.883333 -2.14541e-29 5.57522e-29 7.60776e-29
0.8875 -9.37266e-29 2.41786e-28 3.30003e-28
0.891667 -4.02734e-28 1.03133e-27 1.40791e-27
0.895833 -1.70216e-27 4.32701e-27 5.90818e-27
0.9 -7.07666e-27 1.78574e-26 2.43878e-26
0.904167 -2.89417e-26 7.24953e-26 9.90265e-26
0.908333 -1.16441e-25 2.89522e-25 3.95557e-25
0.9125 -4.60882e-25 1.1375e-24 1.5544e-24
0.916667 -1.79471e-24 4.39676e-24 6.00937e-24
0.920833 -6.87599e-24 1.67203e-23 2.28572e-23
0.925 -2.59195e-23 6.25601e-23 8.55375e-23
0.929167 -9.61349e-23 2.30307e-22 3.14952e-22
0.933333 -3.50841e-22 8.34224e-22 1.14103e-21
0.9375 -1.25987e-21 2.97327e-21 4.06747e-21
0.941667 -4.4518e-21 1.04273e-20 1.42671e-20
0.945833 -1.54792e-20 3.59836e-20 4.92422e-20
0.95 -5.2963e-20 1.2219e-19 1.67238e-19
0.954167 -1.78325e-19 4.08293e-19 5.58903e-19
0.958333 -5.90839e-19 1.34251e-18 1.83799e-18
0.9625 -1.92641e-18 4.3438e-18 5.94778e-18
0.966667 -6.18091e-18 1.38304e-17 1.89398e-17
0.970833 -1.95154e-17 4.33319e-17 5.93473e-17
0.975 -6.06352e-17 1.33595e-16 1.82991e-16
0.979167 -1.85391e-16 4.05298e-16 5.55212e-16
0.983333 -5.57783e-16 1.20992e-15 1.6576e-15
0.9875 -1.65138e-15 3.55409e-15 4.86954e-15
0.991667 -4.81091e-15 1.02726e-14 1.40757e-14
0.995833 -1.37909e-14 2.92149e-14 4.00331e-14
1 -3.88987e-14 8.17493e-14 1.12026e-13
1.00417 -1.07954e-13 2.25064e-13 3.08428e-13
1.00833 -2.94771e-13 6.09611e-13 8.35425e-13
1.0125 -7.91877e-13 1.62445e-12 2.22618e-12
1.01667 -2.09285e-12 4.25837e-12 5.83568e-12
1.02083 -5.44127e-12 1.0981e-11 1.50479e-11
1.025 -1.39162e-11 2.78532e-11 3.81668e-11
1.02917 -3.50084e-11 6.94886e-11 9.52123e-11
1.03333 -8.66209e-11 1.70501e-10 2.33596e-10
1.0375 -2.10785e-10 4.11414e-10 5.63595e-10
1.04167 -5.04415e-10 9.76189e-10 1.33709e-09
1.04583 -1.18694e-09 2.27745e-09 3.11892e-09
1.05 -2.74609e-09 5.22375e-09 7.15239e-09
1.05417 -6.24601e-09 1.17783e-08 1.61233e-08
1.05833 -1.3965e-08 2.61036e-08 3.5724e-08
1.0625 -3.06887e-08 5.68563e-08 7.77878e-08
1.06667 -6.62753e-08 1.2169e-07 1.66436e-07
1.07083 -1.40637e-07 2.55897e-07 3.49862e-07
1.075 -2.93192e-07 5.28614e-07 7.22423e-07
1.07917 -6.00393e-07 1.0725e-06 1.46505e-06
1.08333 -1.20745e-06 2.13677e-06 2.91737e-06
1.0875 -2.38433e-06 4.17956e-06 5.70324e-06
1.09167 -4.62202e-06 8.02449e-06 1.09431e-05
1.09583 -8.79355e-06 1.51187e-05 2.06035e-05
1.1 -1.64154e-05 2.79449e-05 3.80544e-05
1.10417 -3.0059e-05 5.06596e-05 6.89294e-05
1.10833 -5.39758e-05 9.00435e-05 0.000122406
1.1125 -9.50134e-05 0.000156865 0.000213031
1.11667 -0.000163898 0.000267746 0.000363214
1.12083 -0.000276943 0.000447568 0.000606422
1.125 -0.000458193 0.000732386 0.00099101
1.12917 -0.000741885 0.00117259 0.00158433
1.13333 -0.00117496 0.00183583 0.00247644
1.1375 -0.00181904 0.00280885 0.00378218
1.14167 -0.0027511 0.00419688 0.00563992
1.14583 -0.00406147 0.006119 0.00820459
1.15 -0.00584784 0.00869746 0.0116327
1.15417 -0.00820366 0.0120394 0.016057
1.15833 -0.0111999 0.0162098 0.0215497
1.1625 -0.0148599 0.0211971 0.0280763
1.16667 -0.0191292 0.026874 0.0354437
1.17083 -0.0238439 0.0329611 0.0432532
1.175 -0.0287048 0.0390016 0.0508714
1.17917 -0.0332661 0.0443616 0.0574341
1.18333 -0.0369484 0.0482655 0.0619011
1.1875 -0.0390857 0.0498753 0.0631687
1.19167 -0.039008 0.048414 0.060239
1.19583 -0.0361566 0.0433189 0.0524277
1.2 -0.0302141 0.0343996 0.0395704
1.20417 -0.0212247 0.0219619 0.022179
1.20833 -0.00966871 0.00685775 0.0014915
1.2125 0.00353745 -0.00957284 -0.0206244
1.21667 0.0171368 -0.0256771 -0.0419242
1.22083 0.0297182 -0.0397601 -0.0601588
1.225 0.0399617 -0.050395 -0.0734873
1.22917 0.0468847 -0.0566914 -0.0808206
1.23333 0.0500217 -0.0584443 -0.0819942
1.2375 0.0494814 -0.0561141 -0.0777117
1.24167 0.0458613 -0.0506412 -0.0692774
1.24583 0.0400482 -0.0431652 -0.0582186
1.25 0.0329825 -0.0347553 -0.0459463
1.25417 0.0254781 -0.0262643 -0.0335936
1.25833 0.0181725 -0.0183603 -0.022091
1.2625 0.0116185 -0.0117047 -0.0124134
1.26667 0.00645109 -0.00715648 -0.0058239
1.27083 0.00350852 -0.00584292 -0.00390464
1.275 0.00378726 -0.00898105 -0.00824369
1.27917 0.00818116 -0.0174553 -0.0198234
1.28333 0.017074 -0.0313036 -0.0383511
1.2875 0.0299628 -0.0493617 -0.0618791
1.29167 0.0453237 -0.0692952 -0.0869959
1.29583 0.0608537 -0.0880943 -0.109628
1.3 0.0740518 -0.102877 -0.126177
1.30417 0.082918 -0.111665 -0.134499
1.30833 0.0864535 -0.113763 -0.134247
1.3125 0.0847155 -0.109559 -0.126395
1.31667 0.0783944 -0.0998424 -0.112197
1.32083 0.0681459 -0.085045 -0.0921702
1.325 0.0540647 -0.0648501 -0.0657252
1.32917 0.0356315 -0.0384493 -0.0317084
1.33333 0.012202 -0.00534305 0.0103967
1.3375 -0.016217 0.0337544 0.0593021
1.34167 -0.0483553 0.0764397 0.111491
1.34583 -0.0816097 0.118882 0.161834
1.35 -0.112592 0.156708 0.204941
1.35417 -0.138006 0.186054 0.236502
1.35833 -0.155396 0.204252 0.253963
1.3625 -0.163415 0.209939 0.25634
1.36667 -0.161629 0.202744 0.243596
1.37083 -0.150154 0.182994 0.216245
1.375 -0.129521 0.151765 0.175571
1.37917 -0.100883 0.111212 0.124231
1.38333 -0.066357 0.0648072 0.0666036
1.3875 -0.0290675 0.0170336 0.00830252
1.39167 0.00733021 -0.0274895 -0.0450868
1.39583 0.0395013 -0.0650583 -0.0893518
1.4 0.0651591 -0.0934838 -0.122226
1.40417 0.0832215 -0.11191 -0.142888
1.40833 0.0933628 -0.120106 -0.150949
1.4125 0.0954164 -0.117917 -0.145921
1.41667 0.0892224 -0.105443 -0.127813
1.42083 0.0751486 -0.0838832 -0.0984698
1.425 0.0548913 -0.0563226 -0.0624693
1.42917 0.0317861 -0.0275801 -0.0264721
1.43333 0.0101041 -0.00285485 0.00300221
1.4375 -0.0064564 0.0141834 0.022136
1.44167 -0.0161952 0.0226741 0.0310367
1.44583 -0.0198045 0.0243627 0.032784
1.45 -0.0194639 0.022072 0.0309983
1.45417 -0.0172862 0.0179322 0.0276754
1.45833 -0.0142068 0.0125687 0.0227371
1.4625 -0.0100184 0.00565162 0.0153446
1.46667 -0.00433037 -0.00286025 0.00565227
1.47083 0.00246228 -0.0119156 -0.00453578
1.475 0.00902888 -0.019663 -0.0126755
1.47917 0.0138325 -0.0245054 -0.0170432
1.48333 0.0160425 -0.025957 -0.0175561
1.4875 0.0158425 -0.0246113 -0.015264
1.49167 0.0139626 -0.0213881 -0.0112063
1.49583 0.0109959 -0.0168693 -0.00585421
1.5 0.0071953 -0.0113484 0.00036118
1.50417 0.0028899 -0.00541681 0.00616812
1.50833 -0.00104659 -0.000293641 0.00944645
1.5125 -0.00335777 0.00268069 0.00849958
1.51667 -0.00325779 0.00309407 0.00363224
1.52083 -0.00125752 0.00208269 -0.00250673
1.525 0.000895062 0.00178009 -0.0064355
1.52917 0.00130718 0.00386235 -0.00617076
1.53333 -0.00073531 0.00832855 -0.00250195
1.5375 -0.00430221 0.0135437 0.001846
1.54167 -0.00760841 0.0175236 0.00441734
1.54583 -0.00938599 0.0193875 0.00471468
1.55 -0.00969158 0.0198033 0.00404865
1.55417 -0.00955149 0.0201772 0.00392616
1.55833 -0.00989537 0.0214268 0.00459712
1.5625 -0.0108014 0.023442 0.00505136
1.56667 -0.0116797 0.0255927 0.00428235
1.57083 -0.0120916 0.0276505 0.00247931
1.575 -0.0123451 0.0301735 0.00101782
1.57917 -0.0132971 0.0339842 0.00133971
1.58333 -0.0155768 0.0392274 0.00378495
1.5875 -0.0189373 0.0448356 0.00731266
1.59167 -0.0222531 0.0488359 0.01016
1.59583 -0.0240942 0.0492606 0.0108148
1.6 -0.0234285 0.0450658 0.00872982
1.60417 -0.0200636 0.0365701 0.00460658
1.60833 -0.0147035 0.0252461 0.000218822
1.6125 -0.00863856 0.0129676 -0.00235084
1.61667 -0.00311528 0.00103023 -0.00199739
1.62083 0.00141085 -0.010528 0.000311591
1.625 0.00565884 -0.0227573 0.00174347
1.62917 0.0110516 -0.0366607 -0.000489836
1.63333 0.0184644 -0.05177 -0.00670386
1.6375 0.0270754 -0.0656049 -0.013931
1.64167 0.0344214 -0.0747325 -0.0178649
1.64583 0.037908 -0.0768562 -0.0162663
1.65 0.0366918 -0.0723267 -0.0109142
1.65417 0.0323155 -0.0637592 -0.00619531
1.65833 0.0274329 -0.0539998 -0.00540861
1.6625 0.0236648 -0.0441544 -0.0080451
1.66667 0.0204702 -0.0333623 -0.0104685
1.67083 0.0160146 -0.0204102 -0.00928059
1.675 0.00917579 -0.00561383 -0.00422987
1.67917 0.000814798 0.00877731 0.00185569
1.68333 -0.00678618 0.0199614 0.00570633
1.6875 -0.0116704 0.0264396 0.00616487
1.69167 -0.0135057 0.0287606 0.00451792
1.69583 -0.0134359 0.0287403 0.00286977
1.7 -0.0129233 0.0280672 0.00247274
1.70417 -0.0127617 0.0274408 0.00334859
1.70833 -0.0129184 0.0265909 0.00484818
1.7125 -0.0129096 0.024744 0.00610031
1.71667 -0.0121288 0.0210889 0.00612059
1.72083 -0.0100321 0.0152189 0.00421125
1.725 -0.00645962 0.00759739 0.000810376
1.72917 -0.00204639 -0.000287954 -0.00221204
1.73333 0.0018384 -0.00653648 -0.00279389
1.7375 0.00396394 -0.0100219 -0.000735494
1.74167 0.00430277 -0.011147 0.00162899
1.74583 0.00411916 -0.011288 0.00140569
1.75 0.00471124 -0.0113092 -0.00183229
1.75417 0.00595106 -0.010655 -0.00519354
1.75833 0.00625815 -0.00810784 -0.00513885
1.7625 0.00427754 -0.00353686 -0.00121583
1.76667 0.000603967 0.00128256 0.00314058
1.77083 -0.00240553 0.00390447 0.00391232
1.775 -0.00277981 0.00344492 0.000634136
1.77917 -0.000907563 0.00151651 -0.00306258
1.78333 0.000798222 0.000755658 -0.00322464
1.7875 0.000314747 0.00231491 0.000287996
1.79167 -0.00197433 0.00483192 0.0037454
1.79583 -0.00377192 0.00589895 0.00361053
1.8 -0.00331839 0.0044748 0.000278478
1.80417 -0.0011653 0.00175241 -0.00254537
1.80833 0.000580964 -0.000296314 -0.00201462
1.8125 0.000614628 -0.000992744 0.000831262
1.81667 -0.000254871 -0.00136839 0.00246839
1.82083 -0.000229598 -0.00258693 0.000975559
1.825 0.00127477 -0.00428919 -0.00188168
1.82917 0.00289246 -0.00482468 -0.00284168
1.83333 0.00285565 -0.00311971 -0.000948286
1.8375 0.00101249 -6.48921e-06 0.00147134
1.84167 -0.00101588 0.00254377 0.00169609
1.84583 -0.00167604 0.00337746 -0.000152262
1.85 -0.00111981 0.00302087 -0.0014069
1.85417 -0.000726203 0.00255547 -0.00028169
1.85833 -0.00118473 0.00207999 0.00181428
1.8625 -0.0015811 0.000785595 0.00200271
1.86667 -0.000668086 -0.00149441 -0.000358011
1.87083 0.00128181 -0.00341826 -0.00263761
1.875 0.00247784 -0.00331608 -0.00204643
1.87917 0.00163352 -0.0011148 0.000836776
1.88333 -0.000426177 0.00138843 0.00258758
1.8875 -0.00162344 0.00234417 0.00106694
1.89167 -0.00099715 0.0016563 -0.00186668
1.89583 0.000268637 0.000740663 -0.00251794
1.9 0.000388966 0.000702828 0.00013188
1.90417 -0.000813146 0.00115531 0.00306705
1.90833 -0.00171195 0.000910953 0.002763
1.9125 -0.000889538 -0.000451675 -0.000603562
1.91667 0.00108905 -0.00197166 -0.00327968
1.92083 0.00222697 -0.00224934 -0.00223655
1.925 0.00131843 -0.000931248 0.00136953
1.92917 -0.000676267 0.000777665 0.00349725
1.93333 -0.00162638 0.00121287 0.00173618
1.9375 -0.000537221 4.73946e-05 -0.00200699
1.94167 0.0013004 -0.00112269 -0.00357661
1.94583 0.00163746 -0.000439293 -0.0011478
1.95 -0.000203047 0.00181585 0.00264752
1.95417 -0.00234297 0.0030531 0.00349916
1.95833 -0.0022609 0.00125069 0.000266022
1.9625 0.000276953 -0.00228434 -0.0035147
1.96667 0.00268089 -0.00397948 -0.00350515
1.97083 0.00235628 -0.00206754 0.000332956
1.975 -0.000253273 0.00129899 0.00351132
1.97917 -0.00215879 0.00268149 0.00230262
1.98333 -0.00141657 0.00139452 -0.00170703
1.9875 0.000617824 -0.00020366 -0.00355076
1.99167 0.00120735 -0.000175096 -0.00103926
1.99583 -0.000233107 0.000708968 0.00260896
2 -0.00158946 0.00066867 0.00294983
2.00417 -0.00100557 -0.000337552 -0.000187779
2.00833 0.000737083 -0.000764819 -0.00284199
2.0125 0.00141758 0.000162235 -0.00205612
2.01667 0.000237506 0.00151735 0.000814704
2.02083 -0.00141757 0.00208688 0.00233038
2.025 -0.00185404 0.00165049 0.00113722
2.02917 -0.000864587 0.000665393 -0.0010643
2.03333 0.000438862 -0.000323249 -0.00197132
2.0375 0.000901457 -0.000589871 -0.00099763
2.04167 0.000199966 0.000431443 0.00064644
2.04583 -0.00101758 0.00203365 0.00131394
2.05 -0.00157895 0.00237534 0.000346326
2.05417 -0.000829149 0.000731905 -0.00126034
2.05833 0.000483189 -0.00106847 -0.00169533
2.0625 0.000828551 -0.00070806 -0.00038967
2.06667 -0.00024815 0.00149286 0.00104159
2.07083 -0.00143805 0.0029423 0.000728541
2.075 -0.00136815 0.00225434 -0.000859473
2.07917 -0.000424028 0.000793081 -0.00149199
2.08333 -2.06039e-05 0.000297018 -0.000414218
2.0875 -0.000453872 0.000562462 0.000565291
2.09167 -0.00066695 0.000552753 -7.3283e-05
2.09583 -0.000177723 0.000500679 -0.00119731
2.1 7.28986e-05 0.00131281 -0.000934806
2.10417 -0.000650034 0.00255862 0.000245804
2.10833 -0.00151772 0.00274529 0.000351623
2.1125 -0.00133868 0.0015005 -0.000797412
2.11667 -0.000350575 6.27258e-05 -0.0012931
2.12083 0.000249856 -0.000471591 -0.000354328
2.125 7.21718e-05 -0.000115037 0.00040667
2.12917 -0.000286094 0.000837932 -0.000264151
2.13333 -0.00051735 0.00216833 -0.00122661
2.1375 -0.000868085 0.00301325 -0.00095832
2.14167 -0.00119895 0.00233478 1.35213e-05
2.14583 -0.000988 0.000664914 0.000271488
2.15 -0.000399397 -0.000113128 -0.000188874
2.15417 -0.000191381 0.000584025 -0.000532255
2.15833 -0.000378736 0.00124136 -0.000832052
2.1625 -0.000253762 0.000999917 -0.00133171
2.16667 5.49865e-06 0.00120252 -0.00103974
2.17083 -0.000657467 0.0025716 0.000593031
2.175 -0.00192503 0.00294049 0.0015245
2.17917 -0.00172366 0.000450858 -0.00034667
2.18333 0.000560569 -0.00256214 -0.00295194
2.1875 0.00228091 -0.00235248 -0.00207976
2.19167 0.00106666 0.000269752 0.00187475
2.19583 -0.00121651 0.000694086 0.00341734
2.2 -0.000834131 -0.00251353 9.27317e-05
2.20417 0.00217878 -0.00560642 -0.00310406
2.20833 0.00402543 -0.00595301 -0.000942294
2.2125 0.00302934 -0.00603538 0.00389525
2.21667 0.00203558 -0.00854191 0.00477957
2.22083 0.00360652 -0.0113921 0.00119341
2.225 0.00603938 -0.0115293 -0.000891882
2.22917 0.00649786 -0.010618 0.00162335
2.23333 0.0055503 -0.0122186 0.00499047
2.2375 0.0056405 -0.0153426 0.00526384
2.24167 0.00686312 -0.0161549 0.00370273
2.24583 0.00751656 -0.0149905 0.00311733
2.25 0.00763212 -0.0157407 0.00331067
2.25417 0.00843906 -0.0181807 0.00328919
2.25833 0.00901442 -0.0173756 0.00414508
2.2625 0.00732193 -0.0124245 0.00608075
2.26667 0.00457469 -0.0092962 0.00602382
2.27083 0.00440253 -0.0114626 0.00252422
2.275 0.00679036 -0.0136116 -3.65811e-05
2.27917 0.00713605 -0.00981796 0.00262271
2.28333 0.00330835 -0.00315068 0.00687729
2.2875 -0.000490439 -0.000619514 0.00563018
2.29167 -6.97436e-05 -0.00185075 -0.000431016
2.29583 0.00207028 -0.000306423 -0.00308647
2.3 0.000691643 0.00558111 0.000953243
2.30417 -0.00393743 0.0103269 0.00490607
2.30833 -0.00675431 0.0110915 0.0022898
2.3125 -0.00595145 0.0120756 -0.00365971
2.31667 -0.00526182 0.016828 -0.00563406
2.32083 -0.00768302 0.0225067 -0.00291036
2.325 -0.0113921 0.0253115 -0.000923687
2.32917 -0.0134078 0.0264568 -0.00274535
2.33333 -0.0137071 0.0286623 -0.00621654
2.3375 -0.0137904 0.0308898 -0.00842008
2.34167 -0.0140088 0.0309383 -0.0085941
2.34583 -0.014248 0.0299099 -0.00717837
2.35 -0.0148823 0.0295903 -0.0055676
2.35417 -0.0152447 0.0281116 -0.00608063
2.35833 -0.0134103 0.0228364 -0.00887044
2.3625 -0.00930646 0.0154308 -0.0100477
2.36667 -0.00574619 0.0094589 -0.00658846
2.37083 -0.00436583 0.00465634 -0.00174845
2.375 -0.00289205 -0.00175011 -0.00102089
2.37917 0.00112995 -0.00946863 -0.00364725
2.38333 0.00615084 -0.0157133 -0.00359273
2.3875 0.00908462 -0.0201854 0.000955516
2.39167 0.0100318 -0.0244617 0.00497468
2.39583 0.0112197 -0.0273915 0.00482973
2.4 0.0127418 -0.0266082 0.00328876
2.40417 0.0129628 -0.0239565 0.00379321
2.40833 0.0120789 -0.0232056 0.00508122
2.4125 0.0114404 -0.0225101 0.00495732
2.41667 0.0101108 -0.0163799 0.00462233
2.42083 0.00630564 -0.00613848 0.00517705
2.425 0.00186101 -0.000173101 0.00420334
2.42917 0.000500726 -0.000853339 0.000557974
2.43333 0.00134464 0.000119479 -0.00154159
2.4375 -0.000533364 0.00802918 0.00108514
2.44167 -0.0057075 0.0152835 0.00374659
2.44583 -0.00831841 0.0133236 0.000423861
2.45 -0.00530942 0.00727385 -0.00547061
2.45417 -0.00207532 0.00786993 -0.00523811
2.45833 -0.00409618 0.0132951 0.000973613
2.4625 -0.00771872 0.0119213 0.00347041
2.46667 -0.0058341 0.00219264 -0.00176457
2.47083 0.000336364 -0.00389492 -0.00642351
2.475 0.00287206 -0.000214807 -0.00305851
2.47917 -0.000259526 0.00358352 0.00319785
2.48333 -0.00229979 -0.00162809 0.00318945
2.4875 0.00106354 -0.00936055 -0.00190415
2.49167 0.0050649 -0.008635 -0.00346729
2.49583 0.00415715 -0.00196565 0.000462503
2.5 0.000700557 -0.000128425 0.0032275
2.50417 8.15267e-05 -0.00379765 0.00126005
2.50833 0.00171541 -0.00366382 -0.000990362
2.5125 0.00118223 0.00230389 0.000243135
2.51667 -0.00140876 0.00514208 0.00202371
2.52083 -0.0018866 0.000935316 0.000988627
2.525 9.51622e-05 -0.00186718 -0.000541167
2.52917 0.000245569 0.00306362 0.000582042
2.53333 -0.00260619 0.00869185 0.00215008
2.5375 -0.00408932 0.00616375 0.000666511
2.54167 -0.00169817 -0.00052464 -0.00186407
2.54583 0.000844898 -0.00150221 -0.00110362
2.55 -0.000108864 0.00272448 0.00180721
2.55417 -0.00206146 0.00316254 0.00182392
2.55833 -0.000879278 -0.00198097 -0.00135898
2.5625 0.00209674 -0.00497443 -0.00255255
2.56667 0.0025157 -0.00243949 0.000266671
2.57083 0.000488221 -0.000664889 0.00254758
2.575 0.000159938 -0.00386304 0.00068423
2.57917 0.0024556 -0.00669843 -0.00226583
2.58333 0.00359604 -0.00388989 -0.00187823
2.5875 0.00162006 0.000432644 0.000646818
2.59167 -0.000416054 -0.000269636 0.0010638
2.59583 0.000372781 -0.00417697 -0.000979633
2.6 0.00225485 -0.00474334 -0.00209641
2.60417 0.00220021 -0.00150761 -0.000978153
2.60833 0.000656342 0.000230563 0.000181563
2.6125 6.87716e-05 -0.00121565 -0.000106201
2.61667 0.000674229 -0.00205231 -0.000631226
2.62083 0.000773809 -0.000385133 -0.000219117
2.625 2.95968e-05 0.00095317 0.000428249
2.62917 -0.000301589 0.000121206 0.000481214
2.63333 6.12041e-05 -0.000512722 0.000401211
2.6375 1.5854e-06 0.00114605 0.000746204
2.64167 -0.000883216 0.00330326 0.00116454
2.64583 -0.00163663 0.00342216 0.00125518
2.65 -0.0015678 0.00205054 0.00117722
2.65417 -0.0011001 0.00135908 0.00100728
2.65833 -0.000844486 0.00189049 0.000612574
2.6625 -0.000898162 0.00251601 0.000304899
2.66667 -0.00109198 0.00221721 0.000464459
2.67083 -0.0010881 0.000737428 0.000547612
2.675 -0.000416037 -0.00135675 -0.000212845
2.67917 0.000789273 -0.0026313 -0.00119136
2.68333 0.00146106 -0.00208455 -0.000994947
2.6875 0.000912813 -0.000783426 0.000212843
2.69167 2.33593e-05 -0.000671059 0.000710055
2.69583 5.21697e-05 -0.00161421 -7.79047e-05
2.7 0.000703953 -0.00158249 -0.000582867
2.70417 0.000637075 -6.30944e-05 0.000429955
2.70833 -0.000357981 0.00103489 0.00191651
2.7125 -0.00110845 0.000709197 0.00220825
2.71667 -0.00104859 0.000684528 0.00149472
2.72083 -0.0010489 0.00239655 0.00135745
2.725 -0.00183283 0.00425231 0.00242751
2.72917 -0.0027726 0.00400486 0.00372111
2.73333 -0.00296124 0.00240355 0.00415829
2.7375 -0.00260162 0.00205849 0.00381957
2.74167 -0.00252124 0.00336922 0.00357884
2.74583 -0.0028684 0.00405189 0.00404153
2.75 -0.00309551 0.0028115 0.00499386
2.75417 -0.00295179 0.0012616 0.00564552
2.75833 -0.0027603 0.00138093 0.00540478
2.7625 -0.00276859 0.00272009 0.00456582
2.76667 -0.00282046 0.00335268 0.00408423
2.77083 -0.00274141 0.00258633 0.0044253
2.775 -0.00256459 0.00139825 0.00480163
2.77917 -0.00221825 0.000616324 0.00397901
2.78333 -0.0014059 -7.22587e-05 0.00185981
2.7875 -7.45092e-05 -0.00120824 -0.000242507
2.79167 0.00128243 -0.00256854 -0.00122335
2.79583 0.00212515 -0.00345511 -0.00165818
2.8 0.0025319 -0.00356695 -0.00303899
2.80417 0.00306153 -0.0033607 -0.0056914
2.80833 0.00402093 -0.00366116 -0.00823286
2.8125 0.00513711 -0.00480554 -0.00934235
2.81667 0.00593751 -0.00607182 -0.00938697
2.82083 0.00625056 -0.0063854 -0.00977422
2.825 0.00634802 -0.00585121 -0.0111064
2.82917 0.00669625 -0.00584041 -0.0125585
2.83333 0.00742402 -0.00690173 -0.0129761
2.8375 0.00796001 -0.00748688 -0.0122225
2.84167 0.00755959 -0.00601357 -0.0114234
2.84583 0.00642405 -0.00354689 -0.0118833
2.85 0.00578973 -0.00270508 -0.0135723
2.85417 0.00640012 -0.00402738 -0.014915
2.85833 0.00738453 -0.00528434 -0.014646
2.8625 0.00742038 -0.00476769 -0.0136178
2.86667 0.00662453 -0.00346644 -0.0137267
2.87083 0.00625894 -0.00310471 -0.0149821
2.875 0.0066435 -0.0034897 -0.0149956
2.87917 0.0064967 -0.00303037 -0.0119943
2.88333 0.00467826 -0.00103698 -0.00709992
2.8875 0.00167703 0.00157986 -0.00256901
2.89167 -0.00116703 0.00350775 0.00131721
2.89583 -0.00333422 0.00429183 0.00631022
2.9 -0.0054898 0.0046806 0.0135018
2.90417 -0.00844346 0.00588928 0.0216739
2.90833 -0.0120608 0.00809791 0.028397
2.9125 -0.0151705 0.00992814 0.0322209
2.91667 -0.0166574 0.0102444 0.0337472
2.92083 -0.016769 0.00999656 0.0346101
2.925 -0.016842 0.010785 0.0351309
2.92917 -0.0172672 0.011858 0.0333248
2.93333 -0.0164344 0.0105911 0.0272408
2.9375 -0.0127294 0.00633154 0.0181238
2.94167 -0.00708179 0.00163546 0.00963272
2.94583 -0.00210787 -0.0012656 0.00348006
2.95 0.00119823 -0.00326782 -0.00233256
2.95417 0.00435979 -0.00625804 -0.00985105
2.95833 0.00862162 -0.0097686 -0.0174435
2.9625 0.0127453 -0.0115665 -0.0215375
2.96667 0.0145377 -0.010765 -0.0211308
2.97083 0.0136677 -0.00879745 -0.018681
2.975 0.0119449 -0.00757941 -0.0167052
2.97917 0.0111304 -0.00765098 -0.0149854
2.98333 0.0111546 -0.00791727 -0.0114341
2.9875 0.0105013 -0.00682603 -0.00499891
2.99167 0.00817312 -0.0042145 0.00259215
2.99583 0.00520746 -0.00188344 0.00814568
