0 0 0 0
0.00416667 0 0 0
0.00833333 0 0 0
0.0125 0 0 0
0.0166667 0 0 0
0.0208333 0 0 0
0.025 0 0 0
0.0291667 0 0 0
0.0333333 0 0 0
0.0375 0 0 0
0.0416667 0 0 0
0.0458333 0 0 0
0.05 0 0 0
0.0541667 0 0 0
0.0583333 0 0 0
0.0625 0 0 0
0.0666667 0 0 0
0.0708333 0 0 0
0.075 0 0 0
0.0791667 0 0 0
0.0833333 0 0 0
0.0875 0 0 0
0.0916667 0 0 0
0.0958333 0 0 0
0.1 0 0 0
0.104167 0 0 0
0.108333 0 0 0
0.1125 0 0 0
0.116667 0 0 0
0.120833 0 0 0
0.125 0 0 0
0.129167 0 0 0
0.133333 0 0 0
0.1375 0 0 0
0.141667 0 0 0
0.145833 0 0 0
0.15 0 0 0
0.154167 0 0 0
0.158333 0 0 0
0.1625 0 0 0
0.166667 0 0 0
0.170833 0 0 0
0.175 0 0 0
0.179167 0 0 0
0.183333 0 0 3.31024e-322
0.1875 -2.17616e-319 3.23959e-320 6.59522e-318
0.191667 -2.37439e-315 3.48441e-316 7.03022e-314
0.195833 -2.10631e-311 3.0357e-312 6.10007e-310
0.2 -1.53347e-307 2.16714e-308 4.34598e-306
0.204167 -9.23717e-304 1.27824e-304 2.56298e-302
0.208333 -4.63901e-300 6.27786e-301 1.26071e-298
0.2125 -1.95638e-296 2.58618e-297 5.20959e-295
0.216667 -6.97524e-293 8.9979e-294 1.82072e-291
0.220833 -2.11598e-289 2.66119e-290 5.41619e-288
0.225 -5.49444e-286 6.73156e-287 1.37964e-284
0.229167 -1.22819e-282 1.46477e-283 3.02635e-281
0.233333 -2.37616e-279 2.75683e-280 5.74761e-278
0.2375 -3.99913e-276 4.51103e-277 9.49896e-275
0.241667 -5.88342e-273 6.44901e-274 1.37271e-271
0.245833 -7.60081e-270 8.09237e-271 1.74251e-268
0.25 -8.66051e-267 8.95231e-268 1.95144e-265
0.254167 -8.73928e-264 8.76771e-265 1.936e-262
0.258333 -7.84086e-261 7.6323e-262 1.70817e-259
0.2625 -6.27816e-258 5.92766e-259 1.3454e-256
0.266667 -4.50225e-255 4.12225e-256 9.49316e-254
0.270833 -2.90155e-252 2.57571e-253 6.02118e-251
0.275 -1.68594e-249 1.45075e-250 3.44403e-248
0.279167 -8.85948e-247 7.38878e-248 1.782e-245
0.283333 -4.22292e-244 3.41299e-245 8.36535e-243
0.2875 -1.83097e-241 1.43388e-242 3.57289e-240
0.291667 -7.24081e-239 5.49403e-240 1.39214e-237
0.295833 -2.6185e-236 1.92485e-237 4.96131e-235
0.3 -8.6807e-234 6.18183e-235 1.62118e-232
0.304167 -2.64436e-231 1.82425e-232 4.86871e-230
0.308333 -7.41892e-229 4.95787e-230 1.34689e-227
0.3125 -1.92114e-226 1.24366e-227 3.43976e-225
0.316667 -4.60139e-224 2.88548e-225 8.12665e-223
0.320833 -1.02141e-221 6.20474e-223 1.77972e-220
0.325 -2.10539e-219 1.23897e-220 3.61982e-218
0.329167 -4.03733e-217 2.30165e-218 6.85046e-216
0.333333 -7.21537e-215 3.9851e-216 1.20844e-213
0.3375 -1.20385e-212 6.44186e-214 1.99044e-211
0.341667 -1.87826e-210 9.73815e-212 3.06624e-209
0.345833 -2.74474e-208 1.37889e-209 4.42474e-207
0.35 -3.76248e-206 1.83164e-207 5.99046e-205
0.354167 -4.84528e-204 2.28589e-205 7.62017e-203
0.358333 -5.87022e-202 2.68407e-203 9.12051e-201
0.3625 -6.70008e-200 2.96933e-201 1.02854e-198
0.366667 -7.21394e-198 3.09904e-199 1.09432e-196
0.370833 -7.33653e-196 3.05534e-197 1.0999e-194
0.375 -7.05624e-194 2.84902e-195 1.04562e-192
0.379167 -6.426e-192 2.51568e-193 9.41317e-191
0.383333 -5.5475e-190 2.10594e-191 8.03409e-189
0.3875 -4.54495e-188 1.67322e-189 6.50822e-187
0.391667 -3.53759e-186 1.26313e-187 5.00938e-185
0.395833 -2.61872e-184 9.06956e-186 3.66738e-183
0.4 -1.8455e-182 6.20027e-184 2.55634e-181
0.404167 -1.2394e-180 4.03969e-182 1.69824e-179
0.408333 -7.93956e-179 2.5108e-180 1.07624e-177
0.4125 -4.85588e-177 1.49007e-178 6.51257e-176
0.416667 -2.83803e-175 8.45113e-177 3.7663e-174
0.420833 -1.58643e-173 4.58477e-175 2.0834e-172
0.425 -8.48876e-172 2.38111e-173 1.1033e-170
0.429167 -4.35156e-170 1.18482e-171 5.59796e-169
0.433333 -2.13878e-168 5.65306e-170 2.72349e-167
0.4375 -1.00865e-166 2.58824e-168 1.2715e-165
0.441667 -4.56773e-165 1.13799e-166 5.70066e-164
0.445833 -1.98772e-163 4.80843e-165 2.45622e-162
0.45 -8.3179e-162 1.95389e-163 1.01777e-160
0.454167 -3.34946e-160 7.64064e-162 4.05854e-159
0.458333 -1.29876e-158 2.87725e-160 1.55854e-157
0.4625 -4.85238e-157 1.04406e-158 5.7673e-156
0.466667 -1.74796e-155 3.65295e-157 2.05783e-154
0.470833 -6.07468e-154 1.23311e-155 7.08428e-153
0.475 -2.03794e-152 4.0184e-154 2.35445e-151
0.479167 -6.60369e-151 1.26488e-152 7.55862e-150
0.483333 -2.06803e-149 3.84802e-151 2.34532e-148
0.4875 -6.26242e-148 1.13202e-149 7.03727e-147
0.491667 -1.83474e-146 3.22201e-148 2.04308e-145
0.495833 -5.20334e-145 8.87736e-147 5.74208e-144
0.5 -1.42918e-143 2.36889e-145 1.56308e-142
0.504167 -3.80369e-142 6.12524e-144 4.12317e-141
0.508333 -9.81403e-141 1.53542e-142 1.05447e-139
0.5125 -2.45594e-139 3.733e-141 2.61573e-138
0.516667 -5.96374e-138 8.80676e-140 6.29664e-137
0.520833 -1.40587e-136 2.01694e-138 1.47155e-135
0.525 -3.21874e-135 4.48617e-137 3.34027e-134
0.529167 -7.16026e-134 9.69503e-136 7.36743e-133
0.533333 -1.5483e-132 2.03653e-134 1.57964e-131
0.5375 -3.25568e-131 4.15983e-133 3.29371e-130
0.541667 -6.65981e-130 8.26559e-132 6.68142e-129
0.545833 -1.32582e-128 1.59827e-130 1.3191e-127
0.55 -2.56966e-127 3.00863e-129 2.53559e-126
0.554167 -4.85059e-126 5.51552e-128 4.74713e-125
0.558333 -8.92074e-125 9.85045e-127 8.65948e-124
0.5625 -1.59899e-123 1.71447e-125 1.53962e-122
0.566667 -2.79437e-122 2.90907e-124 2.669e-121
0.570833 -4.76276e-121 4.81362e-123 4.51277e-120
0.575 -7.91982e-120 7.77003e-122 7.44455e-119
0.579167 -1.28527e-118 1.2239e-120 1.19861e-117
0.583333 -2.03625e-117 1.88179e-119 1.88406e-116
0.5875 -3.15039e-116 2.82507e-118 2.89219e-115
0.591667 -4.76126e-115 4.14238e-117 4.33713e-114
0.595833 -7.03127e-114 5.93411e-116 6.35554e-113
0.6 -1.01491e-112 8.30745e-115 9.10333e-112
0.604167 -1.43226e-111 1.13685e-113 1.27488e-110
0.608333 -1.9767e-110 1.52118e-112 1.74615e-109
0.6125 -2.66872e-109 1.99072e-111 2.33966e-108
0.616667 -3.5255e-108 2.5486e-110 3.06761e-107
0.620833 -4.55838e-107 3.19273e-109 3.93671e-106
0.625 -5.77008e-106 3.91469e-108 4.94613e-105
0.629167 -7.15224e-105 4.69904e-107 6.08561e-104
0.633333 -8.68358e-104 5.52327e-106 7.33423e-103
0.6375 -1.03289e-102 6.35851e-105 8.66008e-102
0.641667 -1.20397e-101 7.17103e-104 1.00209e-100
0.645833 -1.37555e-100 7.9244e-103 1.1366e-99
0.65 -1.54077e-99 8.58222e-102 1.26394e-98
0.654167 -1.69237e-98 9.11103e-101 1.37834e-97
0.658333 -1.82323e-97 9.48319e-100 1.47431e-96
0.6625 -1.92696e-96 9.67927e-99 1.5471e-95
0.666667 -1.99836e-95 9.68973e-98 1.59307e-94
0.670833 -2.03393e-94 9.51565e-97 1.61e-93
0.675 -2.03211e-93 9.16847e-96 1.59727e-92
0.679167 -1.99339e-92 8.66881e-95 1.55589e-91
0.683333 -1.92023e-91 8.04443e-94 1.48836e-90
0.6875 -1.81682e-90 7.32775e-93 1.39846e-89
0.691667 -1.68869e-89 6.55313e-92 1.29087e-88
0.695833 -1.54222e-88 5.75429e-91 1.17081e-87
0.7 -1.38413e-87 4.962e-90 1.0436e-86
0.704167 -1.22101e-86 4.2024e-89 9.14342e-86
0.708333 -1.05888e-85 3.49596e-88 7.87552e-85
0.7125 -9.02882e-85 2.857e-87 6.66991e-84
0.716667 -7.57088e-84 2.2939e-86 5.55523e-83
0.720833 -6.24398e-83 1.80967e-85 4.55089e-82
0.725 -5.06578e-82 1.40287e-84 3.6675e-81
0.729167 -4.04361e-81 1.06872e-83 2.90799e-80
0.733333 -3.1761e-80 8.00127e-83 2.26897e-79
0.7375 -2.45521e-79 5.88743e-82 1.74239e-78
0.741667 -1.86817e-78 4.2577e-81 1.31706e-77
0.745833 -1.39939e-77 3.02631e-80 9.80097e-77
0.75 -1.03209e-76 2.11415e-79 7.18128e-76
0.754167 -7.49581e-76 1.45154e-78 5.18158e-75
0.758333 -5.36161e-75 9.7941e-78 3.68223e-74
0.7625 -3.77753e-74 6.49392e-77 2.57753e-73
0.766667 -2.62189e-73 4.23055e-76 1.77746e-72
0.770833 -1.79297e-72 2.70743e-75 1.20769e-71
0.775 -1.20819e-71 1.70174e-74 8.08586e-71
0.779167 -8.02333e-71 1.05018e-73 5.33537e-70
0.783333 -5.25157e-70 6.3606e-73 3.46996e-69
0.7875 -3.38836e-69 3.77902e-72 2.22464e-68
0.791667 -2.1553e-68 2.20099e-71 1.40611e-67
0.795833 -1.35174e-67 1.25557e-70 8.76307e-67
0.8 -8.35984e-67 7.00727e-70 5.38541e-66
0.804167 -5.0988e-66 3.82016e-69 3.26403e-65
0.808333 -3.06728e-65 2.03014e-68 1.95125e-64
0.8125 -1.82012e-64 1.04857e-67 1.15064e-63
0.816667 -1.0655e-63 5.24096e-67 6.69394e-63
0.820833 -6.15405e-63 2.51803e-66 3.84224e-62
0.825 -3.50725e-62 1.15013e-65 2.17617e-61
0.829167 -1.97248e-61 4.89439e-65 1.21632e-60
0.833333 -1.09483e-60 1.8584e-64 6.70959e-60
0.8375 -5.99798e-60 5.56177e-64 3.65324e-59
0.841667 -3.24365e-59 5.53135e-64 1.96352e-58
0.845833 -1.7317e-58 -9.92455e-63 1.04186e-57
0.85 -9.12769e-58 -1.1902e-61 5.45804e-57
0.854167 -4.75049e-57 -9.60683e-61 2.82332e-56
0.858333 -2.44143e-56 -6.66119e-60 1.44218e-55
0.8625 -1.23913e-55 -4.24101e-59 7.27528e-55
0.866667 -6.21146e-55 -2.54985e-58 3.62484e-54
0.870833 -3.07547e-54 -1.4689e-57 1.78392e-53
0.875 -1.5042e-53 -8.17708e-57 8.67245e-53
0.879167 -7.26793e-53 -4.42271e-56 4.16511e-52
0.883333 -3.46947e-52 -2.33278e-55 1.97634e-51
0.8875 -1.63643e-51 -1.20306e-54 9.26582e-51
0.891667 -7.62684e-51 -6.07834e-54 4.29264e-50
0.895833 -3.51269e-50 -3.01306e-53 1.96525e-49
0.9 -1.59888e-49 -1.46712e-52 8.89188e-49
0.904167 -7.19287e-49 -7.02361e-52 3.97636e-48
0.908333 -3.19839e-48 -3.30848e-51 1.75762e-47
0.9125 -1.40584e-47 -1.53442e-50 7.67964e-47
0.916667 -6.1086e-47 -7.01035e-50 3.31714e-46
0.920833 -2.6241e-46 -3.15656e-49 1.41652e-45
0.925 -1.11451e-45 -1.40133e-48 5.98066e-45
0.929167 -4.6803e-45 -6.13574e-48 2.49671e-44
0.933333 -1.9435e-44 -2.65049e-47 1.03064e-43
0.9375 -7.98067e-44 -1.1299e-46 4.20722e-43
0.941667 -3.24091e-43 -4.75452e-46 1.69847e-42
0.945833 -1.30165e-42 -1.97527e-45 6.78146e-42
0.95 -5.17063e-42 -8.10374e-45 2.67802e-41
0.954167 -2.03163e-41 -3.28369e-44 1.04606e-40
0.958333 -7.8962e-41 -1.3144e-43 4.04182e-40
0.9625 -3.03593e-40 -5.19821e-43 1.54489e-39
0.966667 -1.15475e-39 -2.03141e-42 5.84173e-39
0.970833 -4.34538e-39 -7.84548e-42 2.18541e-38
0.975 -1.61785e-38 -2.99483e-41 8.089e-38
0.979167 -5.95988e-38 -1.13008e-40 2.96243e-37
0.983333 -2.17245e-37 -4.21574e-40 1.07354e-36
0.9875 -7.83605e-37 -1.55494e-39 3.84964e-36
0.991667 -2.79705e-36 -5.67117e-39 1.36609e-35
0.995833 -9.88047e-36 -2.04545e-38 4.7975e-35
1 -3.45423e-35 -7.29627e-38 1.66743e-34
1.00417 -1.1952e-34 -2.57422e-37 5.7358e-34
1.00833 -4.09319e-34 -8.98372e-37 1.95288e-33
1.0125 -1.38752e-33 -3.10147e-36 6.58128e-33
1.01667 -4.65569e-33 -1.05928e-35 2.19541e-32
1.02083 -1.54639e-32 -3.57942e-35 7.24952e-32
1.025 -5.08464e-32 -1.19676e-34 2.36978e-31
1.02917 -1.6551e-31 -3.95929e-34 7.66884e-31
1.03333 -5.33368e-31 -1.2962e-33 2.45691e-30
1.0375 -1.7017e-30 -4.1995e-33 7.79296e-30
1.04167 -5.37542e-30 -1.34653e-32 2.44729e-29
1.04583 -1.68122e-29 -4.27316e-32 7.60944e-29
1.05 -5.20643e-29 -1.34222e-31 2.34271e-28
1.05417 -1.5965e-28 -4.17309e-31 7.14163e-28
1.05833 -4.84758e-28 -1.28432e-30 2.15577e-27
1.0625 -1.45755e-27 -3.91283e-30 6.44388e-27
1.06667 -4.33986e-27 -1.18013e-29 1.90741e-26
1.07083 -1.27966e-26 -3.52374e-29 5.5912e-26
1.075 -3.73675e-26 -1.04168e-28 1.62309e-25
1.07917 -1.08064e-25 -3.04888e-28 4.66623e-25
1.08333 -3.09509e-25 -8.83553e-28 1.32858e-24
1.0875 -8.7796e-25 -2.5353e-27 3.74646e-24
1.09167 -2.4666e-24 -7.20353e-27 1.04633e-23
1.09583 -6.86366e-24 -2.02672e-26 2.89434e-23
1.1 -1.89171e-23 -5.64661e-26 7.92985e-23
1.10417 -5.16419e-23 -1.55791e-25 2.15192e-22
1.10833 -1.3964e-22 -4.25662e-25 5.78418e-22
1.1125 -3.74009e-22 -1.15178e-24 1.53999e-21
1.11667 -9.92268e-22 -3.08653e-24 4.0613e-21
1.12083 -2.60769e-21 -8.19169e-24 1.06093e-20
1.125 -6.78847e-21 -2.15322e-23 2.7453e-20
1.12917 -1.75057e-20 -5.60566e-23 7.03687e-20
1.13333 -4.47185e-20 -1.44542e-22 1.78675e-19
1.1375 -1.13161e-19 -3.69149e-22 4.49411e-19
1.14167 -2.83673e-19 -9.33797e-22 1.11976e-18
1.14583 -7.04448e-19 -2.33968e-21 2.76384e-18
1.15 -1.73299e-18 -5.80654e-21 6.75784e-18
1.15417 -4.2234e-18 -1.42739e-20 1.63687e-17
1.15833 -1.01965e-17 -3.47564e-20 3.92765e-17
1.1625 -2.4387e-17 -8.383e-20 9.33613e-17
1.16667 -5.77821e-17 -2.00281e-19 2.19845e-16
1.17083 -1.35629e-16 -4.73978e-19 5.12838e-16
1.175 -3.15381e-16 -1.11111e-18 1.18511e-15
1.17917 -7.26513e-16 -2.58012e-18 2.71303e-15
1.18333 -1.65796e-15 -5.93477e-18 6.15264e-15
1.1875 -3.74824e-15 -1.35223e-17 1.38223e-14
1.19167 -8.39458e-15 -3.05199e-17 3.07613e-14
1.19583 -1.86246e-14 -6.82331e-17 6.78164e-14
1.2 -4.09342e-14 -1.51108e-16 1.48103e-13
1.20417 -8.91239e-14 -3.31479e-16 3.20398e-13
1.20833 -1.92223e-13 -7.20277e-16 6.866e-13
1.2125 -4.10688e-13 -1.55029e-15 1.45747e-12
1.21667 -8.69178e-13 -3.30513e-15 3.0646e-12
1.22083 -1.82217e-12 -6.97951e-15 6.38284e-12
1.225 -3.78391e-12 -1.45987e-14 1.31678e-11
1.22917 -7.78323e-12 -3.02445e-14 2.69067e-11
1.23333 -1.58574e-11 -6.20606e-14 5.4456e-11
1.2375 -3.2e-11 -1.26128e-13 1.09159e-10
1.24167 -6.39586e-11 -2.53879e-13 2.16712e-10
1.24583 -1.2661e-10 -5.06112e-13 4.26097e-10
1.25 -2.48221e-10 -9.99216e-13 8.29696e-10
1.25417 -4.81949e-10 -1.95367e-12 1.59992e-09
1.25833 -9.26695e-10 -3.78278e-12 3.05512e-09
1.2625 -1.76453e-09 -7.25302e-12 5.77688e-09
1.26667 -3.32703e-09 -1.37708e-11 1.08161e-08
1.27083 -6.21159e-09 -2.58891e-11 2.00513e-08
1.275 -1.14827e-08 -4.81913e-11 3.6803e-08
1.27917 -2.10164e-08 -8.88167e-11 6.68759e-08
1.28333 -3.80822e-08 -1.62059e-10 1.20303e-07
1.2875 -6.83135e-08 -2.92738e-10 2.14228e-07
1.29167 -1.21307e-07 -5.23464e-10 3.77607e-07
1.29583 -2.13221e-07 -9.26553e-10 6.58773e-07
1.3 -3.70943e-07 -1.6233e-09 1.13745e-06
1.30417 -6.38681e-07 -2.81476e-09 1.94352e-06
1.30833 -1.08824e-06 -4.8302e-09 3.28605e-06
1.3125 -1.8348e-06 -8.20226e-09 5.49724e-06
1.31667 -3.06083e-06 -1.37819e-08 9.09825e-06
1.32083 -5.0516e-06 -2.29113e-08 1.48959e-05
1.325 -8.24731e-06 -3.76803e-08 2.41226e-05
1.32917 -1.3318e-05 -6.12992e-08 3.86346e-05
1.33333 -2.12696e-05 -9.86328e-08 6.11881e-05
1.3375 -3.359e-05 -1.5695e-07 9.58157e-05
1.34167 -5.24486e-05 -2.46953e-07 0.000148327
1.34583 -8.0959e-05 -3.84171e-07 0.000226959
1.35 -0.000123518 -5.90774e-07 0.000343198
1.35417 -0.000186234 -8.97917e-07 0.000512779
1.35833 -0.000277436 -1.34863e-06 0.000756862
1.3625 -0.000408279 -2.00127e-06 0.00110334
1.36667 -0.000593393 -2.9335e-06 0.00158821
1.37083 -0.000851561 -4.24658e-06 0.00225683
1.375 -0.00120632 -6.06955e-06 0.00316489
1.37917 -0.0016864 -8.56297e-06 0.00437879
1.38333 -0.00232577 -1.19211e-05 0.005975
1.3875 -0.00316327 -1.63715e-05 0.00803795
1.39167 -0.00424128 -2.21714e-05 0.010656
1.39583 -0.00560357 -2.95977e-05 0.0139151
1.4 -0.00729173 -3.89306e-05 0.0178889
1.40417 -0.00934022 -5.04288e-05 0.0226274
1.40833 -0.01177 -6.42955e-05 0.0281408
1.4125 -0.0145809 -8.06344e-05 0.0343833
1.41667 -0.0177426 -9.93986e-05 0.0412349
1.42083 -0.0211867 -0.000120335 0.0484856
1.425 -0.0247982 -0.000142929 0.0558234
1.42917 -0.028411 -0.00016636 0.0628302
1.43333 -0.0318064 -0.00018947 0.0689896
1.4375 -0.0347187 -0.000210772 0.0737079
1.44167 -0.0368469 -0.000228488 0.0763524
1.44583 -0.0378759 -0.000240644 0.0763059
1.45 -0.0375045 -0.000245215 0.073035
1.45417 -0.0354811 -0.00024032 0.066166
1.45833 -0.0316413 -0.000224454 0.0555603
1.4625 -0.0259445 -0.000196734 0.041375
1.46667 -0.0185022 -0.000157125 0.0240981
1.47083 -0.00959182 -0.000106606 0.00454332
1.475 0.000350641 -4.7233e-05 -0.0162044
1.47917 0.0107625 1.7945e-05 -0.0368949
1.48333 0.0210123 8.51246e-05 -0.0562653
1.4875 0.0304792 0.000150157 -0.0732232
1.49167 0.038646 0.000209088 -0.0870328
1.49583 0.04519 0.000258762 -0.0974728
1.5 0.0500566 0.00029741 -0.104928
1.50417 0.0534971 0.000325088 -0.110388
1.50833 0.0560562 0.000343879 -0.115323
1.5125 0.0585016 0.000357749 -0.121458
1.51667 0.0616976 0.000372027 -0.130439
1.52083 0.0664364 0.00039253 -0.143469
1.525 0.0732532 0.000424432 -0.160953
1.52917 0.0822561 0.000471039 -0.182235
1.53333 0.093008 0.000532704 -0.205489
1.5375 0.104489 0.000606088 -0.227804
1.54167 0.115157 0.000683971 -0.245472
1.54583 0.123115 0.000755714 -0.254456
1.55 0.12635 0.000808388 -0.250954
1.55417 0.123027 0.000828421 -0.231994
1.55833 0.111778 0.000803543 -0.195936
1.5625 0.0919404 0.000724723 -0.142815
1.56667 0.0637137 0.000587772 -0.0744713
1.57083 0.0281959 0.000394373 0.00555862
1.575 -0.0126881 0.000152361 0.0923448
1.57917 -0.0563569 -0.000124773 0.180018
1.58333 -0.0998118 -0.000419039 0.262307
1.5875 -0.13991 -0.000709623 0.333092
1.59167 -0.173644 -0.00097482 0.386945
1.59583 -0.198408 -0.00119405 0.419619
1.6 -0.212231 -0.00134977 0.428464
1.60417 -0.213983 -0.00142917 0.412758
1.60833 -0.203518 -0.00142551 0.373891
1.6125 -0.181755 -0.00133905 0.315359
1.61667 -0.150642 -0.00117736 0.24249
1.62083 -0.112996 -0.000954882 0.161892
1.625 -0.0722 -0.000691583 0.080638
1.62917 -0.0317829 -0.000410803 0.00531516
1.63333 0.00506364 -0.000136384 -0.0588964
1.6375 0.0359242 0.000110446 -0.10889
1.64167 0.0594593 0.000313859 -0.143867
1.64583 0.0754774 0.000465261 -0.165055
1.65 0.0847502 0.000563684 -0.174975
1.65417 0.0886166 0.000614597 -0.176466
1.65833 0.0884901 0.000627404 -0.171775
1.6625 0.0854235 0.000612331 -0.161996
1.66667 0.079873 0.000577592 -0.147066
1.67083 0.0717422 0.000527712 -0.126298
1.675 0.0606852 0.000463497 -0.0992526
1.67917 0.0465526 0.000383629 -0.0665957
1.68333 0.0297994 0.000287237 -0.0305755
1.6875 0.0116786 0.000176465 0.00511469
1.69167 -0.00588135 5.79602e-05 0.0360964
1.69583 -0.0206973 -5.73662e-05 0.058445
1.7 -0.0309119 -0.0001564 0.0698012
1.70417 -0.0355244 -0.000227057 0.0700377
1.70833 -0.0346725 -0.000261594 0.0612221
1.7125 -0.0295518 -0.000258833 0.0468823
1.71667 -0.0220029 -0.000224481 0.0308549
1.72083 -0.0139216 -0.000169424 0.0161551
1.725 -0.00671612 -0.000106592 0.0042915
1.72917 -0.00101282 -4.75097e-05 -0.00474894
1.73333 0.00329691 3.06715e-07 -0.0119039
1.7375 0.0067218 3.42963e-05 -0.0181426
1.74167 0.00971903 5.60124e-05 -0.0237037
1.74583 0.0123406 6.90378e-05 -0.0278152
1.75 0.0141391 7.66288e-05 -0.0290178
1.75417 0.0143712 8.00761e-05 -0.02593
1.75833 0.0124 7.83941e-05 -0.0180962
1.7625 0.00810566 6.93464e-05 -0.00651355
1.76667 0.00210918 5.12503e-05 0.00642238
1.77083 -0.00430507 2.46926e-05 0.0175656
1.775 -0.00955217 -6.64901e-06 0.0240213
1.77917 -0.0122592 -3.65056e-05 0.0241179
1.78333 -0.0117308 -5.77246e-05 0.017986
1.7875 -0.00819395 -6.45883e-05 0.00753499
1.79167 -0.00273349 -5.48985e-05 -0.00415111
1.79583 0.00305128 -3.10365e-05 -0.0137793
1.8 0.00754577 4.44925e-07 -0.018844
1.80417 0.00960545 3.06453e-05 -0.0183365
1.80833 0.00887361 5.10007e-05 -0.0129572
1.8125 0.0058399 5.59575e-05 -0.00478906
1.81667 0.00163384 4.4723e-05 0.00344401
1.82083 -0.00237069 2.14705e-05 0.00928326
1.825 -0.00500726 -6.10716e-06 0.0113051
1.82917 -0.00567557 -2.94048e-05 0.00949787
1.83333 -0.00448759 -4.17492e-05 0.00511892
1.8375 -0.00215401 -4.04527e-05 9.74361e-05
1.84167 0.000340737 -2.73561e-05 -0.00377324
1.84583 0.00214217 -7.74084e-06 -0.00551266
1.85 0.00283849 1.18499e-05 -0.00521026
1.85417 0.00254979 2.59359e-05 -0.00376484
1.85833 0.00176403 3.16454e-05 -0.00226436
1.8625 0.00101522 2.90096e-05 -0.00135219
1.86667 0.000582154 2.01581e-05 -0.000935428
1.87083 0.000376 8.05692e-06 -0.000397803
1.875 7.76375e-05 -4.49676e-06 0.000822693
1.87917 -0.000564602 -1.5239e-05 0.00266952
1.88333 -0.00147275 -2.23054e-05 0.00431432
1.8875 -0.00220009 -2.40949e-05 0.00457623
1.89167 -0.00217197 -1.95765e-05 0.00270657
1.89583 -0.00108058 -9.0447e-06 -0.000945778
1.9 0.000814747 5.18491e-06 -0.00486508
1.90417 0.00270384 1.88559e-05 -0.00704777
1.90833 0.00360417 2.7017e-05 -0.00611332
1.9125 0.00291631 2.61079e-05 -0.00220668
1.91667 0.000831171 1.58797e-05 0.00289733
1.92083 -0.0016839 -2.51009e-09 0.00664359
1.925 -0.00335977 -1.5261e-05 0.00707725
1.92917 -0.00331757 -2.3759e-05 0.00396707
1.93333 -0.00157938 -2.23628e-05 -0.00101639
1.9375 0.000919014 -1.23849e-05 -0.00521762
1.94167 0.00284355 1.20132e-06 -0.00649454
1.94583 0.00321435 1.23541e-05 -0.00441252
1.95 0.00194948 1.69198e-05 -0.000417514
1.95417 -0.000126187 1.43345e-05 0.00310397
1.95833 -0.00180608 7.24203e-06 0.00427895
1.9625 -0.00222876 -5.34003e-07 0.00280418
1.96667 -0.00135317 -6.2881e-06 -3.34629e-05
1.97083 0.00010126 -9.60483e-06 -0.00232585
1.975 0.00118092 -1.18871e-05 -0.0028146
1.97917 0.00132262 -1.48794e-05 -0.00160963
1.98333 0.000660346 -1.94569e-05 8.43161e-05
1.9875 -0.000166924 -2.56327e-05 0.000968065
1.99167 -0.000535227 -3.37243e-05 0.000611861
1.99583 -0.000290452 -4.56683e-05 -0.000320864
2 0.000190742 -6.53164e-05 -0.000721577
2.00417 0.000359871 -9.7304e-05 -2.44e-05
2.00833 -1.73886e-05 -0.000145223 0.00126087
2.0125 -0.000638691 -0.000210463 0.00191955
2.01667 -0.000895112 -0.00029267 0.00104901
2.02083 -0.00038778 -0.000391564 -0.00107281
2.025 0.00067603 -0.000508675 -0.00300318
2.02917 0.00154807 -0.000647377 -0.00312386
2.03333 0.00146528 -0.000810611 -0.000923431
2.0375 0.000267622 -0.000997262 0.0024118
2.04167 -0.00137274 -0.00119923 0.00464535
2.04583 -0.00233819 -0.0014009 0.00402272
2.05 -0.00184227 -0.00158125 0.000622183
2.05417 -4.93001e-05 -0.00171724 -0.00350598
2.05833 0.00194317 -0.00178652 -0.00562598
2.0625 0.00280475 -0.00176838 -0.00420267
2.06667 0.00189796 -0.00164388 -5.98331e-05
2.07083 -0.000227495 -0.00139695 0.00407164
2.075 -0.00215658 -0.00101833 0.00537796
2.07917 -0.00256017 -0.000511887 0.00291701
2.08333 -0.00112429 9.90569e-05 -0.00168387
2.0875 0.00120545 0.000769065 -0.00531776
2.09167 0.00285806 0.00143403 -0.00553877
2.09583 0.00271863 0.00202061 -0.00225025
2.1 0.00089765 0.00245905 0.00225624
2.10417 -0.00135799 0.00269555 0.00493397
2.10833 -0.0025474 0.00270149 0.00411243
2.1125 -0.00195949 0.00247829 0.000606493
2.11667 -0.000135549 0.00205846 -0.00296169
2.12083 0.00156466 0.00150307 -0.00409236
2.125 0.00195801 0.000895424 -0.00216589
2.12917 0.000863616 0.000329895 0.00122606
2.13333 -0.000826823 -0.00010349 0.00355063
2.1375 -0.00185085 -0.000336222 0.00320759
2.14167 -0.00150401 -0.000335112 0.000614068
2.14583 -0.000108918 -0.000107557 -0.0022447
2.15 0.00129085 0.000304293 -0.00337332
2.15417 0.00173993 0.000838533 -0.00221179
2.15833 0.00105436 0.00143165 9.3424e-05
2.1625 -0.000117843 0.00203246 0.00170638
2.16667 -0.000857625 0.00260671 0.00154191
2.17083 -0.000688036 0.00313178 4.00935e-06
2.175 0.000112619 0.0035855 -0.00148443
2.17917 0.000804309 0.00393576 -0.00169685
2.18333 0.000809231 0.00413672 -0.000552661
2.1875 0.0001524 0.00413433 0.000928249
2.19167 -0.000614384 0.00387978 0.00155421
2.19583 -0.000905617 0.0033459 0.000959946
2.2 -0.00058478 0.00253988 -0.000147028
2.20417 -4.34776e-05 0.00150671 -0.000653418
2.20833 0.000165141 0.000320492 -2.17058e-05
2.2125 -0.000187949 -0.000933859 0.00125
2.21667 -0.000814688 -0.00218189 0.00206421
2.22083 -0.00116381 -0.0033743 0.00167229
2.225 -0.000898177 -0.00448756 0.000328248
2.22917 -0.000189337 -0.00550884 -0.000903458
2.23333 0.000419086 -0.00641183 -0.00102904
2.2375 0.000465497 -0.0071363 3.40537e-05
2.24167 -3.59115e-05 -0.00758424 0.00135519
2.24583 -0.000590688 -0.00763877 0.00172211
2.25 -0.000619054 -0.0072008 0.000622903
2.25417 6.6017e-05 -0.00622884 -0.00131037
2.25833 0.0010836 -0.00476439 -0.00275753
2.2625 0.00175798 -0.00293208 -0.00271469
2.26667 0.0016301 -0.000915244 -0.00126535
2.27083 0.000809149 0.00108129 0.000479562
2.275 -0.000108495 0.00286569 0.00122608
2.27917 -0.000490455 0.00428072 0.000478633
2.28333 -0.000143726 0.00521264 -0.0010872
2.2875 0.000546898 0.00559501 -0.00213992
2.29167 0.000920041 0.00541562 -0.00170582
2.29583 0.000549563 0.00472634 7.79226e-05
2.3 -0.000418087 0.00364741 0.00203406
2.30417 -0.00135462 0.00235436 0.00279502
2.30833 -0.00160515 0.00104398 0.00181315
2.3125 -0.000974985 -0.000111092 -0.000211173
2.31667 0.000111591 -0.000999073 -0.00181259
2.32083 0.00090516 -0.00157954 -0.00182358
2.325 0.000873199 -0.00186495 -0.00024974
2.32917 9.75538e-05 -0.00188881 0.00170064
2.33333 -0.000772641 -0.00168426 0.00249228
2.3375 -0.000995592 -0.00128715 0.00142875
2.34167 -0.000301609 -0.000756759 -0.000762409
2.34583 0.000876504 -0.00018937 -0.00241041
2.35 0.0017039 0.000297446 -0.00214528
2.35417 0.00157654 0.000609705 1.40225e-05
2.35833 0.000614972 0.000723206 0.00259683
2.3625 -0.000379559 0.000694012 0.00376908
2.36667 -0.000510969 0.000616983 0.00278753
2.37083 0.000512363 0.000555437 0.0006741
2.375 0.00212007 0.00049322 -0.000495103
2.37917 0.00330561 0.000351405 0.000793791
2.38333 0.00343713 6.58685e-05 0.00423584
2.3875 0.00281356 -0.00032945 0.00787648
2.39167 0.00248663 -0.000683778 0.00966484
2.39583 0.0034441 -0.000805165 0.00918631
2.4 0.00579205 -0.000588824 0.00813127
2.40417 0.00862139 -0.000107271 0.00902347
2.40833 0.0107143 0.000412156 0.013173
2.4125 0.0115452 0.000719002 0.0195362
2.41667 0.0117458 0.000693713 0.0254917
2.42083 0.0126087 0.000414097 0.0289615
2.425 0.0149994 8.58069e-05 0.0301292
2.42917 0.0185729 -0.000109102 0.0312701
2.43333 0.0219718 -0.000128684 0.0347669
2.4375 0.0238734 -6.57874e-05 0.0409499
2.44167 0.0240193 -3.54345e-05 0.0476139
2.44583 0.0233441 -5.90769e-05 0.0516762
2.45 0.0230739 -5.04924e-05 0.0516004
2.45417 0.0235533 8.40331e-05 0.0485109
2.45833 0.0238207 0.000325201 0.0450149
2.4625 0.0223251 0.000519239 0.04273
2.46667 0.0181915 0.00049067 0.0406718
2.47083 0.0119491 0.000200421 0.0359439
2.475 0.00508539 -0.000192291 0.0261776
2.47917 -0.00119342 -0.000432925 0.0116219
2.48333 -0.00691591 -0.000366311 -0.00493837
2.4875 -0.0131744 -6.31089e-05 -0.0203733
2.49167 -0.0209784 0.00023223 -0.0336018
2.49583 -0.0301446 0.000293248 -0.0461074
2.5 -0.039215 8.46403e-05 -0.0601566
2.50417 -0.0464937 -0.000225281 -0.0763341
2.50833 -0.0513105 -0.000415681 -0.0926051
2.5125 -0.0544254 -0.000392137 -0.105751
2.51667 -0.0572454 -0.0002423 -0.113917
2.52083 -0.0605709 -0.000134418 -0.118048
2.525 -0.063975 -0.000163754 -0.120975
2.52917 -0.0663324 -0.000286327 -0.125018
2.53333 -0.0669741 -0.000385474 -0.130218
2.5375 -0.0663984 -0.000391363 -0.134672
2.54167 -0.0658831 -0.000336176 -0.13654
2.54583 -0.066335 -0.000304487 -0.135801
2.55 -0.0673814 -0.000343413 -0.13414
2.55417 -0.0674765 -0.000424846 -0.133069
2.55833 -0.06489 -0.000485034 -0.132005
2.5625 -0.058707 -0.000485451 -0.127993
2.56667 -0.0490185 -0.000429948 -0.117343
2.57083 -0.0362611 -0.000335651 -0.0977579
2.575 -0.0204213 -0.000208743 -0.0692471
2.57917 -0.00090895 -5.8054e-05 -0.0332792
2.58333 0.0227429 8.22185e-05 0.00878232
2.5875 0.0499481 0.000170435 0.0563968
2.59167 0.0787145 0.000211944 0.109048
2.59583 0.106177 0.000281423 0.164711
2.6 0.129596 0.000460302 0.219062
2.60417 0.147071 0.000733437 0.266253
2.60833 0.15755 0.000959897 0.300779
2.6125 0.160349 0.000978212 0.319091
2.61667 0.154788 0.000763186 0.319967
2.62083 0.140373 0.000472898 0.303721
2.625 0.117403 0.000316373 0.271252
2.62917 0.0874671 0.000357792 0.223873
2.63333 0.0533449 0.000455365 0.163972
2.6375 0.0183001 0.000407357 0.0957557
2.64167 -0.0147749 0.000162827 0.0251293
2.64583 -0.0438238 -0.000120046 -0.0414781
2.65 -0.0675171 -0.000229493 -0.0987027
2.65417 -0.0848618 -0.000105927 -0.143251
2.65833 -0.0950106 0.000115394 -0.17381
2.6625 -0.0974989 0.000257047 -0.190219
2.66667 -0.0926928 0.000269668 -0.192756
2.67083 -0.0819856 0.000237827 -0.182152
2.675 -0.0674686 0.000239388 -0.16018
2.67917 -0.0512512 0.000242188 -0.130054
2.68333 -0.0349029 0.000159971 -0.0960079
2.6875 -0.0193717 -1.81874e-05 -0.0621555
2.69167 -0.00530603 -0.000203809 -0.0313754
2.69583 0.00662545 -0.000328171 -0.00499464
2.7 0.0157554 -0.000444627 0.0166495
2.70417 0.0217441 -0.000659829 0.033396
2.70833 0.0248523 -0.000960088 0.0449407
2.7125 0.0258479 -0.00116031 0.051185
2.71667 0.0255716 -0.00107866 0.0527511
2.72083 0.0244949 -0.00075524 0.0510019
2.725 0.0225902 -0.000441243 0.0474052
2.72917 0.0195599 -0.000334498 0.042719
2.73333 0.0151965 -0.000353165 0.0366752
2.7375 0.00960901 -0.000227402 0.0284343
2.74167 0.0032136 0.000173046 0.0174701
2.74583 -0.00341869 0.00065306 0.00424461
2.75 -0.00969774 0.000882498 -0.00975845
2.75417 -0.0150383 0.000757345 -0.0225815
2.75833 -0.0188 0.000511023 -0.0324779
2.7625 -0.0202733 0.000440028 -0.0382809
2.76667 -0.0188499 0.000566484 -0.0393384
2.77083 -0.0143878 0.000637367 -0.0353067
2.775 -0.0075607 0.000452861 -0.0262302
2.77917 0.000132569 0.00011769 -0.0130268
2.78333 0.00686064 -8.90707e-05 0.00204769
2.7875 0.0112163 -5.3289e-05 0.0156304
2.79167 0.0127246 5.37572e-05 0.0244267
2.79583 0.0117576 1.54576e-05 0.0267209
2.8 0.00902714 -0.000148981 0.0231222
2.80417 0.00518745 -0.000226043 0.0159359
2.80833 0.000877241 -0.000107584 0.00768901
2.8125 -0.00303592 5.66855e-05 3.82867e-05
2.81667 -0.00553175 6.23027e-05 -0.00619974
2.82083 -0.00599115 -6.19653e-05 -0.0103693
2.825 -0.00474231 -7.54775e-05 -0.0117421
2.82917 -0.00295332 0.000157989 -0.0101579
2.83333 -0.0018126 0.000477697 -0.00674538
2.8375 -0.00167961 0.000625881 -0.00360203
2.84167 -0.00196345 0.000586007 -0.00236019
2.84583 -0.00178359 0.00060533 -0.0028802
2.85 -0.000733529 0.000856842 -0.00338833
2.85417 0.000927807 0.00118305 -0.00202801
2.85833 0.00265999 0.00127117 0.0015744
2.8625 0.00404962 0.00104121 0.00607659
2.86667 0.00483151 0.000738724 0.00951551
2.87083 0.00467991 0.000610847 0.0105569
2.875 0.00321336 0.000597611 0.0088867
2.87917 0.00035661 0.000443942 0.0048334
2.88333 -0.00327985 6.5704e-05 -0.000971189
2.8875 -0.00644355 -0.000335047 -0.00744665
2.89167 -0.00778833 -0.000552006 -0.0128249
2.89583 -0.00658819 -0.000646162 -0.0149868
2.9 -0.00316486 -0.000825547 -0.0124825
2.90417 0.00122117 -0.00111951 -0.00559539
2.90833 0.00495435 -0.00133024 0.00339346
2.9125 0.00680226 -0.00133398 0.0110836
2.91667 0.00638876 -0.0012753 0.014561
2.92083 0.00415095 -0.00133996 0.0127994
2.925 0.000921767 -0.0014322 0.00699932
2.92917 -0.00243298 -0.00127545 -0.000301362
2.93333 -0.00506385 -0.000852774 -0.00663196
2.9375 -0.00610281 -0.000541161 -0.010468
2.94167 -0.00496299 -0.000655403 -0.0111752
2.94583 -0.00192497 -0.000985631 -0.00862043
2.95 0.00165041 -0.00103218 -0.00328539
2.95417 0.00401671 -0.000709515 0.00319949
2.95833 0.00423849 -0.000547889 0.00815047
2.9625 0.00278165 -0.00100992 0.00921721
2.96667 0.000894991 -0.00178474 0.00614823
2.97083 -0.000544018 -0.00208547 0.00113831
2.975 -0.00149193 -0.00166747 -0.00286707
2.97917 -0.0021672 -0.00121107 -0.00438911
2.98333 -0.00236361 -0.0014495 -0.00401634
2.9875 -0.00162873 -0.00212759 -0.00303499
2.99167 -6.46969e-05 -0.00222981 -0.00188954
2.99583 0.00140087 -0.00128074 -0.000227909
