0 0 0 0
0.0041625 -1.70017e-83 -2.99581e-85 7.37127e-83
0.008325 -1.97858e-70 -5.73863e-72 9.04738e-70
0.0124875 -7.26128e-63 -2.55678e-64 3.33995e-62
0.01665 -1.73247e-57 -6.53867e-59 7.9238e-57
0.0208125 -2.70035e-53 -1.02641e-54 1.22269e-52
0.024975 -7.55043e-50 -2.80041e-51 3.37807e-49
0.0291375 -6.45232e-47 -2.30146e-48 2.85022e-46
0.0333 -2.31067e-44 -7.88701e-46 1.00754e-43
0.0374625 -4.24665e-42 -1.38729e-43 1.82787e-41
0.041625 -4.59825e-40 -1.44135e-41 1.95406e-39
0.0457875 -3.23676e-38 -9.76881e-40 1.35832e-37
0.04995 -1.59284e-36 -4.64541e-38 6.6026e-36
0.0541125 -5.79142e-35 -1.63772e-36 2.37188e-34
0.058275 -1.62424e-33 -4.46734e-35 6.57405e-33
0.0624375 -3.63604e-32 -9.75371e-34 1.45476e-31
0.0666 -6.67921e-31 -1.75177e-32 2.64223e-30
0.0707625 -1.02989e-29 -2.6467e-31 4.02918e-29
0.074925 -1.35832e-28 -3.42717e-30 5.25659e-28
0.0790875 -1.55682e-27 -3.86328e-29 5.96078e-27
0.08325 -1.57154e-26 -3.84172e-28 5.95443e-26
0.0874125 -1.41339e-25 -3.40855e-27 5.30035e-25
0.091575 -1.14381e-24 -2.72482e-26 4.24622e-24
0.0957375 -8.40135e-24 -1.97936e-25 3.08798e-23
0.0999 -5.64319e-23 -1.31632e-24 2.05398e-22
0.104063 -3.48952e-22 -8.06648e-24 1.25792e-21
0.108225 -1.99815e-21 -4.58156e-23 7.13493e-21
0.112388 -1.06509e-20 -2.42429e-22 3.76774e-20
0.11655 -5.30964e-20 -1.20059e-21 1.86104e-19
0.120713 -2.48596e-19 -5.58778e-21 8.63437e-19
0.124875 -1.09727e-18 -2.45321e-20 3.77702e-18
0.129037 -4.58156e-18 -1.0194e-19 1.56313e-17
0.1332 -1.81526e-17 -4.02156e-19 6.13928e-17
0.137362 -6.84416e-17 -1.51041e-18 2.29477e-16
0.141525 -2.46195e-16 -5.41441e-18 8.18434e-16
0.145687 -8.46923e-16 -1.85685e-17 2.79174e-15
0.14985 -2.79228e-15 -6.10518e-17 9.12758e-15
0.154012 -8.84078e-15 -1.9283e-16 2.8661e-14
0.158175 -2.69305e-14 -5.86136e-16 8.6594e-14
0.162337 -7.90608e-14 -1.71751e-15 2.52163e-13
0.1665 -2.24041e-13 -4.85914e-15 7.08859e-13
0.170662 -6.13738e-13 -1.32925e-14 1.92645e-12
0.174825 -1.6275e-12 -3.5207e-14 5.0684e-12
0.178988 -4.18305e-12 -9.04014e-14 1.29256e-11
0.18315 -1.04332e-11 -2.25297e-13 3.19897e-11
0.187313 -2.52802e-11 -5.4557e-13 7.69193e-11
0.191475 -5.95704e-11 -1.28502e-12 1.79878e-10
0.195638 -1.36645e-10 -2.9468e-12 4.09504e-10
0.1998 -3.054e-10 -6.58527e-12 9.08398e-10
0.203963 -6.65629e-10 -1.43532e-11 1.9652e-09
0.208125 -1.41591e-09 -3.05373e-11 4.14954e-09
0.212288 -2.94178e-09 -6.34671e-11 8.55835e-09
0.21645 -5.97409e-09 -1.28948e-10 1.7254e-08
0.220613 -1.18664e-08 -2.56288e-10 3.40246e-08
0.224775 -2.3069e-08 -4.98617e-10 6.56725e-08
0.228938 -4.39206e-08 -9.50161e-10 1.24143e-07
0.2331 -8.19388e-08 -1.77448e-09 2.29967e-07
0.237263 -1.49876e-07 -3.24958e-09 4.17683e-07
0.241425 -2.68919e-07 -5.83839e-09 7.44208e-07
0.245588 -4.73557e-07 -1.02964e-08 1.30143e-06
0.24975 -8.18822e-07 -1.78322e-08 2.23477e-06
0.253912 -1.39081e-06 -3.03427e-08 3.76985e-06
0.258075 -2.32163e-06 -5.07474e-08 6.24995e-06
0.262238 -3.81012e-06 -8.34571e-08 1.01875e-05
0.2664 -6.15001e-06 -1.35012e-07 1.6333e-05
0.270563 -9.76702e-06 -2.14931e-07 2.57649e-05
0.274725 -1.52669e-05 -3.36822e-07 4.00046e-05
0.278888 -2.34956e-05 -5.19782e-07 6.11579e-05
0.28305 -3.56129e-05 -7.90134e-07 9.20864e-05
0.287213 -5.31797e-05 -1.18351e-06 0.000136606
0.291375 -7.82579e-05 -1.74728e-06 0.000199712
0.295538 -0.00011352 -2.54327e-06 0.000287815
0.2997 -0.000162366 -3.65071e-06 0.00040899
0.303863 -0.000229035 -5.16922e-06 0.000573207
0.308025 -0.000318712 -7.2217e-06 0.000792523
0.312188 -0.000437603 -9.95677e-06 0.00108121
0.31635 -0.00059298 -1.35505e-05 0.0014558
0.320513 -0.000793169 -1.82069e-05 0.00193494
0.324675 -0.00104746 -2.41569e-05 0.00253919
0.328838 -0.00136595 -3.16554e-05 0.00329047
0.333 -0.00175925 -4.09758e-05 0.0042114
0.337163 -0.00223811 -5.24014e-05 0.00532435
0.341325 -0.0028129 -6.62146e-05 0.00665022
0.345488 -0.00349302 -8.26818e-05 0.00820708
0.34965 -0.00428615 -0.000102037 0.0100085
0.353813 -0.00519746 -0.000124461 0.0120618
0.357975 -0.00622879 -0.000150061 0.0143665
0.362138 -0.00737775 -0.000178845 0.0169123
0.3663 -0.00863699 -0.000210704 0.0196775
0.370463 -0.00999343 -0.000245387 0.0226282
0.374625 -0.0114278 -0.000282484 0.0257167
0.378787 -0.0129141 -0.000321417 0.0288819
0.38295 -0.0144198 -0.000361427 0.0320487
0.387113 -0.015906 -0.000401579 0.0351292
0.391275 -0.0173276 -0.000440767 0.0380245
0.395437 -0.0186348 -0.000477736 0.0406261
0.3996 -0.0197735 -0.000511106 0.0428191
0.403763 -0.0206872 -0.000539409 0.0444854
0.407925 -0.0213188 -0.000561128 0.0455072
0.412087 -0.0216119 -0.000574752 0.0457709
0.41625 -0.021513 -0.000578826 0.0451712
0.420413 -0.0209736 -0.000572007 0.0436153
0.424575 -0.0199523 -0.000553121 0.0410264
0.428737 -0.0184159 -0.000521218 0.0373477
0.4329 -0.0163421 -0.000475618 0.0325456
0.437063 -0.0137204 -0.000415956 0.0266122
0.441225 -0.0105533 -0.000342218 0.019568
0.445388 -0.00685774 -0.000254763 0.0114633
0.44955 -0.00266548 -0.000154339 0.00237908
0.453713 0.00197656 -4.20893e-05 -0.0075722
0.457875 0.00700621 8.04566e-05 -0.0182474
0.462038 0.0123465 0.0002114 -0.029474
0.4662 0.0179066 0.000348504 -0.0410517
0.470363 0.0235826 0.000489226 -0.0527561
0.474525 0.02926 0.000630775 -0.0643423
0.478688 0.034815 0.000770163 -0.0755499
0.48285 0.040118 0.000904271 -0.0861092
0.487013 0.0450363 0.00102993 -0.0957479
0.491175 0.0494376 0.00114399 -0.104199
0.495338 0.0531941 0.00124341 -0.11121
0.4995 0.0561867 0.00132537 -0.116548
0.503663 0.0583093 0.0013873 -0.120014
0.507825 0.0594724 0.00142705 -0.121447
0.511988 0.0596082 0.0014429 -0.120734
0.51615 0.0586728 0.00143368 -0.117814
0.520313 0.05665 0.00139883 -0.112687
0.524475 0.053553 0.00133841 -0.105411
0.528637 0.0494251 0.00125319 -0.0961095
0.5328 0.04434 0.0011446 -0.0849642
0.536963 0.0384 0.00101475 -0.0722138
0.541125 0.0317338 0.000866354 -0.0581466
0.545288 0.0244928 0.0007027 -0.0430915
0.54945 0.0168461 0.000527526 -0.0274075
0.553613 0.00897514 0.000344922 -0.0114719
0.557775 0.00106768 0.000159194 0.0043332
0.561937 -0.00668873 -2.52719e-05 0.0196336
0.5661 -0.0141132 -0.000204161 0.034076
0.570263 -0.0210375 -0.000373371 0.0473403
0.574425 -0.0273119 -0.000529154 0.0591492
0.578588 -0.0328097 -0.000668236 0.0692773
0.58275 -0.0374311 -0.00078792 0.0775569
0.586913 -0.0411055 -0.000886165 0.083882
0.591075 -0.0437931 -0.000961637 0.0882086
0.595237 -0.0454849 -0.00101373 0.0905539
0.5994 -0.0462011 -0.00104255 0.0909918
0.603563 -0.0459891 -0.00104888 0.0896474
0.607725 -0.0449204 -0.00103412 0.0866891
0.611888 -0.0430861 -0.00100022 0.0823199
0.61605 -0.0405928 -0.000949524 0.0767678
0.620213 -0.0375575 -0.000884717 0.0702757
0.624375 -0.0341031 -0.000808675 0.0630924
0.628538 -0.0303533 -0.000724358 0.0554627
0.6327 -0.0264287 -0.000634698 0.0476203
0.636862 -0.0224427 -0.0005425 0.0397801
0.641025 -0.0184985 -0.000450354 0.0321336
0.645188 -0.0146867 -0.000360572 0.0248443
0.64935 -0.0110836 -0.000275127 0.0180457
0.653513 -0.00775027 -0.000195634 0.0118402
0.657675 -0.00473224 -0.000123324 0.00629969
0.661838 -0.00205999 -5.9057e-05 0.00146669
0.666 0.000250179 -3.33334e-06 -0.0026429
0.670162 0.0021948 4.36738e-05 -0.00603674
0.674325 0.00378155 8.20803e-05 -0.00874244
0.678488 0.00502743 0.000112246 -0.0108037
0.68265 0.00595678 0.000134725 -0.0122761
0.686813 0.00659935 0.00015022 -0.013224
0.690975 0.00698845 0.00015953 -0.0137161
0.695138 0.00715924 0.00016351 -0.013823
0.6993 0.00714722 0.000163031 -0.0136141
0.703462 0.00698698 0.000158944 -0.0131556
0.707625 0.00671119 0.000152058 -0.0125089
0.711788 0.00634982 0.000143115 -0.0117291
0.71595 0.00592963 0.000132778 -0.0108644
0.720113 0.00547382 0.000121623 -0.00995597
0.724275 0.00500201 0.000110133 -0.00903765
0.728438 0.00453019 9.87032e-05 -0.00813639
0.7326 0.00407097 8.76407e-05 -0.00727275
0.736762 0.00363381 7.7175e-05 -0.00646149
0.740925 0.00322537 6.74648e-05 -0.00571234
0.745088 0.00284991 5.86081e-05 -0.00503081
0.74925 0.00250966 5.06525e-05 -0.00441887
0.753413 0.00220517 4.36043e-05 -0.00387579
0.757575 0.00193576 3.74385e-05 -0.00339875
0.761738 0.00169976 3.21069e-05 -0.00298349
0.7659 0.00149485 2.75454e-05 -0.0026248
0.770062 0.00131829 2.36805e-05 -0.00231695
0.774225 0.00116713 2.04341e-05 -0.00205405
0.778388 0.00103838 1.77282e-05 -0.00183031
0.78255 0.000929108 1.5487e-05 -0.00164025
0.786713 0.00083656 1.36398e-05 -0.00147879
0.790875 0.000758195 1.21223e-05 -0.00134137
0.795038 0.000691731 1.08768e-05 -0.00122397
0.7992 0.000635157 9.85325e-06 -0.00112312
0.803363 0.00058673 9.00849e-06 -0.00103586
0.807525 0.000544967 8.30625e-06 -0.000959725
0.811688 0.000508622 7.71644e-06 -0.000892695
0.81585 0.000476667 7.21453e-06 -0.00083313
0.820013 0.000448263 6.78082e-06 -0.000779728
0.824175 0.000422736 6.39979e-06 -0.000731463
0.828338 0.000399551 6.05936e-06 -0.000687541
0.8325 0.000378288 5.75033e-06 -0.000647352
0.836663 0.000358624 5.46583e-06 -0.000610432
0.840825 0.00034031 5.20081e-06 -0.000576427
0.844988 0.000323159 4.95165e-06 -0.000545067
0.84915 0.000307032 4.71582e-06 -0.00051614
0.853313 0.000291824 4.49162e-06 -0.000489474
0.857475 0.000277458 4.27793e-06 -0.000464924
0.861638 0.000263879 4.07406e-06 -0.000442358
0.8658 0.000251041 3.87958e-06 -0.00042165
0.869963 0.000238912 3.69425e-06 -0.000402676
0.874125 0.000227464 3.51792e-06 -0.000385313
0.878287 0.000216672 3.35051e-06 -0.000369429
0.88245 0.000206515 3.19191e-06 -0.000354893
0.886613 0.000196968 3.04203e-06 -0.00034157
0.890775 0.000188011 2.90071e-06 -0.000329322
0.894938 0.000179618 2.76779e-06 -0.000318012
0.8991 0.000171766 2.64304e-06 -0.000307508
0.903263 0.000164428 2.52621e-06 -0.000297679
0.907425 0.000157577 2.41701e-06 -0.000288401
0.911587 0.000151188 2.31514e-06 -0.000279561
0.91575 0.000145232 2.2203e-06 -0.000271052
0.919913 0.000139684 2.13218e-06 -0.00026278
0.924075 0.00013452 2.0505e-06 -0.000254662
0.928238 0.000129717 1.97503e-06 -0.000246623
0.9324 0.000125255 1.90556e-06 -0.000238604
0.936563 0.000121117 1.84196e-06 -0.000230552
0.940725 0.000117293 1.7842e-06 -0.000222425
0.944887 0.000113774 1.73231e-06 -0.000214187
0.94905 0.000110558 1.68644e-06 -0.000205809
0.953213 0.000107648 1.64688e-06 -0.000197264
0.957375 0.000105054 1.61402e-06 -0.000188528
0.961538 0.000102792 1.5884e-06 -0.000179572
0.9657 0.000100885 1.57071e-06 -0.000170368
0.969863 9.93625e-05 1.56182e-06 -0.000160879
0.974025 9.82617e-05 1.56273e-06 -0.000151061
0.978188 9.76268e-05 1.57461e-06 -0.000140858
0.98235 9.7509e-05 1.59883e-06 -0.000130205
0.986513 9.79665e-05 1.6369e-06 -0.000119019
0.990675 9.90641e-05 1.69048e-06 -0.000107205
0.994838 0.000100873 1.76141e-06 -9.46523e-05
0.999 0.000103469 1.85166e-06 -8.12332e-05
1.00316 0.000106933 1.96331e-06 -6.68043e-05
1.00733 0.00011135 2.09856e-06 -5.12076e-05
1.01149 0.000116807 2.25966e-06 -3.42711e-05
1.01565 0.000123392 2.44889e-06 -1.58111e-05
1.01981 0.000131191 2.66853e-06 4.3648e-06
1.02398 0.000140289 2.92078e-06 2.64548e-05
1.02814 0.000150762 3.2077e-06 5.06587e-05
1.0323 0.000162681 3.53119e-06 7.71726e-05
1.03646 0.000176103 3.89285e-06 0.000106184
1.04063 0.000191073 4.29392e-06 0.000137865
1.04479 0.000207615 4.7352e-06 0.000172365
1.04895 0.000225734 5.21694e-06 0.000209805
1.05311 0.000245406 5.73874e-06 0.000250267
1.05727 0.00026658 6.29947e-06 0.000293789
1.06144 0.000289169 6.89713e-06 0.00034035
1.0656 0.000313049 7.52877e-06 0.000389871
1.06976 0.000338057 8.19041e-06 0.000442197
1.07393 0.000363984 8.87695e-06 0.000497094
1.07809 0.000390574 9.58207e-06 0.000554242
1.08225 0.000417524 1.02982e-05 0.000613224
1.08641 0.00044448 1.10166e-05 0.000673525
1.09058 0.000471041 1.1727e-05 0.000734527
1.09474 0.000496753 1.24182e-05 0.000795507
1.0989 0.000521121 1.30775e-05 0.000855634
1.10306 0.000543602 1.36911e-05 0.000913979
1.10723 0.00056362 1.42445e-05 0.00096951
1.11139 0.000580564 1.47219e-05 0.00102111
1.11555 0.000593803 1.51071e-05 0.00106758
1.11971 0.000602691 1.53836e-05 0.00110766
1.12387 0.000606577 1.55346e-05 0.00114004
1.12804 0.000604824 1.55433e-05 0.00116338
1.1322 0.000596812 1.53938e-05 0.00117633
1.13636 0.000581962 1.50707e-05 0.00117758
1.14053 0.000559743 1.45599e-05 0.00116586
1.14469 0.000529692 1.38492e-05 0.00113996
1.14885 0.000491428 1.29279e-05 0.00109879
1.15301 0.000444666 1.17882e-05 0.00104141
1.15718 0.000389231 1.04247e-05 0.000967034
1.16134 0.000325072 8.83528e-06 0.000875085
1.1655 0.000252274 7.02108e-06 0.000765212
1.16966 0.000171066 4.98697e-06 0.000637319
1.17383 8.18286e-05 2.74163e-06 0.000491588
1.17799 -1.48999e-05 2.97716e-07 0.000328498
1.18215 -0.000118424 -2.32811e-06 0.000148838
1.18631 -0.00022789 -5.11521e-06 -4.62817e-05
1.19047 -0.000342294 -8.03905e-06 -0.000255432
1.19464 -0.000460488 -1.10715e-05 -0.000476864
1.1988 -0.000581192 -1.41809e-05 -0.000708525
1.20296 -0.00070301 -1.73328e-05 -0.000948072
1.20713 -0.00082445 -2.04904e-05 -0.0011929
1.21129 -0.000943944 -2.36145e-05 -0.00144017
1.21545 -0.00105987 -2.6665e-05 -0.00168686
1.21961 -0.00117059 -2.96012e-05 -0.0019298
1.22378 -0.00127446 -3.23823e-05 -0.0021657
1.22794 -0.00136987 -3.49688e-05 -0.00239125
1.2321 -0.00145529 -3.73225e-05 -0.00260316
1.23626 -0.00152926 -3.94082e-05 -0.00279818
1.24043 -0.00159047 -4.11939e-05 -0.00297324
1.24459 -0.00163774 -4.26515e-05 -0.00312543
1.24875 -0.00167009 -4.37581e-05 -0.00325212
1.25291 -0.0016867 -4.4496e-05 -0.00335095
1.25708 -0.00168702 -4.48537e-05 -0.00341996
1.26124 -0.00167069 -4.4826e-05 -0.00345758
1.2654 -0.00163763 -4.44148e-05 -0.00346266
1.26956 -0.00158799 -4.3629e-05 -0.00343454
1.27372 -0.00152218 -4.24845e-05 -0.00337305
1.27789 -0.00144085 -4.10045e-05 -0.00327851
1.28205 -0.0013449 -3.92191e-05 -0.00315175
1.28621 -0.00123546 -3.71652e-05 -0.00299408
1.29038 -0.00111383 -3.48857e-05 -0.00280729
1.29454 -0.000981552 -3.24291e-05 -0.00259362
1.2987 -0.000840272 -2.98492e-05 -0.00235571
1.30286 -0.000691791 -2.72037e-05 -0.00209654
1.30703 -0.000537996 -2.45535e-05 -0.00181943
1.31119 -0.000380837 -2.19621e-05 -0.00152792
1.31535 -0.000222288 -1.94942e-05 -0.00122575
1.31951 -6.43173e-05 -1.72148e-05 -0.000916751
1.32368 9.11528e-05 -1.51881e-05 -0.000604832
1.32784 0.000242275 -1.34763e-05 -0.000293861
1.332 0.000387308 -1.2139e-05 1.23794e-05
1.33616 0.000524646 -1.12316e-05 0.000310258
1.34032 0.00065284 -1.08045e-05 0.000596356
1.34449 0.000770624 -1.09024e-05 0.000867523
1.34865 0.000876924 -1.15632e-05 0.00112092
1.35281 0.000970876 -1.28171e-05 0.00135406
1.35698 0.00105183 -1.46865e-05 0.00156485
1.36114 0.00111936 -1.71846e-05 0.00175159
1.3653 0.00117325 -2.03156e-05 0.00191301
1.36946 0.00121349 -2.40741e-05 0.00204828
1.37363 0.00124029 -2.84445e-05 0.00215697
1.37779 0.00125403 -3.34016e-05 0.00223907
1.38195 0.00125526 -3.89097e-05 0.00229498
1.38611 0.0012447 -4.49233e-05 0.00232543
1.39028 0.00122319 -5.13873e-05 0.00233151
1.39444 0.00119168 -5.82366e-05 0.00231461
1.3986 0.0011512 -6.53976e-05 0.00227636
1.40276 0.00110286 -7.27878e-05 0.00221862
1.40692 0.0010478 -8.03168e-05 0.0021434
1.41109 0.000987162 -8.78871e-05 0.00205284
1.41525 0.000922112 -9.5395e-05 0.00194918
1.41941 0.000853774 -0.000102731 0.00183466
1.42358 0.000783234 -0.000109782 0.00171153
1.42774 0.000711523 -0.000116431 0.001582
1.4319 0.000639599 -0.000122559 0.00144819
1.43606 0.000568341 -0.000128048 0.00131212
1.44023 0.000498537 -0.000132777 0.00117567
1.44439 0.00043088 -0.00013663 0.00104058
1.44855 0.000365965 -0.000139494 0.000908396
1.45271 0.000304287 -0.000141262 0.000780497
1.45688 0.000246241 -0.000141831 0.000658065
1.46104 0.000192127 -0.000141108 0.000542092
1.4652 0.000142152 -0.000139009 0.000433379
1.46936 9.64387e-05 -0.000135462 0.00033254
1.47352 5.50286e-05 -0.000130407 0.00024001
1.47769 1.78938e-05 -0.000123797 0.000156055
1.48185 -1.50573e-05 -0.000115602 8.07889e-05
1.48601 -4.39698e-05 -0.000105806 1.41814e-05
1.49018 -6.90341e-05 -9.44127e-05 -4.39218e-05
1.49434 -9.04766e-05 -8.14412e-05 -9.37846e-05
1.4985 -0.000108551 -6.69309e-05 -0.000135764
1.50266 -0.000123532 -5.09398e-05 -0.000170292
1.50683 -0.000135703 -3.3545e-05 -0.000197862
1.51099 -0.000145354 -1.48428e-05 -0.000219014
1.51515 -0.000152773 5.05209e-06 -0.000234315
1.51931 -0.000158241 2.60064e-05 -0.000244352
1.52348 -0.000162027 4.78697e-05 -0.000249716
1.52764 -0.000164385 7.04753e-05 -0.000250996
1.5318 -0.000165548 9.36419e-05 -0.000248764
1.53596 -0.000165731 0.000117175 -0.00024357
1.54012 -0.000165123 0.000140868 -0.000235937
1.54429 -0.000163894 0.000164506 -0.000226355
1.54845 -0.000162185 0.000187868 -0.000215277
1.55261 -0.000160118 0.000210725 -0.000203117
1.55678 -0.000157791 0.000232851 -0.000190247
1.56094 -0.000155281 0.000254017 -0.000176999
1.5651 -0.000152644 0.000274 -0.000163663
1.56926 -0.000149919 0.000292582 -0.000150492
1.57343 -0.00014713 0.000309555 -0.000137697
1.57759 -0.000144286 0.000324723 -0.000125455
1.58175 -0.000141386 0.000337904 -0.000113909
1.58591 -0.000138419 0.000348936 -0.000103171
1.59008 -0.000135366 0.000357674 -9.33253e-05
1.59424 -0.000132205 0.000363996 -8.44288e-05
1.5984 -0.000128911 0.000367804 -7.65177e-05
1.60256 -0.000125457 0.000369026 -6.9608e-05
1.60673 -0.000121816 0.000367615 -6.36986e-05
1.61089 -0.000117966 0.000363554 -5.8774e-05
1.61505 -0.000113887 0.000356854 -5.48067e-05
1.61921 -0.000109563 0.000347553 -5.1759e-05
1.62338 -0.000104984 0.000335719 -4.95858e-05
1.62754 -0.000100147 0.000321448 -4.82353e-05
1.6317 -9.5054e-05 0.000304862 -4.76517e-05
1.63586 -8.97147e-05 0.00028611 -4.77756e-05
1.64003 -8.41452e-05 0.000265362 -4.85459e-05
1.64419 -7.83682e-05 0.000242813 -4.99005e-05
1.64835 -7.24127e-05 0.000218675 -5.17771e-05
1.65251 -6.63135e-05 0.000193178 -5.41143e-05
1.65668 -6.01105e-05 0.000166564 -5.68518e-05
1.66084 -5.38481e-05 0.000139086 -5.9931e-05
1.665 -4.75743e-05 0.000111006 -6.32959e-05
1.66916 -4.134e-05 8.25883e-05 -6.68927e-05
1.67333 -3.51978e-05 5.40968e-05 -7.06707e-05
1.67749 -2.92016e-05 2.57936e-05 -7.45821e-05
1.68165 -2.34051e-05 -2.06578e-06 -7.85825e-05
1.68581 -1.78612e-05 -2.92356e-05 -8.26311e-05
1.68998 -1.26211e-05 -5.54824e-05 -8.66905e-05
1.69414 -7.73343e-06 -8.05883e-05 -9.07272e-05
1.6983 -3.24347e-06 -0.000104353 -9.47114e-05
1.70246 8.07468e-07 -0.000126597 -9.86171e-05
1.70663 4.38269e-06 -0.000147162 -0.000102423
1.71079 7.45062e-06 -0.000165912 -0.00010611
1.71495 9.98521e-06 -0.000182739 -0.000109664
1.71911 1.19662e-05 -0.000197557 -0.000113076
1.72328 1.33795e-05 -0.000210306 -0.000116338
1.72744 1.42171e-05 -0.000220953 -0.000119448
1.7316 1.44769e-05 -0.000229488 -0.000122406
1.73576 1.41633e-05 -0.000235927 -0.000125216
1.73993 1.32862e-05 -0.000240307 -0.000127885
1.74409 1.18613e-05 -0.000242688 -0.000130422
1.74825 9.90967e-06 -0.00024315 -0.000132839
1.75241 7.4571e-06 -0.000241789 -0.000135149
1.75657 4.53396e-06 -0.000238718 -0.000137368
1.76074 1.17463e-06 -0.000234063 -0.000139511
1.7649 -2.58303e-06 -0.000227962 -0.000141595
1.76906 -6.69819e-06 -0.000220558 -0.000143637
1.77323 -1.11275e-05 -0.000212005 -0.000145652
1.77739 -1.58258e-05 -0.000202458 -0.000147656
1.78155 -2.07464e-05 -0.000192073 -0.000149661
1.78571 -2.58416e-05 -0.000181006 -0.000151678
1.78988 -3.10633e-05 -0.000169411 -0.000153716
1.79404 -3.63632e-05 -0.000157436 -0.000155779
1.7982 -4.16933e-05 -0.000145223 -0.000157869
1.80236 -4.70063e-05 -0.000132906 -0.000159981
1.80653 -5.22557e-05 -0.00012061 -0.000162108
1.81069 -5.73961e-05 -0.000108452 -0.000164237
1.81485 -6.23833e-05 -9.65338e-05 -0.00016635
1.81901 -6.71748e-05 -8.49499e-05 -0.000168421
1.82317 -7.17294e-05 -7.37809e-05 -0.000170422
1.82734 -7.60076e-05 -6.30962e-05 -0.000172316
1.8315 -7.99715e-05 -5.29533e-05 -0.00017406
1.83566 -8.35851e-05 -4.33983e-05 -0.000175607
1.83983 -8.68135e-05 -3.44661e-05 -0.000176901
1.84399 -8.9624e-05 -2.6181e-05 -0.000177883
1.84815 -9.1985e-05 -1.85576e-05 -0.000178485
1.85231 -9.38667e-05 -1.16011e-05 -0.000178637
1.85648 -9.52407e-05 -5.30863e-06 -0.000178262
1.86064 -9.60801e-05 3.30237e-07 -0.000177278
1.8648 -9.63596e-05 5.33243e-06 -0.000175598
1.86896 -9.60551e-05 9.72048e-06 -0.000173134
1.87313 -9.51445e-05 1.35216e-05 -0.000169794
1.87729 -9.36069e-05 1.67669e-05 -0.000165481
1.88145 -9.14234e-05 1.94903e-05 -0.000160099
1.88561 -8.85769e-05 2.17281e-05 -0.000153552
1.88977 -8.50521e-05 2.35177e-05 -0.000145741
1.89394 -8.08363e-05 2.48975e-05 -0.00013657
1.8981 -7.5919e-05 2.59058e-05 -0.000125944
1.90226 -7.02923e-05 2.65807e-05 -0.000113772
1.90643 -6.39513e-05 2.69592e-05 -9.99657e-05
1.91059 -5.68945e-05 2.7077e-05 -8.44421e-05
1.91475 -4.91234e-05 2.69682e-05 -6.71247e-05
1.91891 -4.06437e-05 2.66651e-05 -4.79441e-05
1.92308 -3.14649e-05 2.61978e-05 -2.68393e-05
1.92724 -2.16008e-05 2.55941e-05 -3.7587e-06
1.9314 -1.10697e-05 2.48796e-05 2.13383e-05
1.93556 1.05479e-07 2.40777e-05 4.84806e-05
1.93973 1.18968e-05 2.32091e-05 7.76839e-05
1.94389 2.42713e-05 2.22925e-05 0.00010895
1.94805 3.71912e-05 2.13444e-05 0.000142265
1.95221 5.06135e-05 2.03791e-05 0.0001776
1.95638 6.44899e-05 1.94089e-05 0.000214908
1.96054 7.87677e-05 1.84445e-05 0.000254123
1.9647 9.33891e-05 1.74946e-05 0.000295162
1.96886 0.000108292 1.65667e-05 0.00033792
1.97303 0.000123409 1.56666e-05 0.000382276
1.97719 0.000138672 1.47994e-05 0.000428083
1.98135 0.000154006 1.39686e-05 0.000475178
1.98551 0.000169335 1.31773e-05 0.000523374
1.98968 0.00018458 1.24275e-05 0.000572464
1.99384 0.000199663 1.17207e-05 0.00062222
1.998 0.000214501 1.10582e-05 0.000672393
2.00216 0.000229014 1.04404e-05 0.000722715
2.00632 0.000243122 9.86789e-06 0.0007729
2.01049 0.000256745 9.34089e-06 0.000822642
2.01465 0.000269808 8.85953e-06 0.00087162
2.01881 0.000282237 8.42392e-06 0.000919497
2.02298 0.00029396 8.0342e-06 0.000965925
2.02714 0.000304915 7.69058e-06 0.00101054
2.0313 0.000315039 7.39336e-06 0.00105298
2.03546 0.000324278 7.14295e-06 0.00109286
2.03963 0.000332585 6.93993e-06 0.0011298
2.04379 0.000339917 6.78501e-06 0.00116343
2.04795 0.000346242 6.67903e-06 0.00119336
2.05211 0.000351532 6.62298e-06 0.00121923
2.05628 0.000355769 6.61798e-06 0.00124066
2.06044 0.000358941 6.66521e-06 0.00125732
2.0646 0.000361044 6.76597e-06 0.00126887
2.06876 0.000362084 6.92155e-06 0.00127498
2.07293 0.000362071 7.13328e-06 0.00127538
2.07709 0.000361024 7.40245e-06 0.00126981
2.08125 0.000358967 7.73026e-06 0.00125802
2.08541 0.00035593 8.1178e-06 0.00123982
2.08957 0.000351949 8.56599e-06 0.00121506
2.09374 0.000347063 9.07554e-06 0.00118362
2.0979 0.000341315 9.64691e-06 0.00114543
2.10206 0.00033475 1.02802e-05 0.00110045
2.10623 0.000327416 1.09753e-05 0.00104872
2.11039 0.000319361 1.17314e-05 0.000990307
2.11455 0.00031063 1.25475e-05 0.000925335
2.11871 0.000301271 1.34221e-05 0.000853986
2.12288 0.000291327 1.43529e-05 0.000776491
2.12704 0.000280839 1.53374e-05 0.000693139
2.1312 0.000269844 1.6372e-05 0.000604267
2.13536 0.000258374 1.74529e-05 0.000510266
2.13952 0.000246459 1.85753e-05 0.000411579
2.14369 0.00023412 1.97339e-05 0.000308691
2.14785 0.000221373 2.09224e-05 0.000202137
2.15201 0.000208232 2.21341e-05 9.24878e-05
2.15618 0.0001947 2.33612e-05 -1.96453e-05
2.16034 0.000180779 2.45953e-05 -0.000133621
2.1645 0.000166464 2.58273e-05 -0.00024877
2.16866 0.000151744 2.70472e-05 -0.000364401
2.17283 0.000136607 2.82445e-05 -0.000479811
2.17699 0.000121036 2.94079e-05 -0.000594281
2.18115 0.000105012 3.05253e-05 -0.000707095
2.18531 8.85153e-05 3.15843e-05 -0.000817537
2.18948 7.15254e-05 3.25718e-05 -0.000924903
2.19364 5.40234e-05 3.34743e-05 -0.0010285
2.1978 3.59923e-05 3.42779e-05 -0.00112768
2.20196 1.74188e-05 3.49685e-05 -0.00122178
2.20613 -1.70563e-06 3.55317e-05 -0.00131023
2.21029 -2.13838e-05 3.59532e-05 -0.00139246
2.21445 -4.16115e-05 3.62187e-05 -0.00146795
2.21861 -6.23761e-05 3.63141e-05 -0.00153626
2.22277 -8.36564e-05 3.62256e-05 -0.00159698
2.22694 -0.000105421 3.594e-05 -0.00164977
2.2311 -0.000127629 3.54449e-05 -0.00169435
2.23526 -0.000150227 3.47283e-05 -0.00173052
2.23943 -0.000173152 3.37798e-05 -0.00175812
2.24359 -0.00019633 3.25895e-05 -0.00177708
2.24775 -0.000219673 3.11495e-05 -0.00178739
2.25191 -0.000243086 2.94528e-05 -0.00178911
2.25608 -0.000266462 2.74946e-05 -0.00178238
2.26024 -0.000289684 2.52715e-05 -0.00176737
2.2644 -0.000312629 2.27824e-05 -0.00174435
2.26856 -0.000335164 2.00282e-05 -0.00171363
2.27273 -0.000357152 1.70119e-05 -0.00167556
2.27689 -0.000378451 1.3739e-05 -0.00163057
2.28105 -0.000398916 1.02175e-05 -0.00157911
2.28521 -0.000418401 6.45767e-06 -0.00152168
2.28938 -0.000436761 2.47251e-06 -0.00145882
2.29354 -0.000453853 -1.72252e-06 -0.00139108
2.2977 -0.000469539 -6.10939e-06 -0.00131905
2.30186 -0.000483687 -1.06676e-05 -0.00124331
2.30602 -0.000496173 -1.53741e-05 -0.00116447
2.31019 -0.000506882 -2.02037e-05 -0.00108313
2.31435 -0.000515712 -2.51288e-05 -0.000999905
2.31851 -0.000522573 -3.01201e-05 -0.000915375
2.32268 -0.000527389 -3.51462e-05 -0.000830122
2.32684 -0.000530099 -4.01741e-05 -0.000744702
2.331 -0.000530658 -4.51696e-05 -0.000659649
2.33516 -0.00052904 -5.00973e-05 -0.000575469
2.33933 -0.000525234 -5.49213e-05 -0.000492633
2.34349 -0.000519249 -5.9605e-05 -0.000411579
2.34765 -0.000511109 -6.41119e-05 -0.000332707
2.35181 -0.000500859 -6.84057e-05 -0.000256377
2.35597 -0.00048856 -7.24507e-05 -0.000182909
2.36014 -0.000474287 -7.62124e-05 -0.000112578
2.3643 -0.000458134 -7.96575e-05 -4.5621e-05
2.36846 -0.00044021 -8.27547e-05 1.77698e-05
2.37263 -0.000420635 -8.54746e-05 7.74423e-05
2.37679 -0.000399542 -8.77905e-05 0.000133285
2.38095 -0.000377077 -8.96783e-05 0.000185224
2.38511 -0.000353391 -9.11173e-05 0.000233222
2.38928 -0.000328647 -9.20898e-05 0.000277278
2.39344 -0.000303009 -9.25819e-05 0.00031742
2.3976 -0.000276649 -9.25837e-05 0.000353708
2.40176 -0.000249738 -9.20891e-05 0.000386225
2.40593 -0.00022245 -9.1096e-05 0.000415079
2.41009 -0.000194955 -8.96067e-05 0.000440398
2.41425 -0.000167423 -8.76275e-05 0.000462327
2.41841 -0.000140017 -8.51691e-05 0.000481026
2.42258 -0.000112895 -8.22462e-05 0.000496665
2.42674 -8.62077e-05 -7.88773e-05 0.000509423
2.4309 -6.0097e-05 -7.50851e-05 0.000519483
2.43506 -3.46956e-05 -7.08955e-05 0.000527034
2.43922 -1.01256e-05 -6.63382e-05 0.000532263
2.44339 1.35023e-05 -6.14455e-05 0.000535357
2.44755 3.60889e-05 -5.62528e-05 0.000536501
2.45171 5.75473e-05 -5.07978e-05 0.000535872
2.45588 7.7803e-05 -4.51201e-05 0.000533642
2.46004 9.67941e-05 -3.92609e-05 0.000529977
2.4642 0.000114471 -3.32627e-05 0.000525033
2.46836 0.000130797 -2.71687e-05 0.000518956
2.47253 0.000145747 -2.10223e-05 0.000511883
2.47669 0.000159308 -1.48671e-05 0.00050394
2.48085 0.000171476 -8.74581e-06 0.000495245
2.48501 0.000182261 -2.70039e-06 0.000485903
2.48917 0.000191679 3.2286e-06 0.000476009
2.49334 0.000199758 9.00226e-06 0.00046565
2.4975 0.000206532 1.45838e-05 0.000454901
2.50166 0.000212044 1.99387e-05 0.00044383
2.50583 0.000216342 2.50351e-05 0.000432495
2.50999 0.000219481 2.98442e-05 0.000420948
2.51415 0.000221519 3.43399e-05 0.000409231
2.51831 0.00022252 3.84997e-05 0.000397381
2.52248 0.000222548 4.23043e-05 0.000385431
2.52664 0.000221674 4.57377e-05 0.000373405
2.5308 0.000219965 4.87876e-05 0.000361326
2.53496 0.000217491 5.1445e-05 0.000349211
2.53913 0.000214325 5.37043e-05 0.000337074
2.54329 0.000210534 5.55634e-05 0.000324929
2.54745 0.000206188 5.70233e-05 0.000312783
2.55161 0.000201354 5.80879e-05 0.000300647
2.55578 0.000196097 5.87643e-05 0.000288526
2.55994 0.000190481 5.90622e-05 0.000276428
2.5641 0.000184564 5.89936e-05 0.000264358
2.56826 0.000178405 5.85731e-05 0.000252322
2.57242 0.000172057 5.78169e-05 0.000240325
2.57659 0.000165571 5.67433e-05 0.000228375
2.58075 0.000158996 5.53719e-05 0.000216478
2.58491 0.000152374 5.37236e-05 0.000204641
2.58908 0.000145747 5.18203e-05 0.000192872
2.59324 0.000139152 4.96846e-05 0.00018118
2.5974 0.000132623 4.73396e-05 0.000169573
2.60156 0.000126191 4.48087e-05 0.000158062
2.60573 0.000119883 4.21154e-05 0.000146657
2.60989 0.000113724 3.92829e-05 0.000135369
2.61405 0.000107735 3.63343e-05 0.000124209
2.61821 0.000101934 3.3292e-05 0.000113191
2.62238 9.63391e-05 3.0178e-05 0.000102325
2.62654 9.09626e-05 2.70135e-05 9.16257e-05
2.6307 8.58161e-05 2.38189e-05 8.11048e-05
2.63486 8.09087e-05 2.06135e-05 7.07754e-05
2.63903 7.62475e-05 1.7416e-05 6.06506e-05
2.64319 7.18377e-05 1.42437e-05 5.07431e-05
2.64735 6.76828e-05 1.11131e-05 4.10657e-05
2.65151 6.37844e-05 8.0397e-06 3.16307e-05
2.65568 6.01428e-05 5.03776e-06 2.24503e-05
2.65984 5.6757e-05 2.12065e-06 1.35363e-05
2.664 5.36246e-05 -6.99263e-07 4.89989e-06
2.66816 5.07418e-05 -3.41061e-06 -3.44803e-06
2.67233 4.81039e-05 -6.00294e-06 -1.14972e-05
2.67649 4.57051e-05 -8.46667e-06 -1.92378e-05
2.68065 4.35387e-05 -1.07931e-05 -2.66609e-05
2.68481 4.15968e-05 -1.29741e-05 -3.37578e-05
2.68898 3.9871e-05 -1.50027e-05 -4.05208e-05
2.69314 3.83517e-05 -1.68722e-05 -4.69425e-05
2.6973 3.7029e-05 -1.85768e-05 -5.30166e-05
2.70146 3.58918e-05 -2.01112e-05 -5.87371e-05
2.70562 3.49286e-05 -2.14708e-05 -6.40988e-05
2.70979 3.41271e-05 -2.26514e-05 -6.90971e-05
2.71395 3.34744e-05 -2.36495e-05 -7.37281e-05
2.71811 3.2957e-05 -2.4462e-05 -7.79886e-05
2.72228 3.25609e-05 -2.50865e-05 -8.18758e-05
2.72644 3.22716e-05 -2.5521e-05 -8.53876e-05
2.7306 3.20738e-05 -2.57641e-05 -8.85226e-05
2.73476 3.19521e-05 -2.58148e-05 -9.12796e-05
2.73893 3.18905e-05 -2.5673e-05 -9.36581e-05
2.74309 3.18726e-05 -2.53389e-05 -9.56582e-05
2.74725 3.18818e-05 -2.48134e-05 -9.728e-05
2.75141 3.19011e-05 -2.40983e-05 -9.85245e-05
2.75558 3.19131e-05 -2.31957e-05 -9.93925e-05
2.75974 3.19007e-05 -2.21088e-05 -9.98856e-05
2.7639 3.1846e-05 -2.08414e-05 -0.000100005
2.76806 3.17317e-05 -1.9398e-05 -9.97536e-05
2.77223 3.154e-05 -1.77842e-05 -9.91325e-05
2.77639 3.12535e-05 -1.60062e-05 -9.8144e-05
2.78055 3.08547e-05 -1.40711e-05 -9.67906e-05
2.78471 3.03265e-05 -1.1987e-05 -9.50744e-05
2.78887 2.96521e-05 -9.76269e-06 -9.29979e-05
2.79304 2.88149e-05 -7.40802e-06 -9.05635e-05
2.7972 2.77989e-05 -4.93358e-06 -8.77733e-05
2.80136 2.65888e-05 -2.35084e-06 -8.46297e-05
2.80553 2.51697e-05 3.27954e-07 -8.11347e-05
2.80969 2.35277e-05 3.08978e-06 -7.72906e-05
2.81385 2.16494e-05 5.92091e-06 -7.30993e-05
2.81801 1.95228e-05 8.80699e-06 -6.85627e-05
2.82218 1.71365e-05 1.17331e-05 -6.36826e-05
2.82634 1.44804e-05 1.46837e-05 -5.84608e-05
2.8305 1.15458e-05 1.76431e-05 -5.28991e-05
2.83466 8.32491e-06 2.05951e-05 -4.69993e-05
2.83882 4.81166e-06 2.35233e-05 -4.07631e-05
2.84299 1.00135e-06 2.64114e-05 -3.41927e-05
2.84715 -3.10917e-06 2.92429e-05 -2.729e-05
2.85131 -7.52136e-06 3.20015e-05 -2.00577e-05
2.85548 -1.2235e-05 3.46712e-05 -1.24984e-05
2.85964 -1.72481e-05 3.72364e-05 -4.61556e-06
2.8638 -2.25567e-05 3.96818e-05 3.58702e-06
2.86796 -2.81552e-05 4.1993e-05 1.21047e-05
2.87213 -3.40358e-05 4.41561e-05 2.09322e-05
2.87629 -4.0189e-05 4.61581e-05 3.00631e-05
2.88045 -4.66029e-05 4.7987e-05 3.94899e-05
2.88461 -5.3264e-05 4.96317e-05 4.92038e-05
2.88878 -6.01566e-05 5.10823e-05 5.91949e-05
2.89294 -6.7263e-05 5.23301e-05 6.94514e-05
2.8971 -7.45634e-05 5.33675e-05 7.99601e-05
2.90126 -8.20364e-05 5.41885e-05 9.07057e-05
2.90543 -8.96583e-05 5.47883e-05 0.000101671
2.90959 -9.74037e-05 5.51634e-05 0.000112838
2.91375 -0.000105245 5.53118e-05 0.000124183
2.91791 -0.000113155 5.52331e-05 0.000135684
2.92207 -0.000121101 5.4928e-05 0.000147315
2.92624 -0.000129053 5.43989e-05 0.000159046
2.9304 -0.000136976 5.36493e-05 0.000170847
2.93456 -0.000144837 5.26842e-05 0.000182684
2.93873 -0.0001526 5.15099e-05 0.00019452
2.94289 -0.000160228 5.01338e-05 0.000206317
2.94705 -0.000167684 4.85645e-05 0.000218033
2.95121 -0.000174932 4.68117e-05 0.000229625
2.95538 -0.000181932 4.4886e-05 0.000241046
2.95954 -0.000188646 4.27989e-05 0.000252246
2.9637 -0.000195037 4.05628e-05 0.000263177
2.96786 -0.000201067 3.81906e-05 0.000273785
2.97203 -0.000206698 3.56959e-05 0.000284017
2.97619 -0.000211895 3.30926e-05 0.000293816
2.98035 -0.000216621 3.03952e-05 0.000303126
2.98451 -0.000220842 2.76181e-05 0.000311889
2.98868 -0.000224525 2.47762e-05 0.000320048
2.99284 -0.00022764 2.18842e-05 0.000327544
2.997 -0.000230155 1.89566e-05 0.00033432
