0 0 0 0
0.00416563 0 0 0
0.00833125 0 0 0
0.0124969 0 0 0
0.0166625 0 0 0
0.0208281 0 0 0
0.0249938 0 0 0
0.0291594 0 0 0
0.033325 0 0 0
0.0374906 0 0 0
0.0416562 0 0 0
0.0458219 0 0 0
0.0499875 0 0 0
0.0541531 0 0 0
0.0583188 0 0 0
0.0624844 0 0 0
0.06665 0 0 0
0.0708156 0 0 0
0.0749812 0 0 0
0.0791469 0 0 0
0.0833125 0 0 0
0.0874781 0 0 0
0.0916438 0 0 0
0.0958094 0 0 0
0.099975 0 0 0
0.104141 0 0 0
0.108306 0 0 0
0.112472 0 0 0
0.116638 0 0 0
0.120803 0 0 0
0.124969 0 0 0
0.129134 0 0 0
0.1333 0 0 0
0.137466 0 0 0
0.141631 0 0 0
0.145797 0 0 0
0.149962 0 0 0
0.154128 0 0 0
0.158294 0 0 0
0.162459 0 0 0
0.166625 0 0 0
0.170791 0 0 0
0.174956 0 0 0
0.179122 0 0 0
0.183288 0 0 0
0.187453 0 0 0
0.191619 0 0 0
0.195784 0 0 0
0.19995 0 0 0
0.204116 0 0 0
0.208281 0 0 0
0.212447 0 0 0
0.216613 0 0 0
0.220778 0 0 0
0.224944 0 0 0
0.229109 0 0 0
0.233275 0 0 0
0.237441 0 0 0
0.241606 0 0 0
0.245772 0 0 0
0.249938 0 0 0
0.254103 0 0 0
0.258269 0 0 0
0.262434 0 0 0
0.2666 0 0 0
0.270766 0 0 0
0.274931 0 0 0
0.279097 -1.47577e-320 1.45646e-319 2.00334e-319
0.283263 -1.70502e-316 1.62617e-315 2.23662e-315
0.287428 -1.66698e-312 1.56574e-311 2.15378e-311
0.291594 -1.41425e-308 1.30846e-307 1.80011e-307
0.295759 -1.04525e-304 9.52758e-304 1.31093e-303
0.299925 -6.75523e-301 6.06759e-300 8.34969e-300
0.304091 -3.83131e-297 3.39171e-296 4.66801e-296
0.308256 -1.91354e-293 1.66988e-292 2.29858e-292
0.312422 -8.44405e-290 7.26522e-289 1.00019e-288
0.316588 -3.30265e-286 2.80212e-285 3.8582e-285
0.320753 -1.14841e-282 9.60997e-282 1.32337e-281
0.324919 -3.56065e-279 2.93916e-278 4.04806e-278
0.329084 -9.87142e-276 8.03918e-275 1.10739e-274
0.33325 -2.45372e-272 1.9718e-271 2.71655e-271
0.337416 -5.48275e-269 4.34817e-268 5.9914e-268
0.341581 -1.10405e-265 8.64234e-265 1.19102e-264
0.345747 -2.00839e-262 1.55198e-261 2.13916e-261
0.349913 -3.30817e-259 2.52395e-258 3.47942e-258
0.354078 -4.94517e-256 3.72553e-255 5.13672e-255
0.358244 -6.72314e-253 5.00208e-252 6.89793e-252
0.362409 -8.33044e-250 6.12171e-249 8.44332e-249
0.366575 -9.42637e-247 6.84274e-246 9.43938e-246
0.370741 -9.75998e-244 6.99951e-243 9.6573e-243
0.374906 -9.26401e-241 6.56452e-240 9.0587e-240
0.379072 -8.07578e-238 5.65489e-237 7.80478e-237
0.383238 -6.47678e-235 4.4821e-234 6.18734e-234
0.387403 -4.78734e-232 3.27454e-231 4.52112e-231
0.391569 -3.26645e-229 2.20857e-228 3.04989e-228
0.395734 -2.06065e-226 1.37741e-225 1.90246e-225
0.3999 -1.20378e-223 7.95563e-223 1.09902e-222
0.404066 -6.52157e-221 4.2618e-220 5.88854e-220
0.408231 -3.28137e-218 2.12056e-217 2.93054e-217
0.412397 -1.53555e-215 9.81419e-215 1.35655e-214
0.416563 -6.69211e-213 4.2305e-212 5.84867e-212
0.420728 -2.71975e-210 1.70073e-209 2.35172e-209
0.424894 -1.03209e-207 6.38466e-207 8.83029e-207
0.429059 -3.66157e-205 2.24099e-204 3.10002e-204
0.433225 -1.21591e-202 7.36315e-202 1.01877e-201
0.437391 -3.78378e-200 2.26733e-199 3.13774e-199
0.441556 -1.10468e-197 6.55067e-197 9.06731e-197
0.445722 -3.02906e-195 1.77768e-194 2.46115e-194
0.449887 -7.80927e-193 4.53614e-192 6.28149e-192
0.454053 -1.89493e-190 1.08951e-189 1.50904e-189
0.458219 -4.33209e-188 2.46565e-187 3.41582e-187
0.462384 -9.34007e-186 5.26272e-185 7.29239e-185
0.46655 -1.90093e-183 1.06043e-182 1.46974e-182
0.470716 -3.65553e-181 2.01909e-180 2.79905e-180
0.474881 -6.64809e-179 3.63596e-178 5.04164e-178
0.479047 -1.14442e-176 6.19805e-176 8.59621e-176
0.483213 -1.86635e-174 1.001e-173 1.38863e-173
0.487378 -2.88588e-172 1.53293e-171 2.12705e-171
0.491544 -4.23443e-170 2.22777e-169 3.0919e-169
0.495709 -5.90049e-168 3.07481e-167 4.26853e-167
0.499875 -7.81434e-166 4.03371e-165 5.60105e-165
0.504041 -9.84315e-164 5.03332e-163 6.99075e-163
0.508206 -1.18014e-161 5.97839e-161 8.30539e-161
0.512372 -1.34771e-159 6.764e-159 9.39912e-159
0.516537 -1.46699e-157 7.29484e-157 1.01393e-156
0.520703 -1.52307e-155 7.50436e-155 1.04331e-154
0.524869 -1.50926e-153 7.3686e-153 1.0247e-152
0.529034 -1.42837e-151 6.91049e-151 9.61241e-151
0.5332 -1.29187e-149 6.19383e-149 8.61777e-149
0.537366 -1.1173e-147 5.30886e-147 7.38841e-147
0.541531 -9.24595e-146 4.35408e-145 6.06123e-145
0.545697 -7.32519e-144 3.41898e-143 4.76077e-143
0.549863 -5.55929e-142 2.57188e-141 3.58219e-141
0.554028 -4.04386e-140 1.85439e-139 2.58354e-139
0.558194 -2.82088e-138 1.28228e-137 1.78696e-137
0.562359 -1.88806e-136 8.50795e-136 1.18598e-135
0.566525 -1.21316e-134 5.41945e-134 7.55664e-134
0.570691 -7.48696e-133 3.31583e-132 4.62474e-132
0.574856 -4.44016e-131 1.94962e-130 2.72e-130
0.579022 -2.53166e-129 1.10215e-128 1.53809e-128
0.583188 -1.38846e-127 5.9933e-127 8.36631e-127
0.587353 -7.32792e-126 3.13638e-125 4.37948e-125
0.591519 -3.72345e-124 1.58025e-123 2.20722e-123
0.595684 -1.82229e-122 7.66912e-122 1.0715e-121
0.59985 -8.59382e-121 3.58655e-120 5.0125e-120
0.604016 -3.90691e-119 1.61697e-118 2.26053e-118
0.608181 -1.71293e-117 7.03073e-117 9.83194e-117
0.612347 -7.24568e-116 2.94949e-115 4.12589e-115
0.616513 -2.95817e-114 1.19429e-113 1.67115e-113
0.620678 -1.16611e-112 4.66941e-112 6.53582e-112
0.624844 -4.44011e-111 1.76345e-110 2.46908e-110
0.629009 -1.63359e-109 6.43535e-109 9.01326e-109
0.633175 -5.80959e-108 2.27012e-107 3.1805e-107
0.637341 -1.99781e-106 7.7436e-106 1.08525e-105
0.641506 -6.6454e-105 2.55509e-104 3.58205e-104
0.645672 -2.1389e-103 8.15804e-103 1.14406e-102
0.649838 -6.66357e-102 2.52129e-101 3.53695e-101
0.654003 -2.01007e-100 7.54499e-100 1.05878e-99
0.658169 -5.87274e-99 2.18691e-98 3.06988e-98
0.662334 -1.66238e-97 6.14148e-97 8.62399e-97
0.6665 -4.56048e-96 1.67154e-95 2.34799e-95
0.670666 -1.21286e-94 4.41052e-94 6.1975e-94
0.674831 -3.12793e-93 1.12855e-92 1.58633e-92
0.678997 -7.82479e-92 2.80109e-91 3.93867e-91
0.683163 -1.89924e-90 6.74582e-90 9.48868e-90
0.687328 -4.47397e-89 1.57674e-88 2.21861e-88
0.691494 -1.02313e-87 3.5778e-87 5.03603e-87
0.695659 -2.27199e-86 7.88349e-86 1.11005e-85
0.699825 -4.90038e-85 1.68724e-84 2.37658e-84
0.703991 -1.02685e-83 3.50831e-83 4.94343e-83
0.708156 -2.09098e-82 7.08907e-82 9.99249e-82
0.712322 -4.13863e-81 1.39236e-80 1.96333e-80
0.716488 -7.96398e-80 2.65883e-79 3.75048e-79
0.720653 -1.49029e-78 4.93743e-78 6.96715e-78
0.724819 -2.71253e-77 8.91829e-77 1.25891e-76
0.728984 -4.80325e-76 1.56721e-75 2.21308e-75
0.73315 -8.27654e-75 2.67996e-74 3.78582e-74
0.737316 -1.38805e-73 4.46045e-73 6.30333e-73
0.741481 -2.26616e-72 7.22711e-72 1.02169e-71
0.745647 -3.60242e-71 1.14018e-70 1.61246e-70
0.749812 -5.577e-70 1.75182e-69 2.47838e-69
0.753978 -8.40995e-69 2.62178e-68 3.71055e-68
0.758144 -1.23553e-67 3.82273e-67 5.41229e-67
0.762309 -1.76872e-66 5.43128e-66 7.69261e-66
0.766475 -2.46767e-65 7.52068e-65 1.0656e-64
0.770641 -3.35596e-64 1.01511e-63 1.43886e-63
0.774806 -4.44957e-63 1.33583e-62 1.89418e-62
0.778972 -5.75262e-62 1.71408e-61 2.43149e-61
0.783138 -7.25318e-61 2.14503e-60 3.04398e-60
0.787303 -8.92022e-60 2.61831e-59 3.71706e-59
0.791469 -1.07022e-58 3.11791e-58 4.42803e-58
0.795634 -1.25283e-57 3.62262e-57 5.14685e-57
0.7998 -1.43116e-56 4.10739e-56 5.83788e-56
0.803966 -1.59561e-55 4.5452e-55 6.46268e-55
0.808131 -1.73648e-54 4.90957e-54 6.98354e-54
0.812297 -1.8449e-53 5.17723e-53 7.36719e-53
0.816463 -1.91381e-52 5.33054e-52 7.58837e-52
0.820628 -1.93864e-51 5.35946e-51 7.63257e-51
0.824794 -1.9179e-50 5.26259e-50 7.49762e-50
0.828959 -1.85327e-49 5.04732e-49 7.19379e-49
0.833125 -1.74938e-48 4.72883e-48 6.74256e-48
0.837291 -1.61329e-47 4.32842e-47 6.17411e-47
0.841456 -1.45368e-46 3.8711e-46 5.524e-46
0.845622 -1.27999e-45 3.38311e-45 4.82958e-45
0.849788 -1.10145e-44 2.88947e-44 4.12653e-44
0.853953 -9.26386e-44 2.41204e-43 3.44609e-43
0.858119 -7.61599e-43 1.96814e-42 2.81302e-42
0.862284 -6.12082e-42 1.56991e-41 2.24474e-41
0.86645 -4.80929e-41 1.22427e-40 1.75123e-40
0.870616 -3.6947e-40 9.33479e-40 1.3358e-39
0.874781 -2.77548e-39 6.95967e-39 9.96324e-39
0.878947 -2.03889e-38 5.07417e-38 7.26691e-38
0.883113 -1.46481e-37 3.61798e-37 5.18352e-37
0.887278 -1.02927e-36 2.52304e-36 3.61622e-36
0.891444 -7.07402e-36 1.72095e-35 2.46758e-35
0.895609 -4.75581e-35 1.14823e-34 1.64702e-34
0.899775 -3.12774e-34 7.49423e-34 1.0754e-33
0.903941 -2.01238e-33 4.78512e-33 6.86918e-33
0.908106 -1.26673e-32 2.98915e-32 4.29268e-32
0.912272 -7.80149e-32 1.8269e-31 2.6246e-31
0.916438 -4.70122e-31 1.09248e-30 1.5701e-30
0.920603 -2.77206e-30 6.39238e-30 9.19056e-30
0.924769 -1.59945e-29 3.65999e-29 5.26408e-29
0.928934 -9.03089e-29 2.05059e-28 2.95042e-28
0.9331 -4.98996e-28 1.12428e-27 1.61823e-27
0.937266 -2.69824e-27 6.03225e-27 8.68568e-27
0.941431 -1.42789e-26 3.16739e-26 4.5623e-26
0.945597 -7.39513e-26 1.62761e-25 2.34524e-25
0.949763 -3.74836e-25 8.18529e-25 1.17984e-24
0.953928 -1.85946e-24 4.0286e-24 5.80889e-24
0.958094 -9.02789e-24 1.9405e-23 2.79899e-23
0.962259 -4.28982e-23 9.14778e-23 1.31992e-22
0.966425 -1.99501e-22 4.22042e-22 6.09159e-22
0.970591 -9.08036e-22 1.9056e-21 2.75135e-21
0.974756 -4.04488e-21 8.42051e-21 1.21615e-20
0.978922 -1.76338e-20 3.64138e-20 5.26075e-20
0.983088 -7.5234e-20 1.54101e-19 2.22698e-19
0.987253 -3.14123e-19 6.38181e-19 9.22524e-19
0.991419 -1.28347e-18 2.58622e-18 3.73954e-18
0.995584 -5.13161e-18 1.02553e-17 1.48325e-17
0.99975 -2.00765e-17 3.97905e-17 5.7565e-17
1.00392 -7.68546e-17 1.51054e-16 2.18584e-16
1.00808 -2.87851e-16 5.61022e-16 8.12019e-16
1.01225 -1.05476e-15 2.03842e-15 2.95101e-15
1.01641 -3.78087e-15 7.24498e-15 1.04906e-14
1.02058 -1.32573e-14 2.51871e-14 3.64773e-14
1.02474 -4.54673e-14 8.56393e-14 1.24048e-13
1.02891 -1.52505e-13 2.84761e-13 4.12538e-13
1.03307 -5.00222e-13 9.25876e-13 1.34151e-12
1.03724 -1.6043e-12 2.94332e-12 4.26506e-12
1.04141 -5.03032e-12 9.14696e-12 1.32557e-11
1.04557 -1.54182e-11 2.7785e-11 4.02685e-11
1.04974 -4.61888e-11 8.24844e-11 1.19549e-10
1.0539 -1.35218e-10 2.3927e-10 3.46791e-10
1.05807 -3.86765e-10 6.78083e-10 9.82779e-10
1.06223 -1.08068e-09 1.87702e-09 2.72034e-09
1.0664 -2.94912e-09 5.07409e-09 7.35324e-09
1.07057 -7.8585e-09 1.33921e-08 1.94054e-08
1.07473 -2.04425e-08 3.45015e-08 4.99855e-08
1.0789 -5.18994e-08 8.67375e-08 1.25641e-07
1.08306 -1.28559e-07 2.12732e-07 3.08073e-07
1.08723 -3.10618e-07 5.08836e-07 7.36676e-07
1.09139 -7.31796e-07 1.18658e-06 1.71732e-06
1.09556 -1.68049e-06 2.6967e-06 3.90137e-06
1.09973 -3.76011e-06 5.97048e-06 8.63373e-06
1.10389 -8.19403e-06 1.28718e-05 1.86039e-05
1.10806 -1.73831e-05 2.70095e-05 3.90145e-05
1.11222 -3.58818e-05 5.51337e-05 7.95859e-05
1.11639 -7.20274e-05 0.000109419 0.000157828
1.12055 -0.000140519 0.000210996 0.000304084
1.12472 -0.000266254 0.000395055 0.000568803
1.12888 -0.000489622 0.000717654 0.00103217
1.13305 -0.000873119 0.00126379 0.00181544
1.13722 -0.00150846 0.00215539 0.003092
1.14138 -0.00252231 0.00355631 0.00509383
1.14555 -0.00407718 0.00566987 0.008107
1.14971 -0.0063627 0.00872253 0.0124472
1.15388 -0.00957152 0.0129275 0.0184062
1.15804 -0.0138551 0.018424 0.0261642
1.16221 -0.0192582 0.0251938 0.0356706
1.16638 -0.0256397 0.0329678 0.046513
1.17054 -0.0325962 0.0411488 0.0578113
1.17471 -0.0394182 0.0487862 0.0681899
1.17887 -0.0451131 0.0546433 0.0758833
1.18304 -0.0485243 0.0573804 0.0790074
1.1872 -0.0485508 0.0558464 0.0759783
1.19137 -0.0444341 0.0494148 0.0659871
1.19553 -0.0360324 0.0382585 0.0493741
1.1997 -0.0239733 0.0234382 0.0277272
1.20387 -0.00959183 0.00671556 0.00358928
1.20803 0.00537727 -0.00989288 -0.020192
1.2122 0.0192706 -0.0246789 -0.0412531
1.21636 0.0309463 -0.0366799 -0.0582968
1.22053 0.0399955 -0.045762 -0.0711541
1.22469 0.0465828 -0.0522731 -0.0802512
1.22886 0.0509791 -0.0564385 -0.0857604
1.23303 0.0530618 -0.0578784 -0.0869871
1.23719 0.0521413 -0.055629 -0.0825128
1.24136 0.0473309 -0.0487858 -0.0711988
1.24552 0.0383345 -0.0374593 -0.0535388
1.24969 0.0261769 -0.0234161 -0.0324398
1.25385 0.0133159 -0.00984713 -0.0126898
1.25802 0.00288438 -0.000210941 0.000848021
1.26218 -0.0026053 0.00323977 0.00532764
1.26635 -0.00231304 0.000309651 0.000943724
1.27052 0.00283851 -0.00750413 -0.00985321
1.27468 0.0111112 -0.0183282 -0.0243889
1.27885 0.0212259 -0.0311652 -0.0414777
1.28301 0.0329615 -0.0460855 -0.0614463
1.28718 0.0466091 -0.0632394 -0.0845071
1.29134 0.0618017 -0.0816286 -0.109012
1.29551 0.0768462 -0.0988536 -0.131329
1.29968 0.0892755 -0.112191 -0.147631
1.30384 0.0971969 -0.120057 -0.156015
1.30801 0.10017 -0.122433 -0.156869
1.31217 0.0987062 -0.119741 -0.151021
1.31634 0.0928124 -0.111242 -0.137448
1.3205 0.0810709 -0.0946618 -0.11302
1.32467 0.0613548 -0.0677017 -0.074895
1.32883 0.0327245 -0.0302457 -0.0235322
1.333 -0.00318918 0.0147214 0.0364658
1.33717 -0.0425894 0.062292 0.0984122
1.34133 -0.0812717 0.107758 0.15645
1.3455 -0.116087 0.147808 0.206745
1.34966 -0.145013 0.180161 0.246576
1.35383 -0.166367 0.202726 0.273244
1.35799 -0.178479 0.213585 0.284415
1.36216 -0.180216 0.211704 0.279181
1.36633 -0.171463 0.197225 0.258028
1.37049 -0.152727 0.170879 0.221604
1.37466 -0.124509 0.133589 0.170446
1.37882 -0.087745 0.087355 0.107032
1.38299 -0.0452737 0.0366247 0.0381
1.38715 -0.00243178 -0.0119852 -0.0264045
1.39132 0.0347594 -0.0523245 -0.0780933
1.39548 0.0625983 -0.0814777 -0.11419
1.39965 0.08085 -0.0997811 -0.136465
1.40382 0.090795 -0.108208 -0.146439
1.40798 0.0926299 -0.106474 -0.142923
1.41215 0.0855764 -0.0943803 -0.125178
1.41631 0.0705876 -0.0745919 -0.0974804
1.42048 0.0518761 -0.0527319 -0.0683563
1.42464 0.034579 -0.0337435 -0.044202
1.42881 0.0208035 -0.0184066 -0.0245838
1.43298 0.00878851 -0.00426439 -0.00517764
1.43714 -0.00359409 0.00993708 0.0149783
1.44131 -0.0151473 0.0215636 0.0307489
1.44547 -0.0219546 0.026384 0.0359811
1.44964 -0.0215149 0.0230764 0.0301152
1.4538 -0.0154414 0.0147304 0.0186178
1.45797 -0.00782005 0.00601048 0.0075659
1.46213 -0.00164496 -0.000377945 -0.000658082
1.4663 0.00254895 -0.0043039 -0.00644074
1.47047 0.00523062 -0.00642661 -0.00989349
1.47463 0.00639236 -0.00695209 -0.0103752
1.4788 0.00588243 -0.00603064 -0.00826839
1.48296 0.00428018 -0.00428809 -0.00533205
1.48713 0.00253261 -0.00233318 -0.0027842
1.49129 0.00090267 -0.000166588 -0.000154241
1.49546 -0.0010019 0.00231056 0.00319279
1.49962 -0.00304662 0.00432048 0.00606356
1.50379 -0.00400282 0.00434704 0.00595985
1.50796 -0.00259609 0.00158839 0.00171897
1.51212 0.000948791 -0.0027963 -0.00469277
1.51629 0.00457706 -0.00605518 -0.00908073
1.52045 0.00570744 -0.00573306 -0.00796948
1.52462 0.00322311 -0.00173014 -0.00159602
1.52878 -0.00130312 0.00315066 0.00543461
1.53295 -0.00440586 0.00510475 0.00738014
1.53712 -0.00353181 0.00261217 0.00266726
1.54128 0.000399544 -0.00192494 -0.00406972
1.54545 0.00364176 -0.00436402 -0.00648958
1.54961 0.00340122 -0.00295431 -0.00324496
1.55378 0.000667697 0.000148293 0.00111189
1.55794 -0.00134102 0.00173067 0.00215789
1.56211 -0.00111033 0.00109483 0.000558027
1.56628 -4.18584e-05 -1.28412e-05 -0.000333681
1.57044 0.000224905 -0.000347057 0.000120178
1.57461 0.000100422 -0.000501343 -0.000323534
1.57877 0.000710501 -0.00112791 -0.00213997
1.58294 0.00152636 -0.0014028 -0.00260713
1.5871 0.00101879 -0.000358708 -0.000151854
1.59127 -0.000692451 0.00117917 0.00259456
1.59543 -0.00159263 0.00138755 0.00221381
1.5996 -0.000527685 -6.94288e-05 -0.000733115
1.60377 0.00120648 -0.00156918 -0.00271578
1.60793 0.00170164 -0.00161893 -0.00198674
1.6121 0.000742718 -0.000405169 5.1345e-05
1.61626 -0.000507743 0.00087681 0.00156403
1.62043 -0.00112032 0.00125252 0.0018374
1.62459 -0.000766824 0.00034467 0.000470194
1.62876 0.000540166 -0.0013647 -0.00213244
1.63293 0.00189347 -0.00229585 -0.00337171
1.63709 0.0016081 -0.00108242 -0.000829781
1.64126 -0.00055018 0.00119632 0.00318766
1.64542 -0.00202917 0.00152334 0.00316294
1.64959 -0.000435046 -0.0010962 -0.00171488
1.65375 0.0025762 -0.00358214 -0.00499886
1.65792 0.0029293 -0.00262382 -0.00172477
1.66208 2.19856e-06 0.000435093 0.00372477
1.66625 -0.00204267 0.0012111 0.00354426
1.67042 -0.000223317 -0.00139152 -0.00183542
1.67458 0.00275133 -0.00353002 -0.00437569
1.67875 0.00252867 -0.00209186 -0.000662017
1.68291 -0.000407832 0.000896841 0.00330477
1.68708 -0.00180862 0.00166781 0.00186428
1.69124 -0.000285211 0.000308303 -0.00195049
1.69541 0.0010273 1.40688e-05 -0.0021931
1.69958 -0.000179883 0.00189138 0.00059768
1.70374 -0.00207993 0.00373377 0.001483
1.70791 -0.00226108 0.00392397 -0.000296247
1.71207 -0.00148968 0.00351981 -0.00104257
1.71624 -0.00165274 0.00368356 0.00025066
1.7204 -0.00227664 0.00365539 0.000603519
1.72457 -0.00179557 0.00262166 -0.000826592
1.72873 -0.000706717 0.00147258 -0.00107209
1.7329 -0.000595027 0.00106036 0.000801494
1.73707 -0.0009815 0.000452512 0.0014678
1.74123 -0.000102784 -0.0012018 -0.000686999
1.7454 0.00158348 -0.00251081 -0.00215057
1.74956 0.00171461 -0.00172874 -0.000147427
1.75373 3.00377e-05 0.000228113 0.00222271
1.75789 -0.000958943 0.00106962 0.000941772
1.76206 -0.000128057 0.000861802 -0.00204097
1.76623 0.000319963 0.00184107 -0.00188614
1.77039 -0.00140687 0.00444282 0.00113419
1.77456 -0.00352456 0.00617202 0.00213215
1.77872 -0.00340656 0.00526997 -0.000390619
1.78289 -0.00164393 0.0032077 -0.00233288
1.78705 -0.000835151 0.00208216 -0.00076809
1.79122 -0.00134483 0.00128018 0.00165847
1.79538 -0.00091304 -0.00134231 0.00128307
1.79955 0.00162881 -0.0059219 -0.00101165
1.80372 0.00462194 -0.0102946 -0.0016602
1.80788 0.00619054 -0.0130675 8.95128e-05
1.81205 0.00677204 -0.0150769 0.00150954
1.81621 0.00790776 -0.0173136 0.000692322
1.82038 0.00963101 -0.0189374 -0.000967552
1.82454 0.0103797 -0.0182703 -0.00111607
1.82871 0.00911539 -0.0148569 0.000336914
1.83288 0.0064687 -0.009755 0.00134458
1.83704 0.00374903 -0.00427966 0.000507325
1.84121 0.00143374 0.00108811 -0.00109444
1.84537 -0.00114523 0.00668534 -0.00120695
1.84954 -0.004594 0.0124483 0.00047735
1.8537 -0.00802583 0.016895 0.00145937
1.85787 -0.00962894 0.0184296 -5.9532e-05
1.86203 -0.00916088 0.0176822 -0.00191417
1.8662 -0.00857596 0.0167912 -0.000949846
1.87037 -0.00902729 0.0161652 0.00152915
1.87453 -0.00891086 0.0141708 0.00140641
1.8787 -0.00670113 0.0104052 -0.0012447
1.88286 -0.00393091 0.0068172 -0.00193059
1.88703 -0.00290745 0.00478518 0.000645425
1.89119 -0.00293149 0.00307556 0.00222865
1.89536 -0.00149441 -0.000185421 0.00017012
1.89953 0.00156668 -0.00451098 -0.00211848
1.90369 0.00371571 -0.00740106 -0.000810442
1.90786 0.00367134 -0.00801837 0.00201203
1.91202 0.00346815 -0.00866773 0.00162381
1.91619 0.00510351 -0.0106682 -0.00151902
1.92035 0.00680368 -0.0113052 -0.0021274
1.92452 0.00564123 -0.0085103 0.00103798
1.92868 0.00288278 -0.00529109 0.00248242
1.93285 0.00226371 -0.00474258 -0.000567989
1.93702 0.00342455 -0.00473666 -0.00277851
1.94118 0.00269753 -0.0025756 -0.000179722
1.94535 8.70762e-05 -3.07817e-05 0.00246019
1.94951 -0.000874141 0.000679735 0.000470074
1.95368 0.000185369 0.000848626 -0.00234116
1.95784 0.000132042 0.00230955 -0.00110487
1.96201 -0.00194306 0.00472929 0.00171479
1.96618 -0.00367566 0.00648166 0.00145578
1.97034 -0.00336256 0.00598331 -0.00113144
1.97451 -0.0019566 0.0038458 -0.00186588
1.97867 -0.00155636 0.00290701 0.000440913
1.98284 -0.00234763 0.00307701 0.00216162
1.987 -0.00179116 0.000899537 0.00016203
1.99117 0.000925043 -0.00273672 -0.00237168
1.99533 0.0023107 -0.00313928 -0.000615082
1.9995 0.000725532 -0.00139551 0.0024964
2.00367 1.08097e-05 -0.002123 0.000976376
2.00783 0.00193966 -0.00362646 -0.00236546
2.012 0.00254573 -0.002084 -0.00112691
2.01616 0.000303865 0.000292316 0.00205961
2.02033 -0.00107181 0.000771412 0.0011848
2.02449 -0.000257928 0.000868767 -0.00157951
2.02866 0.000207898 0.00105634 -0.00127425
2.03282 -0.000421971 0.000547386 0.000883561
2.03699 -0.000913895 0.000665084 0.00132497
2.04116 -0.000706166 0.000935773 -0.000234668
2.04532 0.000314252 -0.000611855 -0.00153603
2.04949 0.0010277 -0.00129606 -0.000399272
2.05365 -0.000164604 0.000907169 0.00177171
2.05782 -0.00130864 0.00128664 0.000852779
2.06198 0.000252913 -0.00149642 -0.00198454
2.06615 0.00168135 -0.00164501 -0.00108707
2.07032 4.69591e-06 0.000909714 0.00206146
2.07448 -0.00128953 0.000697227 0.00107793
2.07865 0.000277067 -0.000786332 -0.00202188
2.08281 0.00098001 0.00040777 -0.00106832
2.08698 -0.000682525 0.00145382 0.00162697
2.09114 -0.00121168 0.000187103 0.000901736
2.09531 0.000160148 -0.00064877 -0.0012296
2.09947 0.000919685 -0.000722637 -0.00097194
2.10364 0.000555895 -0.00109587 0.000666408
2.10781 -5.05276e-05 -0.000206091 0.00108578
2.11197 -0.000394604 0.00106248 -0.000227596
2.11614 3.97079e-05 0.000291202 -0.00131644
2.1203 0.000345086 -0.000198707 -9.01321e-05
2.12447 -0.000606942 0.00104321 0.00148574
2.12863 -0.000940343 0.000489676 0.000188382
2.1328 0.00060033 -0.00157826 -0.00158837
2.13697 0.00122923 -0.00101727 -0.000233795
2.14113 -0.000199005 0.000782669 0.00145856
2.1453 -0.000783789 0.000481598 0.000208693
2.14946 0.00017869 -0.000193412 -0.00124052
2.15363 0.000398009 0.000224273 -0.00032667
2.15779 -0.000279953 0.0001769 0.000882068
2.16196 -0.000391751 -0.000173205 0.000461789
2.16613 9.77934e-05 -7.73145e-05 -0.000665527
2.17029 0.000484354 -0.000289699 -0.000778411
2.17446 0.00024096 -0.000183327 0.000440358
2.17862 -0.000495063 0.000618493 0.00098063
2.18279 -0.000414109 0.000196003 -0.000381583
2.18695 0.00056677 -0.000851379 -0.00107031
2.19112 0.000477934 -5.65939e-05 0.000479542
2.19528 -0.000600804 0.000872567 0.00118917
2.19945 -0.000428781 -9.91965e-05 -0.000344211
2.20362 0.000534119 -0.00055181 -0.000904348
2.20778 0.000265502 0.000295892 0.0004736
2.21195 -0.000403986 6.73305e-05 0.000886004
2.21611 -7.78405e-05 -0.00040955 -0.00019483
2.22028 0.000246756 0.00035519 -0.000560771
2.22444 5.45748e-06 0.000218854 3.99345e-05
2.22861 5.11211e-06 -0.000696832 0.000357482
2.23278 -2.50941e-05 0.000193644 0.000206384
2.23694 -0.000265835 0.00078001 -0.000285135
2.24111 0.000195192 -0.000731196 -0.000697898
2.24527 0.000480354 -0.000437238 7.61511e-05
2.24944 -0.000548161 0.00137121 0.000936003
2.2536 -0.000635301 -0.000163787 -0.00038461
2.25777 0.000978296 -0.00186069 -0.00148941
2.26193 0.000692793 0.000654526 0.000553249
2.2661 -0.00119293 0.00158656 0.00151578
2.27027 -0.00038724 -0.00110398 -0.0011595
2.27443 0.00117703 -0.000507319 -0.00141069
2.2786 -0.0002549 0.00152914 0.00158564
2.28276 -0.000998513 -0.00072516 0.000859734
2.28693 0.000831217 -0.00143667 -0.00167208
2.29109 0.000580416 0.00154774 7.93454e-06
2.29526 -0.00094927 0.000412173 0.00135929
2.29943 0.000151202 -0.00184197 -0.000604287
2.30359 0.000596976 0.00108528 -0.000385683
2.30776 -0.00084739 0.00140928 0.000804398
2.31192 0.000127456 -0.00220514 -0.000712692
2.31609 0.00103743 -5.33428e-05 -0.00024342
2.32025 -0.00106619 0.002504 0.00151746
2.32442 -0.000571989 -0.00177065 -0.000887276
2.32858 0.00188146 -0.00199608 -0.00157442
2.33275 -0.000228935 0.00287914 0.00207988
2.33692 -0.00196466 0.000588658 0.000765969
2.34108 0.00111224 -0.00271144 -0.0027392
2.34525 0.00121486 0.00122112 0.000515027
2.34941 -0.00169584 0.001417 0.00242139
2.35358 -1.30109e-06 -0.00258185 -0.00169304
2.35774 0.00173919 8.01221e-05 -0.00136527
2.36191 -0.000838635 0.00223052 0.00196549
2.36607 -0.000851352 -0.00173043 -9.82737e-05
2.37024 0.00128657 -0.00111462 -0.0014506
2.37441 -4.38401e-05 0.00185825 0.000837098
2.37857 -0.000597821 -0.00115332 1.30492e-05
2.38274 0.0011145 -0.00173277 -0.0010335
2.3869 2.45556e-05 0.00165217 0.000791163
2.39107 -0.000707623 -0.000705707 -0.000266981
2.39523 0.00145917 -0.00290709 -0.00162722
2.3994 0.000786116 0.000826319 0.00086834
2.40357 -0.00109509 0.000812576 0.000490823
2.40773 0.000649959 -0.00214379 -0.00204994
2.4119 0.00114902 -0.00013577 0.000105924
2.41606 -0.00079116 0.000751811 0.00137075
2.42023 0.00012307 -0.00164139 -0.00127876
2.42439 0.0011305 -0.000161929 -0.000532153
2.42856 -0.000647431 0.0016771 0.00142517
2.43273 -0.000758709 9.98541e-05 -0.000256251
2.43689 0.000162041 0.000550426 -0.000265829
2.44106 -0.000766554 0.00149485 0.00129133
2.44522 -0.000573851 -2.17288e-05 -2.00333e-05
2.44939 0.000183313 0.000763784 -5.13741e-05
2.45355 -0.0010191 0.00193145 0.00144754
2.45772 -0.000775441 -0.000210882 -0.000184739
2.46188 0.000617865 -0.00012919 -0.000685097
2.46605 -0.000504324 0.00139789 0.00135659
2.47022 -0.000719315 -0.000761102 -2.49282e-05
2.47438 0.00106594 -0.001126 -0.0014709
2.47855 0.000160528 0.00130281 0.000827374
2.48271 -0.000951738 -0.000330207 0.000564386
2.48688 0.000820566 -0.00176637 -0.00149922
2.49104 0.000713605 0.00099919 0.000235395
2.49521 -0.00101778 0.000870283 0.00113246
2.49938 -4.24715e-05 -0.0010863 -0.000774898
2.50354 0.000553456 0.000829469 -0.000121967
2.50771 -0.000886395 0.00161503 0.00116618
2.51187 -0.000643019 -0.000221535 0.000115042
2.51604 0.000138403 0.000575746 6.24903e-05
2.5202 -0.000607304 0.00168917 0.000729437
2.52437 -0.000766335 0.000808338 0.000456569
2.52853 -0.000505438 0.000855167 0.00078559
2.5327 -0.000625781 0.000943553 0.00046512
2.53687 -0.000224921 0.000840568 -0.000217178
2.54103 -0.000624987 0.00173197 0.00114645
2.5452 -0.00116075 0.000577275 0.00085533
2.54936 0.000231847 -0.000644909 -0.00127172
2.55353 0.000308328 0.00134178 0.000367398
2.55769 -0.00115021 0.000565587 0.00154008
2.56186 0.000217856 -0.00184645 -0.00142786
2.56603 0.00103393 0.00112329 -0.000900251
2.57019 -0.00114996 0.00165129 0.00165185
2.57436 -0.000182871 -0.00328136 -0.000870497
2.57852 0.00213207 -0.00178259 -0.00194452
2.58269 0.000171688 0.00151088 0.000761093
2.58685 -0.000230024 -0.00313696 -0.000666258
2.59102 0.00249706 -0.00424541 -0.0024743
2.59518 0.0013947 0.000296414 -8.36155e-05
2.59935 -5.78516e-05 -0.00218315 -0.000451824
2.60352 0.00224965 -0.00485809 -0.00227612
2.60768 0.00184612 -0.000110833 -0.000215914
2.61185 -0.0005605 0.000510782 0.000203325
2.61601 0.000701536 -0.00296977 -0.00149422
2.62018 0.00148479 -0.000995743 -4.76834e-05
2.62434 -0.000300192 0.00133659 0.00079906
2.62851 -0.000491018 0.000500665 -0.000362424
2.63268 -0.000240699 0.00101146 0.000493808
2.63684 -0.000876364 0.00142511 0.000919871
2.64101 -0.000713882 0.00145145 0.00026681
2.64517 -0.00105783 0.002338 0.00127379
2.64934 -0.00127323 0.00100595 0.000793285
2.6535 -0.000105386 0.000526256 -0.000416707
2.65767 -0.000747719 0.00258138 0.00130365
2.66183 -0.00150295 0.000220209 0.000953926
2.666 0.000830362 -0.00238831 -0.00151973
2.67017 0.00097791 0.00123441 0.000194192
2.67433 -0.00135858 0.00142032 0.00129509
2.6785 0.000115042 -0.00282818 -0.0015023
2.68266 0.00177576 -0.000981667 -0.000988637
2.68683 -0.000287508 0.00147409 0.00119813
2.69099 -0.000491015 -0.00132816 -0.00036789
2.69516 0.0010553 -0.00103209 -0.000991433
2.69932 2.97462e-05 0.00147252 0.000550034
2.70349 -0.000657255 -0.00014495 0.000220388
2.70766 0.000353805 -0.00112087 -0.000256893
2.71182 0.000279971 0.000419565 5.76892e-05
2.71599 -0.000158797 0.000622131 -0.000189391
2.72015 -0.000265308 0.000376476 0.000374062
2.72432 -0.000444073 3.2028e-05 0.000473645
2.72848 0.00023157 -0.00043776 -0.000668418
2.73265 0.000279914 0.000684045 0.000149634
2.73682 -0.000719438 0.00050167 0.000905702
2.74098 4.36912e-05 -0.00126863 -0.000813997
2.74515 0.000876418 -0.000103034 -0.000639117
2.74931 -0.000357995 0.000858072 0.000935118
2.75348 -0.000302034 -0.00109395 -0.000224117
2.75764 0.000809035 -0.00040759 -0.000865931
2.76181 -0.000185707 0.00155467 0.000634095
2.76598 -0.000770681 -0.000200688 0.000362502
2.77014 0.000422442 -0.00106533 -0.000612326
2.77431 0.000281085 0.000921287 0.000130416
2.77847 -0.000572919 0.000698295 0.000429808
2.78264 -0.000113826 -0.000602519 -0.000111738
2.7868 0.000210882 -4.40871e-06 -9.04276e-05
2.79097 -2.86025e-06 9.71329e-05 -9.07098e-05
2.79513 0.00016302 -0.000561678 -7.82362e-05
2.7993 0.00013053 -0.00015336 0.00012454
2.80347 -4.6468e-05 0.000235857 -0.000238911
2.80763 5.67506e-05 0.000131914 -0.000201558
2.8118 -0.000159446 0.000209487 0.000567886
2.81596 -0.000271901 -3.13656e-05 0.000206986
2.82013 0.000180338 -0.00012444 -0.000536821
2.82429 0.000108402 0.000285411 0.000155878
2.82846 -0.000284119 -6.79845e-05 0.000500999
2.83263 8.52901e-05 -0.000478989 -0.000361602
2.83679 0.000278 0.000228065 -0.000236796
2.84096 -0.000180733 0.000331722 0.000479352
2.84512 -0.000128446 -0.00028896 0.000140905
2.84929 0.00010019 8.38098e-05 -0.00013155
2.85345 -5.19126e-05 0.000114564 3.87022e-05
2.85762 0.00017949 -0.000533946 -7.17229e-05
2.86178 0.000178442 0.000226542 0.000205605
2.86595 -0.000394056 0.00064141 0.000199074
2.87012 -7.63748e-06 -0.000529226 -0.000552967
2.87428 0.000482996 -0.000232771 -2.20917e-05
2.87845 -0.000267872 0.000577709 0.000681733
2.88261 -0.000247953 -0.000442408 -0.000510558
2.88678 0.000558041 -0.000392654 -0.000705293
2.89094 -1.6051e-05 0.00069018 0.000657051
2.89511 -0.000511119 -8.11808e-05 0.000253072
2.89928 0.000180826 -0.000429284 -0.000659468
2.90344 0.000194568 0.000526347 -6.12411e-05
2.90761 -0.000237025 0.000147211 0.000313207
2.91177 -9.38041e-05 -0.000437634 7.81678e-05
2.91594 7.87595e-05 -0.000110023 -0.000254166
2.9201 0.000276024 1.48245e-05 -0.000413195
2.92427 3.65661e-05 0.000348508 0.000553203
2.92843 -0.000553472 0.000168039 0.000699128
2.9326 0.000109844 -0.000569402 -0.000775589
2.93677 0.000669041 0.000182156 -0.000185292
2.94093 -0.000276805 0.00035052 0.0012551
2.9451 -0.000140801 -0.000954846 -1.62466e-05
2.94926 0.000836056 -4.11082e-05 -0.000622666
2.95343 0.000219636 0.000952113 0.00105181
2.95759 -9.23275e-05 -0.000814901 0.00132697
2.96176 0.000860733 -0.000931593 0.000566053
2.96592 0.00104152 0.000496438 0.000998642
2.97009 0.00103424 -0.000689146 0.00207624
2.97426 0.00171248 -0.00181361 0.00307615
2.97842 0.00222529 -0.000745084 0.00345175
2.98259 0.00285167 -0.000627544 0.0042032
2.98675 0.00375658 -0.00212694 0.00678575
2.99092 0.00478171 -0.00310515 0.0089589
2.99508 0.00636149 -0.00280515 0.0100696
2.99925 0.00792616 -0.00312589 0.0131688
