0 0 0 0
0.00416667 0 0 0
0.00833333 0 0 0
0.0125 0 0 0
0.0166667 0 0 0
0.0208333 0 0 0
0.025 0 0 0
0.0291667 0 0 0
0.0333333 0 0 0
0.0375 0 0 0
0.0416667 0 0 0
0.0458333 0 0 0
0.05 0 0 0
0.0541667 0 0 0
0.0583333 0 0 0
0.0625 0 0 0
0.0666667 0 0 0
0.0708333 0 0 0
0.075 0 0 0
0.0791667 0 0 0
0.0833333 0 0 0
0.0875 0 0 0
0.0916667 0 0 0
0.0958333 0 0 0
0.1 0 0 0
0.104167 0 0 0
0.108333 0 0 0
0.1125 0 0 0
0.116667 0 0 0
0.120833 0 0 0
0.125 0 0 0
0.129167 0 0 0
0.133333 0 0 0
0.1375 0 0 0
0.141667 0 0 0
0.145833 0 0 0
0.15 0 0 0
0.154167 0 0 0
0.158333 0 0 0
0.1625 0 0 0
0.166667 0 0 0
0.170833 0 0 0
0.175 0 0 0
0.179167 0 0 0
0.183333 0 0 0
0.1875 0 0 0
0.191667 -2.94463e-321 4.49254e-320 6.03748e-320
0.195833 -1.03783e-316 1.48627e-315 1.99842e-315
0.2 -2.78812e-312 3.90719e-311 5.25314e-311
0.204167 -6.01417e-308 8.25096e-307 1.10924e-306
0.208333 -1.0509e-303 1.41205e-302 1.89818e-302
0.2125 -1.49996e-299 1.97473e-298 2.65437e-298
0.216667 -1.7625e-295 2.27439e-294 3.05694e-294
0.220833 -1.71755e-291 2.17328e-290 2.92084e-290
0.225 -1.39779e-287 1.73491e-286 2.33152e-286
0.229167 -9.56267e-284 1.16464e-282 1.56504e-282
0.233333 -5.53366e-280 6.61528e-279 8.889e-279
0.2375 -2.72455e-276 3.19811e-275 4.29705e-275
0.241667 -1.14773e-272 1.32323e-271 1.77782e-271
0.245833 -4.15853e-269 4.71046e-268 6.32833e-268
0.25 -1.30246e-265 1.44992e-264 1.9478e-264
0.254167 -3.54311e-262 3.87735e-261 5.20849e-261
0.258333 -8.40924e-259 9.04895e-258 1.21549e-257
0.2625 -1.74884e-255 1.85095e-254 2.48615e-254
0.266667 -3.19996e-252 3.33197e-251 4.4752e-251
0.270833 -5.17167e-249 5.29915e-248 7.11701e-248
0.275 -7.41017e-246 7.47349e-245 1.00368e-244
0.279167 -9.44662e-243 9.37974e-242 1.25963e-241
0.283333 -1.0751e-239 1.05118e-238 1.41161e-238
0.2875 -1.09586e-236 1.05534e-235 1.41713e-235
0.291667 -1.00355e-233 9.52078e-233 1.27843e-232
0.295833 -8.28109e-231 7.74118e-230 1.03943e-229
0.3 -6.175e-228 5.68887e-227 7.63838e-227
0.304167 -4.17223e-225 3.78887e-224 5.08711e-224
0.308333 -2.56103e-222 2.29291e-221 3.07848e-221
0.3125 -1.43173e-219 1.26399e-218 1.697e-218
0.316667 -7.30726e-217 6.36241e-216 8.54181e-216
0.320833 -3.41267e-214 2.93102e-213 3.93494e-213
0.325 -1.46165e-211 1.23851e-210 1.66268e-210
0.329167 -5.75346e-209 4.8104e-208 6.45779e-208
0.333333 -2.08564e-206 1.7209e-205 2.31022e-205
0.3375 -6.97639e-204 5.68172e-203 7.62728e-203
0.341667 -2.15739e-201 1.7345e-200 2.32841e-200
0.345833 -6.17916e-199 4.90489e-198 6.58432e-198
0.35 -1.64208e-196 1.2871e-195 1.72779e-195
0.354167 -4.05569e-194 3.13949e-193 4.2144e-193
0.358333 -9.32506e-192 7.12984e-191 9.57095e-191
0.3625 -1.99913e-189 1.50994e-188 2.02691e-188
0.366667 -4.00217e-187 2.98647e-186 4.00898e-186
0.370833 -7.493e-185 5.52479e-184 7.4164e-184
0.375 -1.31383e-182 9.57303e-182 1.28508e-181
0.379167 -2.16046e-180 1.55581e-179 2.08852e-179
0.383333 -3.3362e-178 2.37471e-177 3.18785e-177
0.3875 -4.84413e-176 3.40857e-175 4.57578e-175
0.391667 -6.62183e-174 4.60658e-173 6.18413e-173
0.395833 -8.53222e-172 5.86885e-171 7.8788e-171
0.4 -1.03747e-169 7.05669e-169 9.47362e-169
0.404167 -1.1918e-167 8.01698e-167 1.0763e-166
0.408333 -1.29488e-165 8.61504e-165 1.15662e-164
0.4125 -1.33201e-163 8.76597e-163 1.17692e-162
0.416667 -1.29864e-161 8.45441e-161 1.13512e-160
0.420833 -1.20116e-159 7.73643e-159 1.03875e-158
0.425 -1.05503e-157 6.7234e-157 9.02763e-157
0.429167 -8.80829e-156 5.55439e-155 7.45823e-155
0.433333 -6.99637e-154 4.36592e-153 5.86261e-153
0.4375 -5.29167e-152 3.26807e-151 4.38857e-151
0.441667 -3.81439e-150 2.3316e-149 3.13114e-149
0.445833 -2.62259e-148 1.58681e-147 2.13104e-147
0.45 -1.72131e-146 1.03099e-145 1.38465e-145
0.454167 -1.07933e-144 6.40003e-144 8.5959e-144
0.458333 -6.4707e-143 3.79877e-142 5.10238e-142
0.4625 -3.71165e-141 2.15753e-140 2.89807e-140
0.466667 -2.03854e-139 1.17337e-138 1.5762e-138
0.470833 -1.07278e-137 6.11486e-137 8.21462e-137
0.475 -5.41303e-136 3.05566e-135 4.10517e-135
0.479167 -2.62057e-134 1.46514e-133 1.96848e-133
0.483333 -1.21804e-132 6.74511e-132 9.06295e-132
0.4875 -5.43884e-131 2.98339e-130 4.00884e-130
0.491667 -2.33454e-129 1.26854e-128 1.70469e-128
0.495833 -9.63839e-128 5.18845e-127 6.97278e-127
0.5 -3.82974e-126 2.04248e-125 2.74509e-125
0.504167 -1.46535e-124 7.74301e-124 1.04074e-123
0.508333 -5.4021e-123 2.82837e-122 3.80191e-122
0.5125 -1.91984e-121 9.96024e-121 1.33897e-120
0.516667 -6.58082e-120 3.38328e-119 4.54855e-119
0.520833 -2.17684e-118 1.10908e-117 1.4912e-117
0.525 -6.95224e-117 3.51044e-116 4.72031e-116
0.529167 -2.14479e-115 1.07336e-114 1.44342e-114
0.533333 -6.39459e-114 3.17189e-113 4.26584e-113
0.5375 -1.84337e-112 9.06325e-112 1.21902e-111
0.541667 -5.14016e-111 2.50517e-110 3.36981e-110
0.545833 -1.38708e-109 6.70148e-109 9.0153e-109
0.55 -3.62385e-108 1.73568e-107 2.33519e-107
0.554167 -9.16999e-107 4.35429e-106 5.85888e-106
0.558333 -2.24841e-105 1.0585e-104 1.42441e-104
0.5625 -5.34395e-104 2.49441e-103 3.35703e-103
0.566667 -1.23169e-102 5.7005e-102 7.6727e-102
0.570833 -2.75398e-101 1.26385e-100 1.70129e-100
0.575 -5.97584e-100 2.71942e-99 3.66108e-99
0.579167 -1.25886e-98 5.68087e-98 7.64886e-98
0.583333 -2.57544e-97 1.15256e-96 1.55202e-96
0.5875 -5.11883e-96 2.27184e-95 3.05958e-95
0.591667 -9.88745e-95 4.35212e-94 5.86191e-94
0.595833 -1.85668e-93 8.1055e-93 1.09187e-92
0.6 -3.39056e-92 1.4681e-91 1.97789e-91
0.604167 -6.02316e-91 2.58681e-90 3.48551e-90
0.608333 -1.0412e-89 4.4355e-89 5.97727e-89
0.6125 -1.75197e-88 7.40327e-88 9.97793e-88
0.616667 -2.87037e-87 1.20319e-86 1.62185e-86
0.620833 -4.58027e-86 1.90459e-85 2.56766e-85
0.625 -7.12051e-85 2.93731e-84 3.96046e-84
0.629167 -1.07875e-83 4.41466e-83 5.95327e-83
0.633333 -1.59306e-82 6.46792e-82 8.72339e-82
0.6375 -2.29387e-81 9.23988e-81 1.24638e-80
0.641667 -3.22136e-80 1.28741e-79 1.73686e-79
0.645833 -4.41322e-79 1.74994e-78 2.36122e-78
0.65 -5.89967e-78 2.32111e-77 3.13239e-77
0.654167 -7.69767e-77 3.00498e-76 4.05592e-76
0.658333 -9.80519e-76 3.79807e-75 5.12718e-75
0.6625 -1.2196e-74 4.68771e-74 6.32916e-74
0.666667 -1.48166e-73 5.65113e-73 7.63115e-73
0.670833 -1.75849e-72 6.65553e-72 8.98894e-72
0.675 -2.03934e-71 7.65947e-71 1.03466e-70
0.679167 -2.31148e-70 8.6154e-70 1.16398e-69
0.683333 -2.56115e-69 9.47337e-69 1.28011e-68
0.6875 -2.77466e-68 1.01853e-67 1.37655e-67
0.691667 -2.93972e-67 1.07096e-66 1.44766e-66
0.695833 -3.04653e-66 1.1015e-65 1.4892e-65
0.7 -3.08884e-65 1.10839e-64 1.49878e-64
0.704167 -3.06446e-64 1.09139e-63 1.47606e-63
0.708333 -2.97553e-63 1.05178e-62 1.42275e-62
0.7125 -2.82815e-62 9.92216e-62 1.34242e-61
0.716667 -2.63176e-61 9.16433e-61 1.24012e-60
0.720833 -2.39813e-60 8.28863e-60 1.12183e-59
0.725 -2.14019e-59 7.34219e-59 9.93921e-59
0.729167 -1.87093e-58 6.37091e-58 8.62602e-58
0.733333 -1.60236e-57 5.41601e-57 7.33452e-57
0.7375 -1.3447e-56 4.51158e-56 6.1109e-56
0.741667 -1.10593e-55 3.68312e-55 4.98974e-55
0.745833 -8.91506e-55 2.94718e-54 3.9935e-54
0.75 -7.04505e-54 2.31188e-53 3.13328e-53
0.754167 -5.45846e-53 1.77809e-52 2.41032e-52
0.758333 -4.14708e-52 1.34102e-51 1.8182e-51
0.7625 -3.09002e-51 9.91895e-51 1.34512e-50
0.766667 -2.25833e-50 7.19626e-50 9.76094e-50
0.770833 -1.61911e-49 5.12172e-49 6.94847e-49
0.775 -1.1389e-48 3.57641e-48 4.85299e-48
0.779167 -7.86074e-48 2.4505e-47 3.32589e-47
0.783333 -5.32441e-47 1.64775e-46 2.23685e-46
0.7875 -3.53963e-46 1.08746e-45 1.47655e-45
0.791667 -2.30981e-45 7.04473e-45 9.56739e-45
0.795833 -1.4797e-44 4.48022e-44 6.08585e-44
0.8 -9.30679e-44 2.79747e-43 3.80084e-43
0.804167 -5.7478e-43 1.71517e-42 2.33086e-42
0.808333 -3.48598e-42 1.0327e-41 1.4037e-41
0.8125 -2.07642e-41 6.10672e-41 8.30239e-41
0.816667 -1.21483e-40 3.54693e-40 4.82328e-40
0.820833 -6.98181e-40 2.02373e-39 2.75255e-39
0.825 -3.94199e-39 1.13434e-38 1.5432e-38
0.829167 -2.18674e-38 6.247e-38 8.5005e-38
0.833333 -1.19193e-37 3.38043e-37 4.60087e-37
0.8375 -6.38435e-37 1.79756e-36 2.44707e-36
0.841667 -3.3607e-36 9.3938e-36 1.27908e-35
0.845833 -1.73871e-35 4.82483e-35 6.57105e-35
0.85 -8.84185e-35 2.43579e-34 3.31809e-34
0.854167 -4.41988e-34 1.20878e-33 1.64699e-33
0.858333 -2.17201e-33 5.89711e-33 8.03666e-33
0.8625 -1.04937e-32 2.82841e-32 3.85543e-32
0.866667 -4.98473e-32 1.33379e-31 1.8185e-31
0.870833 -2.32824e-31 6.18453e-31 8.43382e-31
0.875 -1.06934e-30 2.81984e-30 3.84622e-30
0.879167 -4.82987e-30 1.26435e-29 1.72492e-29
0.883333 -2.14541e-29 5.57521e-29 7.60774e-29
0.8875 -9.37264e-29 2.41786e-28 3.30002e-28
0.891667 -4.02734e-28 1.03133e-27 1.40791e-27
0.895833 -1.70216e-27 4.327e-27 5.90817e-27
0.9 -7.07665e-27 1.78574e-26 2.43877e-26
0.904167 -2.89416e-26 7.24951e-26 9.90263e-26
0.908333 -1.1644e-25 2.89521e-25 3.95556e-25
0.9125 -4.6088e-25 1.13749e-24 1.5544e-24
0.916667 -1.79471e-24 4.39675e-24 6.00935e-24
0.920833 -6.87597e-24 1.67202e-23 2.28571e-23
0.925 -2.59194e-23 6.25599e-23 8.55373e-23
0.929167 -9.61346e-23 2.30306e-22 3.14951e-22
0.933333 -3.5084e-22 8.34221e-22 1.14103e-21
0.9375 -1.25987e-21 2.97327e-21 4.06746e-21
0.941667 -4.45179e-21 1.04273e-20 1.4267e-20
0.945833 -1.54792e-20 3.59835e-20 4.9242e-20
0.95 -5.29629e-20 1.2219e-19 1.67238e-19
0.954167 -1.78324e-19 4.08292e-19 5.58902e-19
0.958333 -5.90838e-19 1.3425e-18 1.83798e-18
0.9625 -1.92641e-18 4.34379e-18 5.94777e-18
0.966667 -6.1809e-18 1.38303e-17 1.89397e-17
0.970833 -1.95154e-17 4.33319e-17 5.93472e-17
0.975 -6.06351e-17 1.33595e-16 1.82991e-16
0.979167 -1.85391e-16 4.05297e-16 5.55211e-16
0.983333 -5.57782e-16 1.20992e-15 1.6576e-15
0.9875 -1.65138e-15 3.55408e-15 4.86953e-15
0.991667 -4.8109e-15 1.02726e-14 1.40757e-14
0.995833 -1.37909e-14 2.92148e-14 4.0033e-14
1 -3.88987e-14 8.17492e-14 1.12026e-13
1.00417 -1.07954e-13 2.25064e-13 3.08427e-13
1.00833 -2.9477e-13 6.0961e-13 8.35424e-13
1.0125 -7.91876e-13 1.62445e-12 2.22618e-12
1.01667 -2.09284e-12 4.25836e-12 5.83567e-12
1.02083 -5.44126e-12 1.0981e-11 1.50479e-11
1.025 -1.39162e-11 2.78531e-11 3.81667e-11
1.02917 -3.50083e-11 6.94885e-11 9.52121e-11
1.03333 -8.66208e-11 1.70501e-10 2.33595e-10
1.0375 -2.10785e-10 4.11414e-10 5.63594e-10
1.04167 -5.04414e-10 9.76187e-10 1.33709e-09
1.04583 -1.18693e-09 2.27745e-09 3.11891e-09
1.05 -2.74608e-09 5.22373e-09 7.15237e-09
1.05417 -6.24599e-09 1.17783e-08 1.61233e-08
1.05833 -1.3965e-08 2.61036e-08 3.57239e-08
1.0625 -3.06886e-08 5.68561e-08 7.77876e-08
1.06667 -6.62751e-08 1.2169e-07 1.66435e-07
1.07083 -1.40637e-07 2.55897e-07 3.49861e-07
1.075 -2.93191e-07 5.28613e-07 7.22421e-07
1.07917 -6.00392e-07 1.0725e-06 1.46504e-06
1.08333 -1.20745e-06 2.13676e-06 2.91737e-06
1.0875 -2.38433e-06 4.17955e-06 5.70323e-06
1.09167 -4.62201e-06 8.02447e-06 1.09431e-05
1.09583 -8.79353e-06 1.51186e-05 2.06034e-05
1.1 -1.64154e-05 2.79449e-05 3.80543e-05
1.10417 -3.00589e-05 5.06595e-05 6.89293e-05
1.10833 -5.39758e-05 9.00434e-05 0.000122406
1.1125 -9.50132e-05 0.000156865 0.000213031
1.11667 -0.000163897 0.000267745 0.000363214
1.12083 -0.000276943 0.000447568 0.000606422
1.125 -0.000458192 0.000732385 0.000991009
1.12917 -0.000741884 0.00117259 0.00158433
1.13333 -0.00117495 0.00183583 0.00247644
1.1375 -0.00181904 0.00280884 0.00378218
1.14167 -0.0027511 0.00419688 0.00563991
1.14583 -0.00406147 0.00611899 0.00820458
1.15 -0.00584784 0.00869745 0.0116327
1.15417 -0.00820365 0.0120393 0.016057
1.15833 -0.0111999 0.0162097 0.0215497
1.1625 -0.0148599 0.0211971 0.0280763
1.16667 -0.0191292 0.026874 0.0354437
1.17083 -0.0238439 0.0329611 0.0432532
1.175 -0.0287048 0.0390016 0.0508713
1.17917 -0.0332661 0.0443616 0.0574341
1.18333 -0.0369484 0.0482655 0.0619011
1.1875 -0.0390857 0.0498753 0.0631687
1.19167 -0.039008 0.048414 0.060239
1.19583 -0.0361566 0.0433189 0.0524277
1.2 -0.0302142 0.0343996 0.0395704
1.20417 -0.0212247 0.0219619 0.022179
1.20833 -0.00966867 0.00685775 0.00149158
1.2125 0.00353747 -0.00957285 -0.0206243
1.21667 0.0171368 -0.0256771 -0.0419241
1.22083 0.0297182 -0.0397602 -0.0601588
1.225 0.0399617 -0.050395 -0.0734873
1.22917 0.0468847 -0.0566914 -0.0808206
1.23333 0.0500217 -0.0584444 -0.0819942
1.2375 0.0494814 -0.0561141 -0.0777117
1.24167 0.0458612 -0.0506413 -0.0692774
1.24583 0.0400482 -0.0431652 -0.0582187
1.25 0.0329825 -0.0347553 -0.0459463
1.25417 0.0254781 -0.0262644 -0.0335936
1.25833 0.0181725 -0.0183603 -0.022091
1.2625 0.0116185 -0.0117047 -0.0124134
1.26667 0.0064511 -0.0071565 -0.00582395
1.27083 0.00350854 -0.00584293 -0.00390465
1.275 0.00378726 -0.00898105 -0.00824362
1.27917 0.00818113 -0.0174553 -0.0198233
1.28333 0.017074 -0.0313036 -0.038351
1.2875 0.0299628 -0.0493617 -0.0618791
1.29167 0.0453237 -0.0692952 -0.0869958
1.29583 0.0608537 -0.0880944 -0.109628
1.3 0.0740518 -0.102877 -0.126177
1.30417 0.082918 -0.111665 -0.134499
1.30833 0.0864535 -0.113763 -0.134247
1.3125 0.0847155 -0.109559 -0.126395
1.31667 0.0783944 -0.0998425 -0.112197
1.32083 0.0681459 -0.085045 -0.0921703
1.325 0.0540647 -0.0648501 -0.0657252
1.32917 0.0356315 -0.0384493 -0.0317084
1.33333 0.012202 -0.00534309 0.0103967
1.3375 -0.016217 0.0337544 0.059302
1.34167 -0.0483552 0.0764397 0.111491
1.34583 -0.0816097 0.118882 0.161834
1.35 -0.112592 0.156709 0.204941
1.35417 -0.138007 0.186054 0.236502
1.35833 -0.155396 0.204253 0.253963
1.3625 -0.163416 0.20994 0.25634
1.36667 -0.16163 0.202746 0.243596
1.37083 -0.150156 0.182999 0.216246
1.375 -0.129523 0.151772 0.175572
1.37917 -0.100887 0.111224 0.124233
1.38333 -0.0663631 0.0648252 0.0666059
1.3875 -0.0290769 0.0170615 0.00830597
1.39167 0.00731572 -0.0274469 -0.0450816
1.39583 0.0394792 -0.0649939 -0.0893439
1.4 0.0651258 -0.0933874 -0.122214
1.40417 0.0831718 -0.111767 -0.142871
1.40833 0.0932896 -0.119898 -0.150923
1.4125 0.09531 -0.117618 -0.145884
1.41667 0.0890695 -0.105016 -0.12776
1.42083 0.0749319 -0.0832844 -0.0983951
1.425 0.0545883 -0.0554934 -0.0623653
1.42917 0.031368 -0.0264478 -0.0263294
1.43333 0.00953551 -0.00133081 0.00319523
1.4375 -0.0072187 0.0162045 0.0223933
1.44167 -0.017202 0.0253136 0.0313745
1.44583 -0.0211138 0.0277558 0.0332205
1.45 -0.0211395 0.0263627 0.0315531
1.45417 -0.0193952 0.0232656 0.028369
1.45833 -0.0168158 0.0190806 0.023589
1.4625 -0.0131879 0.0134537 0.0163715
1.46667 -0.00810769 0.00630264 0.00686595
1.47083 -0.00194866 -0.00138144 -0.00313139
1.475 0.00398903 -0.00782738 -0.0110871
1.47917 0.00820808 -0.011536 -0.0152909
1.48333 0.00992564 -0.0121332 -0.0156756
1.4875 0.0093783 -0.0103298 -0.0133082
1.49167 0.0073512 -0.00715825 -0.00924513
1.49583 0.00448828 -0.0032948 -0.00397281
1.5 0.00108365 0.000904825 0.00206608
1.50417 -0.00250942 0.00483319 0.00759422
1.50833 -0.00541597 0.00731211 0.0104937
1.5125 -0.00640584 0.00710399 0.00907902
1.51667 -0.00474858 0.00395875 0.00367547
1.52083 -0.00103729 -0.000778374 -0.00303963
1.525 0.00287779 -0.00473985 -0.00755038
1.52917 0.00499289 -0.00602073 -0.00783762
1.53333 0.00448888 -0.00443305 -0.00465797
1.5375 0.00221347 -0.00149702 -0.000711799
1.54167 -9.27267e-05 0.000816694 0.00155668
1.54583 -0.00115673 0.0015265 0.00164537
1.55 -0.000976139 0.00109086 0.000843195
1.55417 -0.000469146 0.000625001 0.000620574
1.55833 -0.000423321 0.000722283 0.00118153
1.5625 -0.000765032 0.000977317 0.00146872
1.56667 -0.000772999 0.000561239 0.000436745
1.57083 7.07946e-05 -0.00079638 -0.00174592
1.575 0.00145929 -0.00238268 -0.00369855
1.57917 0.00244179 -0.00301437 -0.00394393
1.58333 0.00219999 -0.00200608 -0.00207717
1.5875 0.000711815 0.000234824 0.000949457
1.59167 -0.00121384 0.00242825 0.00347481
1.59583 -0.0024694 0.00323386 0.0040877
1.6 -0.00230432 0.0020766 0.00232666
1.60417 -0.000724399 -0.00048655 -0.00104981
1.60833 0.00148241 -0.00301555 -0.00424877
1.6125 0.00307195 -0.0039451 -0.00521081
1.61667 0.00297276 -0.00253652 -0.00289569
1.62083 0.00101746 0.000492394 0.00162784
1.625 -0.00169898 0.00319826 0.00539791
1.62917 -0.00331978 0.00361103 0.00547907
1.63333 -0.00250876 0.00122175 0.00140083
1.6375 0.000370395 -0.00241369 -0.00402101
1.64167 0.00327906 -0.00466494 -0.00661764
1.64583 0.00398057 -0.00383877 -0.00426133
1.65 0.00188588 -0.000607566 0.00119573
1.65417 -0.00134934 0.00244799 0.00534399
1.65833 -0.00313206 0.00291856 0.00492037
1.6625 -0.00209261 0.000530331 0.000531654
1.66667 0.000796553 -0.00270405 -0.00403254
1.67083 0.00313204 -0.00424485 -0.00518146
1.675 0.00315931 -0.0031022 -0.00245723
1.67917 0.00113709 -0.000442884 0.00150242
1.68333 -0.0011315 0.00163063 0.00357377
1.6875 -0.00197752 0.00186325 0.00268275
1.69167 -0.0011412 0.000630212 0.00013155
1.69583 0.00034864 -0.000705243 -0.00201616
1.7 0.00126071 -0.000993981 -0.00258137
1.70417 0.00105643 2.01663e-05 -0.0016201
1.70833 -3.36925e-05 0.00182839 0.000159704
1.7125 -0.00142726 0.00361977 0.0018578
1.71667 -0.00250735 0.00463637 0.00248521
1.72083 -0.00274931 0.00444432 0.00134538
1.725 -0.00196116 0.00324441 -0.00114045
1.72917 -0.000627697 0.00196028 -0.00315536
1.73333 0.000170645 0.0016912 -0.0027303
1.7375 -0.000410858 0.00271005 0.000215872
1.74167 -0.00201024 0.00395329 0.0032337
1.74583 -0.00308517 0.00379095 0.00335027
1.75 -0.00226334 0.00161095 0.000120776
1.75417 0.000164233 -0.00133296 -0.00351362
1.75833 0.0022584 -0.00288158 -0.00391118
1.7625 0.00221404 -0.00199449 -0.000495622
1.76667 0.000214336 0.000181399 0.00340681
1.77083 -0.00164669 0.00140973 0.00384325
1.775 -0.00145997 0.000611227 0.000359701
1.77917 0.000505788 -0.0010564 -0.00344516
1.78333 0.00206335 -0.0014628 -0.00367004
1.7875 0.00142259 0.000172618 -0.000217625
1.79167 -0.000874874 0.00234549 0.00316855
1.79583 -0.00248473 0.00272019 0.00297124
1.8 -0.00169505 0.000441124 -0.000373311
1.80417 0.000851839 -0.00312732 -0.00311924
1.80833 0.00297512 -0.00594956 -0.00240228
1.8125 0.00335025 -0.00741352 0.000720414
1.81667 0.00282778 -0.00869635 0.00267293
1.82083 0.00327734 -0.0110895 0.00146199
1.825 0.00533764 -0.0142428 -0.00121717
1.82917 0.00763379 -0.0163289 -0.00214955
1.83333 0.00829804 -0.0159022 -0.000387247
1.8375 0.00698927 -0.0132827 0.00177648
1.84167 0.005082 -0.00990173 0.00168828
1.84583 0.00388308 -0.00649484 -0.000446612
1.85 0.00306616 -0.00239488 -0.00188573
1.85417 0.00121995 0.00322691 -0.000797819
1.85833 -0.00218773 0.00979321 0.00140761
1.8625 -0.00589244 0.015487 0.00180496
1.86667 -0.00815803 0.0190124 -0.000327036
1.87083 -0.00873571 0.0207412 -0.00244291
1.875 -0.00899416 0.0217921 -0.0018121
1.87917 -0.0100103 0.0222477 0.000975866
1.88333 -0.0110139 0.0208434 0.00253839
1.8875 -0.0102134 0.0165828 0.00081372
1.89167 -0.00706138 0.0102594 -0.00225902
1.89583 -0.00314978 0.00397389 -0.00293366
1.9 -0.000561602 -0.000792389 -0.000189641
1.90417 0.000374369 -0.00430464 0.00291366
1.90833 0.00124274 -0.00773116 0.00278633
1.9125 0.00345853 -0.0114437 -0.000450709
1.91667 0.00643433 -0.0143709 -0.00306835
1.92083 0.00812519 -0.0150274 -0.00202682
1.925 0.00729552 -0.0131248 0.00154748
1.92917 0.00495011 -0.0101404 0.00363906
1.93333 0.00335663 -0.00813731 0.00184439
1.9375 0.00369344 -0.00777681 -0.00193974
1.94167 0.00481014 -0.00754792 -0.00356813
1.94583 0.00447693 -0.00538381 -0.00120954
1.95 0.00190759 -0.0012167 0.00253127
1.95417 -0.00117562 0.00257288 0.00337767
1.95833 -0.00232322 0.00379154 0.000203962
1.9625 -0.00119034 0.00316201 -0.00347317
1.96667 -7.65451e-05 0.00349008 -0.00336826
1.97083 -0.00122824 0.00597737 0.000499596
1.975 -0.00397329 0.00842418 0.00361492
1.97917 -0.00534541 0.0079155 0.00227475
1.98333 -0.00367616 0.00459835 -0.00186746
1.9875 -0.000710618 0.00153773 -0.00377057
1.99167 0.000512427 0.000898932 -0.00120749
1.99583 -0.000658522 0.0015959 0.00258069
2 -0.00193465 0.00125244 0.00307869
2.00417 -0.00118092 -0.000635584 3.7006e-05
2.00833 0.00101245 -0.00254528 -0.00262182
2.0125 0.00240239 -0.00327156 -0.00191946
2.01667 0.00197054 -0.00313486 0.000855522
2.02083 0.000824525 -0.00293414 0.00233084
2.025 0.000488017 -0.00287958 0.00117941
2.02917 0.00118947 -0.00284108 -0.000926886
2.03333 0.00198212 -0.00266608 -0.00174598
2.0375 0.00188971 -0.00182864 -0.00074162
2.04167 0.000670194 0.000279027 0.000870063
2.04583 -0.00105287 0.00304553 0.00148122
2.05 -0.00214304 0.0045218 0.000486217
2.05417 -0.00187994 0.00358153 -0.0010919
2.05833 -0.000819943 0.00155256 -0.0014605
2.0625 -0.000277134 0.000530453 -9.83216e-05
2.06667 -0.000640471 0.000537586 0.00134075
2.07083 -0.000797919 -0.000161432 0.000989129
2.075 0.000212272 -0.00200068 -0.00063956
2.07917 0.00158623 -0.00311988 -0.00126143
2.08333 0.00172978 -0.00206402 -0.000102217
2.0875 0.000528635 3.97238e-05 0.000994434
2.09167 -0.000512265 0.00113306 0.000438706
2.09583 -0.000459515 0.000936985 -0.000693282
2.1 -6.68943e-05 0.000637868 -0.000529293
2.10417 -0.000245203 0.000650447 0.000525023
2.10833 -0.000571226 0.000315169 0.000563162
2.1125 -0.000214608 -0.000457326 -0.000543389
2.11667 0.000500842 -0.000838927 -0.000907284
2.12083 0.000602565 -0.000506604 0.000170307
2.125 5.99417e-05 -5.46115e-05 0.000987312
2.12917 -0.000289408 0.000218383 0.000253048
2.13333 -0.000173662 0.000624183 -0.000849994
2.1375 -0.000104583 0.000948877 -0.000705653
2.14167 -0.000232565 0.000447854 0.000241701
2.14583 -0.000140644 -0.000596148 0.000591853
2.15 0.000149356 -0.000869324 0.000281789
2.15417 0.000146158 -0.000226441 5.28744e-05
2.15833 1.60913e-05 -0.000150433 -0.000235295
2.1625 0.00042231 -0.00101965 -0.000824561
2.16667 0.000949098 -0.000920937 -0.00065922
2.17083 0.000286569 0.00110223 0.000889416
2.175 -0.00132749 0.0026017 0.00181915
2.17917 -0.00166384 0.00111799 3.23499e-06
2.18333 0.000173244 -0.00150656 -0.00256199
2.1875 0.00174341 -0.0015542 -0.00173669
2.19167 0.000656309 0.000640216 0.00205585
2.19583 -0.0014645 0.00114713 0.0033483
2.2 -0.00119668 -0.0010086 -0.000256864
2.20417 0.00123884 -0.00212031 -0.00371693
2.20833 0.00209761 -5.73056e-05 -0.00179299
2.2125 -4.33512e-05 0.00204321 0.00280017
2.21667 -0.00203761 0.00105217 0.0033871
2.22083 -0.00114089 -0.000966609 -0.00057696
2.225 0.000923881 -0.000600973 -0.0031091
2.22917 0.00113909 0.00095659 -0.0010627
2.23333 -0.000141969 0.000438559 0.00187278
2.2375 -0.000589896 -0.00122542 0.00179523
2.24167 -5.66166e-05 -0.000577829 -2.54262e-05
2.24583 -5.28536e-05 0.00155853 -0.000799337
2.25 -0.000324596 0.000960036 -0.000755805
2.25417 0.000491018 -0.00214758 -0.000907978
2.25833 0.00144563 -0.00250872 -0.00015408
2.2625 0.00033988 0.00121406 0.00174482
2.26667 -0.0018105 0.00332318 0.00175907
2.27083 -0.00148069 0.000268715 -0.00153971
2.275 0.00137221 -0.00301887 -0.00378553
2.27917 0.00233031 -0.00103746 -0.000742823
2.28333 -0.000555324 0.00299379 0.00391506
2.2875 -0.00303904 0.00233024 0.00307037
2.29167 -0.00107402 -0.00212216 -0.00256962
2.29583 0.00259247 -0.00337939 -0.00473981
2.3 0.00253648 0.000176383 -0.000112334
2.30417 -0.00096981 0.00268281 0.00453559
2.30833 -0.00267502 0.000779584 0.00269158
2.3125 -0.000540013 -0.00160022 -0.00244973
2.31667 0.00179943 -0.000706671 -0.00360228
2.32083 0.00122745 0.00116003 -3.55191e-05
2.325 -0.00069189 0.000719263 0.00283564
2.32917 -0.00120803 -0.000623892 0.0019395
2.33333 -0.000371781 -0.000293552 -0.000608368
2.3375 0.000385604 0.000479886 -0.00197017
2.34167 0.000787777 -0.000419357 -0.00146866
2.34583 0.000889906 -0.00145204 0.000398056
2.35 0.00010733 -0.000298405 0.00221219
2.35417 -0.00112732 0.00142011 0.0016504
2.35833 -0.000975799 0.000828334 -0.00144998
2.3625 0.000769088 -0.000979596 -0.00322166
2.36667 0.00156787 -0.000978594 -0.000657919
2.37083 2.80848e-05 0.00033429 0.00300103
2.375 -0.00147533 0.000216306 0.00232342
2.37917 -0.000494584 -0.00105079 -0.00183674
2.38333 0.00144699 -0.00101348 -0.00334277
2.3875 0.00144027 -2.73556e-05 -0.000294319
2.39167 -0.000102295 -0.00035274 0.00235884
2.39583 -0.000646927 -0.00121043 0.00105305
2.4 5.03128e-05 -0.000179064 -0.00136819
2.40417 0.000310532 0.00119884 -0.00139879
2.40833 0.000181128 -0.000573586 -0.000273011
2.4125 0.000881508 -0.00351912 -0.000210859
2.41667 0.00140393 -0.00201745 -7.56652e-05
2.42083 -0.00011534 0.0029552 0.00116131
2.425 -0.00202055 0.00361784 0.00102696
2.42917 -0.000875829 -0.00175639 -0.00166261
2.43333 0.00215053 -0.00449798 -0.00274204
2.4375 0.00197771 0.000663036 0.000885311
2.44167 -0.00195209 0.00593029 0.00442302
2.44583 -0.00368903 0.00267378 0.001767
2.45 -0.000153245 -0.00378392 -0.00369724
2.45417 0.00316908 -0.00243886 -0.00323708
2.45833 0.000692341 0.00487132 0.00305568
2.4625 -0.00389266 0.00604298 0.00551641
2.46667 -0.0032396 -0.00118112 0.000115455
2.47083 0.00174927 -0.00527543 -0.0048626
2.475 0.00334949 -7.07066e-05 -0.00195187
2.47917 -0.000507099 0.00517008 0.00379687
2.48333 -0.0032344 0.00155848 0.00334015
2.4875 -0.00060679 -0.00468875 -0.0020648
2.49167 0.00275493 -0.00324896 -0.00380417
2.49583 0.00159848 0.00287825 1.91469e-05
2.5 -0.00152734 0.00310622 0.00268276
2.50417 -0.00136182 -0.0023998 0.000613526
2.50833 0.00111165 -0.00342895 -0.00168297
2.5125 0.00108214 0.00233213 -0.000377764
2.51667 -0.00143072 0.00539721 0.00159639
2.52083 -0.00199219 0.00101097 0.000808123
2.525 0.000117093 -0.00277655 -0.00051412
2.52917 0.00075136 0.000779793 0.000730591
2.53333 -0.00148205 0.00553879 0.00236205
2.5375 -0.00262058 0.00326321 0.000949001
2.54167 -0.000408563 -0.0022284 -0.00147223
2.54583 0.00154821 -0.00186379 -0.000604856
2.55 -2.38186e-05 0.00312769 0.00232511
2.55417 -0.00231694 0.00370151 0.00221751
2.55833 -0.00120269 -0.00135199 -0.00120467
2.5625 0.00170354 -0.00370449 -0.00265352
2.56667 0.00180026 1.97093e-06 -7.18632e-06
2.57083 -0.000760225 0.00278693 0.0022124
2.575 -0.00150393 -0.000342059 0.000349953
2.57917 0.000828695 -0.00421618 -0.00261017
2.58333 0.0024949 -0.00292046 -0.00227314
2.5875 0.00121794 0.000346072 0.00019568
2.59167 -0.00036329 -0.000482421 0.00060834
2.59583 0.000453585 -0.00391843 -0.00136967
2.6 0.00211796 -0.00420121 -0.00239759
2.60417 0.00195962 -0.0013855 -0.00124081
2.60833 0.000635939 -0.000570122 -0.000129984
2.6125 0.000472893 -0.00273386 -0.000520684
2.61667 0.00137922 -0.00352177 -0.00112605
2.62083 0.00142187 -0.0011258 -0.000715579
2.625 0.000330784 0.000981014 4.86365e-07
2.62917 -0.000335143 0.000344438 0.000133145
2.63333 -3.17273e-05 -0.000720418 9.01605e-05
2.6375 0.000122151 0.000397091 0.000429453
2.64167 -0.000524362 0.00248713 0.000850455
2.64583 -0.00126927 0.0031251 0.001006
2.65 -0.00144835 0.00240793 0.0010622
2.65417 -0.0012655 0.00192105 0.00104857
2.65833 -0.00107464 0.00203528 0.000770778
2.6625 -0.00091923 0.00203188 0.000513633
2.66667 -0.000833932 0.0015255 0.000679434
2.67083 -0.000762426 0.000553725 0.000764703
2.675 -0.000341915 -0.000628386 1.47301e-05
2.67917 0.000459208 -0.00124748 -0.000977691
2.68333 0.000878389 -0.000763674 -0.000871074
2.6875 0.000420041 -0.000142504 0.00014714
2.69167 -0.000107785 -0.000781649 0.000383271
2.69583 0.000297161 -0.00203718 -0.000676065
2.7 0.00112097 -0.00182074 -0.00141482
2.70417 0.00102014 -2.60594e-05 -0.000597308
2.70833 -1.48133e-05 0.000944186 0.000692374
2.7125 -0.000592135 -6.82803e-05 0.000741914
2.71667 -9.4859e-05 -0.00104275 -0.00027224
2.72083 0.000455282 -6.27652e-05 -0.000748161
2.725 0.000115557 0.00154891 -2.78927e-05
2.72917 -0.000595886 0.00142104 0.00090899
2.73333 -0.000702517 -5.47149e-05 0.000961322
2.7375 -0.000244791 -0.000523084 0.0001893
2.74167 5.09584e-05 0.000470711 -0.000521331
2.74583 -7.31385e-06 0.000918823 -0.000513577
2.75 -8.53503e-06 -0.000258294 6.65666e-05
2.75417 0.000198562 -0.00149731 0.000478516
2.75833 0.000312546 -0.00107896 0.000146063
2.7625 0.000192302 0.000338497 -0.000641137
2.76667 6.56803e-05 0.000892171 -0.000922605
2.77083 5.32963e-05 0.000204597 -0.000201595
2.775 -3.38444e-05 -0.000431831 0.000780999
2.77917 -0.000261292 -0.00013893 0.000822494
2.78333 -0.000336403 0.000501531 -0.00018077
2.7875 -6.42217e-05 0.00055627 -0.000956048
2.79167 0.000252428 5.34004e-06 -0.000451864
2.79583 0.000190825 -0.000419338 0.000709512
2.8 -0.000176667 -0.000203349 0.000993007
2.80417 -0.000369087 0.000385525 1.44539e-05
2.80833 -0.000137843 0.000564669 -0.000930509
2.8125 0.000253573 -6.61763e-05 -0.000623364
2.81667 0.000384012 -0.000834703 0.000485956
2.82083 0.000118884 -0.000654753 0.000960049
2.825 -0.000268365 0.000369016 0.000226879
2.82917 -0.000312363 0.00075912 -0.000819828
2.83333 0.000151529 -0.000228785 -0.000949325
2.8375 0.000613511 -0.00118111 4.25042e-05
2.84167 0.000350946 -0.000437034 0.00109
2.84583 -0.000510426 0.00122705 0.00094686
2.85 -0.000891264 0.00151075 -0.000312643
2.85417 -0.000193753 7.92293e-06 -0.00111339
2.85833 0.000676186 -0.0011713 -0.000263736
2.8625 0.000497512 -0.000569384 0.00123018
2.86667 -0.000435173 0.000623259 0.00126438
2.87083 -0.00069272 0.000606515 -0.000394526
2.875 0.000160914 -0.000441657 -0.00156644
2.87917 0.000927507 -0.00097065 -0.00065635
2.88333 0.000541516 -0.000336519 0.00107972
2.8875 -0.000465124 0.000614486 0.00132322
2.89167 -0.000800738 0.000805832 -0.000151498
2.89583 -0.00011355 7.66745e-05 -0.00137889
2.9 0.000696977 -0.000697606 -0.000885671
2.90417 0.000623178 -0.000466455 0.000624807
2.90833 -0.000304336 0.000625731 0.00130573
2.9125 -0.000972842 0.00102695 0.000283897
2.91667 -0.000396708 -0.000194923 -0.00133317
2.92083 0.000909106 -0.00157621 -0.00153368
2.925 0.00126542 -0.00100529 0.000201919
2.92917 2.45947e-05 0.000980974 0.0018664
2.93333 -0.00123992 0.00163425 0.00125226
2.9375 -0.000722489 3.13918e-05 -0.000857362
2.94167 0.00096501 -0.00149336 -0.00140552
2.94583 0.00154435 -0.000885052 0.000660915
2.95 0.00035888 0.000665161 0.00269935
2.95417 -0.000687671 0.000766529 0.00208871
2.95833 8.07229e-05 -0.000669718 -5.95822e-06
2.9625 0.00181187 -0.00170039 -0.000335855
2.96667 0.00250184 -0.00125974 0.00195099
2.97083 0.00172865 -0.000254449 0.00443579
2.975 0.00100254 -9.31627e-05 0.00481871
2.97917 0.00175561 -0.0011444 0.00367853
2.98333 0.00371012 -0.00249378 0.00355824
2.9875 0.00527626 -0.00286038 0.00600851
2.99167 0.00541164 -0.00215419 0.00979139
2.99583 0.00502658 -0.00196848 0.012142
