0 0 0 0
0.00416667 0 0 0
0.00833333 0 0 0
0.0125 0 0 0
0.0166667 0 0 0
0.0208333 0 0 0
0.025 0 0 0
0.0291667 0 0 0
0.0333333 0 0 0
0.0375 0 0 0
0.0416667 0 0 0
0.0458333 0 0 0
0.05 0 0 0
0.0541667 0 0 0
0.0583333 0 0 0
0.0625 0 0 0
0.0666667 0 0 0
0.0708333 0 0 0
0.075 0 0 0
0.0791667 0 0 0
0.0833333 0 0 0
0.0875 0 0 0
0.0916667 0 0 0
0.0958333 0 0 0
0.1 0 0 0
0.104167 0 0 0
0.108333 0 0 0
0.1125 0 0 0
0.116667 0 0 0
0.120833 0 0 0
0.125 -1.82804e-322 3.78948e-321 8.18173e-321
0.129167 -2.07114e-316 2.85571e-315 6.08208e-315
0.133333 -1.00445e-310 1.33997e-309 2.85447e-309
0.1375 -3.21015e-305 4.14759e-304 8.83734e-304
0.141667 -6.93257e-300 8.68323e-299 1.85057e-298
0.145833 -1.03505e-294 1.25792e-293 2.6815e-293
0.15 -1.09093e-289 1.28753e-288 2.74529e-288
0.154167 -8.27402e-285 9.49059e-284 2.02409e-283
0.158333 -4.5958e-280 5.12718e-279 1.09376e-278
0.1625 -1.90006e-275 2.06317e-274 4.40241e-274
0.166667 -5.93518e-271 6.27683e-270 1.33971e-269
0.170833 -1.42026e-266 1.46382e-265 3.12519e-265
0.175 -2.63715e-262 2.65055e-261 5.66035e-261
0.179167 -3.84509e-258 3.77083e-257 8.05506e-257
0.183333 -4.45137e-254 4.26178e-253 9.10643e-253
0.1875 -4.13404e-250 3.86603e-249 8.26328e-249
0.191667 -3.1098e-246 2.84205e-245 6.07648e-245
0.195833 -1.91194e-242 1.7084e-241 3.6538e-241
0.2 -9.68852e-239 8.4681e-238 1.81167e-237
0.204167 -4.0786e-235 3.48853e-234 7.46579e-234
0.208333 -1.43699e-231 1.20328e-230 2.576e-230
0.2125 -4.26691e-228 3.49931e-227 7.49387e-227
0.216667 -1.07482e-224 8.63623e-224 1.85011e-223
0.220833 -2.311e-221 1.82e-220 3.90029e-220
0.225 -4.26619e-218 3.29417e-217 7.062e-217
0.229167 -6.79903e-215 5.14913e-214 1.10427e-213
0.233333 -9.40323e-212 6.98693e-211 1.49895e-210
0.2375 -1.13415e-208 8.27062e-208 1.77502e-207
0.241667 -1.19853e-205 8.5804e-205 1.84221e-204
0.245833 -1.11464e-202 7.8363e-202 1.68311e-201
0.25 -9.1612e-200 6.32653e-199 1.35938e-198
0.254167 -6.68082e-197 4.53313e-196 9.74425e-196
0.258333 -4.33923e-194 2.89368e-193 6.2227e-193
0.2625 -2.51923e-191 1.65152e-190 3.55299e-190
0.266667 -1.31185e-188 8.45641e-188 1.82004e-187
0.270833 -6.14735e-186 3.89739e-185 8.39182e-185
0.275 -2.60033e-183 1.62181e-182 3.49359e-182
0.279167 -9.95869e-181 6.11159e-180 1.3171e-179
0.283333 -3.46293e-178 2.09155e-177 4.50951e-177
0.2875 -1.09631e-175 6.51809e-175 1.40598e-174
0.291667 -3.1681e-173 1.85454e-172 4.00219e-172
0.295833 -8.37765e-171 4.8294e-170 1.0427e-169
0.3 -2.03207e-168 1.15378e-167 2.49228e-167
0.304167 -4.53145e-166 2.53464e-165 5.47773e-165
0.308333 -9.31043e-164 5.13122e-163 1.10947e-162
0.3125 -1.76623e-161 9.59275e-161 2.07518e-160
0.316667 -3.09989e-159 1.65943e-158 3.59161e-158
0.320833 -5.04318e-157 2.66136e-156 5.76309e-156
0.325 -7.61958e-155 3.96447e-154 8.58937e-154
0.329167 -1.07103e-152 5.49511e-152 1.19119e-151
0.333333 -1.40301e-150 7.0994e-150 1.53977e-149
0.3375 -1.71566e-148 8.56325e-148 1.85825e-147
0.341667 -1.96156e-146 9.65864e-146 2.09709e-145
0.345833 -2.10008e-144 1.02028e-143 2.21645e-143
0.35 -2.10853e-142 1.01085e-141 2.19718e-141
0.354167 -1.98815e-140 9.40664e-140 2.04578e-139
0.358333 -1.76295e-138 8.23306e-138 1.79156e-137
0.3625 -1.47208e-136 6.7864e-136 1.47761e-135
0.366667 -1.15898e-134 5.275e-134 1.1492e-133
0.370833 -8.61417e-133 3.87121e-132 8.43867e-132
0.375 -6.05143e-131 2.68552e-130 5.85751e-130
0.379167 -4.02265e-129 1.76306e-128 3.84779e-128
0.383333 -2.53314e-127 1.09659e-126 2.39471e-126
0.3875 -1.51275e-125 6.46887e-125 1.41352e-124
0.391667 -8.57612e-124 3.62302e-123 7.92161e-123
0.395833 -4.62026e-122 1.92845e-121 4.21912e-121
0.4 -2.36765e-120 9.76478e-120 2.13772e-119
0.404167 -1.1552e-118 4.70809e-118 1.03136e-117
0.408333 -5.37129e-117 2.16347e-116 4.74236e-116
0.4125 -2.38216e-115 9.48344e-115 2.08013e-114
0.416667 -1.00857e-113 3.96882e-113 8.71106e-113
0.420833 -4.07989e-112 1.58708e-111 3.48575e-111
0.425 -1.57814e-110 6.06917e-110 1.33387e-109
0.429167 -5.84171e-109 2.22122e-108 4.88505e-108
0.433333 -2.07092e-107 7.78599e-107 1.71351e-106
0.4375 -7.03611e-106 2.61588e-105 5.76087e-105
0.441667 -2.29278e-104 8.42973e-104 1.85774e-103
0.445833 -7.17056e-103 2.60737e-102 5.7501e-102
0.45 -2.15377e-101 7.74602e-101 1.70945e-100
0.454167 -6.21709e-100 2.21169e-99 4.88437e-99
0.458333 -1.7258e-98 6.0732e-98 1.34218e-97
0.4625 -4.60982e-97 1.60482e-96 3.54921e-96
0.466667 -1.18556e-95 4.0833e-95 9.03717e-95
0.470833 -2.93744e-94 1.00099e-93 2.217e-93
0.475 -7.01561e-93 2.3655e-92 5.24299e-92
0.479167 -1.61605e-91 5.39181e-91 1.19595e-90
0.483333 -3.59227e-90 1.18604e-89 2.6327e-89
0.4875 -7.70972e-89 2.51909e-88 5.59593e-88
0.491667 -1.5984e-87 5.16879e-87 1.14907e-86
0.495833 -3.20277e-86 1.02506e-85 2.28054e-85
0.5 -6.20539e-85 1.9658e-84 4.37683e-84
0.504167 -1.16311e-83 3.64719e-83 8.12669e-83
0.508333 -2.11e-82 6.54949e-82 1.4605e-81
0.5125 -3.70634e-81 1.13889e-80 2.54163e-80
0.516667 -6.30668e-80 1.91852e-79 4.2849e-79
0.520833 -1.04e-78 3.13221e-78 7.00113e-78
0.525 -1.66274e-77 4.95806e-77 1.10911e-76
0.529167 -2.57837e-76 7.61245e-76 1.70425e-75
0.533333 -3.87947e-75 1.13412e-74 2.54108e-74
0.5375 -5.6659e-74 1.64015e-73 3.67784e-73
0.541667 -8.03524e-73 2.30334e-72 5.16917e-72
0.545833 -1.10693e-71 3.14226e-71 7.05764e-71
0.55 -1.4818e-70 4.16571e-70 9.36405e-70
0.554167 -1.92822e-69 5.36848e-69 1.20777e-68
0.558333 -2.43987e-68 6.72782e-68 1.51484e-67
0.5625 -3.00308e-67 8.20166e-67 1.84823e-66
0.566667 -3.59664e-66 9.72912e-66 2.19427e-65
0.570833 -4.19268e-65 1.12338e-64 2.53575e-64
0.575 -4.75868e-64 1.26297e-63 2.85325e-63
0.579167 -5.2603e-63 1.38294e-62 3.12692e-62
0.583333 -5.66491e-62 1.47531e-61 3.33862e-61
0.5875 -5.94506e-61 1.53377e-60 3.47387e-60
0.591667 -6.08168e-60 1.55436e-59 3.52352e-59
0.595833 -6.06613e-59 1.53596e-58 3.48478e-58
0.6 -5.90116e-58 1.48032e-57 3.36144e-57
0.604167 -5.60032e-57 1.39185e-56 3.16328e-56
0.608333 -5.18619e-56 1.27704e-55 2.90484e-55
0.6125 -4.68763e-55 1.14365e-54 2.60368e-54
0.616667 -4.13648e-54 9.99921e-54 2.27844e-53
0.620833 -3.56439e-53 8.53741e-53 1.94704e-52
0.625 -2.99996e-52 7.11989e-52 1.62518e-51
0.629167 -2.46673e-51 5.80103e-51 1.32529e-50
0.633333 -1.98197e-50 4.61867e-50 1.05609e-49
0.6375 -1.55646e-49 3.59419e-49 8.22557e-49
0.641667 -1.1949e-48 2.73433e-48 6.26318e-48
0.645833 -8.96955e-48 2.034e-47 4.66311e-47
0.65 -6.58478e-47 1.47977e-46 3.39545e-46
0.654167 -4.72855e-46 1.05307e-45 2.41848e-45
0.658333 -3.32211e-45 7.33217e-45 1.68537e-44
0.6625 -2.28392e-44 4.99566e-44 1.1493e-43
0.666667 -1.53676e-43 3.33136e-43 7.6708e-43
0.670833 -1.01221e-42 2.17467e-42 5.01176e-42
0.675 -6.52748e-42 1.3899e-41 3.20596e-41
0.679167 -4.12199e-41 8.69892e-41 2.00824e-40
0.683333 -2.54933e-40 5.33226e-40 1.23208e-39
0.6875 -1.54444e-39 3.20178e-39 7.40443e-39
0.691667 -9.16672e-39 1.88353e-38 4.35959e-38
0.695833 -5.33112e-38 1.08573e-37 2.51516e-37
0.7 -3.03845e-37 6.13344e-37 1.42206e-36
0.704167 -1.69736e-36 3.39611e-36 7.88068e-36
0.708333 -9.29504e-36 1.84339e-35 4.28119e-35
0.7125 -4.99046e-35 9.81001e-35 2.28024e-34
0.716667 -2.62725e-34 5.11915e-34 1.19089e-33
0.720833 -1.35641e-33 2.61974e-33 6.09944e-33
0.725 -6.86854e-33 1.31494e-32 3.06404e-32
0.729167 -3.41174e-32 6.47437e-32 1.50986e-31
0.733333 -1.66257e-31 3.12739e-31 7.29913e-31
0.7375 -7.9492e-31 1.48221e-30 3.46215e-30
0.741667 -3.72958e-30 6.89342e-30 1.61143e-29
0.745833 -1.71726e-29 3.14631e-29 7.36065e-29
0.75 -7.76067e-29 1.40947e-28 3.29993e-28
0.754167 -3.44266e-28 6.19791e-28 1.45219e-27
0.758333 -1.49922e-27 2.67555e-27 6.27358e-27
0.7625 -6.40996e-27 1.13397e-26 2.66086e-26
0.766667 -2.69095e-26 4.719e-26 1.10812e-25
0.770833 -1.10932e-25 1.92842e-25 4.53151e-25
0.775 -4.49102e-25 7.73911e-25 1.81984e-24
0.779167 -1.78569e-24 3.0504e-24 7.17786e-24
0.783333 -6.97398e-24 1.18095e-23 2.78074e-23
0.7875 -2.67547e-23 4.49113e-23 1.05819e-22
0.791667 -1.00832e-22 1.67786e-22 3.95585e-22
0.795833 -3.73342e-22 6.15841e-22 1.45284e-21
0.8 -1.35817e-21 2.22085e-21 5.24233e-21
0.804167 -4.85482e-21 7.86937e-21 1.85863e-20
0.808333 -1.70524e-20 2.74003e-20 6.47509e-20
0.8125 -5.88604e-20 9.37547e-20 2.21672e-19
0.816667 -1.99667e-19 3.15265e-19 7.45783e-19
0.820833 -6.65671e-19 1.04191e-18 2.46587e-18
0.825 -2.18125e-18 3.38431e-18 8.01324e-18
0.829167 -7.02525e-18 1.0805e-17 2.55943e-17
0.833333 -2.22408e-17 3.39081e-17 8.03515e-17
0.8375 -6.92126e-17 1.046e-16 2.47957e-16
0.841667 -2.11731e-16 3.17189e-16 7.52154e-16
0.845833 -6.36737e-16 9.45539e-16 2.24283e-15
0.85 -1.88246e-15 2.77094e-15 6.5744e-15
0.854167 -5.47132e-15 7.98312e-15 1.89451e-14
0.858333 -1.56339e-14 2.26112e-14 5.36694e-14
0.8625 -4.39196e-14 6.29631e-14 1.49469e-13
0.866667 -1.21303e-13 1.72372e-13 4.09234e-13
0.870833 -3.29389e-13 4.63946e-13 1.10153e-12
0.875 -8.79372e-13 1.22769e-12 2.91486e-12
0.879167 -2.30814e-12 3.19398e-12 7.58297e-12
0.883333 -5.95627e-12 8.16942e-12 1.93935e-11
0.8875 -1.51114e-11 2.0543e-11 4.87596e-11
0.891667 -3.76917e-11 5.07854e-11 1.20516e-10
0.895833 -9.24246e-11 1.23427e-10 2.92815e-10
0.9 -2.22802e-10 2.9489e-10 6.99356e-10
0.904167 -5.27986e-10 6.92591e-10 1.64187e-09
0.908333 -1.22994e-09 1.59897e-09 3.78876e-09
0.9125 -2.8163e-09 3.62855e-09 8.59309e-09
0.916667 -6.33849e-09 8.0933e-09 1.91544e-08
0.920833 -1.4021e-08 1.77416e-08 4.19592e-08
0.925 -3.04806e-08 3.8221e-08 9.03213e-08
0.929167 -6.51159e-08 8.0913e-08 1.91038e-07
0.933333 -1.36688e-07 1.68307e-07 3.96987e-07
0.9375 -2.81912e-07 3.43962e-07 8.10423e-07
0.941667 -5.71197e-07 6.90547e-07 1.62508e-06
0.945833 -1.13683e-06 1.36175e-06 3.20044e-06
0.95 -2.2222e-06 2.63732e-06 6.18946e-06
0.954167 -4.26564e-06 5.01562e-06 1.17527e-05
0.958333 -8.03953e-06 9.36505e-06 2.1907e-05
0.9625 -1.48745e-05 1.71649e-05 4.00785e-05
0.966667 -2.70106e-05 3.08765e-05 7.19496e-05
0.970833 -4.81297e-05 5.44974e-05 0.000126716
0.975 -8.41344e-05 9.43579e-05 0.000218884
0.979167 -0.000144245 0.000160221 0.000370721
0.983333 -0.000242477 0.000266727 0.000615457
0.9875 -0.000399523 0.000435193 0.00100118
0.991667 -0.000644998 0.000695669 0.00159525
0.995833 -0.00101988 0.00108907 0.00248861
1 -0.00157878 0.00166893 0.00379916
1.00417 -0.00239143 0.00250228 0.00567264
1.00833 -0.00354255 0.00366856 0.00827915
1.0125 -0.00512888 0.00525577 0.0118028
1.01667 -0.00725208 0.00735252 0.0164226
1.02083 -0.0100063 0.0100352 0.0222818
1.025 -0.01346 0.0133497 0.0294472
1.02917 -0.017631 0.0172889 0.037859
1.03333 -0.0224589 0.0217678 0.047278
1.0375 -0.0277763 0.0265998 0.0572393
1.04167 -0.0332861 0.0314813 0.067027
1.04583 -0.0385523 0.0359907 0.0756828
1.05 -0.0430124 0.0396079 0.0820644
1.05417 -0.0460185 0.04176 0.0849599
1.05833 -0.0469089 0.0418935 0.0832553
1.0625 -0.0451078 0.0395657 0.0761372
1.06667 -0.0402383 0.0345419 0.0632961
1.07083 -0.0322302 0.0268798 0.0450852
1.075 -0.0213946 0.016976 0.022585
1.07917 -0.0084407 0.00555641 -0.00246485
1.08333 0.00558507 -0.00640211 -0.0278802
1.0875 0.0194378 -0.0178128 -0.0513684
1.09167 0.0318729 -0.0276599 -0.0709235
1.09583 0.0418636 -0.03518 -0.0851863
1.1 0.0487854 -0.039998 -0.0936716
1.10417 0.0525138 -0.0421776 -0.0967899
1.10833 0.0534041 -0.0421691 -0.0956504
1.1125 0.0521556 -0.0406669 -0.0917021
1.11667 0.0496001 -0.0384222 -0.0863352
1.12083 0.04649 -0.0360759 -0.0805905
1.125 0.0433618 -0.0340715 -0.0750913
1.12917 0.0405319 -0.0326814 -0.0702287
1.13333 0.0382223 -0.0321287 -0.0665122
1.1375 0.0367583 -0.0327412 -0.064903
1.14167 0.0367265 -0.0350444 -0.0669165
1.14583 0.0389847 -0.0397135 -0.0743443
1.15 0.0444584 -0.0473556 -0.0886048
1.15417 0.0537531 -0.0581718 -0.109909
1.15833 0.0667058 -0.0716202 -0.136569
1.1625 0.0820624 -0.08623 -0.164793
1.16667 0.0974508 -0.099683 -0.18915
1.17083 0.109729 -0.109189 -0.203661
1.175 0.115639 -0.112066 -0.203196
1.17917 0.112573 -0.106341 -0.184696
1.18333 0.0991837 -0.0911829 -0.147812
1.1875 0.0756424 -0.0670248 -0.0947611
1.19167 0.0434771 -0.0353751 -0.0295536
1.19583 0.00510052 0.00156431 0.0430291
1.2 -0.0367362 0.0412929 0.118232
1.20417 -0.0793322 0.0812637 0.191621
1.20833 -0.120148 0.118949 0.258912
1.2125 -0.156695 0.151799 0.315643
1.21667 -0.186397 0.177246 0.357113
1.22083 -0.206628 0.192884 0.378831
1.225 -0.21504 0.196837 0.377434
1.22917 -0.210082 0.188207 0.351685
1.23333 -0.191519 0.167413 0.303116
1.2375 -0.160693 0.136256 0.235998
1.24167 -0.120396 0.0976716 0.156656
1.24583 -0.0744153 0.0552562 0.0724311
1.25 -0.0269376 0.0127455 -0.00934027
1.25417 0.0180031 -0.0264126 -0.0820772
1.25833 0.0569023 -0.0593303 -0.140437
1.2625 0.0870206 -0.0838424 -0.180676
1.26667 0.106562 -0.0986339 -0.200994
1.27083 0.114842 -0.103362 -0.201798
1.275 0.112404 -0.0987227 -0.185665
1.27917 0.100945 -0.0863765 -0.156839
1.28333 0.0830104 -0.0686813 -0.120334
1.2875 0.0614772 -0.0482927 -0.0809791
1.29167 0.0390539 -0.0277593 -0.0428127
1.29583 0.0179727 -0.00923909 -0.00899564
1.3 -5.12775e-05 0.0056321 0.0179599
1.30417 -0.0137253 0.0157969 0.0360977
1.30833 -0.0221728 0.0208577 0.0443752
1.3125 -0.0251391 0.0211956 0.0433306
1.31667 -0.023289 0.0180076 0.0354799
1.32083 -0.018287 0.0130862 0.0248317
1.325 -0.0123929 0.00828155 0.0154236
1.32917 -0.00761364 0.0048173 0.00954068
1.33333 -0.00482576 0.00282085 0.00671923
1.3375 -0.00343645 0.001402 0.00433072
1.34167 -0.00190232 -0.000673163 -0.000422457
1.34583 0.00111572 -0.00405564 -0.00828587
1.35 0.00566185 -0.00820149 -0.0170036
1.35417 0.0102086 -0.0115098 -0.0224172
1.35833 0.0124648 -0.0121962 -0.021039
1.3625 0.0108178 -0.00940048 -0.0124616
1.36667 0.00548489 -0.00383333 2.53335e-05
1.37083 -0.00140787 0.00246681 0.0110928
1.375 -0.00691696 0.007142 0.0162691
1.37917 -0.00886239 0.00867741 0.0142235
1.38333 -0.00690196 0.00703224 0.00705434
1.3875 -0.00247139 0.00342736 -0.00139338
1.39167 0.00225333 -0.000468761 -0.00785101
1.39583 0.00558916 -0.00337614 -0.0110012
1.4 0.00696952 -0.00477625 -0.0112329
1.40417 0.00670885 -0.0047524 -0.0094156
1.40833 0.00533018 -0.00361738 -0.00597951
1.4125 0.0031306 -0.00171352 -0.00109367
1.41667 0.000321126 0.000504201 0.00442462
1.42083 -0.00252927 0.00233323 0.00861812
1.425 -0.00434613 0.0029578 0.00915526
1.42917 -0.00404842 0.00191707 0.00502273
1.43333 -0.00141555 -0.000407751 -0.00220646
1.4375 0.00240898 -0.00274953 -0.00880265
1.44167 0.00534948 -0.00355501 -0.0110463
1.44583 0.00563535 -0.00192786 -0.00772569
1.45 0.00301684 0.0017239 -0.00110577
1.45417 -0.000965348 0.00584334 0.00448422
1.45833 -0.00394137 0.00864383 0.0055431
1.4625 -0.00427442 0.00918949 0.00171759
1.46667 -0.00211497 0.00789337 -0.004117
1.47083 0.000807791 0.00609849 -0.00802599
1.475 0.00248047 0.00506921 -0.00778643
1.47917 0.0020116 0.00513609 -0.00422535
1.48333 0.000125356 0.00559383 -0.000250225
1.4875 -0.00155687 0.00536807 0.00152962
1.49167 -0.00182349 0.0038959 0.000690472
1.49583 -0.000740211 0.00154182 -0.00100045
1.5 0.000545752 -0.000729298 -0.00129862
1.50417 0.000824194 -0.00211041 0.000583645
1.50833 -0.000204177 -0.0025148 0.00339996
1.5125 -0.00177425 -0.00251258 0.00504585
1.51667 -0.00279411 -0.00273973 0.0044351
1.52083 -0.002813 -0.00330684 0.0024757
1.525 -0.00239 -0.00371927 0.00131396
1.52917 -0.00254816 -0.00338287 0.00245958
1.53333 -0.00377074 -0.00226877 0.00535142
1.5375 -0.00539462 -0.00115642 0.00760707
1.54167 -0.00595615 -0.00119817 0.00685599
1.54583 -0.00427718 -0.00309881 0.00274347
1.55 -0.00045335 -0.00654102 -0.00253305
1.55417 0.00406757 -0.0103307 -0.00570611
1.55833 0.00744581 -0.0131896 -0.00489545
1.5625 0.0087515 -0.014606 -0.00114079
1.56667 0.00859739 -0.0150803 0.00227655
1.57083 0.00856819 -0.0155538 0.00232581
1.575 0.00984514 -0.016453 -0.00134481
1.57917 0.0120952 -0.017113 -0.00599126
1.58333 0.0135471 -0.0160861 -0.0078213
1.5875 0.0122747 -0.0121604 -0.00499883
1.59167 0.00773418 -0.00533755 0.000766745
1.59583 0.00133544 0.00299162 0.00540365
1.6 -0.0044606 0.0108417 0.00560739
1.60417 -0.00786546 0.0168147 0.00146448
1.60833 -0.00896423 0.0207765 -0.00357402
1.6125 -0.00942845 0.0235274 -0.00542358
1.61667 -0.0109598 0.0257719 -0.00263885
1.62083 -0.0137297 0.0272589 0.00243423
1.625 -0.0161104 0.026834 0.00559065
1.62917 -0.0159508 0.0233901 0.00421049
1.63333 -0.0123691 0.0169495 -0.000618872
1.6375 -0.00658891 0.00896699 -0.00504127
1.64167 -0.00112037 0.00155481 -0.00561876
1.64583 0.00205523 -0.00379945 -0.00209747
1.65 0.00282639 -0.0070344 0.00251626
1.65417 0.00276689 -0.00923581 0.00454408
1.65833 0.003651 -0.0115473 0.0026488
1.6625 0.00594596 -0.0141755 -0.00123204
1.66667 0.00851219 -0.0162746 -0.0036941
1.67083 0.00967505 -0.0167351 -0.00276473
1.675 0.00868422 -0.0151594 0.000571243
1.67917 0.00631421 -0.0121957 0.0033892
1.68333 0.00415582 -0.00899496 0.00336999
1.6875 0.00327296 -0.00631275 0.000665262
1.69167 0.00338908 -0.00404757 -0.00239825
1.69583 0.0032518 -0.00157801 -0.0033648
1.7 0.00180132 0.00145671 -0.00163939
1.70417 -0.000876203 0.00465643 0.00118334
1.70833 -0.00358812 0.0070791 0.00277042
1.7125 -0.00498355 0.00796856 0.00196319
1.71667 -0.00459453 0.00735151 -0.000409336
1.72083 -0.0031354 0.00601015 -0.00235667
1.725 -0.00187611 0.00488604 -0.00239198
1.72917 -0.00164792 0.00442068 -0.000656683
1.73333 -0.00227974 0.00433179 0.00132589
1.7375 -0.00285698 0.00392955 0.00196109
1.74167 -0.00252171 0.00267038 0.000851606
1.74583 -0.0011434 0.000537482 -0.000966009
1.75 0.000641126 -0.00196329 -0.00193868
1.75417 0.00197838 -0.00411615 -0.00128082
1.75833 0.00244456 -0.00537511 0.00041418
1.7625 0.00227032 -0.00558056 0.00170376
1.76667 0.00201321 -0.0049145 0.0015106
1.77083 0.00200174 -0.00366867 1.87993e-05
1.775 0.00203653 -0.00203106 -0.00148686
1.77917 0.00159761 -8.64276e-05 -0.00170932
1.78333 0.000380043 0.00196567 -0.000451551
1.7875 -0.00129949 0.00362173 0.00119435
1.79167 -0.00259896 0.00420922 0.00177453
1.79583 -0.00273169 0.00335841 0.000753389
1.8 -0.0016002 0.00142675 -0.000970963
1.80417 4.98164e-05 -0.000588445 -0.00182476
1.80833 0.0011468 -0.00169524 -0.000979637
1.8125 0.00111203 -0.00159747 0.000838134
1.81667 0.000295212 -0.000811127 0.00195915
1.82083 -0.000383218 -0.000112407 0.00132181
1.825 -0.00029225 0.000130396 -0.000477001
1.82917 0.000341406 0.000106656 -0.00170173
1.83333 0.000718082 0.000138264 -0.00115456
1.8375 0.000337006 0.000227558 0.000610396
1.84167 -0.000435479 9.60261e-05 0.00179798
1.84583 -0.00072646 -0.000373672 0.00117145
1.85 -0.000110018 -0.000854955 -0.000665193
1.85417 0.000856599 -0.00082734 -0.00186203
1.85833 0.00114346 -0.000115127 -0.0012344
1.8625 0.00032615 0.000866039 0.000496394
1.86667 -0.000909309 0.00142687 0.00147191
1.87083 -0.00141741 0.00117203 0.000683088
1.875 -0.000746559 0.000283063 -0.000962089
1.87917 0.000425519 -0.00068222 -0.00165747
1.88333 0.00102739 -0.00121038 -0.000681874
1.8875 0.000680751 -0.00110922 0.000850196
1.89167 -2.95825e-05 -0.000530652 0.00127949
1.89583 -0.000312946 0.000159102 0.00024302
1.9 -3.20294e-05 0.0005833 -0.0010047
1.90417 0.000276394 0.000592224 -0.00107171
1.90833 0.000124164 0.000375039 4.31972e-05
1.9125 -0.000363883 0.000257992 0.00106259
1.91667 -0.000641405 0.000321472 0.000916754
1.92083 -0.000374641 0.000299246 -0.000136667
1.925 0.000210014 -3.40384e-05 -0.000908448
1.92917 0.000578322 -0.000463655 -0.000600758
1.93333 0.000422272 -0.000537559 0.000398881
1.9375 -4.86637e-05 -0.000187784 0.00098867
1.94167 -0.000316644 0.000104384 0.000518587
1.94583 -8.10721e-05 -6.49423e-05 -0.000528318
1.95 0.000396377 -0.000424518 -0.00102289
1.95417 0.000528305 -0.000349912 -0.000397709
1.95833 4.97342e-05 0.000270678 0.000675233
1.9625 -0.000625959 0.000818155 0.000969635
1.96667 -0.00081643 0.00068926 0.000105168
1.97083 -0.000326955 5.55403e-06 -0.00095036
1.975 0.000330595 -0.000594219 -0.000966639
1.97917 0.000512002 -0.000686621 0.000107796
1.98333 0.000121735 -0.000394135 0.00107699
1.9875 -0.000342133 -0.000114331 0.000866478
1.99167 -0.000340082 -0.000116507 -0.000301573
1.99583 0.000163248 -0.00032392 -0.00119072
2 0.00063384 -0.000352466 -0.000843513
2.00417 0.000454064 9.50054e-05 0.000456949
2.00833 -0.000372148 0.000726041 0.00138949
2.0125 -0.00101262 0.000812772 0.00083444
2.01667 -0.000620189 0.000142791 -0.000824463
2.02083 0.000517765 -0.000504123 -0.00177187
2.025 0.00106961 -0.000356178 -0.000685319
2.02917 0.000296633 0.000148882 0.00138275
2.03333 -0.00079781 -2.27724e-05 0.00187857
2.0375 -0.000672328 -0.000759445 -4.39709e-05
2.04167 0.000575392 -0.000770919 -0.00208788
2.04583 0.00120684 0.000358458 -0.00160192
2.05 0.000252545 0.00126734 0.000831615
2.05417 -0.00108714 0.000794922 0.00208941
2.05833 -0.00112596 -0.000211693 0.000698795
2.0625 4.96242e-05 -0.000314795 -0.00135816
2.06667 0.00098817 0.000181698 -0.00158805
2.07083 0.000967402 1.66665e-05 -0.000145022
2.075 0.000496288 -0.00048367 0.00104724
2.07917 4.00725e-05 0.000173153 0.00103898
2.08333 -0.000403268 0.00165541 0.000283107
2.0875 -0.000479071 0.00171571 -0.000690351
2.09167 0.000292318 -0.000122225 -0.0013687
2.09583 0.0011743 -0.00128767 -0.000793772
2.1 0.000686899 -0.00011668 0.00107322
2.10417 -0.000939932 0.00127853 0.00208945
2.10833 -0.00147664 0.000406865 0.00035613
2.1125 1.47014e-05 -0.00138277 -0.00229872
2.11667 0.0013139 -0.00120567 -0.00207034
2.12083 0.000252926 0.000291455 0.00112316
2.125 -0.00169451 2.95986e-05 0.00286365
2.12917 -0.00152663 -0.00190613 0.000614227
2.13333 0.000509716 -0.00215246 -0.00231032
2.1375 0.00130432 -7.07279e-05 -0.00175859
2.14167 -6.67331e-05 0.000766102 0.0010019
2.14583 -0.00100964 -0.00118969 0.00169581
2.15 5.09378e-05 -0.00235548 -0.000139967
2.15417 0.00113489 -0.000180796 -0.00113885
2.15833 0.000469709 0.00187985 -0.000198586
2.1625 -0.000274208 -5.86205e-06 0.000156723
2.16667 0.000825247 -0.00295976 -0.000985642
2.17083 0.00206536 -0.00171023 -0.00108872
2.175 0.000903394 0.00220565 0.000742395
2.17917 -0.00116732 0.00237818 0.00132293
2.18333 -0.000634791 -0.00176364 -0.00113031
2.1875 0.00193235 -0.00351998 -0.00303819
2.19167 0.00230217 0.000155184 -0.000876899
2.19583 -0.000531061 0.00348533 0.00255286
2.2 -0.00243089 0.00138515 0.00208642
2.20417 -0.000719101 -0.00217875 -0.0014949
2.20833 0.00151966 -0.000997777 -0.00253113
2.2125 0.000556578 0.00300111 0.000590428
2.21667 -0.00201206 0.0032726 0.00312034
2.22083 -0.00220675 -0.000218324 0.00167266
2.225 -0.000217603 -0.00123828 -0.000847166
2.22917 0.000381731 0.0018393 -0.000569099
2.23333 -0.00110391 0.0033165 0.00128511
2.2375 -0.00160579 0.000133995 0.00127691
2.24167 8.15335e-05 -0.00271391 -0.000273503
2.24583 0.00116439 -0.000645911 -0.000428743
2.25 -0.000160355 0.00259412 0.000819151
2.25417 -0.00138275 0.00115062 0.000598264
2.25833 7.25578e-05 -0.00296014 -0.00141698
2.2625 0.00219848 -0.00298086 -0.00192383
2.26667 0.00145202 0.00135541 0.000464847
2.27083 -0.00130229 0.00321394 0.00234912
2.275 -0.00188994 -8.82177e-05 0.000674978
2.27917 0.000489385 -0.00254125 -0.00209083
2.28333 0.00180675 0.000637513 -0.00143089
2.2875 -0.000410595 0.00486354 0.00210402
2.29167 -0.003011 0.00352504 0.00344958
2.29583 -0.00215691 -0.00102869 0.000781419
2.3 0.000554421 -0.0011861 -0.00165568
2.30417 0.000714589 0.00330541 -0.000252319
2.30833 -0.0017441 0.00480316 0.00239954
2.3125 -0.0025887 0.000559742 0.00199849
2.31667 -0.000418535 -0.00253105 -0.00046534
2.32083 0.00108565 0.000455949 -0.000813537
2.325 -0.000408252 0.00400805 0.00099584
2.32917 -0.00183332 0.00152088 0.00109337
2.33333 -0.000164527 -0.00328028 -0.00107387
2.3375 0.00206957 -0.00263629 -0.00159681
2.34167 0.00108419 0.00179994 0.000626814
2.34583 -0.00131845 0.00167678 0.00135981
2.35 -0.000566168 -0.00364323 -0.00156557
2.35417 0.00270601 -0.00592675 -0.0038331
2.35833 0.00345592 -0.00218748 -0.00169082
2.3625 0.000740491 0.000478483 0.00138288
2.36667 -0.000706493 -0.00255053 0.000269534
2.37083 0.00147172 -0.00573791 -0.00327609
2.375 0.00351624 -0.0036178 -0.00370697
2.37917 0.00224378 -0.000229051 -0.000781411
2.38333 0.000158853 -0.00132398 0.000775606
2.3875 0.00050553 -0.00403169 -0.000550487
2.39167 0.00172392 -0.00240991 -0.00151983
2.39583 0.000901626 0.00179024 -0.000553088
2.4 -0.000855486 0.00253216 0.000274881
2.40417 -0.00090852 0.000241948 0.000182644
2.40833 -0.000151745 0.000458377 0.00103047
2.4125 -0.00104668 0.0036372 0.00266761
2.41667 -0.00265696 0.0047451 0.00224941
2.42083 -0.00224377 0.00247865 -0.000239931
2.425 -0.000432358 0.000990265 -0.000877046
2.42917 -0.000231709 0.00194721 0.00165785
2.43333 -0.00165726 0.00212475 0.00325334
2.4375 -0.00177193 0.000139839 0.000915977
2.44167 6.76301e-05 -0.00104901 -0.00219708
2.44583 0.00124888 -0.000151572 -0.00185699
2.45 0.000573192 2.00172e-05 0.000684333
2.45417 -6.7759e-05 -0.00167702 0.00132135
2.45833 0.000483528 -0.00222676 -0.000324183
2.4625 0.000840596 -0.000422831 -0.0013315
2.46667 0.000314837 0.000207396 -0.000859753
2.47083 0.000446666 -0.00207107 -0.000611121
2.475 0.0015809 -0.00304934 -0.000656801
2.47917 0.00131457 0.000382837 0.00061136
2.48333 -0.00120014 0.0037542 0.00220408
2.4875 -0.00257744 0.00168267 0.00100671
2.49167 -0.000233056 -0.00254038 -0.00220581
2.49583 0.00253064 -0.00161777 -0.00226136
2.5 0.00101788 0.0033174 0.00210254
2.50417 -0.00289206 0.00382702 0.00447851
2.50833 -0.00291614 -0.00163648 0.000160624
2.5125 0.00150694 -0.00435826 -0.00517076
2.51667 0.00366508 0.000175376 -0.00321906
2.52083 0.000198392 0.00414313 0.00340868
2.525 -0.00324599 0.000569286 0.00451278
2.52917 -0.00124818 -0.00423992 -0.00148937
2.53333 0.00246448 -0.00146877 -0.00498195
2.5375 0.00165268 0.00421656 -0.000911199
2.54167 -0.00172916 0.00237443 0.00350764
2.54583 -0.00148151 -0.00427054 0.00167618
2.55 0.00153954 -0.00383233 -0.00189337
2.55417 0.00132963 0.00348864 -0.00102257
2.55833 -0.00176221 0.00495492 0.00126966
2.5625 -0.00153991 -0.00220059 1.32718e-05
2.56667 0.00205554 -0.00532859 -0.00155816
2.57083 0.00212287 0.00128833 0.00105306
2.575 -0.00230216 0.0059513 0.00342135
2.57917 -0.00343396 0.000213694 -0.000179072
2.58333 0.00153826 -0.00605045 -0.00476192
2.5875 0.00460047 -0.00213817 -0.00206154
2.59167 0.000377304 0.00484356 0.00440481
2.59583 -0.00437298 0.00301098 0.00421584
2.6 -0.00204488 -0.00371554 -0.0025579
2.60417 0.00329853 -0.00351872 -0.00539962
2.60833 0.00319104 0.00271633 -0.000341416
2.6125 -0.00161713 0.00426718 0.00471304
2.61667 -0.00359305 -0.00066383 0.00307895
2.62083 -0.000600648 -0.00350712 -0.00194566
2.625 0.00239273 -0.000653289 -0.00382771
2.62917 0.00186993 0.002165 -0.00126811
2.63333 -0.000415562 0.000783511 0.00227006
2.6375 -0.00149299 -0.00175117 0.00302249
2.64167 -0.000665357 -0.00148447 0.00011771
2.64583 0.000776033 0.000982852 -0.00309674
2.65 0.00105907 0.00238062 -0.00224843
2.65417 -0.000196949 0.000837316 0.00179399
2.65833 -0.00115652 -0.00193814 0.00333223
2.6625 -0.000359778 -0.00205135 0.000351377
2.66667 0.000710424 0.00115844 -0.00246396
2.67083 0.000256887 0.00274425 -0.00158042
2.675 -0.00037576 -0.000580479 0.000489497
2.67917 0.000493878 -0.00377049 0.000911666
2.68333 0.000989111 -0.000910633 0.00076993
2.6875 -0.000784858 0.00393744 0.000760729
2.69167 -0.00206996 0.00265042 -0.000687548
2.69583 8.14192e-05 -0.00285414 -0.00242282
2.7 0.00256495 -0.00349049 -0.000784511
2.70417 0.000913233 0.00143576 0.00290569
2.70833 -0.00248173 0.00343533 0.00270515
2.7125 -0.00197065 -0.000330424 -0.00184268
2.71667 0.00170354 -0.00311834 -0.00396548
2.72083 0.00274014 -0.000879328 -0.000515506
2.725 -0.000135371 0.0020493 0.00325536
2.72917 -0.00240328 0.00158675 0.00243089
2.73333 -0.0013644 -0.000428257 -0.00103284
2.7375 0.000896381 -0.00110979 -0.00280541
2.74167 0.00173112 -0.00046158 -0.00151897
2.74583 0.000691759 0.000466394 0.00148552
2.75 -0.00113682 0.000745223 0.00325118
2.75417 -0.0017403 -0.000349998 0.000988902
2.75833 8.6973e-05 -0.00145964 -0.00330959
2.7625 0.00211082 -0.000236033 -0.00342326
2.76667 0.00102912 0.00184642 0.00169331
2.77083 -0.00182878 0.000943343 0.00462079
2.775 -0.00196925 -0.00171904 0.000840539
2.77917 0.000683714 -0.00118099 -0.00360801
2.78333 0.00170911 0.00163872 -0.00224606
2.7875 8.74175e-05 0.000994194 0.00165099
2.79167 -0.000698786 -0.00227513 0.00214598
2.79583 0.000165123 -0.00150444 0.000324435
2.8 -4.01952e-05 0.00267743 -0.000316079
2.80417 -0.00104777 0.00253152 -0.000636873
2.80833 3.00608e-05 -0.00215188 -0.00146201
2.8125 0.00190162 -0.00305033 -0.000179416
2.81667 0.000698761 0.00131314 0.00268219
2.82083 -0.00206589 0.00301706 0.00193719
2.825 -0.00144488 -0.000418982 -0.00246943
2.82917 0.00175756 -0.00231486 -0.00351144
2.83333 0.00217151 3.35719e-05 0.000841413
2.8375 -0.000606525 0.0015235 0.00359688
2.84167 -0.00188358 0.000116767 0.000779491
2.84583 -0.000324323 -0.000494966 -0.00258086
2.85 0.00102534 0.00036017 -0.00206792
2.85417 0.000880874 -0.000106616 0.000110353
2.85833 0.00033751 -0.000852739 0.00131131
2.8625 -0.00058432 0.000632402 0.00174349
2.86667 -0.00156473 0.00159014 0.000653594
2.87083 -0.000482282 -0.000818315 -0.00226863
2.875 0.00212821 -0.00245426 -0.002866
2.87917 0.00197169 0.0003068 0.00143003
2.88333 -0.00148706 0.00262833 0.00474753
2.8875 -0.00270418 8.01581e-05 0.00137013
2.89167 0.000588769 -0.00254285 -0.00352137
2.89583 0.00307287 -0.000534762 -0.00197546
2.9 0.00119957 0.00163817 0.00327079
2.90417 -0.00102686 -0.000354629 0.00425037
2.90833 1.88263e-05 -0.00210796 0.00120375
2.9125 0.00180449 0.000118338 1.88943e-05
2.91667 0.00183627 0.00164401 0.00160132
2.92083 0.00192116 -0.000944105 0.00323806
2.925 0.00295785 -0.00283525 0.00501172
2.92917 0.00295477 -0.000830871 0.00706367
2.93333 0.00242082 0.000476586 0.006844
2.9375 0.00426251 -0.00168301 0.0052237
2.94167 0.00731971 -0.003116 0.00763286
2.94583 0.00766982 -0.00179881 0.0141852
2.95 0.00634039 -0.00159505 0.0177737
2.95417 0.00783667 -0.00362921 0.0162531
2.95833 0.0117822 -0.00430042 0.0164287
2.9625 0.0139193 -0.003487 0.022025
2.96667 0.0140098 -0.00456506 0.0280858
2.97083 0.0151302 -0.00641388 0.0307585
2.975 0.0171812 -0.00551167 0.0325084
2.97917 0.0181947 -0.00414878 0.0350756
2.98333 0.0192245 -0.00638534 0.0368689
2.9875 0.0214154 -0.00911747 0.0385166
2.99167 0.0220054 -0.00740615 0.0417718
2.99583 0.0192901 -0.00430331 0.0433768
