0 0 0 0
0.00416563 -5.16643e-310 -5.01698e-312 2.4219e-307
0.00833125 -4.31822e-257 -8.58551e-259 9.14677e-255
0.0124969 -2.4562e-227 -7.32563e-229 3.3602e-225
0.0166625 -1.51384e-206 -5.96654e-208 1.52921e-204
0.0208281 -1.46893e-190 -7.12708e-192 1.17599e-188
0.0249938 -1.42122e-177 -8.10303e-179 9.42182e-176
0.0291594 -1.20913e-166 -7.83198e-168 6.83889e-165
0.033325 -3.27176e-157 -2.34503e-158 1.61338e-155
0.0374906 -6.4134e-149 -4.97716e-150 2.80296e-147
0.0416562 -1.59301e-141 -1.31374e-142 6.25046e-140
0.0458219 -7.45972e-135 -6.42948e-136 2.6551e-133
0.0499875 -8.82408e-129 -7.82875e-130 2.87338e-127
0.0541531 -3.29141e-123 -2.96401e-124 9.87565e-122
0.0583188 -4.59877e-118 -4.14899e-119 1.27912e-116
0.0624844 -2.75852e-113 -2.46328e-114 7.14973e-112
0.06665 -7.92822e-109 -6.92968e-110 1.92353e-107
0.0708156 -1.19443e-104 -1.01166e-105 2.7233e-103
0.0749812 -1.01585e-100 -8.26446e-102 2.18422e-99
0.0791469 -5.18974e-97 -4.02548e-98 1.05558e-95
0.0833125 -1.6782e-93 -1.23375e-94 3.23801e-92
0.0874781 -3.59145e-90 -2.49147e-91 6.58982e-89
0.0916438 -5.28446e-87 -3.44935e-88 9.24177e-86
0.0958094 -5.52508e-84 -3.38832e-85 9.2286e-83
0.099975 -4.2242e-81 -2.43317e-82 6.75141e-80
0.104141 -2.4214e-78 -1.31094e-79 3.70948e-77
0.108306 -1.06384e-75 -5.42112e-77 1.5646e-74
0.112472 -3.65292e-73 -1.75528e-74 5.16503e-72
0.116638 -9.97417e-71 -4.52877e-72 1.35768e-69
0.120803 -2.19944e-68 -9.45651e-70 2.88576e-67
0.124969 -3.97173e-66 -1.62033e-67 5.02866e-65
0.129134 -5.94722e-64 -2.30656e-65 7.27406e-63
0.1333 -7.46855e-62 -2.75846e-63 8.83326e-61
0.137466 -7.94703e-60 -2.7996e-61 9.09732e-59
0.141631 -7.23226e-58 -2.43353e-59 8.0202e-57
0.145797 -5.67733e-56 -1.82702e-57 6.10395e-55
0.149962 -3.87429e-54 -1.19387e-55 4.04135e-53
0.154128 -2.31508e-52 -6.83872e-54 2.3449e-51
0.158294 -1.21917e-50 -3.4564e-52 1.19981e-49
0.162459 -5.69308e-49 -1.55072e-50 5.44707e-48
0.166625 -2.37036e-47 -6.21034e-49 2.20626e-46
0.170791 -8.84527e-46 -2.23161e-47 8.0135e-45
0.174956 -2.97241e-44 -7.22975e-46 2.62252e-43
0.179122 -9.03497e-43 -2.1211e-44 7.76701e-42
0.183288 -2.4943e-41 -5.6588e-43 2.09024e-40
0.187453 -6.27819e-40 -1.3781e-41 5.13092e-39
0.191619 -1.44586e-38 -3.07455e-40 1.15288e-37
0.195784 -3.05679e-37 -6.30479e-39 2.37897e-36
0.19995 -5.9511e-36 -1.19205e-37 4.52219e-35
0.204116 -1.06998e-34 -2.08406e-36 7.94164e-34
0.208281 -1.78149e-33 -3.37822e-35 1.29193e-32
0.212447 -2.75368e-32 -5.09009e-34 1.95178e-31
0.216613 -3.96099e-31 -7.14567e-33 2.74478e-30
0.220778 -5.31401e-30 -9.367e-32 3.60108e-29
0.224944 -6.66313e-29 -1.14893e-30 4.4168e-28
0.229109 -7.82396e-28 -1.32118e-29 5.07435e-27
0.233275 -8.61928e-27 -1.42689e-28 5.47076e-26
0.237441 -8.92417e-26 -1.44983e-27 5.54445e-25
0.241606 -8.69815e-25 -1.38815e-26 5.29075e-24
0.245772 -7.99316e-24 -1.25428e-25 4.76089e-23
0.249938 -6.93542e-23 -1.07104e-24 4.0457e-22
0.254103 -5.6896e-22 -8.65445e-24 3.25103e-21
0.258269 -4.41879e-21 -6.62573e-23 2.47356e-20
0.262434 -3.25285e-20 -4.81165e-22 1.7841e-19
0.2666 -2.27224e-19 -3.31814e-21 1.22122e-18
0.270766 -1.50779e-18 -2.1751e-20 7.94162e-18
0.274931 -9.51387e-18 -1.35664e-19 4.91126e-17
0.279097 -5.71363e-17 -8.05828e-19 2.89099e-16
0.283263 -3.2688e-16 -4.56223e-18 1.62125e-15
0.287428 -1.78296e-15 -2.46383e-17 8.66862e-15
0.291594 -9.27909e-15 -1.27016e-16 4.42259e-14
0.295759 -4.61094e-14 -6.25486e-16 2.15443e-13
0.299925 -2.18918e-13 -2.94416e-15 1.00276e-12
0.304091 -9.93674e-13 -1.32538e-14 4.46201e-12
0.308256 -4.3144e-12 -5.70932e-14 1.89919e-11
0.312422 -1.7928e-11 -2.35454e-13 7.7361e-11
0.316588 -7.13309e-11 -9.3002e-13 3.01708e-10
0.320753 -2.71854e-10 -3.51976e-12 1.12702e-09
0.324919 -9.92799e-10 -1.27678e-11 4.0337e-09
0.329084 -3.47529e-09 -4.44044e-11 1.38367e-08
0.33325 -1.16637e-08 -1.48099e-10 4.55008e-08
0.337416 -3.75395e-08 -4.73776e-10 1.43465e-07
0.341581 -1.15881e-07 -1.45397e-09 4.33777e-07
0.345747 -3.43125e-07 -4.28086e-09 1.25781e-06
0.349913 -9.74596e-07 -1.20925e-08 3.49777e-06
0.354078 -2.65533e-06 -3.27714e-08 9.32774e-06
0.358244 -6.93899e-06 -8.51972e-08 2.38515e-05
0.362409 -1.73895e-05 -2.1244e-07 5.84683e-05
0.366575 -4.17822e-05 -5.07951e-07 0.000137364
0.370741 -9.622e-05 -1.16424e-06 0.000309178
0.374906 -0.000212291 -2.55692e-06 0.000666391
0.379072 -0.000448504 -5.37802e-06 0.0013746
0.383238 -0.00090676 -1.08265e-05 0.0027118
0.387403 -0.001753 -2.08442e-05 0.00511208
0.391569 -0.00323769 -3.83468e-05 0.0091994
0.395734 -0.00570662 -6.73375e-05 0.0157844
0.3999 -0.00958639 -0.000112728 0.0257862
0.404066 -0.015325 -0.000179648 0.0400419
0.408231 -0.023272 -0.00027208 0.0589869
0.412397 -0.0334984 -0.000390848 0.0822424
0.416563 -0.0455898 -0.00053136 0.108228
0.420728 -0.0584865 -0.000681944 0.133989
0.424894 -0.0704728 -0.000823944 0.155457
0.429059 -0.0794138 -0.000934576 0.168267
0.433225 -0.0832625 -0.000992679 0.169028
0.437391 -0.0807296 -0.000985939 0.156648
0.441556 -0.0718651 -0.000916608 0.133089
0.445722 -0.0582367 -0.000802116 0.102993
0.449887 -0.0424944 -0.000668453 0.0720676
0.454053 -0.0273943 -0.000537776 0.0448436
0.458219 -0.0147098 -0.000415998 0.0229486
0.462384 -0.0046402 -0.000288298 0.00503654
0.46655 0.00384996 -0.000128005 -0.0113962
0.470716 0.0118821 8.3011e-05 -0.0273633
0.474881 0.0194386 0.000333007 -0.0408193
0.479047 0.0250078 0.000572578 -0.0476226
0.483213 0.0265501 0.000729695 -0.0447527
0.487378 0.0232657 0.000743552 -0.0336084
0.491544 0.0168905 0.000599816 -0.0207834
0.495709 0.0114323 0.000346187 -0.0154397
0.499875 0.011411 7.76647e-05 -0.0251534
0.504041 0.0199208 -0.000100505 -0.0535072
0.508206 0.0380329 -0.00011051 -0.101167
0.512372 0.0658219 7.98613e-05 -0.168739
0.516537 0.10363 0.000463356 -0.257544
0.520703 0.151732 0.00101144 -0.366157
0.524869 0.208059 0.00168665 -0.485046
0.529034 0.265892 0.00243967 -0.594736
0.5332 0.314179 0.00319654 -0.671033
0.537366 0.341285 0.0038506 -0.69493
0.541531 0.339986 0.00427351 -0.660468
0.545697 0.310216 0.00435024 -0.575249
0.549863 0.257885 0.00402786 -0.454439
0.554028 0.191261 0.00335206 -0.313743
0.558194 0.117827 0.00245938 -0.165683
0.562359 0.0430787 0.001512 -0.0188392
0.566525 -0.02957 0.000605166 0.122522
0.570691 -0.0988708 -0.000284506 0.258428
0.574856 -0.16528 -0.00125456 0.390074
0.579022 -0.228748 -0.00235419 0.513381
0.583188 -0.285598 -0.00348169 0.614802
0.587353 -0.327811 -0.00440206 0.675956
0.591519 -0.346966 -0.00488718 0.685719
0.595684 -0.340368 -0.00486464 0.649211
0.59985 -0.313542 -0.00444645 0.584029
0.604016 -0.276066 -0.00382065 0.506482
0.608181 -0.234455 -0.00311737 0.421346
0.612347 -0.189134 -0.002371 0.325091
0.616513 -0.138237 -0.0015854 0.217854
0.620678 -0.0835202 -0.000804491 0.110251
0.624844 -0.0316851 -0.00010926 0.017643
0.629009 0.010217 0.000434544 -0.0514299
0.633175 0.0401476 0.000805594 -0.100587
0.637341 0.0618415 0.00101632 -0.140524
0.641506 0.0808535 0.00110706 -0.179556
0.645672 0.0999697 0.00115812 -0.217631
0.649838 0.117363 0.00126439 -0.246476
0.654003 0.127853 0.00144409 -0.254548
0.658169 0.126097 0.00157113 -0.234518
0.662334 0.110269 0.00145374 -0.189494
0.6665 0.0840987 0.00102902 -0.132658
0.670666 0.0551223 0.000468139 -0.0789395
0.674831 0.0298639 4.33901e-05 -0.0357545
0.678997 0.0103078 -0.000121294 -0.00207601
0.683163 -0.00485605 -0.000136927 0.0243168
0.687328 -0.0162949 -0.000176194 0.0415876
0.691494 -0.0227047 -0.000260472 0.047187
0.695659 -0.0234011 -0.000270985 0.0434409
0.699825 -0.020285 -0.00014986 0.0356421
0.703991 -0.015671 -6.76595e-06 0.0249496
0.708156 -0.00924898 1.78842e-05 0.00792019
0.712322 0.000426423 -5.70159e-05 -0.0144988
0.716488 0.0112312 -7.75222e-05 -0.0314086
0.720653 0.0168638 3.35999e-05 -0.0307584
0.724819 0.0130243 0.000165494 -0.0137104
0.728984 0.00319591 0.000161797 0.00435651
0.73315 -0.00408879 2.55882e-05 0.00948262
0.737316 -0.00407777 -8.65809e-05 0.00310421
0.741481 -0.000175668 -6.65329e-05 -0.00225981
0.745647 0.00124804 2.03489e-05 0.000632368
0.749812 -0.00117523 4.16363e-05 0.00572241
0.753978 -0.00280365 -2.19876e-05 0.00276873
0.758144 0.00043545 -6.23118e-05 -0.00857593
0.762309 0.00631276 3.57413e-07 -0.0168445
0.766475 0.0083166 0.000104445 -0.011388
0.770641 0.00313484 0.00012066 0.00452956
0.774806 -0.00486624 1.24222e-05 0.0153641
0.778972 -0.00759971 -0.000114879 0.00951589
0.783138 -0.00202098 -0.000126725 -0.00698252
0.787303 0.00595351 -3.5103e-06 -0.0161351
0.791469 0.00768917 0.000132071 -0.00852369
0.795634 0.00180796 0.000136439 0.00551085
0.7998 -0.00423358 2.78893e-06 0.00908334
0.803966 -0.00355506 -0.000123699 0.000158056
0.808131 0.00163427 -0.000107001 -0.00731329
0.812297 0.00378818 2.945e-05 -0.00376642
0.816463 0.00071016 0.000129559 0.00329558
0.820628 -0.00202879 7.64322e-05 0.00215409
0.824794 -7.15571e-05 -5.9646e-05 -0.00489972
0.828959 0.0031143 -9.9236e-05 -0.00576919
0.833125 0.00198125 -6.59629e-06 0.0019039
0.837291 -0.00214431 7.33038e-05 0.00668078
0.841456 -0.00299124 5.25866e-05 0.00101784
0.845622 0.000939871 -1.74104e-05 -0.00715597
0.849788 0.00409163 -5.73237e-05 -0.00655167
0.853953 0.00219156 -1.17541e-05 0.00129051
0.858119 -0.00186819 6.11538e-05 0.00572699
0.862284 -0.00280727 2.1781e-05 0.00239969
0.86645 -0.000174802 -5.3702e-05 -0.00305645
0.870616 0.00226086 -1.67808e-07 -0.00470753
0.874781 0.0022119 4.22612e-05 -0.00245133
0.878947 0.000582809 -2.05363e-05 0.00129808
0.883113 -0.001212 1.71742e-06 0.00427966
0.887278 -0.00205506 3.08721e-05 0.00316432
0.891444 -0.000535308 -5.9127e-05 -0.00295865
0.895609 0.00257623 5.91524e-06 -0.00716147
0.899775 0.00319384 0.000108881 -0.00199425
0.903941 -0.000508612 -8.02796e-05 0.00697935
0.908106 -0.00389546 -8.9595e-05 0.00641682
0.912272 -0.0017455 0.000166063 -0.00425411
0.916438 0.00354944 -1.61776e-05 -0.00978954
0.920603 0.00428231 -0.000180043 -0.00123789
0.924769 -0.00132826 0.000183799 0.00921741
0.928934 -0.00501516 6.64943e-05 0.00525118
0.9331 -0.000664233 -0.000298252 -0.00749126
0.937266 0.00488258 0.000174608 -0.00876071
0.941431 0.00271194 0.000241174 0.00318933
0.945597 -0.00318577 -0.000414642 0.00860714
0.949763 -0.00344631 4.44788e-05 -0.000263022
0.953928 0.0015251 0.000469546 -0.00802598
0.958094 0.00391052 -0.000442445 -0.00313073
0.962259 0.000394637 -0.000195244 0.00558947
0.966425 -0.00354668 0.000706594 0.00449598
0.970591 -0.00132516 -0.000347843 -0.00427604
0.974756 0.00341543 -0.000576127 -0.00583056
0.978922 0.00194451 0.000882773 0.00270602
0.983088 -0.00279901 -1.81916e-06 0.00570052
0.987253 -0.00170911 -0.00102524 -0.00214948
0.991419 0.00229759 0.000781614 -0.00555667
0.995584 0.00167599 0.000556383 0.00105511
0.99975 -0.0011823 -0.00128845 0.00469293
1.00392 -0.00157552 0.000390841 0.000131456
1.00808 0.000182939 0.00111612 -0.00413531
1.01225 0.00215878 -0.00132087 -0.00213764
1.01641 0.000992698 -0.0002082 0.00339291
1.02058 -0.00270049 0.0016563 0.0038548
1.02474 -0.00151259 -0.00102037 -0.00325594
1.02891 0.00330865 -0.00109209 -0.00558574
1.03307 0.00178065 0.0018969 0.00251688
1.03724 -0.0030618 -0.000157015 0.00586833
1.04141 -0.00148263 -0.00187344 -0.00183797
1.04557 0.00223811 0.00145355 -0.00556804
1.04974 0.00138564 0.000885855 0.000133759
1.0539 -0.000596446 -0.00208545 0.00413215
1.05807 -0.00133111 0.000599244 0.00166627
1.06223 -0.000974259 0.00169175 -0.00276569
1.0664 0.00174746 -0.00183774 -0.00377131
1.07057 0.00233414 -0.000449395 0.00130691
1.07473 -0.00205205 0.00223328 0.0051397
1.0789 -0.00279675 -0.00104074 -0.00042356
1.08306 0.002287 -0.00162205 -0.00587777
1.08723 0.00268454 0.00210052 -0.00042962
1.09139 -0.00188835 0.000307585 0.00531876
1.09556 -0.0019026 -0.00227881 0.000823231
1.09973 0.00111631 0.00114135 -0.00415785
1.10389 0.00110363 0.0015002 -0.00150328
1.10806 0.000200069 -0.00211843 0.0021076
1.11222 -0.000357245 -4.30253e-05 0.00199497
1.11639 -0.00150171 0.00216895 -0.000338333
1.12055 0.000215421 -0.0015163 -0.00308573
1.12472 0.00264521 -0.00114643 -0.00127987
1.12888 -0.000488324 0.0024339 0.00384393
1.13305 -0.00292899 -0.000595602 0.00157046
1.13722 0.00114478 -0.00209425 -0.00436438
1.14138 0.00234815 0.00217313 -0.00111997
1.14555 -0.00137476 0.000490213 0.00357044
1.14971 -0.000934442 -0.00254412 0.000161099
1.15388 0.000888745 0.00150421 -0.0018805
1.15804 -0.000313305 0.00128147 -0.000101294
1.16221 0.000464091 -0.00251925 -0.000362792
1.16638 0.000766282 0.000868849 0.000772572
1.17054 -0.00171487 0.00173036 0.00133267
1.17471 -4.99642e-05 -0.00234197 -0.00217612
1.17887 0.00211305 0.000303566 -0.00119564
1.18304 -0.000929423 0.00202033 0.00235438
1.1872 -0.00122488 -0.00195721 -0.000176054
1.19137 0.00133634 -0.000295699 -0.00163082
1.19553 -3.58385e-05 0.00198436 0.000699505
1.1997 -0.000685354 -0.00125331 7.59798e-05
1.20387 0.000791814 -0.00070326 -0.0003685
1.20803 -0.000173538 0.00144813 0.000782171
1.2122 -0.000602761 -0.000420913 -3.58595e-05
1.21636 0.000494598 -0.000686355 -0.000341277
1.22053 0.00031269 0.000479415 6.97225e-07
1.22469 -8.69008e-05 0.000304445 0.000326516
1.22886 -0.000500816 -0.000137817 0.00124887
1.23303 -8.23588e-05 -0.000771938 -0.0007737
1.23719 0.00103644 0.000641464 -0.00158073
1.24136 -0.000405423 0.000979691 0.00188497
1.24552 -0.000809177 -0.00192237 0.000691268
1.24969 0.00104514 0.000289957 -0.00182956
1.25385 -0.000385223 0.00232448 0.00053573
1.25802 -0.000549602 -0.00241835 -0.000101178
1.26218 0.00161401 -0.000615512 -0.000613507
1.26635 -0.00109016 0.00321613 0.00198014
1.27052 -0.00140248 -0.00209414 -0.00144574
1.27468 0.00259275 -0.00146226 -0.00257946
1.27885 -9.05442e-05 0.00322679 0.00298198
1.28301 -0.00242536 -0.00133822 0.000849498
1.28718 0.00136458 -0.00169263 -0.00308307
1.29134 0.000970296 0.00247048 0.000233
1.29551 -0.00100401 -0.000707309 0.00120193
1.29968 0.000161996 -0.00117325 0.000192556
1.30384 -0.000336398 0.00142405 -6.94461e-05
1.30801 0.00016102 -0.000545938 -0.00177668
1.31217 0.00108939 -0.0002419 0.000447294
1.31634 -0.000994992 0.000607047 0.00223252
1.3205 -0.000596666 -0.000728598 -0.00120763
1.32467 0.000989437 0.000489807 -0.00130841
1.32883 0.000106266 0.00015183 0.000627337
1.333 -0.000114085 -0.000682041 0.000896284
1.33717 -0.000600384 0.000676977 0.000893847
1.34133 -0.00012669 -0.000385543 -0.00199557
1.3455 0.00141638 4.73365e-05 -0.000974688
1.34966 -0.000710336 0.000647632 0.0032439
1.35383 -0.000912085 -0.00152277 -0.000738376
1.35799 0.00127585 0.00120205 -0.0022375
1.36216 -0.000626397 0.00104194 0.00181452
1.36633 0.000105856 -0.00313058 -0.000570833
1.37049 0.00130248 0.00197977 2.83305e-06
1.37466 -0.00223085 0.00202544 0.00205885
1.37882 0.000578429 -0.0043641 -0.00302102
1.38299 0.00306965 0.00181415 0.000143025
1.38715 -0.00261378 0.00295348 0.00454298
1.39132 -0.000731165 -0.00433881 -0.00219324
1.39548 0.00343421 0.00097854 -0.00136734
1.39965 -0.000690768 0.00282069 0.003443
1.40382 -0.000493343 -0.00294295 0.000640875
1.40798 0.00157142 0.00046708 0.00117857
1.41215 0.00010458 0.00116 0.000831599
1.41631 0.00171201 -0.00110204 -0.00022796
1.42048 0.000567375 0.00114627 0.00468639
1.42464 -0.000932593 -0.00132449 0.00155471
1.42881 0.00243773 -0.000119278 -0.00241525
1.43298 0.000257227 0.00279913 0.0033104
1.43714 -0.0015935 -0.0031067 0.0015683
1.44131 0.00138585 -0.000488698 -0.00218293
1.44547 -0.00164995 0.00405049 -3.40989e-05
1.44964 -0.00238513 -0.00309501 -0.0031517
1.4538 0.000582743 -0.0013207 -0.00317545
1.45797 -0.0033704 0.00348899 -0.00136948
1.46213 -0.00372476 -0.00166662 -0.00679748
1.4663 -0.000283208 -0.00112784 -0.00555918
1.47047 -0.00235297 0.0010016 -0.00224088
1.47463 -0.00242957 -0.00039409 -0.00489973
1.4788 -0.00135044 0.000657433 -0.0028786
1.48296 -0.000737332 -0.00202734 -0.00246291
1.48713 0.00197287 -0.000630106 -0.00199132
1.49129 -0.000919301 0.00291496 0.00389907
1.49546 -0.00141291 -0.00389572 1.84539e-05
1.49962 0.0041207 -0.00218951 -0.00225615
1.50379 0.000102538 0.00373341 0.00506322
1.50796 -0.0031902 -0.0039924 0.000876082
1.51212 0.00129312 -0.00328147 -0.00402172
1.51629 -0.00135814 0.00236887 -0.00100208
1.52045 -0.00361337 -0.00305856 -0.00451378
1.52462 -0.00192532 -0.00190652 -0.00517051
1.52878 -0.00415441 0.000328298 -0.00492503
1.53295 -0.00189454 -0.00222536 -0.00982192
1.53712 -0.000513409 0.00210422 -0.0038065
1.54128 -0.00320841 -8.54744e-05 2.09294e-05
1.54545 0.00260873 -0.00214471 -0.00443566
1.54961 0.00527625 0.00609726 0.00420755
1.55378 0.00268591 0.0013581 0.0115175
1.55794 0.00907193 -0.00282712 0.0104304
1.56211 0.0110729 0.00656685 0.0176572
1.56628 0.00792383 0.00243101 0.021325
1.57044 0.0121636 -0.00327468 0.0204811
1.57461 0.0113929 0.00328798 0.0239863
1.57877 0.00675282 0.00151643 0.0197528
1.58294 0.00713259 -0.00180009 0.0146138
1.5871 0.00369753 4.47292e-05 0.0132017
1.59127 -0.000420331 -0.000876381 0.00377707
1.59543 -0.00280845 0.00122931 -0.00334687
1.5996 -0.00778079 -0.000261543 -0.00717796
1.60377 -0.00813257 -0.00360241 -0.0163847
1.60793 -0.00898414 0.00289488 -0.019376
1.6121 -0.0139151 0.00183828 -0.019854
1.61626 -0.0107458 -0.00457977 -0.0247354
1.62043 -0.00733709 0.0023235 -0.0221896
1.62459 -0.0106285 0.00460691 -0.0173666
1.62876 -0.00789618 -0.00196181 -0.017297
1.63293 -0.00271007 0.00105944 -0.0134503
1.63709 -0.00325682 0.00515194 -0.00782927
1.64126 -0.00279321 0.00177748 -0.00480324
1.64542 0.000539126 7.8096e-06 -0.00187867
1.64959 0.00284488 0.00220378 0.00121479
1.65375 0.00300719 0.00357165 0.00501272
1.65792 0.00314733 0.00104131 0.00785593
1.66208 0.00582065 -0.000391862 0.00862898
1.66625 0.0070298 0.00315111 0.0105008
1.67042 0.00483589 0.0034937 0.0126879
1.67458 0.00469064 -0.000824362 0.012058
1.67875 0.00627096 -0.000361262 0.00991221
1.68291 0.00420301 0.00283242 0.00971986
1.68708 0.000730699 -0.000667844 0.00867312
1.69124 0.00144902 -0.00482666 0.00340981
1.69541 0.00186893 -0.00105722 0.00127124
1.69958 -0.00214275 -0.000650752 0.00190012
1.70374 -0.00265144 -0.00662677 -0.00230962
1.70791 -0.000167808 -0.00506365 -0.00421802
1.71207 -0.00224945 -0.00197645 -0.00271233
1.71624 -0.00356239 -0.00534772 -0.00465745
1.7204 -0.00215455 -0.00551327 -0.00525287
1.72457 -0.0021564 -0.00342074 -0.00568306
1.72873 -0.00168844 -0.00229047 -0.00634091
1.7329 -0.002102 -0.00137122 -0.00265559
1.73707 -0.00122868 -0.00325848 -0.00317894
1.74123 0.00248198 0.000162993 -0.00353307
1.7454 0.000973404 0.00447524 0.00323815
1.74956 8.28476e-05 -0.000462448 0.00313017
1.75373 0.00410351 0.00157354 0.00116435
1.75789 0.00189936 0.0073113 0.00517909
1.76206 -0.000616085 0.00168917 0.00344158
1.76623 0.0014625 0.000703626 0.00147322
1.77039 -0.000560541 0.00400972 0.00145315
1.77456 -0.00136151 0.000916513 -0.00260127
1.77872 -0.000417492 0.000736227 -0.000842219
1.78289 -0.00196654 -0.000105079 1.8512e-06
1.78705 0.000286935 -0.000967807 -0.0041114
1.79122 0.000539042 0.00227654 0.000453
1.79538 -0.00167812 -0.00242812 0.00228853
1.79955 0.00172033 -0.00358456 -0.00162995
1.80372 0.000833852 0.00320266 0.00126382
1.80788 -0.00196757 -0.00148433 0.000596779
1.81205 0.00156004 -0.0036019 -0.00136138
1.81621 0.000334137 0.00279076 0.00155577
1.82038 -0.00164045 2.59188e-05 -0.00132574
1.82454 0.00131998 -0.00143774 -0.0011081
1.82871 8.0268e-05 0.00104732 0.00255953
1.83288 -0.000393034 7.22135e-05 -0.00140086
1.83704 0.00056967 0.0022199 -0.000787346
1.84121 -0.00132554 4.90488e-05 0.00152653
1.84537 0.000682571 -0.00231779 -0.00172828
1.84954 0.00047798 0.00320652 0.000470624
1.8537 -0.00224918 -0.000509807 0.000687431
1.85787 0.00180047 -0.00437772 -0.0018206
1.86203 0.00159891 0.0026256 0.00229002
1.8662 -0.00232941 0.000951248 0.000918084
1.87037 0.000648337 -0.0026142 -0.00226192
1.87453 0.00108029 0.00132368 0.00120644
1.8787 -0.00112523 0.000898222 0.000116474
1.88286 -0.000204984 0.000257791 -0.000968185
1.88703 -0.000365478 -0.000205787 0.000723612
1.89119 0.000869067 -0.00157182 -0.000935015
1.89536 0.000567247 0.00224009 0.00105294
1.89953 -0.00214301 6.94306e-05 0.00132957
1.90369 0.00128292 -0.0035417 -0.00237729
1.90786 0.00211482 0.00251392 0.00125971
1.91202 -0.00239645 0.00154226 0.0023391
1.91619 -0.000365886 -0.00325059 -0.00231176
1.92035 0.00159406 0.00100271 -0.000929902
1.92452 -0.000947392 0.0017998 0.000508759
1.92868 -0.000690449 -0.000917816 -0.000341866
1.93285 0.000347926 -0.000503159 0.00014709
1.93702 0.00104167 -0.000243336 -0.000572691
1.94118 0.000490009 0.00121954 0.00126982
1.94535 -0.00181754 -0.000303949 0.00156033
1.94951 0.000317006 -0.00235503 -0.0028286
1.95368 0.00168737 0.0022137 -0.000887895
1.95784 -0.00171441 0.0015147 0.00232227
1.96201 -0.00059665 -0.00304464 -0.000887216
1.96618 0.00175868 0.000716017 -0.0012585
1.97034 -0.000374353 0.00213203 0.00100181
1.97451 -0.000826962 -0.00170887 0.00076255
1.97867 0.000367081 -0.000931561 -0.000130292
1.98284 0.000489618 0.00102989 -0.00106849
1.987 0.000139765 0.000681499 0.000380773
1.99117 -0.000848356 -0.000682191 0.00164675
1.99533 2.54959e-05 -0.000879654 -0.00136601
1.9995 0.000948468 0.00174828 -0.00134566
2.00367 -0.000844137 0.000511014 0.00182339
2.00783 -0.000452202 -0.00279105 0.000419375
2.012 0.00114961 0.000541032 -0.00137057
2.01616 -0.000160013 0.00230465 0.000162491
2.02033 -0.000461532 -0.00148832 0.000956854
2.02449 0.00051237 -0.000776112 0.000285422
2.02866 -0.000264588 0.00180965 -0.000776378
2.03282 -0.000516217 -0.000213884 -0.000749917
2.03699 0.000216836 -0.00168699 0.000704697
2.04116 0.000263102 0.000186914 0.000131573
2.04532 0.000135295 0.00162342 -0.000966559
2.04949 -4.35607e-05 -3.21097e-05 0.000800722
2.05365 6.28329e-05 -0.00172605 0.00123405
2.05782 7.50902e-05 0.000650423 -0.000773907
2.06198 -0.000787245 0.00160889 -0.000996175
2.06615 -0.000104436 -0.00177012 -0.000169504
2.07032 0.00126295 -0.000842082 0.000570052
2.07448 -0.000287067 0.00236522 0.000884517
2.07865 -0.000995513 -0.000326524 -0.000566259
2.08281 0.000950151 -0.00190874 -0.000430461
2.08698 0.000326836 0.00110306 0.00100899
2.09114 -0.00125369 0.00109664 -0.00053324
2.09531 6.42794e-05 -0.00112364 -0.00110659
2.09947 0.0011343 -0.000905009 0.000773779
2.10364 6.883e-05 0.00107369 0.000764079
2.10781 -0.00119465 0.00118619 -0.000207446
2.11197 -0.000184089 -0.00165127 -0.00103649
2.11614 0.00161872 -0.000776335 -0.000305691
2.1203 -0.000368208 0.00234274 0.00180191
2.12447 -0.00171412 -0.000663646 -0.000264005
2.12863 0.00136288 -0.00204092 -0.00200141
2.1328 0.00106137 0.00189619 0.00124652
2.13697 -0.00185643 0.000887468 0.00108726
2.14113 -0.000349099 -0.00182485 -0.00158582
2.1453 0.00155072 -0.000222592 -0.000522187
2.14946 0.00032952 0.00123418 0.00111973
2.15363 -0.00130819 0.000481987 0.00111531
2.15779 -0.000526652 -0.00154125 -0.00116735
2.16196 0.0017941 -0.000386629 -0.00177311
2.16613 5.2317e-06 0.00242388 0.002115
2.17029 -0.00225866 -0.000917255 0.000969028
2.17446 0.00103694 -0.00221903 -0.0029369
2.17862 0.00171738 0.0022486 0.000253171
2.18279 -0.00147169 0.000697653 0.00232777
2.18695 -0.000654568 -0.00215247 -0.000476715
2.19112 0.00108349 0.000422638 -0.00148356
2.19528 0.000353092 0.00132474 -0.000165032
2.19945 -0.000938184 -0.000209645 0.00180871
2.20362 -0.00078118 -0.00148237 -4.16995e-05
2.20778 0.00159299 2.82985e-05 -0.00253149
2.21195 0.000660208 0.00242748 0.00171067
2.21611 -0.00208317 -0.00115397 0.00252247
2.22028 0.000308412 -0.00225061 -0.00236386
2.22444 0.00146682 0.00250588 -0.00116406
2.22861 -0.000866987 0.000546701 0.00185942
2.23278 -0.00039042 -0.00239097 0.000974574
2.23694 0.000421927 0.000786605 -0.00093569
2.24111 0.000159784 0.00139042 -0.00160783
2.24527 -7.3737e-05 -0.000599168 0.00145192
2.24944 -0.000663342 -0.00137237 0.00149207
2.2536 0.000670521 0.000311045 -0.00256122
2.25777 0.000608096 0.00225606 -0.000205187
2.26193 -0.00130252 -0.00137891 0.00222232
2.2661 0.000193587 -0.00207793 -0.00104043
2.27027 0.0007331 0.00274121 -0.00144427
2.27443 -0.000594585 0.000359162 0.000336456
2.2786 0.000378319 -0.00260608 0.00130649
2.28276 4.37436e-05 0.000987727 0.000427666
2.28693 -0.000554742 0.00151901 -0.00227017
2.29109 0.000487623 -0.000787803 9.23693e-05
2.29526 3.78996e-05 -0.00138085 0.00244113
2.29943 -2.49525e-05 0.000476923 -0.00113524
2.30359 -6.49018e-05 0.00215068 -0.00130152
2.30776 -0.00051006 -0.00150439 0.000954461
2.31192 0.000824826 -0.00190802 0.000451459
2.31609 -3.7532e-05 0.00280211 9.74147e-06
2.32025 -0.00109038 0.000203602 -0.000933239
2.32442 0.00107105 -0.00263255 0.000166045
2.32858 0.000312813 0.00109991 0.00168513
2.33275 -0.0013643 0.00156289 -0.00133872
2.33692 0.000251632 -0.000930284 -0.00124145
2.34108 0.000893771 -0.00142326 0.00175129
2.34525 6.7133e-05 0.000691195 0.000464924
2.34941 -0.00097674 0.00211814 -0.000773018
2.35358 -0.000429187 -0.00169352 -0.000591538
2.35774 0.00169402 -0.00182987 0.00041554
2.36191 -0.0002664 0.00286019 0.00168143
2.36607 -0.00199754 0.00021699 -0.00094723
2.37024 0.0011768 -0.00261644 -0.0013213
2.37441 0.00111635 0.000970594 0.00207115
2.37857 -0.00159337 0.00159693 0.000755137
2.38274 -0.000715299 -0.000842464 -0.00107442
2.3869 0.000991336 -0.0014746 0.000417628
2.39107 0.00053583 0.000739539 0.00138327
2.39523 -0.00170434 0.00204985 0.00122916
2.3994 -0.00124766 -0.00176051 -0.000746667
2.40357 0.00192851 -0.00168431 -0.000239248
2.40773 -7.14402e-05 0.00281387 0.00303617
2.4119 -0.00280798 0.00018281 0.000705025
2.41606 0.000428283 -0.00256563 -0.00186852
2.42023 0.00164397 0.000849787 0.00103928
2.42439 -0.00112781 0.00170201 0.00179773
2.42856 -0.00146945 -0.000758979 -0.000570124
2.43273 0.000889171 -0.00167745 -0.00205566
2.43689 0.00191578 0.00078675 -0.000921454
2.44106 -0.000657821 0.00217981 0.000749606
2.44522 -0.000991519 -0.00175882 -0.00239932
2.44939 0.00290333 -0.00175872 -0.00429616
2.45355 0.00210314 0.00264529 -0.000680322
2.45772 -0.00105781 0.000425366 -0.00103923
2.46188 0.00109414 -0.00232454 -0.00425347
2.46605 0.00304069 0.000491867 -0.00303982
2.47022 0.0010077 0.00161164 -0.000420125
2.47438 -0.000697338 -0.000479951 -0.000337188
2.47855 0.00066257 -0.0016016 -0.00247149
2.48271 0.00222682 0.000768548 -0.00149618
2.48688 -0.000420497 0.00203782 0.00262425
2.49104 -0.00213194 -0.0017693 0.00111659
2.49521 0.000989984 -0.00158439 -0.00204524
2.49938 0.00110335 0.00265104 0.000609042
2.50354 -0.00174997 0.000554356 0.00202956
2.50771 -0.000711043 -0.00237791 -0.000957138
2.51187 0.00165964 0.000131468 -0.00291619
2.51604 0.0013058 0.0019012 -0.00157131
2.5202 -0.000339799 -3.55063e-05 -0.000101363
2.52437 0.000333683 -0.00190293 -0.00268887
2.52853 0.00249852 0.000333403 -0.00379558
2.5327 0.000842225 0.00209434 0.000745339
2.53687 -0.00165027 -0.00132902 0.00250451
2.54103 -0.000388273 -0.00166274 0.00116959
2.5452 -0.000593216 0.00190553 0.00406705
2.54936 -0.0035451 0.000443563 0.0086341
2.55353 -0.00469234 -0.0020741 0.0100638
2.55769 -0.00432215 -0.000129774 0.00926778
2.56186 -0.00475355 0.00156709 0.010444
2.56603 -0.00628487 -0.000216597 0.0131831
2.57019 -0.00617835 -0.00204619 0.0109028
2.57436 -0.00376887 0.000382676 0.00622659
2.57852 -0.00318264 0.00217615 0.0055294
2.58269 -0.00308207 -0.0012678 0.00368294
2.58685 -5.53312e-05 -0.00180287 -0.00232749
2.59102 0.00257187 0.00186597 -0.00723708
2.59518 0.00340429 0.00112382 -0.00906628
2.59935 0.00472197 -0.00171456 -0.0106682
2.60352 0.00655741 -0.000638598 -0.014344
2.60768 0.007692 0.00155755 -0.0162152
2.61185 0.00707426 0.000439906 -0.0132349
2.61601 0.00617992 -0.00185989 -0.0111732
2.62018 0.00619398 -0.000178367 -0.011236
2.62434 0.00474185 0.00180746 -0.00797982
2.62851 0.00244359 -0.000785437 -0.00289931
2.63268 0.00138985 -0.0015597 -0.000224605
2.63684 8.34788e-05 0.00138269 0.000857535
2.64101 -0.00153078 0.00113629 0.00323365
2.64517 -0.00232744 -0.00115554 0.00660758
2.64934 -0.00283856 -0.000223941 0.00702238
2.6535 -0.0032477 0.00200562 0.00555329
2.65767 -0.00360798 0.00100689 0.00668001
2.66183 -0.00345638 -0.00129046 0.00778364
2.666 -0.00282429 0.000392534 0.00594729
2.67017 -0.00302832 0.00251793 0.00441009
2.67433 -0.00299109 -0.000119909 0.00472603
2.6785 -0.00183788 -0.00171176 0.00455196
2.68266 -0.0014243 0.000870262 0.0023375
2.68683 -0.00139782 0.00126279 0.000171315
2.69099 -0.000420805 -0.0013731 0.000167996
2.69516 0.00058183 -0.00168591 -0.000571041
2.69932 0.000995639 0.000433002 -0.0033493
2.70349 0.00128499 0.00027615 -0.00429699
2.70766 0.00193102 -0.00196493 -0.0032211
2.71182 0.00234895 -0.00115571 -0.003268
2.71599 0.00164631 0.00106044 -0.00396013
2.72015 0.00123032 -0.000370144 -0.0031011
2.72432 0.00164146 -0.00170694 -0.00100739
2.72848 0.000885196 0.00045563 -0.000261213
2.73265 -0.000332403 0.0012765 -0.00090768
2.73682 -9.76341e-05 -0.000698953 0.000169299
2.74098 0.000242317 -0.000915762 0.00202457
2.74515 -0.000598368 0.00119342 0.00156314
2.74931 -0.00134081 0.00128614 0.000751165
2.75348 -0.000786666 -0.000954706 0.00171212
2.75764 -0.000173811 -0.000526116 0.00248786
2.76181 -0.00101699 0.00184345 0.00157332
2.76598 -0.00140505 0.000705972 0.000248205
2.77014 -1.61077e-06 -0.00131806 0.000338134
2.77431 0.00051497 0.000238646 0.000472885
2.77847 -0.000245184 0.00152006 -0.00128619
2.78264 0.000236258 -0.000217304 -0.00228317
2.7868 0.00132387 -0.00123645 -0.0011958
2.79097 0.00103617 0.000364203 -0.000891351
2.79513 1.71588e-05 0.00110594 -0.0012898
2.7993 2.87148e-05 -0.000868744 -0.000411482
2.80347 0.0005448 -0.00125408 0.00116451
2.80763 -0.000444178 0.000981181 0.00163708
2.8118 -0.00144101 0.000604384 0.000629389
2.81596 -0.000329475 -0.00141526 0.000489835
2.82013 0.0003641 -0.000446674 0.00119553
2.82429 -0.000464421 0.00108033 -0.000219392
2.82846 -0.000238654 9.60551e-05 -0.00177375
2.83263 0.00094923 -0.00110296 -0.000802863
2.83679 0.00092921 -1.09646e-05 0.000146864
2.84096 -0.000286317 0.00129123 -0.000307175
2.84512 -0.000490177 -0.000143709 -0.000577289
2.84929 0.000570074 -0.00105727 0.00053783
2.85345 6.31646e-05 0.000821449 0.00155728
2.85762 -0.00119446 0.000884851 0.00011946
2.86178 -0.000197574 -0.00092478 -0.000985352
2.86595 0.000847376 -0.000454567 0.000383929
2.87012 -6.28298e-05 0.000858105 0.000518171
2.87428 -0.000607791 0.000269348 -0.000775578
2.87845 0.000262186 -0.00105864 -0.000589745
2.88261 0.000797947 -0.000338872 0.000481417
2.88678 -0.000305842 0.00128676 0.000712362
2.89094 -0.000910228 -5.43461e-05 -0.0003041
2.89511 0.000527754 -0.00143776 -0.000373736
2.89928 0.00068628 0.000530763 0.00091639
2.90344 -0.00077135 0.0012492 0.000157927
2.90761 -0.000329413 -0.000585152 -0.0010667
2.91177 0.00084578 -0.00095581 0.000108661
2.91594 0.000314791 0.000491944 0.000776729
2.9201 -0.000723055 0.00100318 -0.000100114
2.92427 -0.000358976 -0.000643386 -0.000498537
2.92843 0.00078409 -0.00104808 0.000272229
2.9326 0.000114366 0.000961773 0.000801909
2.93677 -0.000918752 0.00063427 -0.000779357
2.94093 0.000410759 -0.00102457 -0.00139495
2.9451 0.000993092 -0.000116049 0.000681952
2.94926 -0.00048903 0.000744393 0.000780647
2.95343 -0.000723413 -3.30765e-05 -0.00074126
2.95759 0.000324863 -0.000616485 -0.000170661
2.96176 0.000434868 5.0448e-05 0.00100205
2.96592 -0.0006377 0.000845118 0.000522635
2.97009 -0.000612998 -0.000400221 -0.00118874
2.97426 0.00103701 -0.000904563 -0.0010186
2.97842 0.00063065 0.000924818 0.00104966
2.98259 -0.00106102 0.000500359 0.000369303
2.98675 -0.000144581 -0.00111845 -0.00110358
2.99092 0.000925648 -0.000184225 0.000368853
2.99508 -0.000186125 0.000979192 0.00120684
2.99925 -0.000986741 0.000309023 -9.20252e-05
