0 0 0 0
0.0041625 -8.91788e-321 8.18667e-321 1.79395e-320
0.008325 -1.1087e-271 1.36716e-271 2.9975e-271
0.0124875 -4.01486e-245 5.35106e-245 1.17389e-244
0.01665 -9.248e-227 1.275e-226 2.79882e-226
0.0208125 -1.07638e-212 1.51024e-212 3.31747e-212
0.024975 -2.77924e-201 3.93765e-201 8.65574e-201
0.0291375 -1.12473e-191 1.60217e-191 3.52447e-191
0.0333 -2.23875e-183 3.19796e-183 7.04016e-183
0.0374625 -4.53566e-176 6.48584e-176 1.42893e-175
0.041625 -1.52879e-169 2.18584e-169 4.81953e-169
0.0457875 -1.21368e-163 1.73364e-163 3.82554e-163
0.04995 -2.92872e-158 4.17684e-158 9.22439e-158
0.0541125 -2.60468e-153 3.70716e-153 8.19392e-153
0.058275 -9.91082e-149 1.40722e-148 3.113e-148
0.0624375 -1.81516e-144 2.57048e-144 5.69121e-144
0.0666 -1.75916e-140 2.48404e-140 5.5046e-140
0.0707625 -9.74633e-137 1.37206e-136 3.04315e-136
0.074925 -3.29053e-133 4.61763e-133 1.02507e-132
0.0790875 -7.14131e-130 9.98865e-130 2.21939e-129
0.08325 -1.04226e-126 1.45293e-126 3.23121e-126
0.0874125 -1.06309e-123 1.47687e-123 3.28748e-123
0.091575 -7.83278e-121 1.08436e-120 2.41597e-120
0.0957375 -4.28989e-118 5.91788e-118 1.31975e-117
0.0999 -1.7906e-115 2.46131e-115 5.49411e-115
0.104063 -5.82207e-113 7.97406e-113 1.78164e-112
0.108225 -1.50335e-110 2.05159e-110 4.58819e-110
0.112388 -3.13603e-108 4.2641e-108 9.54538e-108
0.11655 -5.36601e-106 7.26963e-106 1.6289e-105
0.120713 -7.63473e-104 1.03054e-103 2.31133e-103
0.124875 -9.14372e-102 1.22971e-101 2.76069e-101
0.129037 -9.32036e-100 1.24887e-99 2.80643e-99
0.1332 -8.16695e-98 1.09032e-97 2.4525e-97
0.137362 -6.20785e-96 8.25739e-96 1.85917e-95
0.141525 -4.12726e-94 5.46982e-94 1.23274e-93
0.145687 -2.41822e-92 3.19315e-92 7.20344e-92
0.14985 -1.2573e-90 1.65417e-90 3.73527e-90
0.154012 -5.83778e-89 7.65256e-89 1.7297e-88
0.158175 -2.43474e-87 3.18005e-87 7.19483e-87
0.162337 -9.17043e-86 1.19344e-85 2.70276e-85
0.1665 -3.13488e-84 4.06502e-84 9.21491e-84
0.170662 -9.77115e-83 1.26248e-82 2.86466e-82
0.174825 -2.78883e-81 3.59042e-81 8.15478e-81
0.178988 -7.31776e-80 9.38751e-80 2.1342e-79
0.18315 -1.77183e-78 2.2649e-78 5.15405e-78
0.187313 -3.97241e-77 5.05989e-77 1.15254e-76
0.191475 -8.27331e-76 1.05011e-75 2.39421e-75
0.195638 -1.6055e-74 2.03066e-74 4.63423e-74
0.1998 -2.91125e-73 3.66932e-73 8.38177e-73
0.203963 -4.94585e-72 6.21204e-72 1.42034e-71
0.208125 -7.89193e-71 9.87801e-71 2.26064e-70
0.212288 -1.18557e-69 1.47882e-69 3.38751e-69
0.21645 -1.68051e-68 2.08898e-68 4.78961e-68
0.220613 -2.25233e-67 2.79022e-67 6.40326e-67
0.224775 -2.85994e-66 3.5309e-66 8.11041e-66
0.228938 -3.44693e-65 4.2412e-65 9.75075e-65
0.2331 -3.95026e-64 4.84415e-64 1.11469e-63
0.237263 -4.31189e-63 5.26989e-63 1.21374e-62
0.241425 -4.49001e-62 5.4693e-62 1.26077e-61
0.245588 -4.46708e-61 5.42333e-61 1.25126e-60
0.24975 -4.25227e-60 5.1455e-60 1.18819e-59
0.253912 -3.87821e-59 4.67746e-59 1.08103e-58
0.258075 -3.39329e-58 4.07925e-58 9.43574e-58
0.262238 -2.85186e-57 3.41724e-57 7.91105e-57
0.2664 -2.30498e-56 2.75303e-56 6.37863e-56
0.270563 -1.79361e-55 2.13538e-55 4.9516e-55
0.274725 -1.34518e-54 1.59638e-54 3.70474e-54
0.278888 -9.73348e-54 1.15145e-53 2.6743e-53
0.28305 -6.80177e-53 8.0209e-53 1.86436e-52
0.287213 -4.59463e-52 5.40115e-52 1.2564e-51
0.291375 -3.00294e-51 3.51904e-51 8.19215e-51
0.295538 -1.90058e-50 2.22031e-50 5.17265e-50
0.2997 -1.16581e-49 1.35773e-49 3.16545e-49
0.303863 -6.93621e-49 8.05328e-49 1.87893e-48
0.308025 -4.00587e-48 4.63683e-48 1.0826e-47
0.312188 -2.24736e-47 2.59345e-47 6.05942e-47
0.31635 -1.22562e-46 1.4101e-46 3.29688e-46
0.320513 -6.50194e-46 7.45822e-46 1.74494e-45
0.324675 -3.3575e-45 3.83984e-45 8.98974e-45
0.328838 -1.68868e-44 1.92557e-44 4.51102e-44
0.333 -8.27756e-44 9.41098e-44 2.20611e-43
0.337163 -3.95671e-43 4.48534e-43 1.05211e-42
0.341325 -1.84538e-42 2.08586e-42 4.89569e-42
0.345488 -8.40223e-42 9.46977e-42 2.22396e-41
0.34965 -3.73669e-41 4.19939e-41 9.86792e-41
0.353813 -1.62399e-40 1.81989e-40 4.27888e-40
0.357975 -6.90077e-40 7.7113e-40 1.81406e-39
0.362138 -2.86835e-39 3.19624e-39 7.52312e-39
0.3663 -1.16677e-38 1.29652e-38 3.05326e-38
0.370463 -4.64675e-38 5.14917e-38 1.21323e-37
0.374625 -1.81263e-37 2.00309e-37 4.72193e-37
0.378787 -6.92861e-37 7.63567e-37 1.80083e-36
0.38295 -2.59616e-36 2.85333e-36 6.73252e-36
0.387113 -9.5397e-36 1.04564e-35 2.46832e-35
0.391275 -3.43889e-35 3.75925e-35 8.87781e-35
0.395437 -1.21658e-34 1.32638e-34 3.13365e-34
0.3996 -4.22527e-34 4.59444e-34 1.0859e-33
0.403763 -1.44115e-33 1.56295e-33 3.69545e-33
0.407925 -4.82889e-33 5.22339e-33 1.23547e-32
0.412087 -1.59004e-32 1.7155e-32 4.05902e-32
0.41625 -5.14672e-32 5.53856e-32 1.3109e-31
0.420413 -1.63811e-31 1.75834e-31 4.16305e-31
0.424575 -5.12832e-31 5.4908e-31 1.30039e-30
0.428737 -1.57961e-30 1.68702e-30 3.9965e-30
0.4329 -4.78841e-30 5.10127e-30 1.20879e-29
0.437063 -1.42894e-29 1.51854e-29 3.5992e-29
0.441225 -4.19886e-29 4.45121e-29 1.05525e-28
0.445388 -1.21522e-28 1.28513e-28 3.0473e-28
0.44955 -3.46494e-28 3.65542e-28 8.66941e-28
0.453713 -9.73546e-28 1.0246e-27 2.43044e-27
0.457875 -2.69612e-27 2.83078e-27 6.71588e-27
0.462038 -7.36114e-27 7.71059e-27 1.82955e-26
0.4662 -1.98185e-26 2.07108e-26 4.91479e-26
0.470363 -5.2627e-26 5.48689e-26 1.30221e-25
0.474525 -1.37865e-25 1.43407e-25 3.40378e-25
0.478688 -3.56363e-25 3.69845e-25 8.77889e-25
0.48285 -9.09109e-25 9.4137e-25 2.2346e-24
0.487013 -2.28933e-24 2.36525e-24 5.61475e-24
0.491175 -5.69181e-24 5.86751e-24 1.39287e-23
0.495338 -1.39742e-23 1.43738e-23 3.41214e-23
0.4995 -3.38855e-23 3.47784e-23 8.25568e-23
0.503663 -8.11691e-23 8.31275e-23 1.97319e-22
0.507825 -1.92102e-22 1.96314e-22 4.6596e-22
0.511988 -4.49273e-22 4.58148e-22 1.08734e-21
0.51615 -1.03848e-21 1.05676e-21 2.50781e-21
0.520313 -2.37283e-21 2.40956e-21 5.71744e-21
0.524475 -5.36021e-21 5.43192e-21 1.28872e-20
0.528637 -1.19733e-20 1.21086e-20 2.87229e-20
0.5328 -2.64499e-20 2.66945e-20 6.33111e-20
0.536963 -5.77936e-20 5.82106e-20 1.38031e-19
0.541125 -1.24923e-19 1.25573e-19 2.97699e-19
0.545288 -2.6716e-19 2.68021e-19 6.35252e-19
0.54945 -5.65364e-19 5.66078e-19 1.34135e-18
0.553613 -1.18405e-18 1.18325e-18 2.80301e-18
0.557775 -2.45446e-18 2.44809e-18 5.7976e-18
0.561937 -5.03661e-18 5.01402e-18 1.18705e-17
0.5661 -1.02323e-17 1.01673e-17 2.40627e-17
0.570263 -2.05833e-17 2.04145e-17 4.82976e-17
0.574425 -4.10029e-17 4.05918e-17 9.59984e-17
0.578588 -8.08954e-17 7.99385e-17 1.88978e-16
0.58275 -1.58085e-16 1.55934e-16 3.68484e-16
0.586913 -3.06033e-16 3.01331e-16 7.11759e-16
0.591075 -5.86949e-16 5.76912e-16 1.36208e-15
0.595237 -1.11541e-15 1.09443e-15 2.58271e-15
0.5994 -2.10049e-15 2.05742e-15 4.85285e-15
0.603563 -3.92011e-15 3.83319e-15 9.03674e-15
0.607725 -7.25127e-15 7.07854e-15 1.66788e-14
0.611888 -1.32957e-14 1.29574e-14 3.0514e-14
0.61605 -2.41675e-14 2.35138e-14 5.5342e-14
0.620213 -4.35529e-14 4.23058e-14 9.9512e-14
0.624375 -7.78229e-14 7.54731e-14 1.77419e-13
0.628538 -1.37893e-13 1.33517e-13 3.13668e-13
0.6327 -2.42305e-13 2.34248e-13 5.49951e-13
0.636862 -4.22283e-13 4.0761e-13 9.56311e-13
0.641025 -7.29968e-13 7.03528e-13 1.64943e-12
0.645188 -1.2517e-12 1.20454e-12 2.82203e-12
0.64935 -2.12926e-12 2.046e-12 4.78987e-12
0.653513 -3.59356e-12 3.44797e-12 8.06587e-12
0.657675 -6.0176e-12 5.76543e-12 1.34766e-11
0.661838 -9.999e-12 9.56633e-12 2.23431e-11
0.666 -1.64877e-11 1.5752e-11 3.67601e-11
0.670162 -2.69813e-11 2.57417e-11 6.00219e-11
0.674325 -4.38227e-11 4.17523e-11 9.72691e-11
0.678488 -7.06481e-11 6.72197e-11 1.5646e-10
0.68265 -1.13057e-10 1.07428e-10 2.49821e-10
0.686813 -1.79605e-10 1.7044e-10 3.95984e-10
0.690975 -2.83267e-10 2.68467e-10 6.23131e-10
0.695138 -4.43563e-10 4.19858e-10 9.73565e-10
0.6993 -6.89648e-10 6.51981e-10 1.5103e-09
0.703462 -1.06473e-09 1.00535e-09 2.32647e-09
0.707625 -1.63237e-09 1.53948e-09 3.55876e-09
0.711788 -2.48537e-09 2.34119e-09 5.40622e-09
0.71595 -3.75823e-09 3.53612e-09 8.15657e-09
0.720113 -5.64444e-09 5.30484e-09 1.22227e-08
0.724275 -8.42034e-09 7.90493e-09 1.81925e-08
0.728438 -1.24777e-08 1.17012e-08 2.68977e-08
0.7326 -1.83678e-08 1.72064e-08 3.95054e-08
0.736762 -2.6861e-08 2.51364e-08 5.7642e-08
0.740925 -3.9026e-08 3.64831e-08 8.35577e-08
0.745088 -5.63346e-08 5.26114e-08 1.20343e-07
0.74925 -8.07993e-08 7.53859e-08 1.72213e-07
0.753413 -1.15152e-07 1.07335e-07 2.44875e-07
0.757575 -1.63076e-07 1.51866e-07 3.45998e-07
0.761738 -2.29501e-07 2.13532e-07 4.85821e-07
0.7659 -3.20977e-07 2.98382e-07 6.77912e-07
0.770062 -4.46146e-07 4.14389e-07 9.4012e-07
0.774225 -6.16333e-07 5.71991e-07 1.29577e-06
0.778388 -8.46266e-07 7.84756e-07 1.77509e-06
0.78255 -1.15497e-06 1.0702e-06 2.41706e-06
0.786713 -1.56683e-06 1.45076e-06 3.27145e-06
0.790875 -2.11292e-06 1.95499e-06 4.40148e-06
0.795038 -2.83248e-06 2.61897e-06 5.8868e-06
0.7992 -3.77479e-06 3.48796e-06 7.82708e-06
0.803363 -5.00121e-06 4.6183e-06 1.03461e-05
0.807525 -6.58764e-06 6.07964e-06 1.35963e-05
0.811688 -8.62725e-06 7.95748e-06 1.77644e-05
0.81585 -1.12336e-05 1.03559e-05 2.30772e-05
0.820013 -1.45438e-05 1.34009e-05 2.98077e-05
0.824175 -1.87228e-05 1.72434e-05 3.82825e-05
0.828338 -2.39665e-05 2.20632e-05 4.88892e-05
0.8325 -3.05067e-05 2.80728e-05 6.20837e-05
0.836663 -3.86146e-05 3.55212e-05 7.83983e-05
0.840825 -4.86057e-05 4.46974e-05 9.84489e-05
0.844988 -6.08431e-05 5.59351e-05 0.000122942
0.84915 -7.57416e-05 6.96149e-05 0.000152681
0.853313 -9.37704e-05 8.6168e-05 0.00018857
0.857475 -0.000115455 0.000106078 0.000231619
0.861638 -0.000141379 0.000129882 0.00028294
0.8658 -0.000172182 0.000158169 0.000343748
0.869963 -0.000208558 0.000191581 0.000415354
0.874125 -0.000251251 0.000230806 0.00049915
0.878287 -0.000301047 0.000276574 0.000596601
0.88245 -0.000358764 0.000329644 0.000709214
0.886613 -0.000425238 0.000390801 0.00083852
0.890775 -0.000501308 0.000460829 0.000986032
0.894938 -0.000587795 0.000540506 0.00115321
0.8991 -0.000685475 0.000630573 0.00134141
0.903263 -0.000795055 0.000731712 0.00155183
0.907425 -0.00091714 0.000844522 0.00178545
0.911587 -0.0010522 0.000969482 0.00204298
0.91575 -0.00120053 0.00110692 0.00232477
0.919913 -0.00136221 0.00125699 0.00263074
0.924075 -0.00153708 0.0014196 0.00296032
0.928238 -0.00172467 0.00159443 0.00331238
0.9324 -0.0019242 0.00178085 0.00368514
0.936563 -0.0021345 0.00197789 0.00407613
0.940725 -0.00235401 0.00218424 0.00448212
0.944887 -0.00258074 0.00239821 0.00489908
0.94905 -0.00281226 0.00261768 0.00532216
0.953213 -0.00304568 0.00284013 0.00574568
0.957375 -0.00327763 0.00306261 0.0061631
0.961538 -0.00350431 0.00328176 0.00656711
0.9657 -0.00372147 0.00349381 0.00694965
0.969863 -0.0039245 0.00369462 0.00730198
0.974025 -0.0041084 0.00387971 0.0076148
0.978188 -0.00426792 0.00404434 0.00787839
0.98235 -0.00439761 0.00418354 0.00808273
0.986513 -0.00449188 0.00429219 0.00821772
0.990675 -0.00454515 0.00436516 0.00827334
0.994838 -0.00455195 0.00439735 0.00823989
0.999 -0.00450704 0.00438382 0.00810823
1.00316 -0.00440551 0.00431992 0.00786999
1.00733 -0.00424298 0.00420137 0.00751783
1.01149 -0.00401568 0.00402444 0.00704571
1.01565 -0.0037206 0.00378602 0.00644906
1.01981 -0.00335561 0.00348375 0.00572506
1.02398 -0.00291959 0.00311615 0.0048728
1.02814 -0.00241253 0.00268267 0.00389347
1.0323 -0.0018356 0.00218383 0.00279049
1.03646 -0.00119123 0.00162127 0.00156959
1.04063 -0.000483158 0.000997759 0.000238926
1.04479 0.000283556 0.000317289 -0.001191
1.04895 0.00110254 -0.000414973 -0.00270734
1.05311 0.00196616 -0.00119269 -0.00429497
1.05727 0.00286554 -0.00200838 -0.0059367
1.06144 0.00379072 -0.00285355 -0.00761343
1.0656 0.00473075 -0.00371873 -0.00930446
1.06976 0.00567383 -0.00459365 -0.0109877
1.07393 0.0066075 -0.00546734 -0.0126401
1.07809 0.00751885 -0.00632835 -0.0142381
1.08225 0.00839474 -0.00716493 -0.0157578
1.08641 0.00922201 -0.00796521 -0.0171755
1.09058 0.00998773 -0.00871744 -0.0184684
1.09474 0.0106795 -0.00941018 -0.0196146
1.0989 0.0112856 -0.0100326 -0.020594
1.10306 0.0117953 -0.0105745 -0.0213884
1.10723 0.012199 -0.0110269 -0.0219818
1.11139 0.0124888 -0.0113819 -0.0223613
1.11555 0.012658 -0.0116328 -0.0225169
1.11971 0.012702 -0.0117746 -0.0224418
1.12387 0.0126178 -0.0118038 -0.0221329
1.12804 0.0124046 -0.0117189 -0.0215906
1.1322 0.0120635 -0.0115198 -0.0208192
1.13636 0.0115978 -0.0112085 -0.0198265
1.14053 0.0110125 -0.0107885 -0.0186238
1.14469 0.0103147 -0.0102654 -0.0172259
1.14885 0.0095134 -0.00964616 -0.0156508
1.15301 0.00861908 -0.00893923 -0.013919
1.15718 0.00764373 -0.00815447 -0.012054
1.16134 0.00660056 -0.00730288 -0.0100807
1.1655 0.00550374 -0.00639634 -0.00802593
1.16966 0.00436814 -0.00544741 -0.00591744
1.17383 0.00320907 -0.00446906 -0.00378349
1.17799 0.00204191 -0.00347444 -0.00165233
1.18215 0.000881907 -0.00247656 0.000448351
1.18631 -0.00025618 -0.00148811 0.00249188
1.19047 -0.00135832 -0.000521149 0.00445311
1.19464 -0.00241145 0.000413097 0.00630888
1.1988 -0.00340376 0.00130442 0.00803832
1.20296 -0.0043248 0.00214382 0.00962326
1.20713 -0.00516571 0.00292365 0.0110484
1.21129 -0.00591929 0.00363769 0.0123017
1.21545 -0.00658011 0.00428124 0.0133741
1.21961 -0.00714452 0.00485114 0.01426
1.22378 -0.00761068 0.00534575 0.014957
1.22794 -0.00797846 0.00576493 0.0154657
1.2321 -0.00824941 0.00610991 0.0157899
1.23626 -0.0084266 0.00638321 0.015936
1.24043 -0.00851449 0.0065885 0.0159129
1.24459 -0.00851878 0.0067304 0.0157318
1.24875 -0.00844617 0.00681436 0.0154056
1.25291 -0.00830419 0.0068464 0.0149486
1.25708 -0.00810097 0.00683299 0.0143765
1.26124 -0.00784506 0.00678077 0.0137055
1.2654 -0.00754515 0.00669644 0.0129523
1.26956 -0.00720993 0.0065865 0.0121335
1.27372 -0.0068479 0.00645716 0.0112654
1.27789 -0.00646715 0.00631414 0.010364
1.28205 -0.00607527 0.00616259 0.00944399
1.28621 -0.00567917 0.00600694 0.00851938
1.29038 -0.00528505 0.00585089 0.00760275
1.29454 -0.00489826 0.00569732 0.00670534
1.2987 -0.00452328 0.00554828 0.00583695
1.30286 -0.00416372 0.00540503 0.00500582
1.30703 -0.00382229 0.00526803 0.00421869
1.31119 -0.00350086 0.00513702 0.00348079
1.31535 -0.00320047 0.00501109 0.00279589
1.31951 -0.00292144 0.00488876 0.0021664
1.32368 -0.00266339 0.00476812 0.00159348
1.32784 -0.00242541 0.00464687 0.00107713
1.332 -0.00220608 0.00452252 0.000616374
1.33616 -0.00200361 0.00439245 0.000209362
1.34032 -0.00181594 0.00425405 -0.00014646
1.34449 -0.00164086 0.00410481 -0.000454208
1.34865 -0.00147604 0.00394246 -0.000717417
1.35281 -0.00131921 0.003765 -0.000939906
1.35698 -0.00116818 0.00357085 -0.00112565
1.36114 -0.00102092 0.00335884 -0.00127868
1.3653 -0.000875634 0.00312831 -0.00140296
1.36946 -0.000730804 0.00287912 -0.00150231
1.37363 -0.000585216 0.00261164 -0.00158036
1.37779 -0.000437989 0.0023268 -0.00164047
1.38195 -0.00028858 0.002026 -0.00168567
1.38611 -0.000136787 0.00171116 -0.00171869
1.39028 1.72678e-05 0.0013846 -0.00174189
1.39444 0.000173154 0.00104901 -0.00175729
1.3986 0.000330169 0.000707422 -0.00176656
1.40276 0.000487366 0.000363065 -0.00177105
1.40692 0.000643601 1.93501e-05 -0.0017718
1.41109 0.000797578 -0.000320236 -0.00176957
1.41525 0.000947887 -0.000652204 -0.00176488
1.41941 0.00109306 -0.000973137 -0.00175802
1.42358 0.00123162 -0.00127976 -0.00174913
1.42774 0.00136209 -0.00156903 -0.0017382
1.4319 0.00148311 -0.00183814 -0.00172508
1.43606 0.00159338 -0.00208464 -0.0017096
1.44023 0.00169176 -0.00230642 -0.00169151
1.44439 0.00177728 -0.00250178 -0.00167054
1.44855 0.00184914 -0.00266943 -0.00164645
1.45271 0.00190674 -0.00280852 -0.00161901
1.45688 0.00194972 -0.00291861 -0.00158803
1.46104 0.00197789 -0.0029997 -0.00155338
1.4652 0.00199131 -0.0030522 -0.001515
1.46936 0.00199022 -0.00307688 -0.00147289
1.47352 0.00197508 -0.00307488 -0.00142712
1.47769 0.00194651 -0.00304765 -0.00137785
1.48185 0.00190529 -0.0029969 -0.00132528
1.48601 0.00185237 -0.00292458 -0.00126969
1.49018 0.00178878 -0.00283281 -0.00121142
1.49434 0.00171566 -0.00272385 -0.00115085
1.4985 0.00163424 -0.00260005 -0.0010884
1.50266 0.00154575 -0.00246379 -0.00102453
1.50683 0.0014515 -0.00231746 -0.000959717
1.51099 0.00135274 -0.0021634 -0.000894434
1.51515 0.00125074 -0.00200386 -0.000829173
1.51931 0.0011467 -0.00184101 -0.000764411
1.52348 0.00104179 -0.00167684 -0.000700611
1.52764 0.000937095 -0.00151323 -0.000638211
1.5318 0.000833603 -0.00135184 -0.000577621
1.53596 0.000732224 -0.00119416 -0.000519217
1.54012 0.000633764 -0.0010415 -0.000463332
1.54429 0.000538922 -0.00089494 -0.000410259
1.54845 0.000448294 -0.000755388 -0.000360247
1.55261 0.000362369 -0.00062355 -0.000313497
1.55678 0.000281533 -0.000499955 -0.000270162
1.56094 0.000206072 -0.000384956 -0.000230353
1.5651 0.00013618 -0.000278755 -0.000194131
1.56926 7.19636e-05 -0.000181408 -0.000161518
1.57343 1.34507e-05 -9.28485e-05 -0.000132492
1.57759 -3.94004e-05 -1.29031e-05 -0.000106995
1.58175 -8.66926e-05 5.86917e-05 -8.49336e-05
1.58591 -0.000128581 0.000122271 -6.61827e-05
1.59008 -0.000165263 0.000178226 -5.05895e-05
1.59424 -0.00019697 0.000226984 -3.79769e-05
1.5984 -0.000223959 0.000268999 -2.81473e-05
1.60256 -0.000246505 0.000304735 -2.08861e-05
1.60673 -0.000264892 0.000334653 -1.59652e-05
1.61089 -0.000279407 0.000359202 -1.31468e-05
1.61505 -0.000290336 0.000378811 -1.21859e-05
1.61921 -0.000297956 0.00039388 -1.28338e-05
1.62338 -0.000302534 0.000404777 -1.48407e-05
1.62754 -0.000304319 0.00041183 -1.79581e-05
1.6317 -0.000303547 0.00041533 -2.19413e-05
1.63586 -0.000300431 0.000415525 -2.65513e-05
1.64003 -0.000295166 0.000412624 -3.15568e-05
1.64419 -0.000287925 0.000406796 -3.67357e-05
1.64835 -0.000278863 0.000398175 -4.18762e-05
1.65251 -0.000268113 0.000386862 -4.67788e-05
1.65668 -0.000255791 0.000372925 -5.12565e-05
1.66084 -0.000241998 0.00035641 -5.51362e-05
1.665 -0.000226817 0.000337343 -5.82594e-05
1.66916 -0.000210323 0.000315734 -6.04823e-05
1.67333 -0.000192578 0.000291582 -6.1677e-05
1.67749 -0.000173636 0.000264883 -6.17313e-05
1.68165 -0.000153547 0.00023563 -6.05495e-05
1.68581 -0.000132359 0.000203823 -5.8052e-05
1.68998 -0.000110116 0.00016947 -5.41757e-05
1.69414 -8.68683e-05 0.000132594 -4.88741e-05
1.6983 -6.26659e-05 9.32336e-05 -4.21172e-05
1.70246 -3.75661e-05 5.14468e-05 -3.38911e-05
1.70663 -1.16326e-05 7.31586e-06 -2.41981e-05
1.71079 1.50626e-05 -3.90524e-05 -1.30563e-05
1.71495 4.2438e-05 -8.75242e-05 -4.99266e-07
1.71911 7.04023e-05 -0.000137938 1.34245e-05
1.72328 9.88534e-05 -0.000190105 2.86521e-05
1.72744 0.000127679 -0.000243805 4.51066e-05
1.7316 0.000156755 -0.000298794 6.26981e-05
1.73576 0.000185948 -0.000354799 8.13243e-05
1.73993 0.000215115 -0.000411521 0.000100871
1.74409 0.000244104 -0.000468639 0.000121215
1.74825 0.000272754 -0.000525812 0.000142221
1.75241 0.0003009 -0.00058268 0.000163747
1.75657 0.000328369 -0.000638868 0.000185643
1.76074 0.000354986 -0.000693989 0.000207754
1.7649 0.000380576 -0.00074765 0.00022992
1.76906 0.00040496 -0.000799454 0.000251977
1.77323 0.000427964 -0.000849001 0.000273759
1.77739 0.000449417 -0.0008959 0.0002951
1.78155 0.000469154 -0.000939764 0.000315834
1.78571 0.000487016 -0.000980222 0.000335799
1.78988 0.000502856 -0.00101692 0.000354836
1.79404 0.000516535 -0.00104951 0.000372789
1.7982 0.00052793 -0.0010777 0.000389512
1.80236 0.000536929 -0.00110119 0.000404865
1.80653 0.000543438 -0.00111973 0.000418717
1.81069 0.000547378 -0.0011331 0.000430947
1.81485 0.000548689 -0.00114112 0.000441446
1.81901 0.000547329 -0.00114365 0.000450118
1.82317 0.000543274 -0.00114058 0.000456877
1.82734 0.000536522 -0.00113184 0.000461656
1.8315 0.000527089 -0.00111743 0.000464397
1.83566 0.00051501 -0.00109735 0.00046506
1.83983 0.000500341 -0.00107169 0.000463621
1.84399 0.000483154 -0.00104054 0.00046007
1.84815 0.000463543 -0.00100406 0.000454412
1.85231 0.000441616 -0.000962451 0.000446668
1.85648 0.0004175 -0.00091593 0.000436875
1.86064 0.000391335 -0.000864771 0.000425084
1.8648 0.000363276 -0.000809277 0.000411359
1.86896 0.00033349 -0.000749782 0.000395781
1.87313 0.000302155 -0.000686649 0.00037844
1.87729 0.000269459 -0.000620265 0.00035944
1.88145 0.000235597 -0.00055104 0.000338895
1.88561 0.000200768 -0.000479401 0.000316929
1.88977 0.000165179 -0.000405788 0.000293675
1.89394 0.000129037 -0.000330653 0.000269273
1.8981 9.25498e-05 -0.000254453 0.000243869
1.90226 5.59246e-05 -0.000177646 0.000217614
1.90643 1.9366e-05 -0.000100688 0.000190663
1.91059 -1.69254e-05 -2.4031e-05 0.000163174
1.91475 -5.27547e-05 5.18853e-05 0.000135302
1.91891 -8.79341e-05 0.000126633 0.000107206
1.92308 -0.000122284 0.0001998 7.90406e-05
1.92724 -0.000155634 0.000270996 5.0959e-05
1.9314 -0.000187824 0.000339851 2.31095e-05
1.93556 -0.000218707 0.00040602 -4.36457e-06
1.93973 -0.000248145 0.000469188 -3.1326e-05
1.94389 -0.000276016 0.000529066 -5.76447e-05
1.94805 -0.00030221 0.000585397 -8.31982e-05
1.95221 -0.00032663 0.000637955 -0.000107873
1.95638 -0.000349193 0.000686547 -0.000131565
1.96054 -0.000369832 0.000731015 -0.000154178
1.9647 -0.000388493 0.000771231 -0.000175629
1.96886 -0.000405136 0.000807103 -0.000195842
1.97303 -0.000419735 0.000838571 -0.000214755
1.97719 -0.000432276 0.000865608 -0.000232313
1.98135 -0.000442762 0.000888216 -0.000248475
1.98551 -0.000451205 0.000906429 -0.000263208
1.98968 -0.00045763 0.000920309 -0.00027649
1.99384 -0.000462074 0.000929944 -0.000288309
1.998 -0.000464585 0.000935447 -0.000298661
2.00216 -0.000465221 0.000936955 -0.000307555
2.00632 -0.000464049 0.000934626 -0.000315004
2.01049 -0.000461143 0.000928634 -0.000321031
2.01465 -0.000456586 0.000919173 -0.000325666
2.01881 -0.000450468 0.000906449 -0.000328946
2.02298 -0.000442885 0.000890681 -0.000330913
2.02714 -0.000433936 0.000872096 -0.000331616
2.0313 -0.000423725 0.00085093 -0.000331106
2.03546 -0.000412359 0.000827423 -0.000329441
2.03963 -0.000399949 0.00080182 -0.000326679
2.04379 -0.000386605 0.000774364 -0.000322883
2.04795 -0.000372437 0.0007453 -0.000318116
2.05211 -0.000357558 0.000714868 -0.000312443
2.05628 -0.000342077 0.000683305 -0.00030593
2.06044 -0.000326103 0.000650841 -0.000298643
2.0646 -0.000309742 0.000617698 -0.000290648
2.06876 -0.000293096 0.000584093 -0.000282009
2.07293 -0.000276264 0.000550227 -0.00027279
2.07709 -0.000259343 0.000516296 -0.000263053
2.08125 -0.000242421 0.00048248 -0.000252858
2.08541 -0.000225583 0.000448949 -0.000242264
2.08957 -0.00020891 0.000415859 -0.000231327
2.09374 -0.000192475 0.000383352 -0.000220101
2.0979 -0.000176345 0.000351557 -0.000208638
2.10206 -0.000160582 0.000320588 -0.000196987
2.10623 -0.000145239 0.000290545 -0.000185194
2.11039 -0.000130364 0.000261516 -0.000173304
2.11455 -0.000115999 0.000233573 -0.00016136
2.11871 -0.000102178 0.000206773 -0.000149401
2.12288 -8.89277e-05 0.000181163 -0.000137464
2.12704 -7.62698e-05 0.000156774 -0.000125587
2.1312 -6.42186e-05 0.000133628 -0.000113804
2.13536 -5.27825e-05 0.000111731 -0.000102146
2.13952 -4.19639e-05 9.10808e-05 -9.06444e-05
2.14369 -3.17593e-05 7.16642e-05 -7.93294e-05
2.14785 -2.21602e-05 5.34578e-05 -6.82289e-05
2.15201 -1.3153e-05 3.64298e-05 -5.73702e-05
2.15618 -4.71947e-06 2.05401e-05 -4.67794e-05
2.16034 3.16262e-06 5.74183e-06 -3.64816e-05
2.1645 1.05192e-05 -8.01823e-06 -2.6501e-05
2.16866 1.73791e-05 -2.07984e-05 -1.6861e-05
2.17283 2.37742e-05 -3.26611e-05 -7.58408e-06
2.17699 2.97381e-05 -4.36721e-05 1.30813e-06
2.18115 3.53062e-05 -5.38996e-05 9.79499e-06
2.18531 4.05147e-05 -6.34128e-05 1.78568e-05
2.18948 4.54004e-05 -7.22815e-05 2.54749e-05
2.19364 5.00002e-05 -8.05747e-05 3.26318e-05
2.1978 5.43501e-05 -8.83603e-05 3.93115e-05
2.20196 5.84854e-05 -9.57037e-05 4.54991e-05
2.20613 6.24396e-05 -0.000102667 5.11815e-05
2.21029 6.62443e-05 -0.000109309 5.63474e-05
2.21445 6.99287e-05 -0.000115684 6.09873e-05
2.21861 7.35192e-05 -0.000121839 6.50937e-05
2.22277 7.7039e-05 -0.00012782 6.86613e-05
2.22694 8.05079e-05 -0.000133661 7.16875e-05
2.2311 8.3942e-05 -0.000139395 7.41718e-05
2.23526 8.73538e-05 -0.000145044 7.61165e-05
2.23943 9.07513e-05 -0.000150625 7.75267e-05
2.24359 9.41387e-05 -0.000156148 7.84102e-05
2.24775 9.7516e-05 -0.000161614 7.87777e-05
2.25191 0.000100879 -0.000167019 7.86429e-05
2.25608 0.00010422 -0.000172351 7.80223e-05
2.26024 0.000107526 -0.000177592 7.69351e-05
2.2644 0.000110782 -0.000182718 7.54035e-05
2.26856 0.000113969 -0.000187696 7.34525e-05
2.27273 0.000117064 -0.000192493 7.11092e-05
2.27689 0.000120041 -0.000197067 6.84035e-05
2.28105 0.000122873 -0.000201373 6.53674e-05
2.28521 0.000125531 -0.000205363 6.20347e-05
2.28938 0.000127981 -0.000208987 5.84412e-05
2.29354 0.000130193 -0.000212191 5.46238e-05
2.2977 0.000132132 -0.000214922 5.06209e-05
2.30186 0.000133764 -0.000217126 4.64714e-05
2.30602 0.000135056 -0.000218749 4.22149e-05
2.31019 0.000135976 -0.000219739 3.78914e-05
2.31435 0.000136492 -0.000220047 3.35403e-05
2.31851 0.000136573 -0.000219625 2.92009e-05
2.32268 0.000136194 -0.000218432 2.49114e-05
2.32684 0.000135328 -0.000216427 2.07093e-05
2.331 0.000133954 -0.000213578 1.66302e-05
2.33516 0.000132052 -0.000209858 1.27084e-05
2.33933 0.000129609 -0.000205244 8.97598e-06
2.34349 0.000126611 -0.000199721 5.46298e-06
2.34765 0.000123054 -0.000193283 2.19699e-06
2.35181 0.000118933 -0.000185929 -7.96992e-07
2.35597 0.000114251 -0.000177664 -3.49666e-06
2.36014 0.000109014 -0.000168505 -5.88253e-06
2.3643 0.000103232 -0.000158472 -7.93803e-06
2.36846 9.69207e-05 -0.000147595 -9.64952e-06
2.37263 9.00991e-05 -0.000135912 -1.10063e-05
2.37679 8.27909e-05 -0.000123465 -1.20005e-05
2.38095 7.50238e-05 -0.000110305 -1.26271e-05
2.38511 6.68292e-05 -9.64879e-05 -1.2884e-05
2.38928 5.82417e-05 -8.20772e-05 -1.27714e-05
2.39344 4.92996e-05 -6.71399e-05 -1.22922e-05
2.3976 4.00433e-05 -5.17482e-05 -1.14514e-05
2.40176 3.05163e-05 -3.59784e-05 -1.02562e-05
2.40593 2.07636e-05 -1.99098e-05 -8.71557e-06
2.41009 1.0832e-05 -3.62464e-06 -6.84017e-06
2.41425 7.69445e-07 1.27932e-05 -4.64204e-06
2.41841 -9.37544e-06 2.92586e-05 -2.13436e-06
2.42258 -1.95537e-05 4.56861e-05 6.68748e-07
2.42674 -2.97166e-05 6.19902e-05 3.75248e-06
2.4309 -3.98159e-05 7.8087e-05 7.10156e-06
2.43506 -4.98044e-05 9.38937e-05 1.07005e-05
2.43922 -5.96361e-05 0.00010933 1.45337e-05
2.44339 -6.9267e-05 0.000124319 1.85857e-05
2.44755 -7.86549e-05 0.000138787 2.28413e-05
2.45171 -8.776e-05 0.000152664 2.72859e-05
2.45588 -9.65451e-05 0.000165885 3.19052e-05
2.46004 -0.000104976 0.000178389 3.66856e-05
2.4642 -0.000113021 0.000190122 4.1614e-05
2.46836 -0.000120652 0.000201034 4.66782e-05
2.47253 -0.000127845 0.000211082 5.18664e-05
2.47669 -0.000134576 0.000220227 5.71675e-05
2.48085 -0.00014083 0.000228438 6.25711e-05
2.48501 -0.000146589 0.00023569 6.80668e-05
2.48917 -0.000151843 0.000241963 7.36449e-05
2.49334 -0.000156583 0.000247244 7.92956e-05
2.4975 -0.000160802 0.000251525 8.50091e-05
2.50166 -0.0001645 0.000254805 9.07754e-05
2.50583 -0.000167674 0.000257088 9.65839e-05
2.50999 -0.000170327 0.000258382 0.000102424
2.51415 -0.000172464 0.000258702 0.000108282
2.51831 -0.00017409 0.000258066 0.000114147
2.52248 -0.000175214 0.000256499 0.000120002
2.52664 -0.000175843 0.000254026 0.000125833
2.5308 -0.000175989 0.000250679 0.000131621
2.53496 -0.000175661 0.000246491 0.000137347
2.53913 -0.000174869 0.000241499 0.000142987
2.54329 -0.000173626 0.000235742 0.000148519
2.54745 -0.00017194 0.00022926 0.000153914
2.55161 -0.000169822 0.000222096 0.000159145
2.55578 -0.000167281 0.000214293 0.000164179
2.55994 -0.000164324 0.000205895 0.000168982
2.5641 -0.000160958 0.000196946 0.000173519
2.56826 -0.000157187 0.000187491 0.00017775
2.57242 -0.000153015 0.000177574 0.000181636
2.57659 -0.000148444 0.000167238 0.000185133
2.58075 -0.000143471 0.000156525 0.000188198
2.58491 -0.000138096 0.000145478 0.000190787
2.58908 -0.000132313 0.000134135 0.000192853
2.59324 -0.000126116 0.000122535 0.000194352
2.5974 -0.000119497 0.000110714 0.000195239
2.60156 -0.000112445 9.87076e-05 0.00019547
2.60573 -0.000104949 8.6548e-05 0.000195002
2.60989 -9.69955e-05 7.42662e-05 0.000193797
2.61405 -8.85701e-05 6.18909e-05 0.000191817
2.61821 -7.96576e-05 4.94488e-05 0.000189031
2.62238 -7.02422e-05 3.6965e-05 0.000185411
2.62654 -6.03077e-05 2.44623e-05 0.000180934
2.6307 -4.9838e-05 1.19619e-05 0.000175585
2.63486 -3.88173e-05 -5.16715e-07 0.000169357
2.63903 -2.72309e-05 -1.29556e-05 0.000162247
2.64319 -1.50652e-05 -2.53382e-05 0.000154266
2.64735 -2.30804e-06 -3.76491e-05 0.00014543
2.65151 1.10503e-05 -4.98742e-05 0.000135768
2.65568 2.50172e-05 -6.2e-05 0.000125318
2.65984 3.95973e-05 -7.40138e-05 0.000114129
2.664 5.47917e-05 -8.59034e-05 0.000102263
2.66816 7.05981e-05 -9.76569e-05 8.97919e-05
2.67233 8.701e-05 -0.000109262 7.67999e-05
2.67649 0.000104017 -0.000120708 6.33831e-05
2.68065 0.000121603 -0.000131982 4.9649e-05
2.68481 0.000139748 -0.000143072 3.57164e-05
2.68898 0.000158428 -0.000153965 2.17146e-05
2.69314 0.000177611 -0.000164648 7.78291e-06
2.6973 0.000197261 -0.000175106 -5.9301e-06
2.70146 0.000217338 -0.000185325 -1.92679e-05
2.70562 0.000237795 -0.000195289 -3.20668e-05
2.70979 0.000258579 -0.000204981 -4.41579e-05
2.71395 0.000279634 -0.000214385 -5.5368e-05
2.71811 0.000300895 -0.000223482 -6.55216e-05
2.72228 0.000322297 -0.000232254 -7.44427e-05
2.72644 0.000343766 -0.000240682 -8.19565e-05
2.7306 0.000365225 -0.000248746 -8.7892e-05
2.73476 0.000386593 -0.000256425 -9.20833e-05
2.73893 0.000407786 -0.000263699 -9.43725e-05
2.74309 0.000428713 -0.000270548 -9.46118e-05
2.74725 0.000449284 -0.000276951 -9.26653e-05
2.75141 0.000469405 -0.000282888 -8.84119e-05
2.75558 0.000488978 -0.000288339 -8.17471e-05
2.75974 0.000507905 -0.000293284 -7.25852e-05
2.7639 0.000526087 -0.000297705 -6.08612e-05
2.76806 0.000543424 -0.000301585 -4.65332e-05
2.77223 0.000559815 -0.000304906 -2.95835e-05
2.77639 0.00057516 -0.000307655 -1.00206e-05
2.78055 0.000589359 -0.000309816 1.21194e-05
2.78471 0.000602313 -0.000311379 3.67723e-05
2.78887 0.000613928 -0.000312332 6.38441e-05
2.79304 0.000624108 -0.000312668 9.32111e-05
2.7972 0.000632761 -0.000312378 0.00012472
2.80136 0.0006398 -0.00031146 0.000158185
2.80553 0.000645139 -0.000309909 0.000193395
2.80969 0.000648699 -0.000307726 0.000230107
2.81385 0.000650403 -0.000304911 0.00026805
2.81801 0.00065018 -0.000301469 0.000306928
2.82218 0.000647964 -0.000297404 0.000346421
2.82634 0.000643695 -0.000292723 0.000386185
2.8305 0.00063732 -0.000287436 0.000425858
2.83466 0.000628792 -0.000281553 0.00046506
2.83882 0.00061807 -0.000275087 0.000503399
2.84299 0.000605123 -0.000268051 0.00054047
2.84715 0.000589925 -0.00026046 0.000575864
2.85131 0.00057246 -0.00025233 0.000609167
2.85548 0.000552721 -0.000243679 0.000639966
2.85964 0.000530708 -0.000234525 0.000667855
2.8638 0.000506432 -0.000224886 0.000692437
2.86796 0.000479913 -0.000214781 0.000713327
2.87213 0.000451182 -0.000204231 0.00073016
2.87629 0.00042028 -0.000193255 0.000742591
2.88045 0.000387259 -0.000181873 0.000750304
2.88461 0.00035218 -0.000170106 0.000753009
2.88878 0.000315119 -0.000157973 0.000750454
2.89294 0.000276159 -0.000145495 0.000742421
2.8971 0.000235398 -0.00013269 0.000728735
2.90126 0.000192943 -0.00011958 0.000709261
2.90543 0.000148914 -0.000106182 0.000683913
2.90959 0.000103443 -9.25153e-05 0.000652651
2.91375 5.66709e-05 -7.8599e-05 0.000615482
2.91791 8.75112e-06 -6.44511e-05 0.000572468
2.92207 -4.01529e-05 -5.00895e-05 0.000523717
2.92624 -8.98679e-05 -3.55318e-05 0.000469391
2.9304 -0.000140211 -2.07955e-05 0.0004097
2.93456 -0.000190991 -5.89804e-06 0.000344907
2.93873 -0.000242008 9.14334e-06 0.000275318
2.94289 -0.000293057 2.43114e-05 0.000201288
2.94705 -0.000343927 3.95886e-05 0.000123214
2.95121 -0.0003944 5.49577e-05 4.15342e-05
2.95538 -0.000444259 7.04008e-05 -4.32785e-05
2.95954 -0.000493281 8.58998e-05 -0.000130717
2.9637 -0.000541246 0.000101436 -0.000220248
2.96786 -0.000587933 0.000116992 -0.000311312
2.97203 -0.000633126 0.000132547 -0.000403332
2.97619 -0.000676611 0.000148081 -0.000495718
2.98035 -0.000718182 0.000163574 -0.000587873
2.98451 -0.000757641 0.000179005 -0.000679196
2.98868 -0.000794798 0.000194352 -0.000769089
2.99284 -0.000829475 0.000209593 -0.000856965
2.997 -0.000861509 0.000224704 -0.000942248
