0 0 0 0
0.0041625 0 0 0
0.008325 -1.63164e-318 -1.61214e-320 1.02511e-317
0.0124875 -4.01811e-291 -5.00382e-293 2.30636e-290
0.01665 -3.43656e-272 -4.74573e-274 1.8849e-271
0.0208125 -1.11384e-257 -1.6013e-259 5.93541e-257
0.024975 -6.78482e-246 -9.83317e-248 3.5408e-245
0.0291375 -5.81726e-236 -8.36868e-238 2.98656e-235
0.0333 -2.27479e-227 -3.22753e-229 1.15215e-226
0.0374625 -8.55998e-220 -1.1957e-221 4.28524e-219
0.041625 -5.13115e-213 -7.05914e-215 2.54237e-212
0.0457875 -6.99786e-207 -9.49343e-209 3.43512e-206
0.04995 -2.82009e-201 -3.77789e-203 1.37253e-200
0.0541125 -4.09143e-196 -5.41938e-198 1.9755e-195
0.058275 -2.48993e-191 -3.2645e-193 1.19327e-190
0.0624375 -7.17202e-187 -9.31527e-189 3.41284e-186
0.0666 -1.07743e-182 -1.38724e-184 5.09249e-182
0.0707625 -9.13746e-179 -1.16682e-180 4.29093e-178
0.074925 -4.67066e-175 -5.91728e-177 2.17969e-174
0.0790875 -1.51992e-171 -1.91087e-173 7.05045e-171
0.08325 -3.29786e-168 -4.11504e-170 1.52086e-167
0.0874125 -4.96288e-165 -6.14662e-167 2.27574e-164
0.091575 -5.35837e-162 -6.58721e-164 2.44352e-161
0.0957375 -4.27431e-159 -5.21536e-161 1.93865e-158
0.0999 -2.58424e-156 -3.12944e-158 1.16592e-155
0.104063 -1.21106e-153 -1.45534e-155 5.43569e-153
0.108225 -4.48694e-151 -5.34997e-153 2.0037e-150
0.112388 -1.33749e-148 -1.58205e-150 5.943e-148
0.11655 -3.25807e-146 -3.82243e-148 1.44061e-145
0.120713 -6.57687e-144 -7.65165e-146 2.8941e-143
0.124875 -1.11406e-141 -1.285e-143 4.87912e-141
0.129037 -1.60153e-139 -1.83099e-141 6.98134e-139
0.1332 -1.97396e-137 -2.23632e-139 8.56524e-137
0.137362 -2.10543e-135 -2.36304e-137 9.0943e-135
0.141525 -1.95981e-133 -2.17849e-135 8.42738e-133
0.145687 -1.60436e-131 -1.76577e-133 6.86843e-131
0.14985 -1.16325e-129 -1.26726e-131 4.95825e-129
0.154012 -7.51867e-128 -8.10524e-130 3.19094e-127
0.158175 -4.35808e-126 -4.64746e-128 1.84169e-125
0.162337 -2.27785e-124 -2.40215e-126 9.58536e-124
0.1665 -1.07903e-122 -1.12493e-124 4.52171e-122
0.170662 -4.6545e-121 -4.7954e-123 1.94241e-120
0.174825 -1.83626e-119 -1.86895e-121 7.63173e-119
0.178988 -6.65247e-118 -6.68651e-120 2.75365e-117
0.18315 -2.22159e-116 -2.20429e-118 9.15889e-116
0.187313 -6.86288e-115 -6.71944e-117 2.8181e-114
0.191475 -1.96764e-113 -1.90028e-115 8.04788e-113
0.195638 -5.25198e-112 -5.001e-114 2.13973e-111
0.1998 -1.30886e-110 -1.22829e-112 5.31182e-110
0.203963 -3.05376e-109 -2.82304e-111 1.23457e-108
0.208125 -6.68742e-108 -6.08706e-110 2.69328e-107
0.212288 -1.37787e-106 -1.23426e-108 5.52823e-106
0.21645 -2.67709e-105 -2.35874e-107 1.07007e-104
0.220613 -4.91534e-104 -4.25746e-106 1.95742e-103
0.224775 -8.54586e-103 -7.27235e-105 3.39062e-102
0.228938 -1.4096e-101 -1.17779e-103 5.57219e-101
0.2331 -2.20985e-100 -1.81173e-102 8.70378e-100
0.237263 -3.29833e-99 -2.65142e-101 1.2944e-98
0.241425 -4.69458e-98 -3.69746e-100 1.83573e-97
0.245588 -6.38174e-97 -4.92053e-99 2.48657e-96
0.24975 -8.2977e-96 -6.25766e-98 3.22164e-95
0.253912 -1.03337e-94 -7.6151e-97 3.99803e-94
0.258075 -1.23428e-93 -8.87856e-96 4.75861e-93
0.262238 -1.41571e-92 -9.9293e-95 5.43911e-92
0.2664 -1.56121e-91 -1.0663e-93 5.97742e-91
0.270563 -1.65721e-90 -1.10069e-92 6.32317e-90
0.274725 -1.69511e-89 -1.09319e-91 6.44568e-89
0.278888 -1.67254e-88 -1.04554e-90 6.33827e-88
0.28305 -1.5935e-87 -9.63738e-90 6.01833e-87
0.287213 -1.46737e-86 -8.56756e-89 5.52335e-86
0.291375 -1.3072e-85 -7.35045e-88 4.90399e-85
0.295538 -1.12756e-84 -6.08927e-87 4.21599e-84
0.2997 -9.42549e-84 -4.87306e-86 3.51254e-83
0.303863 -7.64159e-83 -3.76843e-85 2.83835e-82
0.308025 -6.0134e-82 -2.81654e-84 2.22625e-81
0.312188 -4.59663e-81 -2.03453e-83 1.69617e-80
0.31635 -3.41551e-80 -1.42004e-82 1.25623e-79
0.320513 -2.4687e-79 -9.57166e-82 9.05042e-79
0.324675 -1.73689e-78 -6.22458e-81 6.34693e-78
0.328838 -1.19027e-77 -3.89937e-80 4.33543e-77
0.333 -7.94981e-77 -2.34737e-79 2.88632e-76
0.337163 -5.1781e-76 -1.35271e-78 1.87397e-75
0.341325 -3.29108e-75 -7.41585e-78 1.18723e-74
0.345488 -2.04223e-74 -3.82692e-77 7.3436e-74
0.34965 -1.23795e-73 -1.82256e-76 4.43729e-73
0.353813 -7.33439e-73 -7.67439e-76 2.62054e-72
0.357975 -4.24921e-72 -2.52447e-75 1.51338e-71
0.362138 -2.40852e-71 -2.72633e-75 8.55069e-71
0.3663 -1.33629e-70 5.32903e-74 4.72891e-70
0.370463 -7.26033e-70 6.85693e-73 2.56111e-69
0.374625 -3.86472e-69 5.89929e-72 1.35893e-68
0.378787 -2.0164e-68 4.33055e-71 7.0674e-68
0.38295 -1.03161e-67 2.89992e-70 3.60413e-67
0.387113 -5.17749e-67 1.82232e-69 1.80302e-66
0.391275 -2.55013e-66 1.09063e-68 8.85185e-66
0.395437 -1.23315e-65 6.27119e-68 4.26651e-65
0.3996 -5.85666e-65 3.48423e-67 2.01969e-64
0.403763 -2.73293e-64 1.87782e-66 9.39362e-64
0.407925 -1.25346e-63 9.84537e-66 4.29414e-63
0.412087 -5.65265e-63 5.03243e-65 1.93005e-62
0.41625 -2.50731e-62 2.51204e-64 8.5323e-62
0.420413 -1.09428e-61 1.22622e-63 3.7112e-61
0.424575 -4.70066e-61 5.85995e-63 1.58877e-60
0.428737 -1.98812e-60 2.74415e-62 6.6965e-60
0.4329 -8.28168e-60 1.26026e-61 2.7798e-59
0.437063 -3.3988e-59 5.68009e-61 1.13683e-58
0.441225 -1.37466e-58 2.51397e-60 4.5817e-58
0.445388 -5.48104e-58 1.09323e-59 1.82027e-57
0.44955 -2.15502e-57 4.67324e-59 7.13106e-57
0.453713 -8.35769e-57 1.96462e-58 2.75551e-56
0.457875 -3.19808e-56 8.12581e-58 1.05051e-55
0.462038 -1.20775e-55 3.30784e-57 3.95249e-55
0.4662 -4.50261e-55 1.32575e-56 1.46799e-54
0.470363 -1.65753e-54 5.2331e-56 5.38359e-54
0.474525 -6.02665e-54 2.03501e-55 1.94995e-53
0.478688 -2.16476e-53 7.79842e-55 6.97719e-53
0.48285 -7.68357e-53 2.94575e-54 2.46687e-52
0.487013 -2.69544e-52 1.0971e-53 8.62013e-52
0.491175 -9.34767e-52 4.02957e-53 2.97768e-51
0.495338 -3.2053e-51 1.45994e-52 1.01702e-50
0.4995 -1.08695e-50 5.21883e-52 3.43516e-50
0.503663 -3.6459e-50 1.84103e-51 1.14767e-49
0.507825 -1.20984e-49 6.41044e-51 3.79327e-49
0.511988 -3.97238e-49 2.20363e-50 1.24054e-48
0.51615 -1.29074e-48 7.47991e-50 4.01489e-48
0.520313 -4.15102e-48 2.50749e-49 1.28609e-47
0.524475 -1.32147e-47 8.30317e-49 4.07812e-47
0.528637 -4.16489e-47 2.71635e-48 1.28027e-46
0.5328 -1.29969e-46 8.78081e-48 3.97965e-46
0.536963 -4.01624e-46 2.80519e-47 1.22502e-45
0.541125 -1.22909e-45 8.85805e-47 3.73458e-45
0.545288 -3.72546e-45 2.7652e-46 1.12768e-44
0.54945 -1.11852e-44 8.53481e-46 3.373e-44
0.553613 -3.32667e-44 2.60496e-45 9.99473e-44
0.557775 -9.80208e-44 7.86345e-45 2.93418e-43
0.561937 -2.86154e-43 2.34794e-44 8.53487e-43
0.5661 -8.27727e-43 6.9356e-44 2.46e-42
0.570263 -2.37252e-42 2.02703e-43 7.02635e-42
0.574425 -6.739e-42 5.86235e-43 1.9889e-41
0.578588 -1.89702e-41 1.67793e-42 5.57968e-41
0.58275 -5.29259e-41 4.75359e-42 1.55149e-40
0.586913 -1.46355e-40 1.33311e-41 4.27619e-40
0.591075 -4.0116e-40 3.70135e-41 1.16831e-39
0.595237 -1.08999e-39 1.01754e-40 3.16429e-39
0.5994 -2.93593e-39 2.7701e-40 8.49647e-39
0.603563 -7.83995e-39 7.46855e-40 2.26187e-38
0.607725 -2.07562e-38 1.99445e-39 5.97015e-38
0.611888 -5.44849e-38 5.27594e-39 1.56249e-37
0.61605 -1.41814e-37 1.38266e-38 4.05498e-37
0.620213 -3.66019e-37 3.59017e-38 1.04357e-36
0.624375 -9.36813e-37 9.23721e-38 2.6634e-36
0.628538 -2.37789e-36 2.35525e-37 6.74155e-36
0.6327 -5.98607e-36 5.95177e-37 1.69245e-35
0.636862 -1.49462e-35 1.49077e-36 4.21432e-35
0.641025 -3.70154e-35 3.70142e-36 1.04092e-34
0.645188 -9.09328e-35 9.11093e-36 2.55043e-34
0.64935 -2.21601e-34 2.22347e-35 6.19919e-34
0.653513 -5.35744e-34 5.3804e-35 1.49489e-33
0.657675 -1.28501e-33 1.29107e-34 3.5765e-33
0.661838 -3.05803e-33 3.07237e-34 8.49e-33
0.666 -7.22085e-33 7.25142e-34 1.99978e-32
0.670162 -1.69189e-32 1.6976e-33 4.67419e-32
0.674325 -3.93385e-32 3.94224e-33 1.08419e-31
0.678488 -9.07718e-32 9.08206e-33 2.49574e-31
0.68265 -2.07872e-31 2.07583e-32 5.70188e-31
0.686813 -4.72475e-31 4.7076e-32 1.29296e-30
0.690975 -1.06592e-30 1.05935e-31 2.9102e-30
0.695138 -2.38702e-30 2.36562e-31 6.50215e-30
0.6993 -5.30642e-30 5.24262e-31 1.44216e-29
0.703462 -1.17107e-29 1.15314e-30 3.17551e-29
0.707625 -2.56582e-29 2.51751e-30 6.94197e-29
0.711788 -5.58158e-29 5.45574e-30 1.50677e-28
0.71595 -1.20559e-28 1.17369e-29 3.24734e-28
0.720113 -2.58567e-28 2.50672e-29 6.94946e-28
0.724275 -5.50692e-28 5.31538e-29 1.47686e-27
0.728438 -1.16473e-27 1.1191e-28 3.11685e-27
0.7326 -2.44654e-27 2.33959e-28 6.53291e-27
0.736762 -5.10397e-27 4.85702e-28 1.35998e-26
0.740925 -1.05759e-26 1.00136e-27 2.81201e-26
0.745088 -2.17673e-26 2.05034e-27 5.77541e-26
0.74925 -4.45031e-26 4.16968e-27 1.17829e-25
0.753413 -9.03857e-26 8.42261e-27 2.38809e-25
0.757575 -1.82371e-25 1.68999e-26 4.80838e-25
0.761738 -3.65576e-25 3.3685e-26 9.61872e-25
0.7659 -7.28098e-25 6.67011e-26 1.91174e-24
0.770062 -1.44083e-24 1.31219e-25 3.77535e-24
0.774225 -2.83316e-24 2.56476e-25 7.40835e-24
0.778388 -5.53584e-24 4.98095e-25 1.44459e-23
0.78255 -1.07491e-23 9.612e-25 2.79926e-23
0.786713 -2.07423e-23 1.84321e-24 5.39069e-23
0.790875 -3.97795e-23 3.51249e-24 1.03173e-22
0.795038 -7.58228e-23 6.65212e-24 1.96258e-22
0.7992 -1.43648e-22 1.25207e-23 3.71064e-22
0.803363 -2.70506e-22 2.34231e-23 6.97351e-22
0.807525 -5.06351e-22 4.35539e-23 1.30273e-21
0.811688 -9.42204e-22 8.05001e-23 2.41923e-21
0.81585 -1.74291e-21 1.47902e-22 4.46621e-21
0.820013 -3.20524e-21 2.70134e-22 8.19706e-21
0.824175 -5.86032e-21 4.90493e-22 1.49573e-20
0.828338 -1.06531e-20 8.85428e-22 2.7136e-20
0.8325 -1.92549e-20 1.58913e-21 4.89497e-20
0.836663 -3.46049e-20 2.83577e-21 8.77983e-20
0.840825 -6.18417e-20 5.03159e-21 1.56593e-19
0.844988 -1.09898e-19 8.87732e-21 2.7773e-19
0.84915 -1.94215e-19 1.55747e-20 4.89847e-19
0.853313 -3.41331e-19 2.71727e-20 8.59208e-19
0.857475 -5.96603e-19 4.71456e-20 1.49884e-18
0.861638 -1.03712e-18 8.13509e-20 2.60044e-18
0.8658 -1.79318e-18 1.39609e-19 4.48735e-18
0.869963 -3.0838e-18 2.38292e-19 7.70197e-18
0.874125 -5.2751e-18 4.04546e-19 1.31492e-17
0.878287 -8.97584e-18 6.83133e-19 2.23303e-17
0.88245 -1.51927e-17 1.14746e-18 3.77231e-17
0.886613 -2.55814e-17 1.91725e-18 6.33944e-17
0.890775 -4.2851e-17 3.18675e-18 1.05984e-16
0.894938 -7.14098e-17 5.26934e-18 1.76276e-16
0.8991 -1.18394e-16 8.66807e-18 2.91691e-16
0.903263 -1.95297e-16 1.4186e-17 4.80224e-16
0.907425 -3.20528e-16 2.30984e-17 7.86632e-16
0.911587 -5.23426e-16 3.742e-17 1.28209e-15
0.91575 -8.5051e-16 6.03172e-17 2.07923e-15
0.919913 -1.37516e-15 9.67403e-17 3.35532e-15
0.924075 -2.21251e-15 1.54389e-16 5.388e-15
0.928238 -3.54239e-15 2.45177e-16 8.6099e-15
0.9324 -5.64411e-15 3.87447e-16 1.36917e-14
0.936563 -8.94948e-15 6.09296e-16 2.16681e-14
0.940725 -1.41226e-14 9.53543e-16 3.41273e-14
0.944887 -2.21801e-14 1.48512e-15 5.34946e-14
0.94905 -3.46698e-14 2.30198e-15 8.34567e-14
0.953213 -5.39379e-14 3.55121e-15 1.29589e-13
0.957375 -8.35225e-14 5.45253e-15 2.00281e-13
0.961538 -1.28734e-13 8.33253e-15 3.081e-13
0.9657 -1.97503e-13 1.26744e-14 4.71775e-13
0.969863 -3.01617e-13 1.91892e-14 7.19089e-13
0.974025 -4.58517e-13 2.89189e-14 1.09105e-12
0.978188 -6.93875e-13 4.33822e-14 1.64792e-12
0.98235 -1.04531e-12 6.47823e-14 2.47779e-12
0.986513 -1.56769e-12 9.63007e-14 3.70889e-12
0.990675 -2.34064e-12 1.42508e-13 5.52694e-12
0.994838 -3.47923e-12 2.09942e-13 8.1997e-12
0.999 -5.14891e-12 3.07907e-13 1.21114e-11
1.00316 -7.58649e-12 4.49582e-13 1.78109e-11
1.00733 -1.11294e-11 6.5355e-13 2.60784e-11
1.01149 -1.62561e-11 9.45887e-13 3.80183e-11
1.01565 -2.36423e-11 1.36301e-12 5.51862e-11
1.01981 -3.42372e-11 1.95556e-12 7.97636e-11
1.02398 -4.93688e-11 2.79358e-12 1.14796e-10
1.02814 -7.08865e-11 3.97357e-12 1.64514e-10
1.0323 -1.01354e-10 5.62782e-12 2.34771e-10
1.03646 -1.44309e-10 7.93682e-12 3.33629e-10
1.04063 -2.04613e-10 1.11458e-11 4.72137e-10
1.04479 -2.88913e-10 1.55862e-11 6.65377e-10
1.04895 -4.06262e-10 2.17042e-11 9.33839e-10
1.05311 -5.6893e-10 3.00975e-11 1.30524e-09
1.05727 -7.93477e-10 4.15632e-11 1.8169e-09
1.06144 -1.10215e-09 5.71593e-11 2.51885e-09
1.0656 -1.52472e-09 7.8284e-11 3.47789e-09
1.06976 -2.10081e-09 1.06776e-10 4.78275e-09
1.07393 -2.88299e-09 1.45044e-10 6.55085e-09
1.07809 -3.94063e-09 1.96226e-10 8.93685e-09
1.08225 -5.36491e-09 2.64395e-10 1.21436e-08
1.08641 -7.27516e-09 3.54809e-10 1.64358e-08
1.09058 -9.82685e-09 4.7423e-10 2.21577e-08
1.09474 -1.32216e-08 6.31311e-10 2.9755e-08
1.0989 -1.772e-08 8.37076e-10 3.98016e-08
1.10306 -2.36568e-08 1.1055e-09 5.30343e-08
1.10723 -3.1461e-08 1.45423e-09 7.03939e-08
1.11139 -4.1679e-08 1.90544e-09 9.3077e-08
1.11555 -5.50048e-08 2.48684e-09 1.22599e-07
1.11971 -7.2315e-08 3.23296e-09 1.6087e-07
1.12387 -9.47126e-08 4.18654e-09 2.10289e-07
1.12804 -1.23579e-07 5.40031e-09 2.73851e-07
1.1322 -1.60638e-07 6.93901e-09 3.55287e-07
1.13636 -2.0803e-07 8.88168e-09 4.59213e-07
1.14053 -2.68399e-07 1.13245e-08 5.91328e-07
1.14469 -3.45001e-07 1.43836e-08 7.58624e-07
1.14885 -4.41827e-07 1.81992e-08 9.69653e-07
1.15301 -5.63744e-07 2.2939e-08 1.23482e-06
1.15718 -7.16663e-07 2.88029e-08 1.56673e-06
1.16134 -9.07733e-07 3.60282e-08 1.98058e-06
1.1655 -1.14556e-06 4.48949e-08 2.49463e-06
1.16966 -1.44044e-06 5.57316e-08 3.13069e-06
1.17383 -1.80469e-06 6.89223e-08 3.91471e-06
1.17799 -2.25288e-06 8.49128e-08 4.87742e-06
1.18215 -2.80229e-06 1.04218e-07 6.05503e-06
1.18631 -3.47319e-06 1.27431e-07 7.49002e-06
1.19047 -4.28934e-06 1.55225e-07 9.23199e-06
1.19464 -5.27841e-06 1.8837e-07 1.13386e-05
1.1988 -6.47249e-06 2.27731e-07 1.38763e-05
1.20296 -7.90858e-06 2.74279e-07 1.69219e-05
1.20713 -9.62917e-06 3.29096e-07 2.05629e-05
1.21129 -1.16828e-05 3.93378e-07 2.48993e-05
1.21545 -1.41245e-05 4.68438e-07 3.0044e-05
1.21961 -1.70167e-05 5.5571e-07 3.61245e-05
1.22378 -2.04293e-05 6.56741e-07 4.32834e-05
1.22794 -2.44406e-05 7.73187e-07 5.16794e-05
1.2321 -2.91374e-05 9.06807e-07 6.14886e-05
1.23626 -3.46158e-05 1.05945e-06 7.29045e-05
1.24043 -4.0981e-05 1.23302e-06 8.61386e-05
1.24459 -4.83481e-05 1.42949e-06 0.000101421
1.24875 -5.68414e-05 1.65082e-06 0.000118999
1.25291 -6.65946e-05 1.89896e-06 0.000139138
1.25708 -7.77505e-05 2.17581e-06 0.00016212
1.26124 -9.04602e-05 2.48311e-06 0.000188241
1.2654 -0.000104882 2.82246e-06 0.00021781
1.26956 -0.000121181 3.19519e-06 0.000251147
1.27372 -0.000139525 3.60235e-06 0.000288578
1.27789 -0.000160087 4.04454e-06 0.000330431
1.28205 -0.000183039 4.52193e-06 0.000377031
1.28621 -0.000208549 5.03406e-06 0.000428696
1.29038 -0.000236783 5.57984e-06 0.000485729
1.29454 -0.000267895 6.15738e-06 0.000548411
1.2987 -0.000302025 6.76395e-06 0.000616992
1.30286 -0.000339298 7.39581e-06 0.000691685
1.30703 -0.000379815 8.0482e-06 0.000772653
1.31119 -0.00042365 8.7152e-06 0.000860004
1.31535 -0.000470844 9.38966e-06 0.000953774
1.31951 -0.000521401 1.00632e-05 0.00105393
1.32368 -0.000575279 1.07259e-05 0.00116033
1.32784 -0.00063239 1.13669e-05 0.00127275
1.332 -0.000692588 1.19735e-05 0.00139086
1.33616 -0.000755672 1.25321e-05 0.0015142
1.34032 -0.000821371 1.30275e-05 0.00164219
1.34449 -0.000889351 1.34436e-05 0.00177411
1.34865 -0.000959202 1.37629e-05 0.00190911
1.35281 -0.00103044 1.39674e-05 0.00204621
1.35698 -0.00110252 1.4038e-05 0.00218425
1.36114 -0.00117479 1.39555e-05 0.00232196
1.3653 -0.00124655 1.37004e-05 0.00245793
1.36946 -0.00131702 1.32532e-05 0.0025906
1.37363 -0.00138534 1.2595e-05 0.0027183
1.37779 -0.00145061 1.17078e-05 0.00283924
1.38195 -0.00151186 1.05749e-05 0.00295156
1.38611 -0.00156806 9.18106e-06 0.0030533
1.39028 -0.00161818 7.51348e-06 0.00314246
1.39444 -0.00166113 5.56176e-06 0.00321701
1.3986 -0.00169583 3.31853e-06 0.00327491
1.40276 -0.0017212 7.79901e-07 0.00331416
1.40692 -0.00173619 -2.0542e-06 0.00333284
1.41109 -0.00173977 -5.17964e-06 0.00332908
1.41525 -0.00173098 -8.58773e-06 0.00330119
1.41941 -0.00170894 -1.2265e-05 0.0032476
1.42358 -0.00167285 -1.61929e-05 0.00316698
1.42774 -0.00162203 -2.0348e-05 0.00305821
1.4319 -0.00155595 -2.47013e-05 0.00292043
1.43606 -0.00147418 -2.92189e-05 0.00275308
1.44023 -0.00137649 -3.38621e-05 0.00255593
1.44439 -0.00126282 -3.8587e-05 0.00232908
1.44855 -0.00113328 -4.33458e-05 0.00207298
1.45271 -0.000988196 -4.80864e-05 0.00178848
1.45688 -0.000828073 -5.27535e-05 0.00147678
1.46104 -0.000653632 -5.72889e-05 0.00113947
1.4652 -0.000465794 -6.16326e-05 0.000778514
1.46936 -0.00026568 -6.57232e-05 0.000396223
1.47352 -5.45982e-05 -6.9499e-05 -4.73916e-06
1.47769 0.000165961 -7.28991e-05 -0.000421399
1.48185 0.000394342 -7.58639e-05 -0.0008505
1.48601 0.000628744 -7.83366e-05 -0.00128854
1.49018 0.000867238 -8.02637e-05 -0.00173182
1.49434 0.0011078 -8.15964e-05 -0.00217648
1.4985 0.00134831 -8.22913e-05 -0.00261857
1.50266 0.00158662 -8.23112e-05 -0.00305408
1.50683 0.00182057 -8.16262e-05 -0.00347901
1.51099 0.00204798 -8.0214e-05 -0.00388945
1.51515 0.00226675 -7.80607e-05 -0.0042816
1.51931 0.00247482 -7.51614e-05 -0.00465182
1.52348 0.00267027 -7.15203e-05 -0.00499675
1.52764 0.00285128 -6.71507e-05 -0.00531327
1.5318 0.00301621 -6.20755e-05 -0.00559863
1.53596 0.0031636 -5.63267e-05 -0.00585043
1.54012 0.00329217 -4.99453e-05 -0.00606667
1.54429 0.0034009 -4.29805e-05 -0.0062458
1.54845 0.00348899 -3.54897e-05 -0.0063867
1.55261 0.00355586 -2.75371e-05 -0.00648873
1.55678 0.00360122 -1.91933e-05 -0.00655172
1.56094 0.00362501 -1.05342e-05 -0.00657593
1.5651 0.00362742 -1.63987e-06 -0.0065621
1.56926 0.00360889 7.40653e-06 -0.00651139
1.57343 0.00357007 1.65199e-05 -0.00642533
1.57759 0.00351186 2.56143e-05 -0.00630586
1.58175 0.00343531 3.46044e-05 -0.00615521
1.58591 0.00334167 4.34065e-05 -0.0059759
1.59008 0.00323235 5.19395e-05 -0.0057707
1.59424 0.00310887 6.01265e-05 -0.00554252
1.5984 0.00297283 6.78951e-05 -0.00529444
1.60256 0.00282592 7.51788e-05 -0.00502957
1.60673 0.00266987 8.19176e-05 -0.00475108
1.61089 0.00250641 8.80585e-05 -0.00446207
1.61505 0.00233725 9.35564e-05 -0.0041656
1.61921 0.00216408 9.83743e-05 -0.00386457
1.62338 0.0019885 0.000102483 -0.00356173
1.62754 0.00181204 0.000105862 -0.00325963
1.6317 0.0016361 0.0001085 -0.00296059
1.63586 0.00146199 0.000110393 -0.00266667
1.64003 0.00129085 0.000111543 -0.00237965
1.64419 0.00112371 0.000111964 -0.00210104
1.64835 0.000961432 0.000111673 -0.00183207
1.65251 0.000804719 0.000110696 -0.00157366
1.65668 0.000654133 0.000109062 -0.00132646
1.66084 0.000510084 0.000106807 -0.00109087
1.665 0.000372837 0.000103973 -0.000867009
1.66916 0.000242527 0.000100601 -0.000654797
1.67333 0.000119162 9.67386e-05 -0.000453937
1.67749 2.64183e-06 9.24342e-05 -0.000263956
1.68165 -0.000107229 8.77377e-05 -8.424e-05
1.68581 -0.000210729 8.26992e-05 8.5944e-05
1.68998 -0.000308201 7.73695e-05 0.000247412
1.69414 -0.000400037 7.17981e-05 0.000401032
1.6983 -0.000486662 6.60339e-05 0.000547699
1.70246 -0.000568521 6.0124e-05 0.000688302
1.70663 -0.000646062 5.41133e-05 0.000823698
1.71079 -0.000719722 4.80446e-05 0.000954693
1.71495 -0.00078992 4.19578e-05 0.00108202
1.71911 -0.000857039 3.58902e-05 0.00120631
1.72328 -0.000921423 2.98759e-05 0.00132812
1.72744 -0.00098337 2.39457e-05 0.00144785
1.7316 -0.00104312 1.81276e-05 0.0015658
1.73576 -0.00110086 1.2446e-05 0.00168216
1.73993 -0.00115671 6.92259e-06 0.00179697
1.74409 -0.00121075 1.57553e-06 0.00191016
1.74825 -0.00126299 -3.5798e-06 0.00202155
1.75241 -0.00131337 -8.53094e-06 0.00213084
1.75657 -0.0013618 -1.32682e-05 0.00223765
1.76074 -0.00140815 -1.77846e-05 0.00234151
1.7649 -0.00145224 -2.20756e-05 0.00244188
1.76906 -0.00149384 -2.61388e-05 0.00253817
1.77323 -0.00153272 -2.99744e-05 0.00262973
1.77739 -0.00156863 -3.35844e-05 0.00271592
1.78155 -0.00160129 -3.69728e-05 0.00279607
1.78571 -0.00163043 -4.01453e-05 0.00286953
1.78988 -0.00165579 -4.31094e-05 0.00293565
1.79404 -0.0016771 -4.5874e-05 0.00299384
1.7982 -0.00169414 -4.84496e-05 0.00304354
1.80236 -0.00170667 -5.08478e-05 0.00308425
1.80653 -0.00171452 -5.30817e-05 0.00311555
1.81069 -0.00171752 -5.51652e-05 0.00313709
1.81485 -0.00171556 -5.71132e-05 0.00314857
1.81901 -0.00170855 -5.89416e-05 0.00314983
1.82317 -0.00169645 -6.06669e-05 0.00314075
1.82734 -0.00167926 -6.2306e-05 0.00312132
1.8315 -0.00165702 -6.38763e-05 0.00309162
1.83566 -0.00162983 -6.53956e-05 0.00305181
1.83983 -0.0015978 -6.68813e-05 0.00300215
1.84399 -0.00156109 -6.8351e-05 0.00294295
1.84815 -0.00151992 -6.98216e-05 0.00287462
1.85231 -0.0014745 -7.13095e-05 0.00279763
1.85648 -0.00142512 -7.28301e-05 0.00271252
1.86064 -0.00137207 -7.43977e-05 0.00261986
1.8648 -0.00131566 -7.6025e-05 0.00252031
1.86896 -0.00125623 -7.77231e-05 0.00241452
1.87313 -0.00119414 -7.95008e-05 0.00230322
1.87729 -0.00112977 -8.13649e-05 0.00218712
1.88145 -0.00106348 -8.33193e-05 0.00206698
1.88561 -0.00099566 -8.5365e-05 0.00194355
1.88977 -0.000926696 -8.74998e-05 0.00181758
1.89394 -0.000856968 -8.97183e-05 0.00168981
1.8981 -0.000786854 -9.2011e-05 0.001561
1.90226 -0.000716722 -9.43649e-05 0.00143184
1.90643 -0.000646928 -9.67628e-05 0.00130304
1.91059 -0.000577817 -9.91834e-05 0.00117526
1.91475 -0.000509714 -0.000101601 0.00104913
1.91891 -0.00044293 -0.000103987 0.000925242
1.92308 -0.000377754 -0.000106306 0.000804153
1.92724 -0.000314456 -0.000108521 0.000686374
1.9314 -0.00025328 -0.000110591 0.000572374
1.93556 -0.000194452 -0.00011247 0.000462574
1.93973 -0.000138171 -0.000114109 0.000357351
1.94389 -8.46138e-05 -0.000115458 0.000257034
1.94805 -3.3933e-05 -0.000116463 0.000161906
1.95221 1.37431e-05 -0.000117069 7.22009e-05
1.95638 5.83095e-05 -0.000117219 -1.18899e-05
1.96054 9.96845e-05 -0.000116856 -9.02214e-05
1.9647 0.000137809 -0.000115924 -0.000162692
1.96886 0.000172647 -0.000114368 -0.000229241
1.97303 0.000204183 -0.000112133 -0.000289848
1.97719 0.000232421 -0.000109169 -0.000344532
1.98135 0.000257386 -0.00010543 -0.000393347
1.98551 0.000279121 -0.000100872 -0.00043638
1.98968 0.000297687 -9.54594e-05 -0.000473752
1.99384 0.000313161 -8.91614e-05 -0.00050561
1.998 0.000325636 -8.19551e-05 -0.000532132
2.00216 0.000335219 -7.38255e-05 -0.000553516
2.00632 0.000342029 -6.47664e-05 -0.000569987
2.01049 0.0003462 -5.47813e-05 -0.000581785
2.01465 0.000347873 -4.38834e-05 -0.000589171
2.01881 0.000347203 -3.20968e-05 -0.000592419
2.02298 0.000344349 -1.94562e-05 -0.000591817
2.02714 0.000339482 -6.00753e-06 -0.000587661
2.0313 0.000332776 8.19227e-06 -0.000580258
2.03546 0.000324411 2.30751e-05 -0.000569918
2.03963 0.000314571 3.85621e-05 -0.000556957
2.04379 0.000303442 5.45638e-05 -0.000541689
2.04795 0.000291213 7.09811e-05 -0.00052443
2.05211 0.000278073 8.77055e-05 -0.000505491
2.05628 0.000264208 0.00010462 -0.00048518
2.06044 0.000249804 0.000121602 -0.000463796
2.0646 0.000235044 0.000138519 -0.000441629
2.06876 0.000220106 0.000155238 -0.000418959
2.07293 0.000205162 0.000171621 -0.000396052
2.07709 0.000190378 0.000187525 -0.000373161
2.08125 0.000175914 0.000202812 -0.000350521
2.08541 0.00016192 0.000217341 -0.000328349
2.08957 0.000148537 0.000230976 -0.000306846
2.09374 0.000135896 0.000243586 -0.000286189
2.0979 0.000124117 0.000255044 -0.000266535
2.10206 0.000113308 0.000265233 -0.000248018
2.10623 0.000103567 0.000274045 -0.000230748
2.11039 9.49779e-05 0.000281383 -0.000214813
2.11455 8.76115e-05 0.000287161 -0.000200274
2.11871 8.15267e-05 0.00029131 -0.000187169
2.12288 7.67689e-05 0.000293771 -0.000175509
2.12704 7.33708e-05 0.000294504 -0.000165282
2.1312 7.13524e-05 0.000293485 -0.000156451
2.13536 7.07212e-05 0.000290706 -0.000148954
2.13952 7.14732e-05 0.000286177 -0.000142709
2.14369 7.35928e-05 0.000279923 -0.000137608
2.14785 7.70541e-05 0.000271988 -0.000133525
2.15201 8.18215e-05 0.000262434 -0.000130312
2.15618 8.78508e-05 0.000251337 -0.000127804
2.16034 9.509e-05 0.000238788 -0.000125821
2.1645 0.00010348 0.000224894 -0.000124166
2.16866 0.000112958 0.000209776 -0.000122632
2.17283 0.000123455 0.000193563 -0.000121
2.17699 0.000134899 0.000176398 -0.000119043
2.18115 0.000147218 0.000158431 -0.000116529
2.18531 0.000160337 0.000139818 -0.000113224
2.18948 0.000174184 0.000120723 -0.000108891
2.19364 0.000188686 0.00010131 -0.000103296
2.1978 0.000203773 8.1745e-05 -9.62084e-05
2.20196 0.00021938 6.21938e-05 -8.74061e-05
2.20613 0.000235445 4.28188e-05 -7.66751e-05
2.21029 0.000251909 2.37781e-05 -6.38134e-05
2.21445 0.000268721 5.22325e-06 -4.86331e-05
2.21861 0.000285834 -1.27021e-05 -3.09631e-05
2.22277 0.000303205 -2.98642e-05 -1.06506e-05
2.22694 0.000320798 -4.61402e-05 1.24361e-05
2.2311 0.000338583 -6.14195e-05 3.8406e-05
2.23526 0.000356532 -7.56051e-05 6.73432e-05
2.23943 0.000374623 -8.86139e-05 9.93055e-05
2.24359 0.000392837 -0.000100378 0.000134323
2.24775 0.000411155 -0.000110845 0.000172395
2.25191 0.000429562 -0.000119977 0.000213491
2.25608 0.000448042 -0.000127753 0.00025755
2.26024 0.000466576 -0.000134168 0.000304475
2.2644 0.000485145 -0.00013923 0.000354137
2.26856 0.000503722 -0.000142963 0.000406375
2.27273 0.000522279 -0.000145406 0.000460989
2.27689 0.000540775 -0.000146608 0.000517748
2.28105 0.000559165 -0.000146633 0.000576386
2.28521 0.000577392 -0.000145554 0.0006366
2.28938 0.000595388 -0.000143453 0.000698057
2.29354 0.000613072 -0.000140423 0.00076039
2.2977 0.00063035 -0.000136562 0.000823198
2.30186 0.000647114 -0.000131972 0.000886053
2.30602 0.000663242 -0.00012676 0.000948496
2.31019 0.000678596 -0.000121038 0.00101004
2.31435 0.000693023 -0.000114915 0.00107018
2.31851 0.000706356 -0.0001085 0.00112839
2.32268 0.000718414 -0.000101904 0.00118411
2.32684 0.000729003 -9.52305e-05 0.00123678
2.331 0.000737918 -8.85805e-05 0.00128582
2.33516 0.000744941 -8.20496e-05 0.00133065
2.33933 0.000749849 -7.57268e-05 0.00137067
2.34349 0.000752411 -6.96937e-05 0.00140532
2.34765 0.000752392 -6.4024e-05 0.00143399
2.35181 0.000749558 -5.87828e-05 0.00145613
2.35597 0.000743674 -5.40259e-05 0.00147118
2.36014 0.000734512 -4.97996e-05 0.00147862
2.3643 0.000721853 -4.61408e-05 0.00147793
2.36846 0.000705488 -4.30763e-05 0.00146865
2.37263 0.000685225 -4.06234e-05 0.00145036
2.37679 0.000660889 -3.87898e-05 0.00142267
2.38095 0.000632331 -3.75738e-05 0.00138525
2.38511 0.000599423 -3.69651e-05 0.00133783
2.38928 0.000562069 -3.69449e-05 0.0012802
2.39344 0.000520205 -3.74865e-05 0.00121221
2.3976 0.000473802 -3.85562e-05 0.00113379
2.40176 0.000422866 -4.01139e-05 0.00104496
2.40593 0.000367445 -4.21137e-05 0.000945795
2.41009 0.000307629 -4.4505e-05 0.000836466
2.41425 0.000243549 -4.72333e-05 0.000717229
2.41841 0.000175379 -5.02406e-05 0.000588426
2.42258 0.000103338 -5.34671e-05 0.000450487
2.42674 2.76897e-05 -5.68514e-05 0.000303929
2.4309 -5.12615e-05 -6.03313e-05 0.000149354
2.43506 -0.000133169 -6.38454e-05 -1.25513e-05
2.43922 -0.000217645 -6.73329e-05 -0.000181018
2.44339 -0.000304266 -7.0735e-05 -0.000355203
2.44755 -0.000392575 -7.39955e-05 -0.000534189
2.45171 -0.000482081 -7.7061e-05 -0.000716995
2.45588 -0.00057227 -7.98822e-05 -0.000902582
2.46004 -0.000662603 -8.24137e-05 -0.00108986
2.4642 -0.000752524 -8.4615e-05 -0.00127769
2.46836 -0.000841465 -8.64502e-05 -0.00146492
2.47253 -0.000928849 -8.78891e-05 -0.00165035
2.47669 -0.0010141 -8.89067e-05 -0.00183279
2.48085 -0.00109665 -8.94837e-05 -0.00201102
2.48501 -0.00117593 -8.96064e-05 -0.00218387
2.48917 -0.00125139 -8.92667e-05 -0.00235016
2.49334 -0.00132251 -8.84621e-05 -0.00250876
2.4975 -0.0013888 -8.71953e-05 -0.00265855
2.50166 -0.00144978 -8.54743e-05 -0.00279852
2.50583 -0.00150503 -8.33118e-05 -0.00292768
2.50999 -0.00155417 -8.0725e-05 -0.00304512
2.51415 -0.00159685 -7.77354e-05 -0.00315004
2.51831 -0.00163278 -7.43679e-05 -0.0032417
2.52248 -0.00166172 -7.0651e-05 -0.00331947
2.52664 -0.0016835 -6.66157e-05 -0.00338284
2.5308 -0.00169799 -6.22953e-05 -0.00343139
2.53496 -0.00170512 -5.77251e-05 -0.00346483
2.53913 -0.00170488 -5.29415e-05 -0.00348296
2.54329 -0.00169733 -4.79816e-05 -0.00348574
2.54745 -0.00168257 -4.28829e-05 -0.00347321
2.55161 -0.00166077 -3.76826e-05 -0.00344555
2.55578 -0.00163214 -3.24174e-05 -0.00340304
2.55994 -0.00159695 -2.71227e-05 -0.00334608
2.5641 -0.00155552 -2.18327e-05 -0.00327518
2.56826 -0.00150822 -1.65795e-05 -0.00319094
2.57242 -0.00145543 -1.13932e-05 -0.00309405
2.57659 -0.0013976 -6.30157e-06 -0.00298529
2.58075 -0.00133518 -1.32959e-06 -0.00286551
2.58491 -0.00126867 3.5005e-06 -0.00273564
2.58908 -0.00119858 8.16941e-06 -0.00259664
2.59324 -0.00112541 1.26609e-05 -0.00244953
2.5974 -0.00104972 1.69617e-05 -0.00229537
2.60156 -0.000972009 2.10617e-05 -0.00213524
2.60573 -0.000892822 2.49537e-05 -0.00197021
2.60989 -0.000812673 2.86334e-05 -0.00180137
2.61405 -0.000732067 3.20994e-05 -0.0016298
2.61821 -0.000651491 3.53526e-05 -0.00145656
2.62238 -0.00057141 3.83966e-05 -0.00128268
2.62654 -0.000492261 4.1237e-05 -0.00110914
2.6307 -0.000414453 4.38812e-05 -0.000936881
2.63486 -0.000338361 4.63383e-05 -0.000766802
2.63903 -0.000264327 4.86189e-05 -0.000599728
2.64319 -0.000192654 5.07342e-05 -0.00043642
2.64735 -0.000123607 5.26967e-05 -0.000277573
2.65151 -5.74138e-05 5.45188e-05 -0.000123807
2.65568 5.73973e-06 5.62132e-05 2.43354e-05
2.65984 6.57056e-05 5.77926e-05 0.000166386
2.664 0.000122374 5.92689e-05 0.000301955
2.66816 0.000175675 6.06535e-05 0.00043073
2.67233 0.00022557 6.19568e-05 0.000552474
2.67649 0.00027206 6.31879e-05 0.000667021
2.68065 0.000315172 6.43546e-05 0.000774277
2.68481 0.000354967 6.5463e-05 0.000874214
2.68898 0.000391531 6.65176e-05 0.000966865
2.69314 0.000424971 6.7521e-05 0.00105232
2.6973 0.000455418 6.84739e-05 0.00113072
2.70146 0.000483019 6.93751e-05 0.00120225
2.70562 0.000507933 7.02214e-05 0.00126713
2.70979 0.000530334 7.10076e-05 0.00132564
2.71395 0.0005504 7.17268e-05 0.00137805
2.71811 0.000568316 7.237e-05 0.00142468
2.72228 0.000584267 7.29268e-05 0.00146586
2.72644 0.000598438 7.33851e-05 0.00150191
2.7306 0.000611011 7.37317e-05 0.00153319
2.73476 0.00062216 7.39521e-05 0.00156003
2.73893 0.000632052 7.40307e-05 0.00158277
2.74309 0.000640846 7.39516e-05 0.00160173
2.74725 0.000648686 7.36982e-05 0.00161723
2.75141 0.000655705 7.32539e-05 0.00162957
2.75558 0.000662022 7.26024e-05 0.00163903
2.75974 0.00066774 7.17275e-05 0.00164586
2.7639 0.00067295 7.06141e-05 0.00165029
2.76806 0.000677723 6.92479e-05 0.00165255
2.77223 0.000682117 6.76161e-05 0.0016528
2.77639 0.000686174 6.57073e-05 0.00165121
2.78055 0.000689921 6.35123e-05 0.00164791
2.78471 0.000693371 6.10237e-05 0.00164301
2.78887 0.000696521 5.82367e-05 0.00163659
2.79304 0.000699359 5.5149e-05 0.0016287
2.7972 0.000701858 5.17609e-05 0.0016194
2.80136 0.000703983 4.80757e-05 0.0016087
2.80553 0.000705687 4.40999e-05 0.00159659
2.80969 0.000706917 3.98429e-05 0.00158306
2.81385 0.000707614 3.53172e-05 0.00156809
2.81801 0.000707712 3.05386e-05 0.00155164
2.82218 0.000707141 2.55261e-05 0.00153365
2.82634 0.000705831 2.03015e-05 0.00151407
2.8305 0.000703709 1.48899e-05 0.00149285
2.83466 0.000700703 9.31892e-06 0.00146992
2.83882 0.000696743 3.61907e-06 0.00144524
2.84299 0.000691762 -2.17685e-06 0.00141874
2.84715 0.000685694 -8.03384e-06 0.00139037
2.85131 0.000678484 -1.3915e-05 0.0013601
2.85548 0.000670077 -1.97819e-05 0.00132789
2.85964 0.000660428 -2.55947e-05 0.00129372
2.8638 0.0006495 -3.13129e-05 0.00125758
2.86796 0.000637263 -3.68955e-05 0.00121947
2.87213 0.000623697 -4.23012e-05 0.00117942
2.87629 0.000608789 -4.7489e-05 0.00113744
2.88045 0.000592539 -5.2419e-05 0.0010936
2.88461 0.000574954 -5.70519e-05 0.00104796
2.88878 0.000556053 -6.13502e-05 0.00100059
2.89294 0.000535864 -6.52784e-05 0.000951599
2.8971 0.000514424 -6.8803e-05 0.000901089
2.90126 0.000491781 -7.18935e-05 0.000849192
2.90543 0.000467992 -7.45221e-05 0.000796047
2.90959 0.000443122 -7.66646e-05 0.000741812
2.91375 0.000417246 -7.83002e-05 0.000686653
2.91791 0.000390445 -7.94119e-05 0.000630751
2.92207 0.00036281 -7.9987e-05 0.000574295
2.92624 0.000334436 -8.00166e-05 0.000517485
2.9304 0.000305425 -7.94966e-05 0.000460527
2.93456 0.000275884 -7.8427e-05 0.000403633
2.93873 0.000245925 -7.68124e-05 0.000347019
2.94289 0.000215662 -7.46616e-05 0.000290905
2.94705 0.000185213 -7.19881e-05 0.00023551
2.95121 0.000154697 -6.88095e-05 0.000181054
2.95538 0.000124233 -6.51474e-05 0.000127752
2.95954 9.39419e-05 -6.10275e-05 7.58155e-05
2.9637 6.39421e-05 -5.64792e-05 2.545e-05
2.96786 3.4351e-05 -5.15352e-05 -2.31473e-05
2.97203 5.28313e-06 -4.62313e-05 -6.97888e-05
2.97619 -2.31502e-05 -4.06063e-05 -0.000114298
2.98035 -5.08418e-05 -3.47012e-05 -0.000156511
2.98451 -7.76893e-05 -2.85592e-05 -0.000196279
2.98868 -0.000103596 -2.22249e-05 -0.000233466
2.99284 -0.00012847 -1.57445e-05 -0.000267955
2.997 -0.000152227 -9.1647e-06 -0.000299645
