0 0 0 0
0.00416667 0 0 0
0.00833333 0 0 0
0.0125 0 0 0
0.0166667 0 0 0
0.0208333 0 0 0
0.025 0 0 0
0.0291667 0 0 0
0.0333333 0 0 0
0.0375 0 0 0
0.0416667 0 0 0
0.0458333 0 0 0
0.05 0 0 0
0.0541667 0 0 0
0.0583333 0 0 0
0.0625 0 0 0
0.0666667 0 0 0
0.0708333 0 0 0
0.075 0 0 0
0.0791667 0 0 0
0.0833333 0 0 0
0.0875 0 0 0
0.0916667 0 0 0
0.0958333 0 0 0
0.1 0 0 0
0.104167 0 0 0
0.108333 0 0 0
0.1125 0 0 0
0.116667 0 0 0
0.120833 0 0 0
0.125 -1.82804e-322 3.78948e-321 8.18173e-321
0.129167 -2.0713e-316 2.85593e-315 6.08258e-315
0.133333 -1.00455e-310 1.3401e-309 2.85475e-309
0.1375 -3.2105e-305 4.14804e-304 8.83831e-304
0.141667 -6.93329e-300 8.68414e-299 1.85076e-298
0.145833 -1.03514e-294 1.25803e-293 2.68173e-293
0.15 -1.091e-289 1.28762e-288 2.74546e-288
0.154167 -8.27439e-285 9.49104e-284 2.02417e-283
0.158333 -4.59593e-280 5.12734e-279 1.09379e-278
0.1625 -1.9001e-275 2.0632e-274 4.40247e-274
0.166667 -5.93523e-271 6.27688e-270 1.33972e-269
0.170833 -1.42026e-266 1.46383e-265 3.12521e-265
0.175 -2.63716e-262 2.65056e-261 5.66038e-261
0.179167 -3.84511e-258 3.77086e-257 8.0551e-257
0.183333 -4.4514e-254 4.26181e-253 9.1065e-253
0.1875 -4.13408e-250 3.86607e-249 8.26335e-249
0.191667 -3.10983e-246 2.84208e-245 6.07653e-245
0.195833 -1.91195e-242 1.70841e-241 3.65382e-241
0.2 -9.68857e-239 8.46814e-238 1.81168e-237
0.204167 -4.07862e-235 3.48854e-234 7.46581e-234
0.208333 -1.437e-231 1.20329e-230 2.576e-230
0.2125 -4.26691e-228 3.49931e-227 7.49388e-227
0.216667 -1.07482e-224 8.63624e-224 1.85011e-223
0.220833 -2.311e-221 1.82e-220 3.9003e-220
0.225 -4.2662e-218 3.29417e-217 7.06201e-217
0.229167 -6.79903e-215 5.14913e-214 1.10427e-213
0.233333 -9.40325e-212 6.98694e-211 1.49896e-210
0.2375 -1.13415e-208 8.27064e-208 1.77502e-207
0.241667 -1.19853e-205 8.58043e-205 1.84222e-204
0.245833 -1.11465e-202 7.83633e-202 1.68312e-201
0.25 -9.16126e-200 6.32656e-199 1.35939e-198
0.254167 -6.68087e-197 4.53316e-196 9.74433e-196
0.258333 -4.33927e-194 2.8937e-193 6.22276e-193
0.2625 -2.51926e-191 1.65154e-190 3.55303e-190
0.266667 -1.31187e-188 8.4565e-188 1.82006e-187
0.270833 -6.14743e-186 3.89744e-185 8.39193e-185
0.275 -2.60037e-183 1.62183e-182 3.49364e-182
0.279167 -9.95883e-181 6.11168e-180 1.31712e-179
0.283333 -3.46298e-178 2.09158e-177 4.50958e-177
0.2875 -1.09632e-175 6.51818e-175 1.406e-174
0.291667 -3.16814e-173 1.85456e-172 4.00224e-172
0.295833 -8.37776e-171 4.82946e-170 1.04271e-169
0.3 -2.03209e-168 1.1538e-167 2.49231e-167
0.304167 -4.5315e-166 2.53467e-165 5.47778e-165
0.308333 -9.31052e-164 5.13127e-163 1.10948e-162
0.3125 -1.76625e-161 9.59283e-161 2.07519e-160
0.316667 -3.09991e-159 1.65944e-158 3.59163e-158
0.320833 -5.04322e-157 2.66138e-156 5.76313e-156
0.325 -7.61963e-155 3.96449e-154 8.58942e-154
0.329167 -1.07104e-152 5.49514e-152 1.19119e-151
0.333333 -1.40302e-150 7.09944e-150 1.53977e-149
0.3375 -1.71567e-148 8.56329e-148 1.85826e-147
0.341667 -1.96156e-146 9.65868e-146 2.0971e-145
0.345833 -2.10009e-144 1.02028e-143 2.21646e-143
0.35 -2.10853e-142 1.01085e-141 2.19719e-141
0.354167 -1.98815e-140 9.40668e-140 2.04579e-139
0.358333 -1.76296e-138 8.23309e-138 1.79157e-137
0.3625 -1.47209e-136 6.78642e-136 1.47761e-135
0.366667 -1.15899e-134 5.27502e-134 1.1492e-133
0.370833 -8.6142e-133 3.87122e-132 8.4387e-132
0.375 -6.05145e-131 2.68553e-130 5.85753e-130
0.379167 -4.02266e-129 1.76306e-128 3.84781e-128
0.383333 -2.53315e-127 1.09659e-126 2.39472e-126
0.3875 -1.51276e-125 6.46889e-125 1.41353e-124
0.391667 -8.57615e-124 3.62303e-123 7.92163e-123
0.395833 -4.62027e-122 1.92845e-121 4.21913e-121
0.4 -2.36766e-120 9.76481e-120 2.13772e-119
0.404167 -1.1552e-118 4.7081e-118 1.03136e-117
0.408333 -5.3713e-117 2.16348e-116 4.74237e-116
0.4125 -2.38217e-115 9.48346e-115 2.08014e-114
0.416667 -1.00857e-113 3.96883e-113 8.71108e-113
0.420833 -4.07989e-112 1.58708e-111 3.48575e-111
0.425 -1.57814e-110 6.06918e-110 1.33388e-109
0.429167 -5.84173e-109 2.22122e-108 4.88506e-108
0.433333 -2.07092e-107 7.786e-107 1.71351e-106
0.4375 -7.03612e-106 2.61588e-105 5.76088e-105
0.441667 -2.29278e-104 8.42975e-104 1.85774e-103
0.445833 -7.17057e-103 2.60738e-102 5.75011e-102
0.45 -2.15378e-101 7.74603e-101 1.70945e-100
0.454167 -6.21709e-100 2.21169e-99 4.88438e-99
0.458333 -1.72581e-98 6.0732e-98 1.34218e-97
0.4625 -4.60982e-97 1.60482e-96 3.54922e-96
0.466667 -1.18556e-95 4.08331e-95 9.03718e-95
0.470833 -2.93744e-94 1.00099e-93 2.217e-93
0.475 -7.01561e-93 2.3655e-92 5.243e-92
0.479167 -1.61605e-91 5.39182e-91 1.19595e-90
0.483333 -3.59227e-90 1.18604e-89 2.63271e-89
0.4875 -7.70972e-89 2.51909e-88 5.59594e-88
0.491667 -1.5984e-87 5.16879e-87 1.14907e-86
0.495833 -3.20277e-86 1.02506e-85 2.28055e-85
0.5 -6.20539e-85 1.9658e-84 4.37683e-84
0.504167 -1.16311e-83 3.64719e-83 8.1267e-83
0.508333 -2.11e-82 6.54949e-82 1.4605e-81
0.5125 -3.70634e-81 1.13889e-80 2.54164e-80
0.516667 -6.30668e-80 1.91853e-79 4.2849e-79
0.520833 -1.04e-78 3.13221e-78 7.00113e-78
0.525 -1.66274e-77 4.95806e-77 1.10911e-76
0.529167 -2.57838e-76 7.61245e-76 1.70425e-75
0.533333 -3.87947e-75 1.13412e-74 2.54108e-74
0.5375 -5.6659e-74 1.64015e-73 3.67784e-73
0.541667 -8.03524e-73 2.30334e-72 5.16917e-72
0.545833 -1.10693e-71 3.14226e-71 7.05764e-71
0.55 -1.4818e-70 4.16572e-70 9.36405e-70
0.554167 -1.92822e-69 5.36848e-69 1.20777e-68
0.558333 -2.43987e-68 6.72782e-68 1.51484e-67
0.5625 -3.00308e-67 8.20166e-67 1.84823e-66
0.566667 -3.59664e-66 9.72912e-66 2.19427e-65
0.570833 -4.19268e-65 1.12338e-64 2.53575e-64
0.575 -4.75868e-64 1.26297e-63 2.85325e-63
0.579167 -5.26031e-63 1.38294e-62 3.12692e-62
0.583333 -5.66491e-62 1.47531e-61 3.33862e-61
0.5875 -5.94507e-61 1.53377e-60 3.47387e-60
0.591667 -6.08168e-60 1.55436e-59 3.52352e-59
0.595833 -6.06613e-59 1.53596e-58 3.48478e-58
0.6 -5.90115e-58 1.48032e-57 3.36144e-57
0.604167 -5.60032e-57 1.39185e-56 3.16328e-56
0.608333 -5.18619e-56 1.27704e-55 2.90484e-55
0.6125 -4.68763e-55 1.14365e-54 2.60368e-54
0.616667 -4.13648e-54 9.99921e-54 2.27844e-53
0.620833 -3.56439e-53 8.53741e-53 1.94705e-52
0.625 -2.99996e-52 7.11989e-52 1.62518e-51
0.629167 -2.46673e-51 5.80103e-51 1.32529e-50
0.633333 -1.98197e-50 4.61867e-50 1.05609e-49
0.6375 -1.55646e-49 3.59419e-49 8.22558e-49
0.641667 -1.1949e-48 2.73433e-48 6.26318e-48
0.645833 -8.96955e-48 2.034e-47 4.66311e-47
0.65 -6.58478e-47 1.47977e-46 3.39545e-46
0.654167 -4.72855e-46 1.05307e-45 2.41848e-45
0.658333 -3.32211e-45 7.33217e-45 1.68537e-44
0.6625 -2.28392e-44 4.99566e-44 1.1493e-43
0.666667 -1.53676e-43 3.33136e-43 7.6708e-43
0.670833 -1.01221e-42 2.17467e-42 5.01176e-42
0.675 -6.52748e-42 1.3899e-41 3.20596e-41
0.679167 -4.12199e-41 8.69892e-41 2.00824e-40
0.683333 -2.54933e-40 5.33226e-40 1.23208e-39
0.6875 -1.54444e-39 3.20178e-39 7.40443e-39
0.691667 -9.16672e-39 1.88353e-38 4.35959e-38
0.695833 -5.33112e-38 1.08573e-37 2.51516e-37
0.7 -3.03844e-37 6.13343e-37 1.42206e-36
0.704167 -1.69736e-36 3.39611e-36 7.88068e-36
0.708333 -9.29504e-36 1.84339e-35 4.28119e-35
0.7125 -4.99046e-35 9.81001e-35 2.28024e-34
0.716667 -2.62725e-34 5.11915e-34 1.19089e-33
0.720833 -1.35641e-33 2.61974e-33 6.09944e-33
0.725 -6.86854e-33 1.31494e-32 3.06404e-32
0.729167 -3.41174e-32 6.47437e-32 1.50986e-31
0.733333 -1.66257e-31 3.12739e-31 7.29913e-31
0.7375 -7.94921e-31 1.48221e-30 3.46215e-30
0.741667 -3.72958e-30 6.89342e-30 1.61143e-29
0.745833 -1.71726e-29 3.14631e-29 7.36065e-29
0.75 -7.76067e-29 1.40947e-28 3.29994e-28
0.754167 -3.44266e-28 6.19792e-28 1.45219e-27
0.758333 -1.49922e-27 2.67555e-27 6.27358e-27
0.7625 -6.40997e-27 1.13397e-26 2.66086e-26
0.766667 -2.69095e-26 4.719e-26 1.10812e-25
0.770833 -1.10932e-25 1.92841e-25 4.53152e-25
0.775 -4.491e-25 7.73908e-25 1.81985e-24
0.779167 -1.78569e-24 3.05039e-24 7.17787e-24
0.783333 -6.97399e-24 1.18095e-23 2.78074e-23
0.7875 -2.67548e-23 4.49113e-23 1.05819e-22
0.791667 -1.00832e-22 1.67787e-22 3.95585e-22
0.795833 -3.73343e-22 6.15841e-22 1.45284e-21
0.8 -1.35818e-21 2.22086e-21 5.24234e-21
0.804167 -4.85482e-21 7.86938e-21 1.85863e-20
0.808333 -1.70525e-20 2.74004e-20 6.4751e-20
0.8125 -5.88605e-20 9.37549e-20 2.21673e-19
0.816667 -1.99667e-19 3.15266e-19 7.45784e-19
0.820833 -6.65672e-19 1.04191e-18 2.46588e-18
0.825 -2.18125e-18 3.38432e-18 8.01326e-18
0.829167 -7.02527e-18 1.0805e-17 2.55944e-17
0.833333 -2.22408e-17 3.39082e-17 8.03517e-17
0.8375 -6.92128e-17 1.046e-16 2.47958e-16
0.841667 -2.11731e-16 3.17189e-16 7.52156e-16
0.845833 -6.36739e-16 9.45541e-16 2.24283e-15
0.85 -1.88247e-15 2.77095e-15 6.57442e-15
0.854167 -5.47133e-15 7.98314e-15 1.89452e-14
0.858333 -1.56339e-14 2.26112e-14 5.36695e-14
0.8625 -4.39197e-14 6.29633e-14 1.49469e-13
0.866667 -1.21303e-13 1.72372e-13 4.09235e-13
0.870833 -3.29389e-13 4.63946e-13 1.10153e-12
0.875 -8.79373e-13 1.22769e-12 2.91486e-12
0.879167 -2.30814e-12 3.19398e-12 7.58298e-12
0.883333 -5.95628e-12 8.16943e-12 1.93935e-11
0.8875 -1.51114e-11 2.0543e-11 4.87596e-11
0.891667 -3.76917e-11 5.07854e-11 1.20516e-10
0.895833 -9.24247e-11 1.23427e-10 2.92816e-10
0.9 -2.22802e-10 2.9489e-10 6.99357e-10
0.904167 -5.27987e-10 6.92592e-10 1.64187e-09
0.908333 -1.22994e-09 1.59898e-09 3.78877e-09
0.9125 -2.8163e-09 3.62855e-09 8.5931e-09
0.916667 -6.3385e-09 8.09331e-09 1.91545e-08
0.920833 -1.4021e-08 1.77416e-08 4.19593e-08
0.925 -3.04806e-08 3.8221e-08 9.03215e-08
0.929167 -6.5116e-08 8.09131e-08 1.91039e-07
0.933333 -1.36689e-07 1.68307e-07 3.96988e-07
0.9375 -2.81913e-07 3.43962e-07 8.10424e-07
0.941667 -5.71198e-07 6.90548e-07 1.62508e-06
0.945833 -1.13683e-06 1.36175e-06 3.20044e-06
0.95 -2.2222e-06 2.63732e-06 6.18947e-06
0.954167 -4.26565e-06 5.01563e-06 1.17527e-05
0.958333 -8.03954e-06 9.36506e-06 2.19071e-05
0.9625 -1.48745e-05 1.71649e-05 4.00785e-05
0.966667 -2.70107e-05 3.08765e-05 7.19496e-05
0.970833 -4.81297e-05 5.44974e-05 0.000126716
0.975 -8.41344e-05 9.4358e-05 0.000218884
0.979167 -0.000144245 0.000160221 0.000370721
0.983333 -0.000242477 0.000266727 0.000615457
0.9875 -0.000399523 0.000435193 0.00100119
0.991667 -0.000644998 0.000695669 0.00159525
0.995833 -0.00101988 0.00108907 0.00248861
1 -0.00157878 0.00166893 0.00379916
1.00417 -0.00239143 0.00250228 0.00567264
1.00833 -0.00354255 0.00366856 0.00827916
1.0125 -0.00512888 0.00525577 0.0118029
1.01667 -0.00725208 0.00735252 0.0164226
1.02083 -0.0100063 0.0100352 0.0222818
1.025 -0.01346 0.0133497 0.0294473
1.02917 -0.017631 0.0172889 0.0378591
1.03333 -0.0224589 0.0217678 0.047278
1.0375 -0.0277763 0.0265998 0.0572394
1.04167 -0.0332862 0.0314813 0.067027
1.04583 -0.0385524 0.0359907 0.0756828
1.05 -0.0430124 0.0396078 0.0820644
1.05417 -0.0460185 0.04176 0.0849599
1.05833 -0.0469089 0.0418935 0.0832553
1.0625 -0.0451078 0.0395657 0.0761372
1.06667 -0.0402383 0.0345419 0.063296
1.07083 -0.0322301 0.0268797 0.0450851
1.075 -0.0213946 0.0169759 0.0225849
1.07917 -0.00844066 0.00555638 -0.00246491
1.08333 0.00558509 -0.00640214 -0.0278802
1.0875 0.0194378 -0.0178128 -0.0513684
1.09167 0.0318729 -0.02766 -0.0709235
1.09583 0.0418636 -0.0351801 -0.0851863
1.1 0.0487854 -0.039998 -0.0936716
1.10417 0.0525138 -0.0421776 -0.0967899
1.10833 0.0534042 -0.0421691 -0.0956504
1.1125 0.0521556 -0.0406669 -0.0917021
1.11667 0.0496001 -0.0384222 -0.0863352
1.12083 0.04649 -0.0360759 -0.0805904
1.125 0.0433618 -0.0340715 -0.0750913
1.12917 0.0405318 -0.0326814 -0.0702287
1.13333 0.0382223 -0.0321287 -0.0665122
1.1375 0.0367583 -0.0327412 -0.064903
1.14167 0.0367265 -0.0350444 -0.0669165
1.14583 0.0389847 -0.0397136 -0.0743444
1.15 0.0444584 -0.0473556 -0.0886049
1.15417 0.0537531 -0.0581718 -0.109909
1.15833 0.0667059 -0.0716203 -0.136569
1.1625 0.0820624 -0.0862301 -0.164793
1.16667 0.0974508 -0.099683 -0.189149
1.17083 0.109729 -0.109189 -0.203661
1.175 0.115639 -0.112066 -0.203196
1.17917 0.112573 -0.106341 -0.184696
1.18333 0.0991837 -0.0911831 -0.147812
1.1875 0.0756425 -0.0670251 -0.0947611
1.19167 0.0434773 -0.0353757 -0.0295536
1.19583 0.00510084 0.00156326 0.0430291
1.2 -0.0367357 0.0412911 0.118232
1.20417 -0.0793312 0.0812607 0.191621
1.20833 -0.120146 0.118944 0.258912
1.2125 -0.156692 0.151791 0.315643
1.21667 -0.186392 0.177233 0.357112
1.22083 -0.206621 0.192863 0.378829
1.225 -0.215028 0.196805 0.377431
1.22917 -0.210064 0.188157 0.35168
1.23333 -0.191492 0.167337 0.303109
1.2375 -0.160652 0.136141 0.235986
1.24167 -0.120333 0.097501 0.156638
1.24583 -0.0743229 0.0550062 0.0724051
1.25 -0.0268026 0.0123842 -0.0093776
1.25417 0.0181974 -0.0269273 -0.0821301
1.25833 0.0571779 -0.0600532 -0.140512
1.2625 0.0874059 -0.0848429 -0.180779
1.26667 0.107093 -0.0999977 -0.201136
1.27083 0.115563 -0.105192 -0.201988
1.275 0.113367 -0.10114 -0.185917
1.27917 0.102213 -0.0895161 -0.157168
1.28333 0.084649 -0.0726895 -0.120756
1.2875 0.0635592 -0.0533187 -0.0815111
1.29167 0.0416517 -0.0339444 -0.0434695
1.29583 0.0211526 -0.0167018 -0.00979034
1.3 0.00376385 -0.00318651 0.0170183
1.30417 -0.0092442 0.00560474 0.035007
1.30833 -0.0170277 0.00935532 0.0431427
1.3125 -0.0193745 0.0085464 0.0419752
1.31667 -0.0170011 0.00448841 0.034034
1.32083 -0.0116292 -0.000907194 0.0233421
1.325 -0.00557728 -0.00567752 0.0139513
1.32917 -0.000906093 -0.0085067 0.00815909
1.33333 0.0014658 -0.00921059 0.00551027
1.3375 0.00210868 -0.00867205 0.00337902
1.34167 0.00256959 -0.00817717 -0.00103677
1.34583 0.00422165 -0.00849188 -0.00849494
1.35 0.00717407 -0.00924431 -0.0167595
1.35417 0.0099914 -0.00904662 -0.0216983
1.35833 0.0104926 -0.00634278 -0.0198536
1.3625 0.00717885 -0.000482228 -0.0108479
1.36667 0.0003683 0.00766899 0.00200406
1.37083 -0.0077435 0.0160048 0.0133577
1.375 -0.0141905 0.0222093 0.0187386
1.37917 -0.0168263 0.0249243 0.0168276
1.38333 -0.0153988 0.0243636 0.00974893
1.3875 -0.0114794 0.0220614 0.00138382
1.39167 -0.00740365 0.0200009 -0.00495817
1.39583 -0.00500764 0.0197102 -0.00792241
1.4 -0.00497042 0.0218234 -0.00787289
1.40417 -0.00701735 0.0261893 -0.00567379
1.40833 -0.0105695 0.0322197 -0.00177462
1.4125 -0.0151699 0.0390993 0.00361057
1.41667 -0.0203525 0.0457482 0.00959702
1.42083 -0.0252243 0.0507617 0.0141449
1.425 -0.0283582 0.0526365 0.0148359
1.42917 -0.0283384 0.0503322 0.0105778
1.43333 -0.0246742 0.0438393 0.00288434
1.4375 -0.0183415 0.0342783 -0.00454625
1.44167 -0.0113759 0.0233265 -0.00799232
1.44583 -0.0056448 0.0122735 -0.00620506
1.45 -0.00162831 0.00134932 -0.00137962
1.45417 0.0018656 -0.0101602 0.00225272
1.45833 0.00676173 -0.0230456 0.00130978
1.4625 0.0141835 -0.0371576 -0.00442976
1.46667 0.0234328 -0.050988 -0.011955
1.47083 0.0322399 -0.062187 -0.0172025
1.475 0.038109 -0.0686866 -0.0178402
1.47917 0.0397819 -0.0696745 -0.014619
1.48333 0.0377897 -0.0657969 -0.0104154
1.4875 0.0337801 -0.0585441 -0.0078619
1.49167 0.0292293 -0.0493472 -0.00746006
1.49583 0.0245539 -0.0390523 -0.00756775
1.5 0.0192428 -0.0280592 -0.00609562
1.50417 0.0127757 -0.016849 -0.00241746
1.50833 0.0054804 -0.00632748 0.00207831
1.5125 -0.00141845 0.00238602 0.00518577
1.51667 -0.0066013 0.00858589 0.00576842
1.52083 -0.00962785 0.0124842 0.004732
1.525 -0.0112511 0.0151098 0.00425298
1.52917 -0.0127749 0.0175895 0.00588109
1.53333 -0.014944 0.020309 0.00908377
1.5375 -0.0172568 0.0225946 0.0114833
1.54167 -0.018284 0.0231893 0.0106913
1.54583 -0.016785 0.0212062 0.00632657
1.55 -0.0127677 0.0168634 0.000573613
1.55417 -0.00764586 0.011452 -0.00328025
1.55833 -0.00332877 0.00655505 -0.00329295
1.5625 -0.000915024 0.00309628 -0.000407232
1.56667 -1.00402e-06 0.000922368 0.00220696
1.57083 0.000837482 -0.000794937 0.00161674
1.575 0.00274992 -0.0026896 -0.00246993
1.57917 0.00553365 -0.00458242 -0.00729988
1.58333 0.0076767 -0.00562283 -0.00911825
1.5875 0.00754974 -0.00507616 -0.00615433
1.59167 0.00482559 -0.00309254 -0.000185588
1.59583 0.000952471 -0.000777102 0.00466694
1.6 -0.00178972 0.000565007 0.00507807
1.60417 -0.00198013 0.000440792 0.00113751
1.60833 -0.000163665 -0.000392949 -0.00369189
1.6125 0.001558 -0.000483116 -0.00532292
1.61667 0.00119006 0.00114921 -0.00232827
1.62083 -0.00153505 0.00412922 0.00290715
1.625 -0.00489028 0.00686822 0.00612967
1.62917 -0.00648252 0.0076696 0.00467912
1.63333 -0.00512683 0.0059758 -0.000371595
1.6375 -0.00176417 0.00279858 -0.00514521
1.64167 0.00129974 4.40642e-06 -0.00614894
1.64583 0.00218649 -0.000980424 -0.00305344
1.65 0.000800115 -4.5502e-05 0.00121095
1.65417 -0.0013154 0.00177441 0.0030216
1.65833 -0.00240562 0.00328286 0.00106134
1.6625 -0.00196327 0.0040526 -0.00275344
1.66667 -0.00100275 0.0045517 -0.00507431
1.67083 -0.00100145 0.00544788 -0.00400191
1.675 -0.00249354 0.00678573 -0.000588069
1.67917 -0.00454766 0.00780852 0.00220421
1.68333 -0.00554938 0.00759156 0.00205915
1.6875 -0.00457998 0.00591405 -0.000828022
1.69167 -0.00220578 0.0035753 -0.00406297
1.69583 -3.26072e-05 0.00184597 -0.00512323
1.7 0.00056957 0.00149842 -0.00337129
1.70417 -0.000491733 0.00222105 -0.000395341
1.70833 -0.00203933 0.00288671 0.00144675
1.7125 -0.00260959 0.00242796 0.000958264
1.71667 -0.0015722 0.000595618 -0.0010612
1.72083 0.000491561 -0.00197476 -0.00262825
1.725 0.00237528 -0.00436593 -0.00224258
1.72917 0.00325181 -0.00611249 -2.66885e-05
1.73333 0.00327671 -0.00749318 0.00250213
1.7375 0.00336157 -0.00921912 0.00373289
1.74167 0.00437199 -0.0118202 0.00323545
1.74583 0.00642532 -0.015201 0.00201446
1.75 0.00882227 -0.0186555 0.00160937
1.75417 0.0106093 -0.0212933 0.00281502
1.75833 0.011286 -0.0225814 0.0050574
1.7625 0.0111085 -0.0226558 0.00690005
1.76667 0.0107989 -0.0222021 0.00724
1.77083 0.0109391 -0.0219739 0.00620424
1.775 0.0115395 -0.0222699 0.00501123
1.77917 0.0120974 -0.022752 0.00491538
1.78333 0.0120586 -0.022752 0.00611858
1.7875 0.0112894 -0.0218162 0.00758025
1.79167 0.0101707 -0.020026 0.00791779
1.79583 0.00924079 -0.0178326 0.0066487
1.8 0.00869364 -0.0156065 0.00467933
1.80417 0.00818468 -0.0133637 0.00354667
1.80833 0.00714959 -0.0109087 0.00402245
1.8125 0.00537219 -0.00815475 0.00533718
1.81667 0.00325437 -0.00519865 0.00581145
1.82083 0.00146396 -0.00205437 0.00440158
1.825 0.000236115 0.00159076 0.00172595
1.82917 -0.000980626 0.0062113 -0.000479357
1.83333 -0.00309565 0.0119663 -0.00104238
1.8375 -0.00649662 0.018427 -0.000550678
1.84167 -0.0105829 0.0248582 -0.000809237
1.84583 -0.014247 0.0307878 -0.00301842
1.85 -0.0168836 0.036248 -0.00649266
1.85417 -0.0188974 0.041403 -0.00927831
1.85833 -0.0211308 0.0459612 -0.0100932
1.8625 -0.0237691 0.049032 -0.00958196
1.86667 -0.0258939 0.0496383 -0.00953995
1.87083 -0.0262316 0.0474131 -0.0109099
1.875 -0.0243635 0.0428232 -0.0127064
1.87917 -0.0211213 0.0367455 -0.01305
1.88333 -0.0177368 0.0298287 -0.0111843
1.8875 -0.0146539 0.0221909 -0.00825831
1.89167 -0.0112611 0.0136231 -0.00604049
1.89583 -0.00677029 0.00405053 -0.00505003
1.9 -0.00123692 -0.00607884 -0.00418928
1.90417 0.00434769 -0.0157034 -0.00218713
1.90833 0.00887522 -0.0234737 0.000878784
1.9125 0.011915 -0.0284299 0.00367036
1.91667 0.0137509 -0.030593 0.0050446
1.92083 0.0148269 -0.0308717 0.00516337
1.925 0.0152778 -0.03021 0.00512102
1.92917 0.0149404 -0.02877 0.00566492
1.93333 0.0136897 -0.0260397 0.00643527
1.9375 0.0117039 -0.0217237 0.00643476
1.94167 0.00940451 -0.0163187 0.00515577
1.94583 0.00713241 -0.0107168 0.00320811
1.95 0.00489767 -0.00547636 0.0017963
1.95417 0.00252832 -0.000738189 0.00151294
1.95833 0.000107805 0.00329572 0.00169322
1.9625 -0.00185052 0.00623585 0.00113643
1.96667 -0.0028343 0.00798811 -0.000479935
1.97083 -0.00293658 0.00903988 -0.00211576
1.975 -0.00285945 0.00997291 -0.00248872
1.97917 -0.00321317 0.0107819 -0.00154164
1.98333 -0.00387927 0.0108684 -0.000510523
1.9875 -0.00413762 0.00966418 -0.000530531
1.99167 -0.00338937 0.00717105 -0.00143021
1.99583 -0.0017545 0.00402964 -0.00199812
2 -4.76836e-05 0.00118242 -0.00128309
2.00417 0.000859941 -0.000746806 0.000423907
2.00833 0.000849978 -0.00197678 0.00177571
2.0125 0.000759813 -0.00327066 0.00160791
2.01667 0.00148742 -0.00483317 0.000254759
2.02083 0.00276435 -0.00580704 -0.000504623
2.025 0.00323636 -0.0053755 0.000639406
2.02917 0.00215435 -0.0040809 0.00264384
2.03333 0.000579567 -0.00321933 0.00297863
2.0375 0.00017832 -0.00297394 0.000828211
2.04167 0.000980314 -0.00221967 -0.00147638
2.04583 0.001301 -0.000509324 -0.00124757
2.05 0.000128827 0.00093872 0.000967659
2.05417 -0.00142129 0.00104759 0.00207342
2.05833 -0.00170426 0.000572379 0.000608819
2.0625 -0.000751244 0.000718878 -0.00145118
2.06667 0.000109794 0.000981513 -0.00163512
2.07083 0.000256378 0.000107469 -0.000124413
2.075 0.000185141 -0.00130769 0.00113463
2.07917 0.000219186 -0.00136836 0.00117926
2.08333 0.000156204 -9.93925e-05 0.000458078
2.0875 0.000209201 0.000279361 -0.000499558
2.09167 0.000860036 -0.000973892 -0.00118253
2.09583 0.00151487 -0.00167814 -0.000636642
2.1 0.000885823 -0.000437875 0.00117248
2.10417 -0.000676796 0.000651899 0.00210067
2.10833 -0.000967666 -0.000622345 0.000253168
2.1125 0.000805371 -0.00257525 -0.00253354
2.11667 0.00225907 -0.00217242 -0.00244521
2.12083 0.00116113 -0.000219297 0.000606817
2.125 -0.000932508 -0.000167728 0.00220762
2.12917 -0.000848329 -0.00226502 -0.000176865
2.13333 0.00130266 -0.00319991 -0.00322429
2.1375 0.0024049 -0.00205654 -0.00276955
2.14167 0.00138267 -0.00198991 -6.63164e-05
2.14583 0.000636913 -0.0042835 0.000612338
2.15 0.00165092 -0.00542404 -0.00121501
2.15417 0.00252453 -0.00318677 -0.00221693
2.15833 0.0016778 -0.00133027 -0.00132437
2.1625 0.000938088 -0.0037152 -0.00106867
2.16667 0.00222894 -0.00720093 -0.00233183
2.17083 0.00370187 -0.00620851 -0.00252007
2.175 0.00265569 -0.00222373 -0.00068706
2.17917 0.000561415 -0.00194264 -2.26052e-06
2.18333 0.00107422 -0.00631825 -0.00227733
2.1875 0.00380427 -0.00874102 -0.00398353
2.19167 0.0045441 -0.0057647 -0.00163423
2.19583 0.0020741 -0.00247487 0.00196732
2.2 0.000192211 -0.00345955 0.00168051
2.20417 0.00135447 -0.00484452 -0.00169191
2.20833 0.00254981 -0.00107648 -0.00249512
2.2125 0.000382772 0.00515447 0.000855157
2.21667 -0.0031929 0.00696452 0.00358581
2.22083 -0.00406759 0.00458522 0.00231913
2.225 -0.00259101 0.00480329 2.0016e-07
2.22917 -0.00260763 0.00953986 0.000538616
2.23333 -0.00492645 0.0128282 0.00271517
2.2375 -0.00630863 0.0109784 0.00304731
2.24167 -0.00522164 0.00853033 0.00179416
2.24583 -0.0042499 0.0101917 0.00186115
2.25 -0.00529049 0.0128411 0.00327761
2.25417 -0.00616248 0.0112311 0.00322623
2.25833 -0.00458822 0.00747999 0.0014196
2.2625 -0.00260576 0.00789402 0.00114391
2.26667 -0.00352154 0.0121752 0.00372081
2.27083 -0.00619839 0.0133387 0.00568199
2.275 -0.00640818 0.00910789 0.00395039
2.27917 -0.00356357 0.00607199 0.00102532
2.28333 -0.00196665 0.00919605 0.00147716
2.2875 -0.00414673 0.0134384 0.00477905
2.29167 -0.00669791 0.0114141 0.00584111
2.29583 -0.00540295 0.00501339 0.00278947
2.3 -0.00166914 0.0021027 -0.000156573
2.30417 -7.96194e-05 0.00372669 0.000638698
2.30833 -0.00112259 0.00296451 0.0026456
2.3125 -0.00091525 -0.0028057 0.00161727
2.31667 0.00191184 -0.00717125 -0.00144036
2.32083 0.00394271 -0.00580189 -0.00236248
2.325 0.00314141 -0.0043577 -0.00111067
2.32917 0.00262752 -0.00898462 -0.00151701
2.33333 0.00517916 -0.015245 -0.00406549
2.3375 0.00791695 -0.0149497 -0.00479089
2.34167 0.0068696 -0.00987274 -0.00258953
2.34583 0.0039327 -0.00885166 -0.0017546
2.35 0.00393815 -0.0129508 -0.00452737
2.35417 0.0064591 -0.0140342 -0.00663296
2.35833 0.0064874 -0.00897904 -0.00430963
2.3625 0.00300602 -0.00483108 -0.00100001
2.36667 0.000735801 -0.00645786 -0.00180572
2.37083 0.00217978 -0.00875338 -0.00499942
2.375 0.00381337 -0.0065327 -0.00509146
2.37917 0.00259747 -0.00371184 -0.00188871
2.38333 0.00096415 -0.0055703 -0.000127092
2.3875 0.00190363 -0.00873123 -0.00129907
2.39167 0.00358634 -0.007032 -0.00213964
2.39583 0.00297451 -0.00236753 -0.00106715
2.4 0.00122905 -0.0010957 -0.000174353
2.40417 0.00113034 -0.00302223 -0.000253618
2.40833 0.00188336 -0.00261804 0.000576944
2.4125 0.00102407 0.000718047 0.00221966
2.41667 -0.00058044 0.00209461 0.00188569
2.42083 -0.000254437 0.000252329 -0.000415813
2.425 0.00135713 -0.000678462 -0.000779481
2.42917 0.0012483 0.000971179 0.00207044
2.43333 -0.000610052 0.00204021 0.0039819
2.4375 -0.00131759 0.0012152 0.00194165
2.44167 -0.000252124 0.00143625 -0.000897551
2.44583 1.49472e-05 0.00384817 -0.000313783
2.45 -0.00160431 0.00542275 0.00242093
2.45417 -0.00308226 0.00483888 0.003175
2.45833 -0.00316408 0.00504872 0.00155618
2.4625 -0.0032137 0.00730286 0.000494477
2.46667 -0.00395763 0.00815156 0.000856131
2.47083 -0.00390545 0.00589226 0.000960182
2.475 -0.00273127 0.00469522 0.000736329
2.47917 -0.00281747 0.00759876 0.00177512
2.48333 -0.00497783 0.01009 0.00306991
2.4875 -0.00581444 0.00681437 0.00150973
2.49167 -0.00276935 0.00114959 -0.00209939
2.49583 0.000801796 0.000495176 -0.00253931
2.5 0.000148625 0.00380359 0.00149282
2.50417 -0.00288997 0.0027105 0.00361223
2.50833 -0.00206497 -0.00423788 -0.000878583
2.5125 0.00313631 -0.00819631 -0.00629305
2.51667 0.00592913 -0.00451445 -0.0043252
2.52083 0.00287611 -0.00093298 0.00242194
2.525 -0.000420694 -0.00444486 0.00373202
2.52917 0.00147131 -0.00883768 -0.00202062
2.53333 0.00488471 -0.00539708 -0.00527537
2.5375 0.00364828 0.00115271 -0.0010187
2.54167 -0.000239258 0.000333952 0.00352905
2.54583 -0.000552836 -0.00521573 0.00179607
2.55 0.00189312 -0.00378759 -0.0016719
2.55417 0.00117493 0.00421177 -0.000683022
2.55833 -0.00226264 0.00594041 0.00172799
2.5625 -0.0021717 -0.00128743 0.0005598
2.56667 0.00147386 -0.00461327 -0.000978042
2.57083 0.00167812 0.00184643 0.00160835
2.575 -0.00260423 0.006377 0.00390558
2.57917 -0.00359271 0.000359777 0.000203598
2.58333 0.00158456 -0.00648113 -0.00449837
2.5875 0.00496475 -0.00339786 -0.00192067
2.59167 0.00114247 0.00274823 0.0044398
2.59583 -0.00323266 0.000350015 0.00418371
2.6 -0.000667187 -0.00655227 -0.0026102
2.60417 0.00473556 -0.00621141 -0.0054433
2.60833 0.00454373 0.000368962 -0.000387441
2.6125 -0.000452118 0.00246208 0.00461482
2.61667 -0.00273691 -0.00160793 0.00286446
2.62083 -0.000237945 -0.00317807 -0.00232381
2.625 0.00205136 0.00126393 -0.00438415
2.62917 0.00069373 0.00569955 -0.00199043
2.63333 -0.00239337 0.00566435 0.00140555
2.6375 -0.00409189 0.00407278 0.00204199
2.64167 -0.00366223 0.00493659 -0.000946826
2.64583 -0.0024518 0.00775983 -0.00420275
2.65 -0.00230013 0.00928442 -0.00334971
2.65417 -0.0035914 0.00757212 0.000728536
2.65833 -0.00444424 0.00433057 0.00230316
2.6625 -0.003388 0.00361633 -0.00066783
2.66667 -0.00198558 0.00633035 -0.00350417
2.67083 -0.00215998 0.00763554 -0.00265129
2.675 -0.00262681 0.00410226 -0.000590485
2.67917 -0.00163303 0.000485995 -0.000134731
2.68333 -0.000905978 0.00252065 -0.000196865
2.6875 -0.00224613 0.00624003 -8.69163e-05
2.69167 -0.00294471 0.0038138 -0.00138032
2.69583 -0.000207563 -0.00260049 -0.00292262
2.7 0.00273267 -0.00391402 -0.0010515
2.70417 0.00140269 0.000378925 0.00290534
2.70833 -0.00170836 0.00161389 0.00299323
2.7125 -0.00085467 -0.00306175 -0.0012537
2.71667 0.00323773 -0.00680452 -0.00306433
2.72083 0.00472229 -0.00551252 0.00071166
2.725 0.00229263 -0.00359573 0.00481856
2.72917 0.000491741 -0.00522984 0.00432499
2.73333 0.00205426 -0.00852053 0.00116671
2.7375 0.00486627 -0.0103341 -0.000339751
2.74167 0.00616889 -0.010395 0.00117121
2.74583 0.00539464 -0.00966295 0.00436243
2.75 0.00359728 -0.00923244 0.00627738
2.75417 0.00287162 -0.0100982 0.0041214
2.75833 0.00454055 -0.0110525 -0.000117048
2.7625 0.00642418 -0.00969408 -0.000208125
2.76667 0.00518194 -0.00734608 0.0049143
2.77083 0.00207094 -0.00776667 0.00785198
2.775 0.00155401 -0.00975055 0.00409518
2.77917 0.00372656 -0.00835836 -0.000322456
2.78333 0.00417727 -0.00441804 0.00106452
2.7875 0.0018367 -0.00351365 0.00496772
2.79167 0.000110018 -0.0047501 0.00543979
2.79583 -0.000198717 -0.00165164 0.00355733
2.8 -0.00168997 0.0047748 0.00280832
2.80417 -0.00389024 0.00644826 0.00232242
2.80833 -0.00374058 0.00306647 0.00127146
2.8125 -0.00250219 0.00314338 0.00227031
2.81667 -0.0041583 0.00847733 0.00479259
2.82083 -0.00736288 0.0113887 0.00364105
2.825 -0.00727246 0.00944039 -0.00126921
2.82917 -0.0046804 0.0091703 -0.00294614
2.83333 -0.00485747 0.0130411 0.00062189
2.8375 -0.008079 0.0156934 0.00244582
2.84167 -0.00953802 0.0148833 -0.00143132
2.84583 -0.0078217 0.0142149 -0.00594838
2.85 -0.00595743 0.0144408 -0.00663979
2.85417 -0.00528789 0.0129898 -0.00564743
2.85833 -0.00483226 0.0111172 -0.00554442
2.8625 -0.00467359 0.0113781 -0.00605994
2.86667 -0.00451668 0.0108454 -0.00789433
2.87083 -0.00217589 0.00642288 -0.011322
2.875 0.00191072 0.00209458 -0.0121825
2.87917 0.00349898 0.0015478 -0.00793489
2.88333 0.00200954 0.000200152 -0.00448571
2.8875 0.00285498 -0.00605487 -0.00758267
2.89167 0.00814453 -0.0121539 -0.0120964
2.89583 0.0124392 -0.0132228 -0.0101607
2.9 0.0121247 -0.0136063 -0.00459792
2.90417 0.0111491 -0.0174844 -0.00342061
2.90833 0.0130523 -0.0202831 -0.00640836
2.9125 0.015216 -0.0181749 -0.00770022
2.91667 0.0151176 -0.0159025 -0.00640088
2.92083 0.0145949 -0.0170381 -0.00516158
2.925 0.0145856 -0.0169271 -0.00377139
2.92917 0.0131147 -0.0124845 -0.00194947
2.93333 0.0106973 -0.00837827 -0.00209986
2.9375 0.0102333 -0.00739524 -0.00316069
2.94167 0.0105199 -0.0052998 0.00048926
2.94583 0.00758566 -7.47466e-05 0.00902476
2.95 0.00249691 0.00422834 0.0152282
2.95417 -7.25371e-05 0.00613107 0.0167749
2.95833 -0.000261283 0.00886694 0.0202817
2.9625 -0.00207723 0.0122765 0.0291881
2.96667 -0.00547765 0.0127865 0.038119
2.97083 -0.00708431 0.0114426 0.0428275
2.975 -0.00679196 0.0118985 0.0455512
2.97917 -0.00654098 0.0121362 0.0478778
2.98333 -0.00532636 0.00828058 0.0480277
2.9875 -0.00199451 0.00344762 0.0465594
2.99167 0.000704717 0.00260099 0.0454872
2.99583 0.000946507 0.00287498 0.0420305
