0 0 0 0
0.00416667 0 0 0
0.00833333 0 0 0
0.0125 0 0 0
0.0166667 0 0 0
0.0208333 0 0 0
0.025 0 0 0
0.0291667 0 0 0
0.0333333 0 0 0
0.0375 0 0 0
0.0416667 0 0 0
0.0458333 0 0 0
0.05 0 0 0
0.0541667 0 0 0
0.0583333 0 0 0
0.0625 0 0 0
0.0666667 0 0 0
0.0708333 0 0 0
0.075 0 0 0
0.0791667 0 0 0
0.0833333 0 0 0
0.0875 0 0 0
0.0916667 0 0 0
0.0958333 0 0 0
0.1 0 0 0
0.104167 0 0 0
0.108333 0 0 0
0.1125 0 0 0
0.116667 0 0 0
0.120833 0 0 0
0.125 0 0 0
0.129167 0 0 0
0.133333 0 0 0
0.1375 0 0 0
0.141667 0 0 0
0.145833 0 0 0
0.15 0 0 0
0.154167 0 0 0
0.158333 0 0 0
0.1625 0 0 0
0.166667 0 0 0
0.170833 0 0 0
0.175 0 0 0
0.179167 0 0 0
0.183333 0 0 0
0.1875 0 0 0
0.191667 0 0 0
0.195833 0 0 0
0.2 0 0 1.16105e-321
0.204167 -2.79345e-319 -1.26184e-320 7.78314e-318
0.208333 -1.36435e-315 -6.06114e-317 3.72235e-314
0.2125 -5.60238e-312 -2.42644e-313 1.49777e-310
0.216667 -1.9478e-308 -8.22199e-310 5.10471e-307
0.220833 -5.77037e-305 -2.37335e-306 1.48302e-303
0.225 -1.46538e-301 -5.87149e-303 3.69461e-300
0.229167 -3.20808e-298 -1.25202e-299 7.9376e-297
0.233333 -6.08705e-295 -2.31355e-296 1.47851e-293
0.2375 -1.00609e-291 -3.72353e-293 2.39974e-290
0.241667 -1.45549e-288 -5.24464e-290 3.41027e-287
0.245833 -1.85141e-285 -6.49415e-287 4.26249e-284
0.25 -2.07965e-282 -7.09952e-284 4.70606e-281
0.254167 -2.07132e-279 -6.87999e-281 4.60833e-278
0.258333 -1.8364e-276 -5.93271e-278 4.01801e-275
0.2625 -1.45466e-273 -4.56864e-275 3.13087e-272
0.266667 -1.03314e-270 -3.15253e-272 2.18793e-269
0.270833 -6.6012e-268 -1.95545e-269 1.37587e-266
0.275 -3.80671e-265 -1.09351e-266 7.8106e-264
0.279167 -1.98734e-262 -5.52772e-264 4.01501e-261
0.283333 -9.4203e-260 -2.53168e-261 1.87437e-258
0.2875 -4.06582e-257 -1.05241e-258 7.96911e-256
0.291667 -1.60213e-254 -3.9746e-256 3.09398e-253
0.295833 -5.77883e-252 -1.36321e-253 1.09978e-250
0.3 -1.91282e-249 -4.2341e-251 3.58809e-248
0.304167 -5.8246e-247 -1.18207e-248 1.0771e-245
0.308333 -1.6356e-244 -2.91501e-246 2.98218e-243
0.3125 -4.24598e-242 -6.08381e-244 7.63405e-241
0.316667 -1.02159e-239 -9.39563e-242 1.81139e-238
0.320833 -2.2844e-237 -3.36876e-240 3.99466e-236
0.325 -4.7623e-235 4.89543e-237 8.21238e-234
0.329167 -9.28987e-233 2.61678e-234 1.57952e-231
0.333333 -1.70339e-230 9.38638e-232 2.8545e-229
0.3375 -2.95248e-228 2.79918e-229 4.87348e-227
0.341667 -4.87172e-226 7.37638e-227 7.91381e-225
0.345833 -7.71678e-224 1.76236e-224 1.23223e-222
0.35 -1.18417e-221 3.86791e-222 1.85638e-220
0.354167 -1.77561e-219 7.85719e-220 2.72961e-218
0.358333 -2.61765e-217 1.48441e-217 3.94347e-216
0.3625 -3.80235e-215 2.61691e-215 5.6138e-214
0.366667 -5.42998e-213 4.31574e-213 7.86292e-212
0.370833 -7.58113e-211 6.67167e-211 1.0781e-209
0.375 -1.02757e-208 9.68441e-209 1.43718e-207
0.379167 -1.34299e-206 1.32202e-206 1.84992e-205
0.383333 -1.68304e-204 1.69957e-204 2.28593e-203
0.3875 -2.0142e-202 2.06039e-202 2.7e-201
0.391667 -2.29575e-200 2.35836e-200 3.03939e-199
0.395833 -2.48814e-198 2.55177e-198 3.25513e-197
0.4 -2.56223e-196 2.61299e-196 3.31377e-195
0.404167 -2.50653e-194 2.53503e-194 3.2057e-193
0.408333 -2.32981e-192 2.3326e-192 2.94729e-191
0.4125 -2.05852e-190 2.03779e-190 2.57631e-189
0.416667 -1.72998e-188 1.69191e-188 2.14238e-187
0.420833 -1.38384e-186 1.33634e-186 1.69596e-185
0.425 -1.05443e-184 1.00505e-184 1.27902e-183
0.429167 -7.65916e-183 7.2043e-183 9.19654e-182
0.433333 -5.30798e-181 4.92619e-181 6.30962e-180
0.4375 -3.51248e-179 3.21607e-179 4.13392e-178
0.441667 -2.22117e-177 2.00631e-177 2.58849e-176
0.445833 -1.34331e-175 1.19697e-175 1.55024e-174
0.45 -7.77563e-174 6.83489e-174 8.88704e-173
0.454167 -4.31112e-172 3.7383e-172 4.88031e-171
0.458333 -2.2912e-170 1.95993e-170 2.56918e-169
0.4625 -1.16807e-168 9.85702e-169 1.29751e-167
0.466667 -5.71635e-167 4.75885e-167 6.29078e-166
0.470833 -2.68726e-165 2.20703e-165 2.93005e-164
0.475 -1.21433e-163 9.83923e-164 1.31194e-162
0.479167 -5.27813e-162 4.21933e-162 5.65075e-161
0.483333 -2.20813e-160 1.74155e-160 2.34277e-159
0.4875 -8.89686e-159 6.92318e-159 9.35521e-158
0.491667 -3.45448e-157 2.65228e-157 3.60034e-156
0.495833 -1.29336e-155 9.79797e-156 1.33615e-154
0.5 -4.67198e-154 3.49224e-154 4.78453e-153
0.504167 -1.62918e-152 1.20162e-152 1.65402e-151
0.508333 -5.48735e-151 3.99364e-151 5.52329e-150
0.5125 -1.78614e-149 1.28274e-149 1.78255e-148
0.516667 -5.62155e-148 3.98384e-148 5.56292e-147
0.520833 -1.71161e-146 1.19697e-146 1.67957e-145
0.525 -5.04405e-145 3.48094e-145 4.90848e-144
0.529167 -1.43943e-143 9.80288e-144 1.38918e-142
0.533333 -3.97964e-142 2.67461e-142 3.80924e-141
0.5375 -1.06645e-140 7.07324e-141 1.01249e-139
0.541667 -2.77128e-139 1.81394e-139 2.60978e-138
0.545833 -6.98636e-138 4.51302e-138 6.52647e-137
0.55 -1.7094e-136 1.08977e-136 1.58415e-135
0.554167 -4.06105e-135 2.55514e-135 3.73372e-134
0.558333 -9.37166e-134 5.81943e-134 8.54856e-133
0.5625 -2.10161e-132 1.28798e-132 1.90206e-131
0.566667 -4.5816e-131 2.77121e-131 4.11442e-130
0.570833 -9.71353e-130 5.79869e-130 8.65585e-129
0.575 -2.00354e-128 1.18047e-128 1.77171e-127
0.579167 -4.02194e-127 2.33883e-127 3.52951e-126
0.583333 -7.86049e-126 4.51153e-126 6.84594e-125
0.5875 -1.49621e-124 8.47577e-125 1.2933e-123
0.591667 -2.77468e-123 1.55137e-123 2.38049e-122
0.595833 -5.01483e-122 2.76742e-122 4.27046e-121
0.6 -8.83623e-121 4.81289e-121 7.46913e-120
0.604167 -1.5184e-119 8.16291e-120 1.27407e-118
0.608333 -2.54535e-118 1.35061e-118 2.1202e-117
0.6125 -4.16378e-117 2.18069e-117 3.44316e-116
0.616667 -6.64873e-116 3.43691e-116 5.45841e-115
0.620833 -1.03664e-114 5.28911e-115 8.4495e-114
0.625 -1.57863e-113 7.94991e-114 1.27755e-112
0.629167 -2.34867e-112 1.16743e-112 1.88725e-111
0.633333 -3.41485e-111 1.67535e-111 2.72463e-110
0.6375 -4.85343e-110 2.35022e-110 3.84528e-109
0.641667 -6.7448e-109 3.2237e-109 5.30649e-108
0.645833 -9.1674e-108 4.32472e-108 7.16242e-107
0.65 -1.21897e-106 5.67581e-107 9.45794e-106
0.654167 -1.58604e-105 7.28913e-106 1.22215e-104
0.658333 -2.01986e-104 9.16235e-105 1.5458e-103
0.6625 -2.51837e-103 1.12753e-103 1.9142e-102
0.666667 -3.07475e-102 1.35875e-102 2.32128e-101
0.670833 -3.677e-101 1.60377e-101 2.75725e-100
0.675 -4.30794e-100 1.85455e-100 3.20872e-99
0.679167 -4.94579e-99 2.10147e-99 3.65923e-98
0.683333 -5.56529e-98 2.33395e-98 4.09023e-97
0.6875 -6.13929e-97 2.54119e-97 4.48225e-96
0.691667 -6.64078e-96 2.71301e-96 4.81647e-95
0.695833 -7.045e-95 2.84069e-95 5.07615e-94
0.7 -7.33148e-94 2.91773e-94 5.2481e-93
0.704167 -7.4858e-93 2.94035e-93 5.32375e-92
0.708333 -7.50077e-92 2.90786e-92 5.29988e-91
0.7125 -7.37698e-91 2.8226e-91 5.17882e-90
0.716667 -7.12259e-90 2.68975e-90 4.96814e-89
0.720833 -6.7525e-89 2.51674e-89 4.6799e-88
0.725 -6.28692e-88 2.31265e-88 4.32948e-87
0.729167 -5.74958e-87 2.08739e-87 3.93433e-86
0.733333 -5.16577e-86 1.85095e-86 3.51251e-85
0.7375 -4.56047e-85 1.61273e-85 3.08142e-84
0.741667 -3.95671e-84 1.38094e-84 2.65671e-83
0.745833 -3.37427e-83 1.16228e-83 2.25148e-82
0.75 -2.82891e-82 9.61688e-83 1.87584e-81
0.754167 -2.33197e-81 7.82384e-82 1.53673e-80
0.758333 -1.89041e-80 6.25943e-81 1.23805e-79
0.7625 -1.50727e-79 4.92547e-80 9.81049e-79
0.766667 -1.1822e-78 3.81262e-79 7.64744e-78
0.770833 -9.12265e-78 2.90354e-78 5.86518e-77
0.775 -6.92702e-77 2.17583e-77 4.4264e-76
0.779167 -5.17642e-76 1.60464e-76 3.28765e-75
0.783333 -3.80744e-75 1.16479e-75 2.40353e-74
0.7875 -2.75687e-74 8.32331e-75 1.72982e-73
0.791667 -1.96536e-73 5.85576e-74 1.22575e-72
0.795833 -1.37964e-72 4.05664e-73 8.55286e-72
0.8 -9.53775e-72 2.76762e-72 5.87738e-71
0.804167 -6.49442e-71 1.85976e-71 3.97812e-70
0.808333 -4.35617e-70 1.23105e-70 2.65247e-69
0.8125 -2.87868e-69 8.02813e-70 1.74242e-68
0.816667 -1.8744e-68 5.15859e-69 1.12783e-67
0.820833 -1.20271e-67 3.26646e-68 7.19398e-67
0.825 -7.6058e-67 2.03848e-67 4.52259e-66
0.829167 -4.74093e-66 1.25391e-66 2.80251e-65
0.833333 -2.91318e-65 7.60345e-66 1.71198e-64
0.8375 -1.76485e-64 4.54557e-65 1.03108e-63
0.841667 -1.05422e-63 2.67946e-64 6.12316e-63
0.845833 -6.20993e-63 1.55753e-63 3.58589e-62
0.85 -3.60763e-62 8.92896e-63 2.07111e-61
0.854167 -2.0672e-61 5.04881e-62 1.17988e-60
0.858333 -1.16846e-60 2.81609e-61 6.6306e-60
0.8625 -6.51568e-60 1.54959e-60 3.6761e-59
0.866667 -3.58482e-59 8.41287e-60 2.01088e-58
0.870833 -1.94615e-58 4.50684e-59 1.08541e-57
0.875 -1.04263e-57 2.38256e-58 5.78165e-57
0.879167 -5.51284e-57 1.24308e-57 3.0395e-56
0.883333 -2.87704e-56 6.40151e-57 1.57719e-55
0.8875 -1.48213e-55 3.2541e-56 8.07868e-55
0.891667 -7.53765e-55 1.633e-55 4.08517e-54
0.895833 -3.78471e-54 8.09067e-55 2.03953e-53
0.9 -1.87636e-53 3.95792e-54 1.00541e-52
0.904167 -9.18592e-53 1.91192e-53 4.89418e-52
0.908333 -4.4411e-52 9.12079e-53 2.35279e-51
0.9125 -2.12058e-51 4.29722e-52 1.11708e-50
0.916667 -1.00012e-50 1.99974e-51 5.23873e-50
0.920833 -4.65928e-50 9.19229e-51 2.42682e-49
0.925 -2.14431e-49 4.1742e-50 1.11059e-48
0.929167 -9.74974e-49 1.87265e-49 5.02123e-48
0.933333 -4.37994e-48 8.30053e-49 2.24305e-47
0.9375 -1.94422e-47 3.63541e-48 9.90087e-47
0.941667 -8.52822e-47 1.57338e-47 4.31862e-46
0.945833 -3.6969e-46 6.72937e-47 1.86159e-45
0.95 -1.58385e-45 2.84452e-46 7.93092e-45
0.954167 -6.70682e-45 1.18841e-45 3.33958e-44
0.958333 -2.80723e-44 4.9077e-45 1.39002e-43
0.9625 -1.16152e-43 2.00342e-44 5.71922e-43
0.966667 -4.75104e-43 8.08492e-44 2.32632e-42
0.970833 -1.9213e-42 3.22566e-43 9.3551e-42
0.975 -7.68197e-42 1.27241e-42 3.71963e-41
0.979167 -3.03703e-41 4.96284e-42 1.46234e-40
0.983333 -1.18727e-40 1.91405e-41 5.68494e-40
0.9875 -4.58989e-40 7.29994e-41 2.18551e-39
0.991667 -1.75481e-39 2.75332e-40 8.30918e-39
0.995833 -6.6353e-39 1.02705e-39 3.12439e-38
1 -2.48151e-38 3.78917e-39 1.16198e-37
1.00417 -9.17958e-38 1.38274e-38 4.27446e-37
1.00833 -3.35894e-37 4.99119e-38 1.55539e-36
1.0125 -1.21585e-36 1.7822e-37 5.59876e-36
1.01667 -4.35385e-36 6.29538e-37 1.99372e-35
1.02083 -1.54244e-35 2.19999e-36 7.02386e-35
1.025 -5.40639e-35 7.60629e-36 2.44822e-34
1.02917 -1.87495e-34 2.60196e-35 8.4432e-34
1.03333 -6.43392e-34 8.80693e-35 2.88116e-33
1.0375 -2.18467e-33 2.9496e-34 9.7286e-33
1.04167 -7.34074e-33 9.77547e-34 3.25069e-32
1.04583 -2.44094e-32 3.20601e-33 1.07489e-31
1.05 -8.03257e-32 1.04055e-32 3.51746e-31
1.05417 -2.61609e-31 3.34234e-32 1.13918e-30
1.05833 -8.43271e-31 1.06254e-31 3.65151e-30
1.0625 -2.6904e-30 3.34321e-31 1.15847e-29
1.06667 -8.49606e-30 1.04117e-30 3.63785e-29
1.07083 -2.65574e-29 3.20948e-30 1.13076e-28
1.075 -8.21747e-29 9.79307e-30 3.47918e-28
1.07917 -2.51703e-28 2.95794e-29 1.05969e-27
1.08333 -7.63224e-28 8.84421e-29 3.19515e-27
1.0875 -2.2911e-27 2.61784e-28 9.53736e-27
1.09167 -6.80891e-27 7.67104e-28 2.81841e-26
1.09583 -2.0034e-26 2.22539e-27 8.24575e-26
1.1 -5.83612e-26 6.39162e-27 2.38848e-25
1.10417 -1.6833e-25 1.81752e-26 6.84996e-25
1.10833 -4.80721e-25 5.11711e-26 1.94511e-24
1.1125 -1.35934e-24 1.42645e-25 5.4689e-24
1.11667 -3.80609e-24 3.93718e-25 1.52253e-23
1.12083 -1.05525e-23 1.07602e-24 4.19713e-23
1.125 -2.89713e-23 2.91189e-24 1.1457e-22
1.12917 -7.87639e-23 7.80283e-24 3.09691e-22
1.13333 -2.12051e-22 2.07045e-23 8.28962e-22
1.1375 -5.65351e-22 5.44023e-23 2.19735e-21
1.14167 -1.49268e-21 1.41553e-22 5.76803e-21
1.14583 -3.90296e-21 3.64734e-22 1.49944e-20
1.15 -1.01067e-20 9.30668e-22 3.86021e-20
1.15417 -2.59188e-20 2.35169e-21 9.84186e-20
1.15833 -6.58297e-20 5.88489e-21 2.48505e-19
1.1625 -1.65589e-19 1.45839e-20 6.21426e-19
1.16667 -4.12527e-19 3.57922e-20 1.53902e-18
1.17083 -1.01786e-18 8.69936e-20 3.77491e-18
1.175 -2.48735e-18 2.09398e-19 9.17014e-18
1.17917 -6.02019e-18 4.99167e-19 2.20626e-17
1.18333 -1.44313e-17 1.17845e-18 5.25719e-17
1.1875 -3.42633e-17 2.75527e-18 1.24069e-16
1.19167 -8.0571e-17 6.37982e-18 2.89997e-16
1.19583 -1.87653e-16 1.46299e-17 6.71336e-16
1.2 -4.32876e-16 3.32251e-17 1.53923e-15
1.20417 -9.89005e-16 7.47267e-17 3.4953e-15
1.20833 -2.238e-15 1.66445e-16 7.86105e-15
1.2125 -5.0159e-15 3.6715e-16 1.75101e-14
1.21667 -1.11342e-14 8.02037e-16 3.86286e-14
1.22083 -2.44789e-14 1.73506e-15 8.43985e-14
1.225 -5.33015e-14 3.71708e-15 1.82626e-13
1.22917 -1.14947e-13 7.8858e-15 3.91372e-13
1.23333 -2.45508e-13 1.65669e-14 8.30628e-13
1.2375 -5.19317e-13 3.44648e-14 1.74586e-12
1.24167 -1.08791e-12 7.09977e-14 3.63403e-12
1.24583 -2.25704e-12 1.44822e-13 7.49095e-12
1.25 -4.63727e-12 2.92505e-13 1.52913e-11
1.25417 -9.43526e-12 5.84965e-13 3.09102e-11
1.25833 -1.90108e-11 1.15827e-12 6.18724e-11
1.2625 -3.7931e-11 2.27068e-12 1.22636e-10
1.26667 -7.49413e-11 4.40711e-12 2.40686e-10
1.27083 -1.46611e-10 8.46811e-12 4.67717e-10
1.275 -2.83999e-10 1.61077e-11 8.99906e-10
1.27917 -5.44699e-10 3.03301e-11 1.71426e-09
1.28333 -1.03435e-09 5.65311e-11 3.23299e-09
1.2875 -1.94461e-09 1.04291e-10 6.03616e-09
1.29167 -3.61935e-09 1.90429e-10 1.11564e-08
1.29583 -6.66871e-09 3.44121e-10 2.04114e-08
1.3 -1.21631e-08 6.154e-10 3.69644e-08
1.30417 -2.19589e-08 1.08903e-09 6.62569e-08
1.30833 -3.92391e-08 1.90687e-09 1.1754e-07
1.3125 -6.9397e-08 3.30345e-09 2.06359e-07
1.31667 -1.21464e-07 5.66163e-09 3.58518e-07
1.32083 -2.1038e-07 9.59847e-09 6.16332e-07
1.325 -3.60563e-07 1.60955e-08 1.04833e-06
1.32917 -6.11423e-07 2.66931e-08 1.76413e-06
1.33333 -1.02577e-06 4.37763e-08 2.93673e-06
1.3375 -1.70241e-06 7.0985e-08 4.83572e-06
1.34167 -2.79473e-06 1.13795e-07 7.87546e-06
1.34583 -4.53768e-06 1.80322e-07 1.26841e-05
1.35 -7.28611e-06 2.82403e-07 2.02004e-05
1.35417 -1.15684e-05 4.37034e-07 3.1807e-05
1.35833 -1.81599e-05 6.68197e-07 4.95096e-05
1.3625 -2.81808e-05 1.00914e-06 7.61721e-05
1.36667 -4.32245e-05 1.50508e-06 0.000115818
1.37083 -6.55202e-05 2.2163e-06 0.000174002
1.375 -9.81331e-05 3.22139e-06 0.000258259
1.37917 -0.000145202 4.62041e-06 0.000378611
1.38333 -0.000212206 6.53734e-06 0.000548125
1.3875 -0.000306255 9.12126e-06 0.000783455
1.39167 -0.000436364 1.2545e-05 0.00110533
1.39583 -0.000613684 1.70004e-05 0.00153885
1.4 -0.00085164 2.26886e-05 0.00211351
1.40417 -0.00116588 2.98037e-05 0.00286269
1.40833 -0.00157398 3.85092e-05 0.0038226
1.4125 -0.00209479 4.89068e-05 0.00503027
1.41667 -0.0027473 6.09959e-05 0.00652061
1.42083 -0.00354904 7.46287e-05 0.00832235
1.425 -0.00451386 8.94615e-05 0.0104529
1.42917 -0.00564916 0.00010491 0.0129123
1.43333 -0.00695276 0.000120113 0.0156767
1.4375 -0.00840951 0.000133923 0.0186922
1.44167 -0.00998814 0.000144917 0.0218693
1.44583 -0.0116387 0.00015146 0.0250802
1.45 -0.0132913 0.000151811 0.0281591
1.45417 -0.014857 0.000144274 0.0309068
1.45833 -0.0162302 0.000127403 0.0331019
1.4625 -0.0172955 0.000100232 0.0345161
1.46667 -0.0179356 6.2501e-05 0.0349357
1.47083 -0.0180431 1.48586e-05 0.0341861
1.475 -0.0175334 -4.10194e-05 0.0321574
1.47917 -0.016357 -0.000102426 0.0288266
1.48333 -0.0145113 -0.00016577 0.0242732
1.4875 -0.0120468 -0.000226894 0.018683
1.49167 -0.00906826 -0.000281549 0.0123372
1.49583 -0.00572751 -0.000325978 0.00558595
1.5 -0.00220817 -0.000357543 -0.00119379
1.50417 0.00129706 -0.000375269 -0.00765083
1.50833 0.0046139 -0.000380214 -0.0135157
1.5125 0.00761503 -0.000375529 -0.0186504
1.51667 0.0102443 -0.000366149 -0.0230815
1.52083 0.0125312 -0.000358089 -0.0270063
1.525 0.0145918 -0.000357417 -0.0307677
1.52917 0.0166119 -0.000369026 -0.0347953
1.53333 0.018814 -0.00039544 -0.0395192
1.5375 0.0214119 -0.000435855 -0.0452696
1.54167 0.024558 -0.000485686 -0.0521784
1.54583 0.0282951 -0.000536739 -0.0601035
1.55 0.0325198 -0.00057809 -0.0685916
1.55417 0.0369687 -0.000597562 -0.0768927
1.55833 0.0412307 -0.000583587 -0.0840279
1.5625 0.0447861 -0.000527131 -0.0889031
1.56667 0.0470689 -0.000423341 -0.0904515
1.57083 0.0475411 -0.000272609 -0.0877819
1.575 0.0457678 -8.08587e-05 -0.0803102
1.57917 0.0414826 0.000140957 -0.0678525
1.58333 0.0346306 0.000378031 -0.0506705
1.5875 0.0253874 0.000613292 -0.0294661
1.59167 0.0141522 0.000829143 -0.00533328
1.59583 0.00151907 0.00100908 0.0203223
1.6 -0.0117662 0.00113908 0.045883
1.60417 -0.0248593 0.0012087 0.0696311
1.60833 -0.0368757 0.00121194 0.0898688
1.6125 -0.0469539 0.00114797 0.105047
1.61667 -0.0543216 0.00102161 0.113901
1.62083 -0.0583657 0.000843571 0.115585
1.625 -0.0587004 0.000629996 0.109791
1.62917 -0.0552231 0.000401309 0.0968221
1.63333 -0.0481469 0.000180072 0.0775952
1.6375 -0.0379949 -1.19123e-05 0.0535629
1.64167 -0.0255499 -0.000156825 0.0265408
1.64583 -0.0117604 -0.000243667 -0.00152325
1.65 0.00238125 -0.000269926 -0.0287988
1.65417 0.0159639 -0.000241514 -0.0537811
1.65833 0.0282581 -0.00017084 -0.0754099
1.6625 0.0387662 -7.34589e-05 -0.0930723
1.66667 0.0472144 3.57659e-05 -0.106502
1.67083 0.0534934 0.000145807 -0.115619
1.675 0.0575755 0.000250941 -0.12038
1.67917 0.0594412 0.000350088 -0.120695
1.68333 0.0590469 0.00044434 -0.116458
1.6875 0.0563465 0.000533688 -0.107665
1.69167 0.0513596 0.000614322 -0.0945783
1.69583 0.0442544 0.000677668 -0.0778567
1.7 0.0354052 0.000711716 -0.0585708
1.70417 0.0253908 0.000704251 -0.0380802
1.70833 0.0149194 0.000646813 -0.017785
1.7125 0.0046949 0.00053783 0.00117274
1.71667 -0.00473394 0.000383641 0.0181601
1.72083 -0.0130927 0.00019693 0.0331684
1.725 -0.0204251 -6.90554e-06 0.0467495
1.72917 -0.0270462 -0.00021407 0.0597923
1.73333 -0.0334179 -0.000415715 0.0732124
1.7375 -0.0399893 -0.000609046 0.0876551
1.74167 -0.0470515 -0.000795853 0.103296
1.74583 -0.0546481 -0.000979133 0.119779
1.75 -0.0625572 -0.00115926 0.136285
1.75417 -0.0703354 -0.00133123 0.15167
1.75833 -0.077393 -0.00148407 0.164612
1.7625 -0.0830687 -0.00160253 0.173728
1.76667 -0.0866842 -0.00167037 0.177644
1.77083 -0.0875774 -0.00167387 0.175054
1.775 -0.0851312 -0.00160463 0.164815
1.77917 -0.0788205 -0.00146066 0.146089
1.78333 -0.0682887 -0.00124602 0.118545
1.7875 -0.0534494 -0.000969484 0.0825813
1.79167 -0.0345916 -0.000643026 0.0394847
1.79583 -0.012455 -0.000280731 -0.00850656
1.8 0.0117538 0.000101591 -0.0582977
1.80417 0.0364224 0.000486273 -0.106189
1.80833 0.059673 0.000853549 -0.14826
1.8125 0.0795653 0.0011817 -0.180839
1.81667 0.094335 0.00144793 -0.200987
1.82083 0.102632 0.00163032 -0.206921
1.825 0.10372 0.00171054 -0.198292
1.82917 0.0976004 0.00167735 -0.176279
1.83333 0.0850273 0.00152978 -0.143429
1.8375 0.0674135 0.00127937 -0.103308
1.84167 0.0466305 0.000950204 -0.0599927
1.84583 0.0247463 0.000576474 -0.017528
1.85 0.00375569 0.000197464 0.0205428
1.85417 -0.0146456 -0.000148764 0.0515059
1.85833 -0.0292079 -0.00043143 0.0736369
1.8625 -0.0391908 -0.000631151 0.0862225
1.86667 -0.0443591 -0.000741186 0.0894966
1.87083 -0.0449408 -0.000765954 0.0845303
1.875 -0.0415635 -0.000717941 0.0730786
1.87917 -0.0351716 -0.000614415 0.0573653
1.88333 -0.0269118 -0.000474937 0.0397899
1.8875 -0.0179823 -0.000319741 0.022582
1.89167 -0.00946139 -0.000168333 0.00747748
1.89583 -0.00215369 -3.75716e-05 -0.00448732
1.9 0.00349697 6.08492e-05 -0.0129957
1.90417 0.00740035 0.000122642 -0.0182899
1.90833 0.00972599 0.000151542 -0.0209125
1.9125 0.0107697 0.000157366 -0.0214707
1.91667 0.0108406 0.00015186 -0.0205135
1.92083 0.0102089 0.00014401 -0.0185289
1.925 0.00911314 0.00013706 -0.0159918
1.92917 0.00778554 0.000128725 -0.0133633
1.93333 0.00644785 0.000114341 -0.0109925
1.9375 0.00525787 9.10195e-05 -0.00896601
1.94167 0.00423506 6.02484e-05 -0.00702004
1.94583 0.00322571 2.73693e-05 -0.00462569
1.95 0.00195864 -1.6292e-06 -0.00126241
1.95417 0.000191429 -2.37975e-05 0.00323108
1.95833 -0.00211644 -4.08171e-05 0.00841725
1.9625 -0.00469921 -5.7274e-05 0.0132891
1.96667 -0.00702191 -7.66371e-05 0.0165916
1.97083 -0.00845904 -9.76258e-05 0.0172979
1.975 -0.00853656 -0.000113587 0.0150138
1.97917 -0.00712089 -0.000115669 0.0101198
1.98333 -0.00446717 -9.8126e-05 0.00360826
1.9875 -0.00111594 -6.26307e-05 -0.00326993
1.99167 0.00229388 -1.90078e-05 -0.00935474
1.99583 0.00519661 1.80396e-05 -0.0137754
2 0.00718772 3.42164e-05 -0.015979
2.00417 0.0080274 1.99146e-05 -0.0156864
2.00833 0.00761362 -2.85818e-05 -0.0128918
2.0125 0.00598244 -0.000110817 -0.00794362
2.01667 0.00334792 -0.000224785 -0.00162714
2.02083 0.000137434 -0.00036819 0.00487903
2.025 -0.00304202 -0.000537553 0.0102439
2.02917 -0.00553515 -0.000726355 0.0133599
2.03333 -0.00682809 -0.000924308 0.0136809
2.0375 -0.00670706 -0.00111897 0.0113525
2.04167 -0.00530432 -0.00129886 0.007078
2.04583 -0.00301377 -0.0014557 0.00182233
2.05 -0.000334988 -0.00158359 -0.00346544
2.05417 0.00226136 -0.00167517 -0.00797762
2.05833 0.00438681 -0.00171715 -0.0110313
2.0625 0.00572024 -0.00168872 -0.0120406
2.06667 0.00599547 -0.00156496 -0.0106143
2.07083 0.00505518 -0.00132457 -0.0067883
2.075 0.00296805 -0.000958313 -0.00124723
2.07917 0.000128427 -0.000474519 0.00467726
2.08333 -0.00276574 0.000100368 0.00934571
2.0875 -0.00490287 0.000725236 0.0113936
2.09167 -0.00565497 0.0013491 0.0102842
2.09583 -0.00483857 0.00191521 0.00653749
2.1 -0.00279732 0.00236466 0.00150449
2.10417 -0.000256035 0.00264183 -0.00319838
2.10833 0.00197963 0.00270344 -0.00630416
2.1125 0.00332538 0.00253061 -0.00727372
2.11667 0.00358365 0.00213995 -0.00631445
2.12083 0.00292402 0.00158796 -0.00411972
2.125 0.00173235 0.000964697 -0.00152327
2.12917 0.000431982 0.000376843 0.000764162
2.13333 -0.00064141 -7.50148e-05 0.00228179
2.1375 -0.00129136 -0.000317666 0.00285193
2.14167 -0.00146557 -0.000318505 0.00257573
2.14583 -0.00124472 -8.74821e-05 0.00179681
2.15 -0.000817304 0.000331415 0.000995444
2.15417 -0.000422261 0.000875236 0.000599588
2.15833 -0.000254655 0.00147853 0.000775649
2.1625 -0.000368388 0.00208629 0.00131949
2.16667 -0.000635192 0.00265986 0.00174053
2.17083 -0.000800758 0.00317458 0.00152146
2.175 -0.000621582 0.00361066 0.000418888
2.17917 -1.01868e-05 0.00394179 -0.00136649
2.18333 0.000895141 0.00412766 -0.00324561
2.1875 0.00177636 0.00411565 -0.00448586
2.19167 0.00226998 0.00385313 -0.00451125
2.19583 0.00211759 0.00330649 -0.00312142
2.2 0.00126529 0.00247832 -0.0005658
2.20417 -0.000114707 0.00141413 0.00251421
2.20833 -0.00166826 0.000193932 0.00523608
2.2125 -0.00294577 -0.00108885 0.00669925
2.21667 -0.00351835 -0.00235192 0.00626636
2.22083 -0.00311506 -0.00354097 0.00384568
2.225 -0.00175114 -0.0046308 5.02596e-05
2.22917 0.00021318 -0.0056103 -0.00390371
2.23333 0.00214597 -0.00645886 -0.00660137
2.2375 0.00335967 -0.0071265 -0.00700443
2.24167 0.00339492 -0.00752906 -0.00492659
2.24583 0.00223572 -0.00756329 -0.0011498
2.25 0.000334901 -0.0071378 0.00289939
2.25417 -0.00157457 -0.00620825 0.0057522
2.25833 -0.00278899 -0.00480257 0.006472
2.2625 -0.00290728 -0.00302621 0.00493658
2.26667 -0.00194469 -0.00104592 0.00175556
2.27083 -0.000264435 0.000940613 -0.00205155
2.275 0.00159899 0.00273732 -0.00541435
2.27917 0.00312102 0.00417507 -0.00747226
2.28333 0.00390975 0.00512711 -0.00772347
2.2875 0.00376938 0.00551877 -0.00611251
2.29167 0.00273275 0.00533666 -0.00307418
2.29583 0.00107088 0.00463734 0.000517533
2.3 -0.000746283 0.0035485 0.003558
2.30417 -0.00216569 0.00225312 0.00505992
2.30833 -0.00272837 0.000953837 0.00450986
2.3125 -0.00223791 -0.000172982 0.00205957
2.31667 -0.000835304 -0.00101434 -0.00154791
2.32083 0.00106099 -0.00153171 -0.00527323
2.325 0.00291719 -0.00174314 -0.00814486
2.32917 0.00426682 -0.00169111 -0.0095384
2.33333 0.0048386 -0.00141936 -0.00930043
2.3375 0.00460214 -0.000972948 -0.00773493
2.34167 0.00374758 -0.000415554 -0.00549707
2.34583 0.00262498 0.000159015 -0.0034155
2.35 0.00165275 0.000641909 -0.00224993
2.35417 0.00119647 0.000950286 -0.00242779
2.35833 0.00144002 0.00106789 -0.00386274
2.3625 0.00230237 0.00105092 -0.00596519
2.36667 0.00345592 0.000985809 -0.00787082
2.37083 0.00445624 0.000922999 -0.00878438
2.375 0.00492491 0.00083588 -0.00826287
2.37917 0.00469072 0.000643302 -0.00630947
2.38333 0.00382266 0.000288458 -0.00328089
2.3875 0.00256137 -0.000181377 0.000283731
2.39167 0.00121294 -0.000601567 0.0038065
2.39583 6.80874e-05 -0.000769447 0.00677169
2.4 -0.000641136 -0.00057292 0.00883985
2.40417 -0.000778934 -7.91711e-05 0.0100013
2.40833 -0.000360553 0.000487622 0.0106903
2.4125 0.000404069 0.000874791 0.0117193
2.41667 0.00114183 0.000951336 0.0139718
2.42083 0.00145624 0.00077431 0.0179725
2.425 0.00112365 0.00052546 0.0235914
2.42917 0.000227237 0.000369573 0.0300871
2.43333 -0.000870357 0.000345053 0.0364707
2.4375 -0.00170996 0.000368303 0.0419501
2.44167 -0.00195861 0.000337762 0.0461656
2.44583 -0.00153169 0.000239696 0.0491165
2.45 -0.000558047 0.000158422 0.0509189
2.45417 0.00074707 0.000180914 0.0516454
2.45833 0.00217981 0.000285318 0.0513665
2.4625 0.00354931 0.000324953 0.0502834
2.46667 0.00462578 0.000138426 0.0487316
2.47083 0.00513828 -0.000300482 0.0469529
2.475 0.00487678 -0.000827437 0.0447835
2.47917 0.00383916 -0.00118972 0.0415468
2.48333 0.00229159 -0.00123392 0.0363199
2.4875 0.000657916 -0.00102609 0.0284492
2.49167 -0.000711454 -0.000800402 0.0179637
2.49583 -0.00173188 -0.000775403 0.00558788
2.5 -0.00259509 -0.000989393 -0.00764839
2.50417 -0.00359134 -0.00128953 -0.0209023
2.50833 -0.00488181 -0.00147534 -0.0337613
2.5125 -0.0063932 -0.00146632 -0.0461151
2.51667 -0.00789969 -0.00135086 -0.057846
2.52083 -0.0092035 -0.00128672 -0.0686544
2.525 -0.0102544 -0.00135506 -0.0781749
2.52917 -0.0111201 -0.00150007 -0.0862467
2.53333 -0.011862 -0.00159509 -0.0930482
2.5375 -0.0124589 -0.0015573 -0.0989259
2.54167 -0.012867 -0.00140015 -0.104034
2.54583 -0.0131641 -0.00118791 -0.108089
2.55 -0.0136281 -0.000955445 -0.110469
2.55417 -0.0146371 -0.000678798 -0.110583
2.55833 -0.016434 -0.000315752 -0.108206
2.5625 -0.0189237 0.000140034 -0.103507
2.56667 -0.0216582 0.000650975 -0.0967442
2.57083 -0.0240156 0.00116987 -0.0879125
2.575 -0.0254244 0.00166364 -0.0766505
2.57917 -0.0254692 0.00209719 -0.062476
2.58333 -0.0238464 0.00241115 -0.0451289
2.5875 -0.0202878 0.00254476 -0.0247269
2.59167 -0.0145999 0.00249656 -0.00164586
2.59583 -0.00682821 0.00234919 0.0236647
2.6 0.00259753 0.00220366 0.0506478
2.60417 0.0129033 0.00207032 0.07833
2.60833 0.0232067 0.00183607 0.105012
2.6125 0.0327762 0.00137052 0.128332
2.61667 0.041109 0.000685137 0.145811
2.62083 0.0477849 -2.10789e-05 0.155609
2.625 0.0522669 -0.000501632 0.156979
2.62917 0.0538758 -0.000669418 0.150201
2.63333 0.0520071 -0.000665684 0.136117
2.6375 0.0464384 -0.000713153 0.115719
2.64167 0.0374906 -0.000895928 0.0900749
2.64583 0.0259345 -0.00108891 0.0605351
2.65 0.0127428 -0.00110494 0.0288953
2.65417 -0.00112202 -0.000899162 -0.00272392
2.65833 -0.0147794 -0.000614771 -0.0322392
2.6625 -0.02741 -0.000433122 -0.0579572
2.66667 -0.0382539 -0.000402613 -0.0787204
2.67083 -0.0466742 -0.000429555 -0.0938557
2.675 -0.0522406 -0.000417445 -0.103077
2.67917 -0.0547682 -0.00037428 -0.106451
2.68333 -0.0543003 -0.000365445 -0.104413
2.6875 -0.0510688 -0.000393512 -0.0977514
2.69167 -0.045454 -0.00037871 -0.0875193
2.69583 -0.0379368 -0.000275796 -0.0748856
2.7 -0.0290458 -0.000169273 -0.0609544
2.70417 -0.0193296 -0.000196847 -0.0465814
2.70833 -0.0093757 -0.000370313 -0.0322607
2.7125 0.000177695 -0.00052145 -0.0181766
2.71667 0.00872104 -0.000474372 -0.00443107
2.72083 0.0158486 -0.000261766 0.00871282
2.725 0.0214998 -0.0001131 0.0207946
2.72917 0.0259106 -0.000193473 0.0313872
2.73333 0.0293746 -0.000385699 0.0403742
2.7375 0.0320145 -0.000392674 0.0479679
2.74167 0.0337739 -7.25458e-05 0.0544179
2.74583 0.0346224 0.000375268 0.0597099
2.75 0.0347384 0.000607444 0.0635975
2.75417 0.0344629 0.000507681 0.0659574
2.75833 0.0340802 0.000304866 0.0670765
2.7625 0.0336814 0.000299618 0.0675259
2.76667 0.0332623 0.000522738 0.067733
2.77083 0.0329071 0.000728598 0.067717
2.775 0.032776 0.000718739 0.0672697
2.77917 0.0328289 0.000590476 0.0663324
2.78333 0.0325541 0.000606117 0.0650492
2.7875 0.0310253 0.0008557 0.0633281
2.79167 0.0273115 0.00114204 0.0603314
2.79583 0.0209249 0.00122918 0.0544859
2.8 0.0119829 0.00113164 0.0441332
2.80417 0.00106614 0.00107564 0.0283494
2.80833 -0.0109912 0.0011941 0.00737348
2.8125 -0.0232049 0.00136205 -0.017477
2.81667 -0.0344948 0.00138691 -0.0441119
2.82083 -0.04383 0.00128938 -0.0699476
2.825 -0.0504458 0.00128458 -0.0922209
2.82917 -0.0539604 0.00147612 -0.108482
2.83333 -0.0542971 0.00167759 -0.117146
2.8375 -0.0515331 0.0016245 -0.117745
2.84167 -0.0458572 0.00131838 -0.110729
2.84583 -0.037645 0.00104661 -0.0970183
2.85 -0.0274986 0.00103278 -0.0777295
2.85417 -0.0161579 0.00116316 -0.0541709
2.85833 -0.00438543 0.00114532 -0.0279259
2.8625 0.00703911 0.000888016 -0.000831041
2.86667 0.0172578 0.000598442 0.0251127
2.87083 0.0253815 0.000473509 0.0477951
2.875 0.0306972 0.000409034 0.0651049
2.87917 0.0328608 0.000123862 0.0752717
2.88333 0.0319011 -0.000471436 0.0773787
2.8875 0.0281035 -0.00116335 0.0716886
2.89167 0.0219895 -0.00172275 0.0595192
2.89583 0.0144203 -0.00218023 0.0428415
2.9 0.00657988 -0.00270942 0.0239845
2.90417 -0.000353296 -0.0033072 0.00551237
2.90833 -0.00565079 -0.00375283 -0.0100603
2.9125 -0.00918855 -0.00391368 -0.0209176
2.91667 -0.0111834 -0.00393653 -0.0265757
2.92083 -0.0118448 -0.00401045 -0.0278802
2.925 -0.0113174 -0.0040337 -0.0262904
2.92917 -0.00986193 -0.00371186 -0.0230848
2.93333 -0.00789753 -0.00300585 -0.0191167
2.9375 -0.00576899 -0.00227983 -0.0150191
2.94167 -0.00355263 -0.00185655 -0.011277
2.94583 -0.00122105 -0.00155812 -0.00798418
2.95 0.00101744 -0.000935458 -0.00476352
2.95417 0.00269611 3.8117e-05 -0.0012456
2.95833 0.00349452 0.000776198 0.00231136
2.9625 0.00357756 0.000771836 0.00506362
2.96667 0.00339783 0.000309553 0.00637862
2.97083 0.00317904 0.000169708 0.0065021
2.975 0.00274369 0.000606196 0.0062939
2.97917 0.00190633 0.00095508 0.00635524
2.98333 0.00088414 0.000498499 0.00659333
2.9875 0.000138479 -0.000496257 0.00663513
2.99167 -0.000154262 -0.000999984 0.0063755
2.99583 -0.000267205 -0.000514924 0.00586916
