0 0 0 0
0.00416667 0 0 0
0.00833333 0 0 0
0.0125 0 0 0
0.0166667 0 0 0
0.0208333 0 0 0
0.025 0 0 0
0.0291667 0 0 0
0.0333333 0 0 0
0.0375 0 0 0
0.0416667 0 0 0
0.0458333 0 0 0
0.05 0 0 0
0.0541667 0 0 0
0.0583333 0 0 0
0.0625 0 0 0
0.0666667 0 0 0
0.0708333 0 0 0
0.075 0 0 0
0.0791667 0 0 0
0.0833333 0 0 0
0.0875 0 0 0
0.0916667 0 0 0
0.0958333 0 0 0
0.1 0 0 0
0.104167 0 0 0
0.108333 0 0 0
0.1125 0 0 0
0.116667 0 0 0
0.120833 0 0 0
0.125 0 0 0
0.129167 0 0 0
0.133333 0 0 0
0.1375 0 0 0
0.141667 0 0 0
0.145833 0 0 0
0.15 0 0 0
0.154167 0 0 0
0.158333 0 0 0
0.1625 0 0 0
0.166667 0 0 0
0.170833 0 0 0
0.175 0 0 0
0.179167 0 0 0
0.183333 0 0 0
0.1875 0 0 0
0.191667 -2.94463e-321 4.49254e-320 6.03748e-320
0.195833 -1.03784e-316 1.48628e-315 1.99843e-315
0.2 -2.78814e-312 3.90721e-311 5.25317e-311
0.204167 -6.01419e-308 8.25099e-307 1.10924e-306
0.208333 -1.0509e-303 1.41206e-302 1.89819e-302
0.2125 -1.49996e-299 1.97473e-298 2.65437e-298
0.216667 -1.7625e-295 2.27439e-294 3.05694e-294
0.220833 -1.71756e-291 2.17329e-290 2.92085e-290
0.225 -1.3978e-287 1.73491e-286 2.33152e-286
0.229167 -9.56269e-284 1.16464e-282 1.56504e-282
0.233333 -5.53368e-280 6.6153e-279 8.88903e-279
0.2375 -2.72456e-276 3.19812e-275 4.29707e-275
0.241667 -1.14774e-272 1.32324e-271 1.77783e-271
0.245833 -4.15855e-269 4.71049e-268 6.32837e-268
0.25 -1.30248e-265 1.44993e-264 1.94781e-264
0.254167 -3.54314e-262 3.87739e-261 5.20855e-261
0.258333 -8.40934e-259 9.04906e-258 1.21551e-257
0.2625 -1.74887e-255 1.85098e-254 2.48619e-254
0.266667 -3.20001e-252 3.33202e-251 4.47527e-251
0.270833 -5.17176e-249 5.29924e-248 7.11713e-248
0.275 -7.4103e-246 7.47362e-245 1.0037e-244
0.279167 -9.44679e-243 9.37991e-242 1.25966e-241
0.283333 -1.07512e-239 1.0512e-238 1.41163e-238
0.2875 -1.09588e-236 1.05536e-235 1.41716e-235
0.291667 -1.00356e-233 9.52094e-233 1.27845e-232
0.295833 -8.28121e-231 7.7413e-230 1.03945e-229
0.3 -6.17508e-228 5.68895e-227 7.63849e-227
0.304167 -4.17228e-225 3.78892e-224 5.08718e-224
0.308333 -2.56106e-222 2.29294e-221 3.07852e-221
0.3125 -1.43175e-219 1.264e-218 1.69702e-218
0.316667 -7.30733e-217 6.36247e-216 8.54189e-216
0.320833 -3.4127e-214 2.93105e-213 3.93497e-213
0.325 -1.46166e-211 1.23851e-210 1.66269e-210
0.329167 -5.75349e-209 4.81043e-208 6.45783e-208
0.333333 -2.08565e-206 1.72091e-205 2.31023e-205
0.3375 -6.97643e-204 5.68175e-203 7.62733e-203
0.341667 -2.15741e-201 1.7345e-200 2.32842e-200
0.345833 -6.17918e-199 4.90492e-198 6.58435e-198
0.35 -1.64209e-196 1.28711e-195 1.7278e-195
0.354167 -4.05571e-194 3.13951e-193 4.21442e-193
0.358333 -9.3251e-192 7.12987e-191 9.57099e-191
0.3625 -1.99914e-189 1.50994e-188 2.02691e-188
0.366667 -4.00218e-187 2.98648e-186 4.00899e-186
0.370833 -7.49303e-185 5.52481e-184 7.41642e-184
0.375 -1.31384e-182 9.57306e-182 1.28508e-181
0.379167 -2.16047e-180 1.55581e-179 2.08853e-179
0.383333 -3.33621e-178 2.37472e-177 3.18786e-177
0.3875 -4.84414e-176 3.40858e-175 4.57579e-175
0.391667 -6.62185e-174 4.60659e-173 6.18415e-173
0.395833 -8.53224e-172 5.86887e-171 7.87883e-171
0.4 -1.03747e-169 7.0567e-169 9.47365e-169
0.404167 -1.19181e-167 8.017e-167 1.07631e-166
0.408333 -1.29488e-165 8.61506e-165 1.15663e-164
0.4125 -1.33202e-163 8.76599e-163 1.17692e-162
0.416667 -1.29864e-161 8.45443e-161 1.13512e-160
0.420833 -1.20116e-159 7.73644e-159 1.03875e-158
0.425 -1.05504e-157 6.72342e-157 9.02765e-157
0.429167 -8.80831e-156 5.5544e-155 7.45824e-155
0.433333 -6.99638e-154 4.36593e-153 5.86262e-153
0.4375 -5.29168e-152 3.26807e-151 4.38858e-151
0.441667 -3.81439e-150 2.3316e-149 3.13115e-149
0.445833 -2.62259e-148 1.58681e-147 2.13105e-147
0.45 -1.72132e-146 1.03099e-145 1.38466e-145
0.454167 -1.07934e-144 6.40004e-144 8.59591e-144
0.458333 -6.47071e-143 3.79877e-142 5.10239e-142
0.4625 -3.71166e-141 2.15753e-140 2.89807e-140
0.466667 -2.03854e-139 1.17337e-138 1.57621e-138
0.470833 -1.07278e-137 6.11486e-137 8.21463e-137
0.475 -5.41303e-136 3.05566e-135 4.10517e-135
0.479167 -2.62058e-134 1.46514e-133 1.96848e-133
0.483333 -1.21804e-132 6.74511e-132 9.06296e-132
0.4875 -5.43885e-131 2.98339e-130 4.00884e-130
0.491667 -2.33454e-129 1.26855e-128 1.70469e-128
0.495833 -9.63839e-128 5.18845e-127 6.97279e-127
0.5 -3.82974e-126 2.04248e-125 2.74509e-125
0.504167 -1.46535e-124 7.74301e-124 1.04074e-123
0.508333 -5.4021e-123 2.82837e-122 3.80191e-122
0.5125 -1.91984e-121 9.96024e-121 1.33897e-120
0.516667 -6.58082e-120 3.38328e-119 4.54855e-119
0.520833 -2.17684e-118 1.10908e-117 1.4912e-117
0.525 -6.95224e-117 3.51044e-116 4.72031e-116
0.529167 -2.14479e-115 1.07336e-114 1.44342e-114
0.533333 -6.3946e-114 3.17189e-113 4.26584e-113
0.5375 -1.84337e-112 9.06326e-112 1.21902e-111
0.541667 -5.14016e-111 2.50517e-110 3.36981e-110
0.545833 -1.38708e-109 6.70148e-109 9.0153e-109
0.55 -3.62385e-108 1.73568e-107 2.33519e-107
0.554167 -9.16999e-107 4.35429e-106 5.85888e-106
0.558333 -2.24841e-105 1.0585e-104 1.42441e-104
0.5625 -5.34395e-104 2.49441e-103 3.35703e-103
0.566667 -1.23169e-102 5.7005e-102 7.6727e-102
0.570833 -2.75398e-101 1.26385e-100 1.70129e-100
0.575 -5.97585e-100 2.71942e-99 3.66108e-99
0.579167 -1.25886e-98 5.68087e-98 7.64886e-98
0.583333 -2.57544e-97 1.15256e-96 1.55202e-96
0.5875 -5.11883e-96 2.27184e-95 3.05958e-95
0.591667 -9.88745e-95 4.35212e-94 5.86191e-94
0.595833 -1.85668e-93 8.10549e-93 1.09187e-92
0.6 -3.39056e-92 1.4681e-91 1.97789e-91
0.604167 -6.02316e-91 2.58681e-90 3.48551e-90
0.608333 -1.0412e-89 4.4355e-89 5.97727e-89
0.6125 -1.75197e-88 7.40327e-88 9.97794e-88
0.616667 -2.87037e-87 1.20319e-86 1.62185e-86
0.620833 -4.58027e-86 1.90459e-85 2.56766e-85
0.625 -7.12051e-85 2.93731e-84 3.96046e-84
0.629167 -1.07875e-83 4.41466e-83 5.95327e-83
0.633333 -1.59306e-82 6.46792e-82 8.72339e-82
0.6375 -2.29387e-81 9.23988e-81 1.24638e-80
0.641667 -3.22136e-80 1.28741e-79 1.73686e-79
0.645833 -4.41322e-79 1.74994e-78 2.36122e-78
0.65 -5.89967e-78 2.32111e-77 3.13239e-77
0.654167 -7.69767e-77 3.00498e-76 4.05592e-76
0.658333 -9.80519e-76 3.79807e-75 5.12718e-75
0.6625 -1.2196e-74 4.68771e-74 6.32916e-74
0.666667 -1.48166e-73 5.65113e-73 7.63115e-73
0.670833 -1.75849e-72 6.65553e-72 8.98894e-72
0.675 -2.03934e-71 7.65947e-71 1.03466e-70
0.679167 -2.31148e-70 8.6154e-70 1.16398e-69
0.683333 -2.56115e-69 9.47337e-69 1.28011e-68
0.6875 -2.77466e-68 1.01853e-67 1.37655e-67
0.691667 -2.93972e-67 1.07096e-66 1.44766e-66
0.695833 -3.04653e-66 1.1015e-65 1.4892e-65
0.7 -3.08884e-65 1.10839e-64 1.49879e-64
0.704167 -3.06446e-64 1.09139e-63 1.47606e-63
0.708333 -2.97553e-63 1.05178e-62 1.42275e-62
0.7125 -2.82815e-62 9.92216e-62 1.34242e-61
0.716667 -2.63177e-61 9.16433e-61 1.24012e-60
0.720833 -2.39813e-60 8.28863e-60 1.12183e-59
0.725 -2.14019e-59 7.3422e-59 9.93922e-59
0.729167 -1.87093e-58 6.37091e-58 8.62602e-58
0.733333 -1.60236e-57 5.41602e-57 7.33453e-57
0.7375 -1.3447e-56 4.51158e-56 6.11091e-56
0.741667 -1.10593e-55 3.68312e-55 4.98974e-55
0.745833 -8.91506e-55 2.94718e-54 3.9935e-54
0.75 -7.04506e-54 2.31188e-53 3.13328e-53
0.754167 -5.45846e-53 1.77809e-52 2.41032e-52
0.758333 -4.14708e-52 1.34102e-51 1.8182e-51
0.7625 -3.09003e-51 9.91896e-51 1.34512e-50
0.766667 -2.25833e-50 7.19627e-50 9.76095e-50
0.770833 -1.61911e-49 5.12171e-49 6.94847e-49
0.775 -1.13889e-48 3.5764e-48 4.853e-48
0.779167 -7.86074e-48 2.45049e-47 3.32589e-47
0.783333 -5.32441e-47 1.64775e-46 2.23685e-46
0.7875 -3.53964e-46 1.08746e-45 1.47655e-45
0.791667 -2.30981e-45 7.04474e-45 9.5674e-45
0.795833 -1.4797e-44 4.48023e-44 6.08586e-44
0.8 -9.30681e-44 2.79747e-43 3.80085e-43
0.804167 -5.74781e-43 1.71518e-42 2.33086e-42
0.808333 -3.48599e-42 1.0327e-41 1.40371e-41
0.8125 -2.07643e-41 6.10674e-41 8.30242e-41
0.816667 -1.21483e-40 3.54694e-40 4.8233e-40
0.820833 -6.98184e-40 2.02373e-39 2.75256e-39
0.825 -3.942e-39 1.13435e-38 1.54321e-38
0.829167 -2.18674e-38 6.24702e-38 8.50053e-38
0.833333 -1.19193e-37 3.38044e-37 4.60089e-37
0.8375 -6.38437e-37 1.79756e-36 2.44708e-36
0.841667 -3.36072e-36 9.39384e-36 1.27909e-35
0.845833 -1.73872e-35 4.82485e-35 6.57108e-35
0.85 -8.84189e-35 2.4358e-34 3.3181e-34
0.854167 -4.4199e-34 1.20879e-33 1.64699e-33
0.858333 -2.17202e-33 5.89713e-33 8.03668e-33
0.8625 -1.04937e-32 2.82842e-32 3.85544e-32
0.866667 -4.98474e-32 1.3338e-31 1.8185e-31
0.870833 -2.32825e-31 6.18455e-31 8.43384e-31
0.875 -1.06935e-30 2.81984e-30 3.84623e-30
0.879167 -4.82988e-30 1.26435e-29 1.72493e-29
0.883333 -2.14541e-29 5.57522e-29 7.60776e-29
0.8875 -9.37266e-29 2.41786e-28 3.30003e-28
0.891667 -4.02734e-28 1.03133e-27 1.40791e-27
0.895833 -1.70216e-27 4.32701e-27 5.90818e-27
0.9 -7.07666e-27 1.78574e-26 2.43878e-26
0.904167 -2.89417e-26 7.24953e-26 9.90265e-26
0.908333 -1.16441e-25 2.89522e-25 3.95557e-25
0.9125 -4.60882e-25 1.1375e-24 1.5544e-24
0.916667 -1.79471e-24 4.39676e-24 6.00937e-24
0.920833 -6.87599e-24 1.67203e-23 2.28572e-23
0.925 -2.59195e-23 6.25601e-23 8.55375e-23
0.929167 -9.61349e-23 2.30307e-22 3.14952e-22
0.933333 -3.50841e-22 8.34224e-22 1.14103e-21
0.9375 -1.25987e-21 2.97327e-21 4.06747e-21
0.941667 -4.4518e-21 1.04273e-20 1.42671e-20
0.945833 -1.54792e-20 3.59836e-20 4.92422e-20
0.95 -5.2963e-20 1.2219e-19 1.67238e-19
0.954167 -1.78325e-19 4.08293e-19 5.58903e-19
0.958333 -5.90839e-19 1.34251e-18 1.83799e-18
0.9625 -1.92641e-18 4.3438e-18 5.94778e-18
0.966667 -6.18091e-18 1.38304e-17 1.89398e-17
0.970833 -1.95154e-17 4.33319e-17 5.93473e-17
0.975 -6.06352e-17 1.33595e-16 1.82991e-16
0.979167 -1.85391e-16 4.05298e-16 5.55212e-16
0.983333 -5.57783e-16 1.20992e-15 1.6576e-15
0.9875 -1.65138e-15 3.55409e-15 4.86954e-15
0.991667 -4.81091e-15 1.02726e-14 1.40757e-14
0.995833 -1.37909e-14 2.92149e-14 4.00331e-14
1 -3.88987e-14 8.17493e-14 1.12026e-13
1.00417 -1.07954e-13 2.25064e-13 3.08428e-13
1.00833 -2.94771e-13 6.09611e-13 8.35425e-13
1.0125 -7.91877e-13 1.62445e-12 2.22618e-12
1.01667 -2.09285e-12 4.25837e-12 5.83568e-12
1.02083 -5.44127e-12 1.0981e-11 1.50479e-11
1.025 -1.39162e-11 2.78532e-11 3.81668e-11
1.02917 -3.50084e-11 6.94886e-11 9.52123e-11
1.03333 -8.66209e-11 1.70501e-10 2.33596e-10
1.0375 -2.10785e-10 4.11414e-10 5.63595e-10
1.04167 -5.04415e-10 9.76189e-10 1.33709e-09
1.04583 -1.18694e-09 2.27745e-09 3.11892e-09
1.05 -2.74609e-09 5.22375e-09 7.15239e-09
1.05417 -6.24601e-09 1.17783e-08 1.61233e-08
1.05833 -1.3965e-08 2.61036e-08 3.5724e-08
1.0625 -3.06887e-08 5.68563e-08 7.77878e-08
1.06667 -6.62753e-08 1.2169e-07 1.66436e-07
1.07083 -1.40637e-07 2.55897e-07 3.49862e-07
1.075 -2.93192e-07 5.28614e-07 7.22423e-07
1.07917 -6.00393e-07 1.0725e-06 1.46505e-06
1.08333 -1.20745e-06 2.13677e-06 2.91737e-06
1.0875 -2.38433e-06 4.17956e-06 5.70324e-06
1.09167 -4.62202e-06 8.02449e-06 1.09431e-05
1.09583 -8.79355e-06 1.51187e-05 2.06035e-05
1.1 -1.64154e-05 2.79449e-05 3.80544e-05
1.10417 -3.0059e-05 5.06596e-05 6.89294e-05
1.10833 -5.39758e-05 9.00435e-05 0.000122406
1.1125 -9.50134e-05 0.000156865 0.000213031
1.11667 -0.000163898 0.000267746 0.000363214
1.12083 -0.000276943 0.000447568 0.000606422
1.125 -0.000458193 0.000732386 0.00099101
1.12917 -0.000741885 0.00117259 0.00158433
1.13333 -0.00117496 0.00183583 0.00247644
1.1375 -0.00181904 0.00280885 0.00378218
1.14167 -0.0027511 0.00419688 0.00563992
1.14583 -0.00406147 0.006119 0.00820459
1.15 -0.00584784 0.00869746 0.0116327
1.15417 -0.00820366 0.0120394 0.016057
1.15833 -0.0111999 0.0162098 0.0215497
1.1625 -0.0148599 0.0211971 0.0280763
1.16667 -0.0191292 0.026874 0.0354437
1.17083 -0.0238439 0.0329611 0.0432532
1.175 -0.0287048 0.0390016 0.0508714
1.17917 -0.0332661 0.0443616 0.0574341
1.18333 -0.0369484 0.0482655 0.0619011
1.1875 -0.0390857 0.0498753 0.0631687
1.19167 -0.039008 0.048414 0.060239
1.19583 -0.0361566 0.0433189 0.0524277
1.2 -0.0302141 0.0343996 0.0395704
1.20417 -0.0212247 0.0219619 0.022179
1.20833 -0.00966871 0.00685775 0.0014915
1.2125 0.00353745 -0.00957284 -0.0206244
1.21667 0.0171368 -0.0256771 -0.0419242
1.22083 0.0297182 -0.0397601 -0.0601588
1.225 0.0399617 -0.050395 -0.0734873
1.22917 0.0468847 -0.0566914 -0.0808206
1.23333 0.0500217 -0.0584443 -0.0819942
1.2375 0.0494814 -0.0561141 -0.0777117
1.24167 0.0458613 -0.0506412 -0.0692774
1.24583 0.0400482 -0.0431652 -0.0582186
1.25 0.0329825 -0.0347553 -0.0459463
1.25417 0.0254781 -0.0262643 -0.0335936
1.25833 0.0181725 -0.0183603 -0.022091
1.2625 0.0116185 -0.0117047 -0.0124134
1.26667 0.00645109 -0.00715648 -0.0058239
1.27083 0.00350852 -0.00584292 -0.00390464
1.275 0.00378726 -0.00898105 -0.00824369
1.27917 0.00818116 -0.0174553 -0.0198234
1.28333 0.017074 -0.0313036 -0.0383511
1.2875 0.0299628 -0.0493617 -0.0618791
1.29167 0.0453237 -0.0692952 -0.0869959
1.29583 0.0608537 -0.0880943 -0.109628
1.3 0.0740518 -0.102877 -0.126177
1.30417 0.082918 -0.111665 -0.134499
1.30833 0.0864535 -0.113763 -0.134247
1.3125 0.0847155 -0.109559 -0.126395
1.31667 0.0783944 -0.0998424 -0.112197
1.32083 0.0681459 -0.085045 -0.0921702
1.325 0.0540647 -0.06485 -0.0657252
1.32917 0.0356315 -0.0384492 -0.0317084
1.33333 0.012202 -0.00534301 0.0103967
1.3375 -0.016217 0.0337545 0.0593021
1.34167 -0.0483553 0.0764398 0.111491
1.34583 -0.0816098 0.118882 0.161834
1.35 -0.112592 0.156709 0.204941
1.35417 -0.138007 0.186054 0.236502
1.35833 -0.155396 0.204253 0.253963
1.3625 -0.163416 0.20994 0.25634
1.36667 -0.16163 0.202746 0.243596
1.37083 -0.150156 0.182999 0.216246
1.375 -0.129523 0.151772 0.175572
1.37917 -0.100887 0.111224 0.124233
1.38333 -0.066363 0.0648251 0.0666058
1.3875 -0.0290768 0.0170614 0.00830588
1.39167 0.00731577 -0.027447 -0.0450816
1.39583 0.0394792 -0.0649939 -0.089344
1.4 0.0651258 -0.0933874 -0.122214
1.40417 0.0831718 -0.111767 -0.142871
1.40833 0.0932896 -0.119898 -0.150923
1.4125 0.09531 -0.117617 -0.145884
1.41667 0.0890695 -0.105016 -0.12776
1.42083 0.0749319 -0.0832844 -0.098395
1.425 0.0545883 -0.0554934 -0.0623653
1.42917 0.031368 -0.0264479 -0.0263294
1.43333 0.00953557 -0.0013311 0.00319521
1.4375 -0.00721855 0.016204 0.0223932
1.44167 -0.0172017 0.0253128 0.0313744
1.44583 -0.0211133 0.0277545 0.0332203
1.45 -0.0211388 0.0263606 0.031553
1.45417 -0.0193942 0.0232623 0.0283689
1.45833 -0.0168142 0.0190753 0.0235888
1.4625 -0.0131852 0.0134453 0.0163711
1.46667 -0.00810342 0.00628972 0.00686518
1.47083 -0.00194202 -0.00140124 -0.00313263
1.475 0.00399919 -0.00785736 -0.0110889
1.47917 0.00822339 -0.0115808 -0.0152937
1.48333 0.00994844 -0.0121995 -0.0156797
1.4875 0.00941189 -0.0104267 -0.0133141
1.49167 0.00740012 -0.00729822 -0.00925368
1.49583 0.00455872 -0.00349465 -0.00398505
1.5 0.00118392 0.000622912 0.00204873
1.50417 -0.00236843 0.00444042 0.00756995
1.50833 -0.00522018 0.00677179 0.0104602
1.5125 -0.00613744 0.00637034 0.00903342
1.51667 -0.00438541 0.00297582 0.00361412
1.52083 -0.000552433 -0.0020773 -0.00312106
1.525 0.00351622 -0.00643219 -0.00765691
1.52917 0.0058216 -0.00819363 -0.00797486
1.53333 0.00554877 -0.00718095 -0.0048321
1.5375 0.00354843 -0.00491771 -0.000929289
1.54167 0.00156214 -0.00337204 0.00128943
1.54583 0.000860861 -0.00351503 0.00132264
1.55 0.00144106 -0.00486783 0.000460621
1.55417 0.00237381 -0.00628323 0.000175961
1.55833 0.00285536 -0.00712341 0.000675678
1.5625 0.00293737 -0.00773703 0.000906329
1.56667 0.0033136 -0.00888546 -0.000172732
1.57083 0.00446986 -0.0107643 -0.00238765
1.575 0.00606397 -0.0125837 -0.004352
1.57917 0.00710983 -0.0130881 -0.00458303
1.58333 0.00675679 -0.0115331 -0.00267108
1.5875 0.00495747 -0.0082889 0.000434945
1.59167 0.00250652 -0.00462819 0.00307516
1.59583 0.00051193 -0.00192012 0.00383701
1.6 -0.000258153 -0.000807125 0.00225474
1.60417 0.000225978 -0.000835862 -0.000920342
1.60833 0.0012281 -0.000698324 -0.00390492
1.6125 0.00156774 0.00102407 -0.00465097
1.61667 0.00024229 0.0049269 -0.00213014
1.62083 -0.00285054 0.0101739 0.00257792
1.625 -0.00656423 0.0147485 0.00650314
1.62917 -0.0090133 0.0166687 0.00670602
1.63333 -0.00886261 0.015483 0.0027172
1.6375 -0.00650924 0.0128709 -0.00264106
1.64167 -0.00405483 0.0116358 -0.00518879
1.64583 -0.00381963 0.0136645 -0.00278414
1.65 -0.00648225 0.0184594 0.00273534
1.65417 -0.0104639 0.0235534 0.00697207
1.65833 -0.0132158 0.0265499 0.00666911
1.6625 -0.0133626 0.0270581 0.00243089
1.66667 -0.0118089 0.0268347 -0.00196545
1.67083 -0.0108263 0.0280373 -0.00295181
1.675 -0.0119818 0.0311849 -0.000101378
1.67917 -0.0147926 0.0346082 0.00391219
1.68333 -0.0172236 0.0357408 0.00592921
1.6875 -0.0173991 0.032974 0.00484498
1.69167 -0.0149103 0.0265014 0.0019416
1.69583 -0.0107227 0.0177193 -0.000722777
1.7 -0.00610651 0.00803984 -0.00195766
1.70417 -0.00174648 -0.00180159 -0.00179044
1.70833 0.00234386 -0.0116572 -0.000885259
1.7125 0.0064254 -0.0215631 -8.721e-05
1.71667 0.0107452 -0.0314545 -0.000323935
1.72083 0.0154435 -0.0409676 -0.00223015
1.725 0.0203473 -0.0491993 -0.00532781
1.72917 0.0246584 -0.0546819 -0.00775334
1.73333 0.0270635 -0.0559825 -0.00750531
1.7375 0.0265879 -0.052745 -0.00448768
1.74167 0.0235837 -0.046223 -0.00115447
1.74583 0.0197118 -0.0385093 -0.000503147
1.75 0.016588 -0.0309216 -0.00302174
1.75417 0.0142723 -0.0230896 -0.00582747
1.75833 0.0112506 -0.0138167 -0.00534646
1.7625 0.00616785 -0.00298151 -0.00107217
1.76667 -0.000375465 0.00752119 0.00360601
1.77083 -0.00595925 0.0149852 0.00468654
1.775 -0.00848541 0.0181989 0.00168699
1.77917 -0.00819291 0.0185195 -0.00180008
1.78333 -0.00738941 0.018534 -0.00185956
1.7875 -0.00809552 0.019609 0.00163316
1.79167 -0.0100476 0.0208068 0.00496657
1.79583 -0.011158 0.02021 0.00465141
1.8 -0.00989411 0.0171598 0.00114185
1.80417 -0.00697167 0.0129975 -0.00180979
1.80833 -0.00454662 0.00958772 -0.0013406
1.8125 -0.00385789 0.00733535 0.00149027
1.81667 -0.00396173 0.00492844 0.00311233
1.82083 -0.00293554 0.00107552 0.00155061
1.825 -0.000151661 -0.00374588 -0.00146806
1.82917 0.00294901 -0.00752671 -0.00268926
1.83333 0.00441538 -0.0086909 -0.0011276
1.8375 0.0038548 -0.00756927 0.000948311
1.84167 0.00265985 -0.00577346 0.000888782
1.84583 0.00223187 -0.00433467 -0.00112031
1.85 0.00238402 -0.00287196 -0.00237396
1.85417 0.00182819 -0.000683351 -0.00108575
1.85833 7.0791e-05 0.00180095 0.00129509
1.8625 -0.00171704 0.00321195 0.00181834
1.86667 -0.00202814 0.00292026 -0.000243009
1.87083 -0.000932119 0.00201227 -0.00233373
1.875 -0.000121711 0.00216644 -0.0017066
1.87917 -0.00091041 0.00370552 0.00106249
1.88333 -0.00260712 0.00521857 0.00259458
1.8875 -0.00332053 0.00522784 0.000820562
1.89167 -0.00225722 0.00386032 -0.00233374
1.89583 -0.000692218 0.00255426 -0.00313246
1.9 -0.00040834 0.00229514 -0.000553913
1.90417 -0.00152152 0.00256972 0.0023592
1.90833 -0.00235178 0.00219243 0.00204654
1.9125 -0.00149105 0.000910364 -0.00133709
1.91667 0.000412157 -7.44097e-05 -0.00403571
1.92083 0.00125527 0.000765905 -0.00299928
1.925 -0.000208489 0.00363452 0.00063542
1.92917 -0.00292631 0.00687145 0.00282521
1.93333 -0.00454234 0.00821413 0.00113083
1.9375 -0.00379 0.00688111 -0.00258266
1.94167 -0.0017755 0.00441563 -0.00418741
1.94583 -0.000759371 0.0030958 -0.00184973
1.95 -0.00164124 0.00335146 0.00184681
1.95417 -0.00287724 0.00324133 0.00265861
1.95833 -0.00222398 0.000990482 -0.00050536
1.9625 0.000476048 -0.00237667 -0.00410233
1.96667 0.0027976 -0.00393744 -0.00383642
1.97083 0.00245804 -0.0025778 0.000266137
1.975 0.000186814 -0.0007522 0.00366883
1.97917 -0.000921022 -0.0017111 0.00264137
1.98333 0.000960047 -0.00561314 -0.00118741
1.9875 0.0042191 -0.00957157 -0.00279131
1.99167 0.00588648 -0.0114226 5.42152e-05
1.99583 0.00529717 -0.0120951 0.00411548
2 0.00465736 -0.0137265 0.00488796
2.00417 0.00598935 -0.016604 0.00212862
2.00833 0.00860776 -0.0190937 -0.000243359
2.0125 0.0102276 -0.0200164 0.000736508
2.01667 0.00985203 -0.019825 0.00375965
2.02083 0.00865539 -0.0194886 0.00543485
2.025 0.00824039 -0.0193545 0.00442348
2.02917 0.00889498 -0.0193554 0.00239555
2.03333 0.00969555 -0.0193236 0.00159829
2.0375 0.00965277 -0.0186568 0.00257439
2.04167 0.00848351 -0.0166221 0.00411039
2.04583 0.00674794 -0.0136557 0.00459612
2.05 0.00549634 -0.011478 0.00342203
2.05417 0.00534119 -0.0109609 0.00161114
2.05833 0.00561219 -0.0105709 0.000963551
2.0625 0.00491226 -0.00816206 0.00201358
2.06667 0.00284829 -0.00390062 0.00311889
2.07083 0.000639382 5.67732e-05 0.00241321
2.075 -0.000546276 0.0027503 0.000396581
2.07917 -0.00127329 0.00562509 -0.00067222
2.08333 -0.00296393 0.0100336 -4.46313e-05
2.0875 -0.0057133 0.0151299 0.00042301
2.09167 -0.00816905 0.0193958 -0.000849747
2.09583 -0.00965089 0.0230645 -0.00275563
2.1 -0.0111286 0.0274912 -0.00337881
2.10417 -0.0135526 0.0327369 -0.00308179
2.10833 -0.0162963 0.0373281 -0.0037372
2.1125 -0.018129 0.0401884 -0.00544886
2.11667 -0.0189212 0.0413582 -0.00630612
2.12083 -0.019308 0.0408435 -0.00557908
2.125 -0.0192117 0.0382465 -0.00492841
2.12917 -0.0179179 0.0337921 -0.00560079
2.13333 -0.0154128 0.0283546 -0.0063826
2.1375 -0.0124677 0.0221029 -0.00565425
2.14167 -0.00940187 0.0144583 -0.00389048
2.14583 -0.00587169 0.00578834 -0.00254977
2.15 -0.00194543 -0.00239804 -0.00176696
2.15417 0.00177967 -0.00954365 -0.000871459
2.15833 0.00526397 -0.0165516 -6.56459e-05
2.1625 0.00889595 -0.0232184 0.000354867
2.16667 0.0119965 -0.0272173 0.0013956
2.17083 0.0130787 -0.0274188 0.00363712
2.175 0.0123169 -0.0262938 0.00503683
2.17917 0.011965 -0.0264261 0.00344611
2.18333 0.012989 -0.0261489 0.000866802
2.1875 0.013044 -0.0220081 0.00147186
2.19167 0.00987852 -0.0147634 0.00488847
2.19583 0.00532918 -0.00894165 0.00570204
2.2 0.00310262 -0.00617129 0.00155872
2.20417 0.00327344 -0.00324339 -0.00246541
2.20833 0.00230721 0.0018105 -0.00110122
2.2125 -0.00116855 0.00604418 0.0029715
2.21667 -0.00411184 0.00669323 0.00311717
2.22083 -0.00394655 0.00608435 -0.00117397
2.225 -0.00250281 0.0076001 -0.00390278
2.22917 -0.00276844 0.00975392 -0.00193296
2.23333 -0.00424996 0.00895361 0.00101452
2.2375 -0.00448102 0.006052 0.00100145
2.24167 -0.00330161 0.00479894 -0.000724902
2.24583 -0.00237659 0.00489984 -0.0013762
2.25 -0.00169818 0.00259121 -0.00117003
2.25417 -0.000100592 -0.00177083 -0.00111255
2.25833 0.00142889 -0.00315778 -0.000115477
2.2625 0.000806625 -0.000582174 0.00202446
2.26667 -0.000798619 0.00011868 0.00223393
2.27083 0.000179864 -0.00434763 -0.000946149
2.275 0.003646 -0.00850494 -0.00315362
2.27917 0.0049288 -0.00636362 -0.000132343
2.28333 0.00187652 -0.00106347 0.0044729
2.2875 -0.00126746 0.000214814 0.00356246
2.29167 -0.000228388 -0.00235483 -0.00215638
2.29583 0.00258792 -0.00241064 -0.00442878
2.3 0.00202454 0.00147709 6.91881e-05
2.30417 -0.00158941 0.00372742 0.00457504
2.30833 -0.00315332 0.00147344 0.0026078
2.3125 -0.00085674 -0.00100206 -0.00260508
2.31667 0.00151855 5.1655e-05 -0.00376183
2.32083 0.00087406 0.002056 -0.000142427
2.325 -0.00109125 0.00143709 0.00280752
2.32917 -0.00149992 -0.000461462 0.00198228
2.33333 -0.000389887 -0.000845625 -0.000523605
2.3375 0.000696646 -0.000617393 -0.00187441
2.34167 0.00133393 -0.00169478 -0.00138244
2.34583 0.00149771 -0.00259551 0.000465075
2.35 0.000641505 -0.00123447 0.00225333
2.35417 -0.000690182 0.000555331 0.00165464
2.35833 -0.000567105 -0.00013356 -0.00149822
2.3625 0.00122462 -0.00206905 -0.00333623
2.36667 0.00207903 -0.00207205 -0.000844251
2.37083 0.000537649 -0.00063048 0.00274708
2.375 -0.00102069 -0.000651311 0.00201035
2.37917 -6.92903e-05 -0.00206067 -0.00220281
2.38333 0.0019585 -0.00247604 -0.0037607
2.3875 0.00217474 -0.00210738 -0.000764478
2.39167 0.00091617 -0.00294513 0.0018407
2.39583 0.000593459 -0.00401241 0.000498972
2.4 0.00137013 -0.00290933 -0.00194137
2.40417 0.00158942 -0.00139909 -0.00197663
2.40833 0.00140491 -0.00322475 -0.000849709
2.4125 0.00214269 -0.00648665 -0.000789919
2.41667 0.00281783 -0.00540918 -0.00066463
2.42083 0.00148586 -0.000696407 0.000558513
2.425 -0.000321173 5.15724e-05 0.000415296
2.42917 0.000760818 -0.00494461 -0.00226876
2.43333 0.00360058 -0.00726842 -0.00332186
2.4375 0.0032383 -0.00191726 0.000355729
2.44167 -0.00076885 0.0032358 0.00396918
2.44583 -0.00245169 -0.000248498 0.0014151
2.45 0.00116821 -0.00669383 -0.00392281
2.45417 0.00443936 -0.00479142 -0.00331896
2.45833 0.00164601 0.00370147 0.00312196
2.4625 -0.00354144 0.00650824 0.00572009
2.46667 -0.00368346 0.00106749 0.000435039
2.47083 0.00046209 -0.00135407 -0.00444872
2.475 0.00128559 0.00530765 -0.00145396
2.47917 -0.00323966 0.0118167 0.00438587
2.48333 -0.00654308 0.0093302 0.00404162
2.4875 -0.00441763 0.00402494 -0.00122559
2.49167 -0.00146195 0.00609225 -0.00281065
2.49583 -0.00286862 0.0124085 0.00116651
2.5 -0.00603978 0.0123953 0.00396611
2.50417 -0.00573023 0.00640363 0.00200456
2.50833 -0.00301644 0.00491926 -0.000213806
2.5125 -0.00283337 0.0104481 0.0011447
2.51667 -0.00523794 0.0134794 0.0031517
2.52083 -0.00577039 0.00902574 0.00237462
2.525 -0.00359879 0.00485965 0.00103458
2.52917 -0.00274789 0.00760948 0.00222365
2.53333 -0.00457087 0.011272 0.00375706
2.5375 -0.00517948 0.00790229 0.00220561
2.54167 -0.0024509 0.00153368 -0.000388543
2.54583 -7.58854e-05 0.00118561 0.000275369
2.55 -0.0012881 0.00531839 0.00297008
2.55417 -0.00313255 0.00454158 0.00259172
2.55833 -0.00133366 -0.00245805 -0.00113538
2.5625 0.00251904 -0.00709372 -0.00291044
2.56667 0.00368805 -0.00552882 -0.00058816
2.57083 0.00210416 -0.00434959 0.00133468
2.575 0.0020737 -0.00847281 -0.000781225
2.57917 0.00483808 -0.0129537 -0.0039492
2.58333 0.00676394 -0.0121487 -0.00377968
2.5875 0.00569168 -0.00930395 -0.00143864
2.59167 0.0042691 -0.0102505 -0.00110185
2.59583 0.0050861 -0.0131945 -0.00308325
2.6 0.00646154 -0.0122981 -0.00402833
2.60417 0.00570813 -0.0078925 -0.00271039
2.60833 0.00362259 -0.00553415 -0.0013912
2.6125 0.0027378 -0.00650709 -0.00156647
2.61667 0.00308792 -0.00640413 -0.00197803
2.62083 0.00270423 -0.00312013 -0.00140101
2.625 0.00118406 6.8878e-05 -0.000534083
2.62917 1.37567e-05 0.000530938 -0.000255301
2.63333 -0.000164365 8.8761e-05 -0.000160976
2.6375 -0.000245017 0.000925545 0.000288924
2.64167 -0.000706818 0.00186568 0.000777315
2.64583 -0.000895054 0.00104915 0.000957086
2.65 -0.000421604 -0.000680381 0.00101258
2.65417 0.000176723 -0.00131497 0.000996206
2.65833 0.000381018 -0.000649043 0.000724427
2.6625 0.00024999 3.44566e-05 0.00047599
2.66667 1.35553e-05 -0.000133551 0.000642343
2.67083 -6.57051e-05 -0.00114689 0.000722582
2.675 0.000368412 -0.00236332 -1.52099e-05
2.67917 0.00116197 -0.00258924 -0.000948156
2.68333 0.00136994 -0.00121684 -0.000720838
2.6875 0.000482676 0.000456918 0.000462493
2.69167 -0.000532549 0.000623582 0.000867906
2.69583 -0.000494299 -0.000175843 -5.71147e-05
2.7 0.000114518 0.000448586 -0.000711924
2.70417 -0.000194447 0.00302097 0.000150332
2.70833 -0.00161054 0.00525346 0.00146539
2.7125 -0.00277227 0.00562628 0.00152759
2.71667 -0.00288177 0.00555925 0.000500474
2.72083 -0.00269018 0.00658069 -3.26629e-05
2.725 -0.00298419 0.00747722 0.000582456
2.72917 -0.00331837 0.00636699 0.00138552
2.73333 -0.00294804 0.00410378 0.00130501
2.7375 -0.00211528 0.00313332 0.0004188
2.74167 -0.00157152 0.00362762 -0.000393785
2.74583 -0.00137154 0.00323546 -0.000496971
2.75 -0.000953484 0.000805078 -4.99329e-05
2.75417 -0.000146618 -0.00183725 0.0002181
2.75833 0.000618718 -0.00260725 -0.000237273
2.7625 0.0010368 -0.00199102 -0.00109526
2.76667 0.00126542 -0.00195908 -0.00138523
2.77083 0.00147973 -0.00309634 -0.00062442
2.775 0.00158236 -0.00416179 0.000423392
2.77917 0.00152378 -0.00409159 0.000542507
2.78333 0.00150909 -0.00321323 -0.000368376
2.7875 0.0016243 -0.00239215 -0.00103017
2.79167 0.00154899 -0.00186822 -0.000397097
2.79583 0.000971023 -0.0012724 0.000886359
2.8 0.000128723 -0.000339574 0.00125877
2.80417 -0.000391138 0.000666642 0.000324486
2.80833 -0.000350495 0.00113439 -0.000608357
2.8125 -9.34448e-05 0.000787188 -0.0002935
2.81667 -9.44274e-05 0.000239961 0.000842733
2.82083 -0.000458675 0.000403027 0.00136852
2.825 -0.000835071 0.00106445 0.000701381
2.82917 -0.000717762 0.000836229 -0.00027726
2.83333 8.0295e-06 -0.000788232 -0.000337774
2.8375 0.000720266 -0.00218321 0.000735192
2.84167 0.000602208 -0.0016386 0.00188982
2.84583 -0.000237714 -2.84675e-05 0.0018861
2.85 -0.000673126 0.000240233 0.000795965
2.85417 -5.96219e-05 -0.00123162 0.000191274
2.85833 0.000689868 -0.00221565 0.00126649
2.8625 0.000299132 -0.00113564 0.0030221
2.86667 -0.000987833 0.000831645 0.0033537
2.87083 -0.00174108 0.00179018 0.00201031
2.875 -0.00147295 0.00179874 0.00113795
2.87917 -0.00131981 0.00234736 0.00229401
2.88333 -0.00231159 0.00407495 0.00419737
2.8875 -0.00390421 0.00610895 0.00452377
2.89167 -0.00478268 0.00726163 0.00305391
2.89583 -0.00453443 0.00719942 0.00175644
2.9 -0.00397403 0.00666124 0.00209336
2.90417 -0.00404544 0.00668443 0.00333619
2.90833 -0.00471299 0.0072342 0.00361002
2.9125 -0.00491473 0.00690572 0.00202342
2.91667 -0.00373217 0.00485747 -0.000318234
2.92083 -0.00172302 0.00256179 -0.00139082
2.925 -0.000576397 0.00211102 -0.000652674
2.92917 -0.000943159 0.00299375 -8.05253e-05
2.93333 -0.00127775 0.00254938 -0.00184045
2.9375 0.000168593 -5.18288e-05 -0.00509535
2.94167 0.00272671 -0.00245579 -0.00672632
2.94583 0.0040968 -0.00268828 -0.00562184
2.95 0.00364661 -0.00206504 -0.00438284
2.95417 0.00332326 -0.00304435 -0.00561377
2.95833 0.00482125 -0.00565992 -0.00815743
2.9625 0.00725718 -0.0078159 -0.008791
2.96667 0.00856238 -0.00829789 -0.00669988
2.97083 0.00826348 -0.00797154 -0.00434811
2.975 0.00787466 -0.00833967 -0.00408622
2.97917 0.00889117 -0.00993014 -0.00538565
2.98333 0.0111179 -0.0119377 -0.00574122
2.9875 0.0130114 -0.0130644 -0.00361277
2.99167 0.013505 -0.01309 -0.000210559
2.99583 0.0134228 -0.0134445 0.00176808
