0 0 0 0
0.00416667 0 0 0
0.00833333 0 0 0
0.0125 0 0 0
0.0166667 0 0 0
0.0208333 0 0 0
0.025 0 0 0
0.0291667 0 0 0
0.0333333 0 0 0
0.0375 0 0 0
0.0416667 0 0 0
0.0458333 0 0 0
0.05 0 0 0
0.0541667 0 0 0
0.0583333 0 0 0
0.0625 0 0 0
0.0666667 0 0 0
0.0708333 0 0 0
0.075 0 0 0
0.0791667 0 0 0
0.0833333 0 0 0
0.0875 0 0 0
0.0916667 0 0 0
0.0958333 0 0 0
0.1 0 0 0
0.104167 0 0 0
0.108333 0 0 0
0.1125 0 0 0
0.116667 0 0 0
0.120833 0 0 0
0.125 -1.82804e-322 3.78948e-321 8.18173e-321
0.129167 -2.0713e-316 2.85593e-315 6.08258e-315
0.133333 -1.00455e-310 1.3401e-309 2.85475e-309
0.1375 -3.2105e-305 4.14804e-304 8.83831e-304
0.141667 -6.93329e-300 8.68414e-299 1.85076e-298
0.145833 -1.03514e-294 1.25803e-293 2.68173e-293
0.15 -1.091e-289 1.28762e-288 2.74546e-288
0.154167 -8.2744e-285 9.49105e-284 2.02417e-283
0.158333 -4.59593e-280 5.12734e-279 1.09379e-278
0.1625 -1.9001e-275 2.0632e-274 4.40247e-274
0.166667 -5.93523e-271 6.27688e-270 1.33972e-269
0.170833 -1.42026e-266 1.46383e-265 3.12521e-265
0.175 -2.63716e-262 2.65056e-261 5.66038e-261
0.179167 -3.84511e-258 3.77086e-257 8.0551e-257
0.183333 -4.4514e-254 4.26181e-253 9.1065e-253
0.1875 -4.13408e-250 3.86607e-249 8.26335e-249
0.191667 -3.10983e-246 2.84208e-245 6.07653e-245
0.195833 -1.91195e-242 1.70841e-241 3.65382e-241
0.2 -9.68856e-239 8.46814e-238 1.81168e-237
0.204167 -4.07861e-235 3.48853e-234 7.4658e-234
0.208333 -1.43699e-231 1.20328e-230 2.57599e-230
0.2125 -4.2669e-228 3.4993e-227 7.49384e-227
0.216667 -1.07481e-224 8.63619e-224 1.8501e-223
0.220833 -2.31098e-221 1.81998e-220 3.90026e-220
0.225 -4.26615e-218 3.29414e-217 7.06192e-217
0.229167 -6.79894e-215 5.14906e-214 1.10425e-213
0.233333 -9.40311e-212 6.98684e-211 1.49893e-210
0.2375 -1.13413e-208 8.27051e-208 1.775e-207
0.241667 -1.19852e-205 8.58031e-205 1.84219e-204
0.245833 -1.11463e-202 7.83623e-202 1.6831e-201
0.25 -9.16116e-200 6.32649e-199 1.35937e-198
0.254167 -6.6808e-197 4.53312e-196 9.74424e-196
0.258333 -4.33924e-194 2.89368e-193 6.22272e-193
0.2625 -2.51924e-191 1.65153e-190 3.55301e-190
0.266667 -1.31186e-188 8.45646e-188 1.82005e-187
0.270833 -6.14741e-186 3.89743e-185 8.39191e-185
0.275 -2.60036e-183 1.62183e-182 3.49364e-182
0.279167 -9.95882e-181 6.11167e-180 1.31712e-179
0.283333 -3.46297e-178 2.09158e-177 4.50957e-177
0.2875 -1.09632e-175 6.51818e-175 1.406e-174
0.291667 -3.16814e-173 1.85456e-172 4.00224e-172
0.295833 -8.37776e-171 4.82946e-170 1.04271e-169
0.3 -2.03209e-168 1.1538e-167 2.49231e-167
0.304167 -4.5315e-166 2.53467e-165 5.47778e-165
0.308333 -9.31052e-164 5.13127e-163 1.10948e-162
0.3125 -1.76625e-161 9.59283e-161 2.07519e-160
0.316667 -3.09991e-159 1.65944e-158 3.59163e-158
0.320833 -5.04322e-157 2.66138e-156 5.76313e-156
0.325 -7.61963e-155 3.96449e-154 8.58942e-154
0.329167 -1.07104e-152 5.49514e-152 1.19119e-151
0.333333 -1.40302e-150 7.09944e-150 1.53977e-149
0.3375 -1.71567e-148 8.56329e-148 1.85826e-147
0.341667 -1.96156e-146 9.65868e-146 2.0971e-145
0.345833 -2.10009e-144 1.02028e-143 2.21646e-143
0.35 -2.10853e-142 1.01085e-141 2.19719e-141
0.354167 -1.98815e-140 9.40668e-140 2.04579e-139
0.358333 -1.76296e-138 8.23309e-138 1.79157e-137
0.3625 -1.47209e-136 6.78642e-136 1.47761e-135
0.366667 -1.15899e-134 5.27502e-134 1.1492e-133
0.370833 -8.6142e-133 3.87122e-132 8.4387e-132
0.375 -6.05145e-131 2.68553e-130 5.85753e-130
0.379167 -4.02266e-129 1.76306e-128 3.84781e-128
0.383333 -2.53315e-127 1.09659e-126 2.39472e-126
0.3875 -1.51276e-125 6.46889e-125 1.41353e-124
0.391667 -8.57615e-124 3.62303e-123 7.92163e-123
0.395833 -4.62027e-122 1.92845e-121 4.21913e-121
0.4 -2.36766e-120 9.76481e-120 2.13772e-119
0.404167 -1.1552e-118 4.7081e-118 1.03136e-117
0.408333 -5.3713e-117 2.16348e-116 4.74237e-116
0.4125 -2.38217e-115 9.48346e-115 2.08014e-114
0.416667 -1.00857e-113 3.96883e-113 8.71108e-113
0.420833 -4.07989e-112 1.58708e-111 3.48575e-111
0.425 -1.57814e-110 6.06918e-110 1.33388e-109
0.429167 -5.84173e-109 2.22122e-108 4.88506e-108
0.433333 -2.07092e-107 7.786e-107 1.71351e-106
0.4375 -7.03612e-106 2.61588e-105 5.76088e-105
0.441667 -2.29278e-104 8.42975e-104 1.85774e-103
0.445833 -7.17057e-103 2.60738e-102 5.75011e-102
0.45 -2.15378e-101 7.74603e-101 1.70945e-100
0.454167 -6.21709e-100 2.21169e-99 4.88438e-99
0.458333 -1.72581e-98 6.0732e-98 1.34218e-97
0.4625 -4.60982e-97 1.60482e-96 3.54922e-96
0.466667 -1.18556e-95 4.08331e-95 9.03718e-95
0.470833 -2.93744e-94 1.00099e-93 2.217e-93
0.475 -7.01561e-93 2.3655e-92 5.243e-92
0.479167 -1.61605e-91 5.39182e-91 1.19595e-90
0.483333 -3.59227e-90 1.18604e-89 2.63271e-89
0.4875 -7.70972e-89 2.51909e-88 5.59594e-88
0.491667 -1.5984e-87 5.16879e-87 1.14907e-86
0.495833 -3.20277e-86 1.02506e-85 2.28055e-85
0.5 -6.20539e-85 1.9658e-84 4.37683e-84
0.504167 -1.16311e-83 3.64719e-83 8.1267e-83
0.508333 -2.11e-82 6.54949e-82 1.4605e-81
0.5125 -3.70634e-81 1.13889e-80 2.54164e-80
0.516667 -6.30668e-80 1.91853e-79 4.2849e-79
0.520833 -1.04e-78 3.13221e-78 7.00113e-78
0.525 -1.66274e-77 4.95806e-77 1.10911e-76
0.529167 -2.57838e-76 7.61245e-76 1.70425e-75
0.533333 -3.87947e-75 1.13412e-74 2.54108e-74
0.5375 -5.6659e-74 1.64015e-73 3.67784e-73
0.541667 -8.03524e-73 2.30334e-72 5.16917e-72
0.545833 -1.10693e-71 3.14226e-71 7.05764e-71
0.55 -1.4818e-70 4.16572e-70 9.36405e-70
0.554167 -1.92822e-69 5.36848e-69 1.20777e-68
0.558333 -2.43987e-68 6.72782e-68 1.51484e-67
0.5625 -3.00308e-67 8.20166e-67 1.84823e-66
0.566667 -3.59664e-66 9.72912e-66 2.19427e-65
0.570833 -4.19268e-65 1.12338e-64 2.53575e-64
0.575 -4.75868e-64 1.26297e-63 2.85325e-63
0.579167 -5.26031e-63 1.38294e-62 3.12692e-62
0.583333 -5.66491e-62 1.47531e-61 3.33862e-61
0.5875 -5.94507e-61 1.53377e-60 3.47387e-60
0.591667 -6.08168e-60 1.55436e-59 3.52352e-59
0.595833 -6.06613e-59 1.53596e-58 3.48478e-58
0.6 -5.90115e-58 1.48032e-57 3.36144e-57
0.604167 -5.60032e-57 1.39185e-56 3.16328e-56
0.608333 -5.18619e-56 1.27704e-55 2.90484e-55
0.6125 -4.68763e-55 1.14365e-54 2.60368e-54
0.616667 -4.13648e-54 9.99921e-54 2.27844e-53
0.620833 -3.56439e-53 8.53741e-53 1.94705e-52
0.625 -2.99996e-52 7.11989e-52 1.62518e-51
0.629167 -2.46673e-51 5.80103e-51 1.32529e-50
0.633333 -1.98197e-50 4.61867e-50 1.05609e-49
0.6375 -1.55646e-49 3.59419e-49 8.22557e-49
0.641667 -1.1949e-48 2.73433e-48 6.26318e-48
0.645833 -8.96955e-48 2.034e-47 4.66311e-47
0.65 -6.58478e-47 1.47977e-46 3.39545e-46
0.654167 -4.72855e-46 1.05307e-45 2.41848e-45
0.658333 -3.32211e-45 7.33217e-45 1.68537e-44
0.6625 -2.28392e-44 4.99566e-44 1.1493e-43
0.666667 -1.53676e-43 3.33136e-43 7.6708e-43
0.670833 -1.01221e-42 2.17467e-42 5.01176e-42
0.675 -6.52748e-42 1.3899e-41 3.20596e-41
0.679167 -4.12199e-41 8.69892e-41 2.00824e-40
0.683333 -2.54933e-40 5.33226e-40 1.23208e-39
0.6875 -1.54444e-39 3.20178e-39 7.40443e-39
0.691667 -9.16672e-39 1.88353e-38 4.35959e-38
0.695833 -5.33112e-38 1.08573e-37 2.51516e-37
0.7 -3.03844e-37 6.13343e-37 1.42206e-36
0.704167 -1.69736e-36 3.39611e-36 7.88068e-36
0.708333 -9.29504e-36 1.84339e-35 4.28119e-35
0.7125 -4.99046e-35 9.81001e-35 2.28024e-34
0.716667 -2.62725e-34 5.11915e-34 1.19089e-33
0.720833 -1.35641e-33 2.61974e-33 6.09944e-33
0.725 -6.86854e-33 1.31494e-32 3.06404e-32
0.729167 -3.41174e-32 6.47437e-32 1.50986e-31
0.733333 -1.66257e-31 3.12739e-31 7.29913e-31
0.7375 -7.94921e-31 1.48221e-30 3.46215e-30
0.741667 -3.72958e-30 6.89342e-30 1.61143e-29
0.745833 -1.71726e-29 3.14631e-29 7.36065e-29
0.75 -7.76067e-29 1.40947e-28 3.29993e-28
0.754167 -3.44266e-28 6.19792e-28 1.45219e-27
0.758333 -1.49922e-27 2.67555e-27 6.27358e-27
0.7625 -6.40997e-27 1.13397e-26 2.66086e-26
0.766667 -2.69095e-26 4.719e-26 1.10812e-25
0.770833 -1.10932e-25 1.92841e-25 4.53152e-25
0.775 -4.491e-25 7.73908e-25 1.81985e-24
0.779167 -1.78569e-24 3.05039e-24 7.17787e-24
0.783333 -6.97399e-24 1.18095e-23 2.78074e-23
0.7875 -2.67548e-23 4.49113e-23 1.05819e-22
0.791667 -1.00832e-22 1.67787e-22 3.95585e-22
0.795833 -3.73342e-22 6.15841e-22 1.45284e-21
0.8 -1.35818e-21 2.22086e-21 5.24234e-21
0.804167 -4.85482e-21 7.86938e-21 1.85863e-20
0.808333 -1.70525e-20 2.74004e-20 6.4751e-20
0.8125 -5.88604e-20 9.37548e-20 2.21673e-19
0.816667 -1.99667e-19 3.15266e-19 7.45784e-19
0.820833 -6.65672e-19 1.04191e-18 2.46588e-18
0.825 -2.18125e-18 3.38432e-18 8.01326e-18
0.829167 -7.02527e-18 1.0805e-17 2.55944e-17
0.833333 -2.22408e-17 3.39082e-17 8.03517e-17
0.8375 -6.92128e-17 1.046e-16 2.47958e-16
0.841667 -2.11731e-16 3.17189e-16 7.52156e-16
0.845833 -6.36739e-16 9.45541e-16 2.24283e-15
0.85 -1.88246e-15 2.77095e-15 6.57442e-15
0.854167 -5.47133e-15 7.98314e-15 1.89451e-14
0.858333 -1.56339e-14 2.26112e-14 5.36695e-14
0.8625 -4.39197e-14 6.29632e-14 1.49469e-13
0.866667 -1.21303e-13 1.72372e-13 4.09235e-13
0.870833 -3.29389e-13 4.63946e-13 1.10153e-12
0.875 -8.79373e-13 1.22769e-12 2.91486e-12
0.879167 -2.30814e-12 3.19398e-12 7.58298e-12
0.883333 -5.95628e-12 8.16943e-12 1.93935e-11
0.8875 -1.51114e-11 2.0543e-11 4.87596e-11
0.891667 -3.76917e-11 5.07854e-11 1.20516e-10
0.895833 -9.24247e-11 1.23427e-10 2.92816e-10
0.9 -2.22802e-10 2.9489e-10 6.99357e-10
0.904167 -5.27987e-10 6.92592e-10 1.64187e-09
0.908333 -1.22994e-09 1.59898e-09 3.78877e-09
0.9125 -2.8163e-09 3.62855e-09 8.5931e-09
0.916667 -6.3385e-09 8.09331e-09 1.91545e-08
0.920833 -1.4021e-08 1.77416e-08 4.19593e-08
0.925 -3.04806e-08 3.8221e-08 9.03215e-08
0.929167 -6.5116e-08 8.09131e-08 1.91039e-07
0.933333 -1.36689e-07 1.68307e-07 3.96988e-07
0.9375 -2.81913e-07 3.43962e-07 8.10424e-07
0.941667 -5.71198e-07 6.90548e-07 1.62508e-06
0.945833 -1.13683e-06 1.36175e-06 3.20044e-06
0.95 -2.2222e-06 2.63732e-06 6.18947e-06
0.954167 -4.26565e-06 5.01563e-06 1.17527e-05
0.958333 -8.03953e-06 9.36506e-06 2.1907e-05
0.9625 -1.48745e-05 1.71649e-05 4.00785e-05
0.966667 -2.70106e-05 3.08765e-05 7.19496e-05
0.970833 -4.81297e-05 5.44974e-05 0.000126716
0.975 -8.41344e-05 9.43579e-05 0.000218884
0.979167 -0.000144245 0.000160221 0.000370721
0.983333 -0.000242477 0.000266727 0.000615457
0.9875 -0.000399523 0.000435193 0.00100119
0.991667 -0.000644998 0.000695669 0.00159525
0.995833 -0.00101988 0.00108907 0.00248861
1 -0.00157878 0.00166893 0.00379916
1.00417 -0.00239143 0.00250228 0.00567264
1.00833 -0.00354255 0.00366856 0.00827916
1.0125 -0.00512888 0.00525577 0.0118029
1.01667 -0.00725208 0.00735252 0.0164226
1.02083 -0.0100063 0.0100352 0.0222818
1.025 -0.01346 0.0133497 0.0294472
1.02917 -0.017631 0.0172889 0.0378591
1.03333 -0.0224589 0.0217678 0.047278
1.0375 -0.0277763 0.0265998 0.0572394
1.04167 -0.0332862 0.0314813 0.067027
1.04583 -0.0385524 0.0359907 0.0756828
1.05 -0.0430124 0.0396078 0.0820644
1.05417 -0.0460185 0.04176 0.0849599
1.05833 -0.0469089 0.0418935 0.0832553
1.0625 -0.0451078 0.0395657 0.0761372
1.06667 -0.0402383 0.0345419 0.063296
1.07083 -0.0322301 0.0268797 0.0450851
1.075 -0.0213946 0.0169759 0.022585
1.07917 -0.00844066 0.00555638 -0.0024649
1.08333 0.00558509 -0.00640214 -0.0278802
1.0875 0.0194378 -0.0178128 -0.0513684
1.09167 0.0318729 -0.02766 -0.0709235
1.09583 0.0418636 -0.0351801 -0.0851863
1.1 0.0487854 -0.039998 -0.0936716
1.10417 0.0525138 -0.0421776 -0.0967899
1.10833 0.0534042 -0.0421691 -0.0956504
1.1125 0.0521556 -0.0406669 -0.0917021
1.11667 0.0496001 -0.0384222 -0.0863352
1.12083 0.04649 -0.0360759 -0.0805904
1.125 0.0433618 -0.0340715 -0.0750913
1.12917 0.0405318 -0.0326814 -0.0702287
1.13333 0.0382223 -0.0321287 -0.0665122
1.1375 0.0367583 -0.0327412 -0.064903
1.14167 0.0367265 -0.0350444 -0.0669165
1.14583 0.0389847 -0.0397136 -0.0743444
1.15 0.0444584 -0.0473556 -0.0886049
1.15417 0.0537531 -0.0581718 -0.109909
1.15833 0.0667059 -0.0716203 -0.136569
1.1625 0.0820624 -0.0862301 -0.164793
1.16667 0.0974508 -0.099683 -0.189149
1.17083 0.109729 -0.109189 -0.203661
1.175 0.115639 -0.112066 -0.203196
1.17917 0.112573 -0.106341 -0.184696
1.18333 0.0991837 -0.091183 -0.147812
1.1875 0.0756425 -0.0670249 -0.0947611
1.19167 0.0434772 -0.0353754 -0.0295536
1.19583 0.00510066 0.0015638 0.0430292
1.2 -0.036736 0.041292 0.118232
1.20417 -0.0793317 0.0812622 0.191621
1.20833 -0.120147 0.118946 0.258912
1.2125 -0.156693 0.151795 0.315644
1.21667 -0.186394 0.177239 0.357112
1.22083 -0.206625 0.192873 0.37883
1.225 -0.215034 0.196819 0.377432
1.22917 -0.210072 0.188179 0.351682
1.23333 -0.191504 0.167369 0.303112
1.2375 -0.160669 0.136189 0.235992
1.24167 -0.120359 0.0975707 0.156646
1.24583 -0.0743605 0.0551062 0.0724162
1.25 -0.0268562 0.0125253 -0.00936187
1.25417 0.018122 -0.0267314 -0.0821081
1.25833 0.0570735 -0.0597854 -0.140481
1.2625 0.0872639 -0.084483 -0.180738
1.26667 0.106903 -0.0995224 -0.201081
1.27083 0.115314 -0.104576 -0.201917
1.275 0.113045 -0.100356 -0.185825
1.27917 0.101805 -0.0885396 -0.157052
1.28333 0.0841441 -0.071499 -0.120613
1.2875 0.0629475 -0.0519009 -0.0813385
1.29167 0.0409279 -0.0322986 -0.0432662
1.29583 0.0203186 -0.0148448 -0.00955717
1.3 0.00283064 -0.00115718 0.017278
1.30417 -0.0102541 0.00774116 0.0352867
1.30833 -0.0180783 0.0115053 0.0434321
1.3125 -0.0204159 0.0105888 0.0422605
1.31667 -0.0179699 0.00627873 0.0342977
1.32083 -0.0124514 0.000471987 0.0235638
1.325 -0.00617301 -0.00486996 0.0141094
1.32917 -0.00119673 -0.00841571 0.00823262
1.33333 0.0015489 -0.00994632 0.00548112
1.3375 0.00261448 -0.0102909 0.00323461
1.34167 0.00351812 -0.010666 -0.00130107
1.34583 0.00559693 -0.0117597 -0.00887408
1.35 0.00892084 -0.0131238 -0.017238
1.35417 0.0120174 -0.0133084 -0.0222509
1.35833 0.012677 -0.0107229 -0.020448
1.3625 0.00938725 -0.00471966 -0.0114486
1.36667 0.00247274 0.00378791 0.00143055
1.37083 -0.00584253 0.012604 0.0128367
1.375 -0.0125434 0.0192901 0.0182821
1.37917 -0.0154198 0.0223517 0.0164305
1.38333 -0.0141513 0.0218771 0.00938822
1.3875 -0.0102496 0.0193138 0.00102098
1.39167 -0.00601261 0.0166212 -0.00537114
1.39583 -0.00327245 0.0153826 -0.00843395
1.4 -0.00274455 0.0163683 -0.00852121
1.40417 -0.00423047 0.0196309 -0.00647639
1.40833 -0.00725873 0.0248242 -0.00272009
1.4125 -0.0114952 0.0313743 0.00256661
1.41667 -0.0165916 0.0383997 0.00853065
1.42083 -0.0217473 0.0446142 0.0131572
1.425 -0.0255837 0.0485298 0.0140414
1.42917 -0.0266807 0.0490142 0.0100909
1.43333 -0.0244895 0.0458706 0.00280427
1.4375 -0.0198827 0.0399656 -0.00414762
1.44167 -0.0147621 0.032689 -0.00707955
1.44583 -0.0108484 0.0250403 -0.00478375
1.45 -0.00847678 0.0169809 0.000503186
1.45417 -0.00632366 0.00756247 0.0045114
1.45833 -0.00235173 -0.0041983 0.00382542
1.4625 0.0046525 -0.0182959 -0.00180238
1.46667 0.0140546 -0.0333035 -0.00937848
1.47083 0.0236148 -0.046867 -0.0148457
1.475 0.030822 -0.0568017 -0.0158639
1.47917 0.0343442 -0.0620464 -0.0131592
1.48333 0.0345723 -0.0628681 -0.00956566
1.4875 0.0329522 -0.0602836 -0.00765822
1.49167 0.0307172 -0.0552281 -0.00787256
1.49583 0.0280391 -0.0481241 -0.00850269
1.5 0.0242084 -0.0391147 -0.0074098
1.50417 0.0185977 -0.0286533 -0.00394326
1.50833 0.0115453 -0.0178508 0.000502412
1.5125 0.00439944 -0.00819918 0.00368706
1.51667 -0.00132229 -0.000826495 0.00442217
1.52083 -0.00496919 0.00414395 0.00355947
1.525 -0.00713917 0.00759932 0.00323578
1.52917 -0.00908446 0.0107532 0.00498678
1.53333 -0.0116112 0.0142529 0.00829312
1.5375 -0.0143576 0.0177313 0.0108089
1.54167 -0.0160438 0.0201286 0.0101793
1.54583 -0.0155104 0.020524 0.0060414
1.55 -0.012725 0.0188368 0.000569423
1.55417 -0.00893114 0.0158691 -0.00298849
1.55833 -0.00578432 0.0126846 -0.00274746
1.5625 -0.00413073 0.00984297 0.000294237
1.56667 -0.00340724 0.00712043 0.00293323
1.57083 -0.00218461 0.00394433 0.00223844
1.575 0.000531549 0.000173721 -0.00204499
1.57917 0.00427741 -0.00345837 -0.00710453
1.58333 0.00726679 -0.0056806 -0.00912511
1.5875 0.00767804 -0.00560397 -0.00629578
1.59167 0.00513216 -0.00351199 -0.000385778
1.59583 0.00116632 -0.000836638 0.00446161
1.6 -0.00176549 0.000761148 0.00488221
1.60417 -0.00206857 0.000564853 0.000929609
1.60833 -0.000191509 -0.000669953 -0.00394985
1.6125 0.00174563 -0.00128396 -0.00565908
1.61667 0.00163133 9.45356e-06 -0.00274011
1.62083 -0.000958094 0.00309917 0.00245855
1.625 -0.00441749 0.0064955 0.00570803
1.62917 -0.00638544 0.00838809 0.00434915
1.63333 -0.00560171 0.00793113 -0.000570092
1.6375 -0.00285132 0.00577645 -0.00521482
1.64167 -0.000259104 0.00348319 -0.00613705
1.64583 0.000439923 0.00232447 -0.00303885
1.65 -0.000791525 0.0024602 0.00114242
1.65417 -0.00245402 0.00309334 0.00280428
1.65833 -0.00292734 0.00338272 0.00067129
1.6625 -0.00188785 0.00326604 -0.00328893
1.66667 -0.000526678 0.00346759 -0.00568192
1.67083 -0.000432868 0.00470689 -0.00458092
1.675 -0.00214404 0.0068374 -0.00103716
1.67917 -0.00461218 0.00871177 0.00196014
1.68333 -0.0060157 0.00894041 0.00205125
1.6875 -0.00520612 0.0069343 -0.000614431
1.69167 -0.00258313 0.00337206 -0.00367272
1.69583 0.000281621 -0.000288936 -0.00460367
1.7 0.0019002 -0.00285174 -0.00274405
1.70417 0.00195494 -0.00414312 0.000359511
1.70833 0.00138445 -0.00494996 0.00238595
1.7125 0.00149992 -0.0062731 0.00215124
1.71667 0.00291996 -0.0085518 0.000435273
1.72083 0.00517229 -0.0114422 -0.000823124
1.725 0.00719564 -0.0142152 -0.000173418
1.72917 0.0082434 -0.0163577 0.00222816
1.73333 0.0084305 -0.0178887 0.00485746
1.7375 0.00853037 -0.019217 0.00611789
1.74167 0.00926439 -0.0207389 0.0055967
1.74583 0.0107019 -0.022509 0.00430039
1.75 0.0122382 -0.0241895 0.0037489
1.75417 0.0131113 -0.0252626 0.00470853
1.75833 0.012998 -0.025344 0.00659149
1.7625 0.0122086 -0.024405 0.00798244
1.76667 0.0113657 -0.022777 0.00783589
1.77083 0.0108722 -0.0209352 0.00635144
1.775 0.0106168 -0.0192133 0.00480174
1.77917 0.01014 -0.0176596 0.00445036
1.78333 0.00909711 -0.0161313 0.00546037
1.7875 0.00761146 -0.0144966 0.00672762
1.79167 0.00619608 -0.0126958 0.00681703
1.79583 0.0052819 -0.0105823 0.00523077
1.8 0.00474048 -0.00776191 0.00289731
1.80417 0.00384956 -0.00372906 0.00138821
1.80833 0.00181544 0.00171045 0.00148953
1.8125 -0.00153546 0.00813835 0.00240905
1.81667 -0.00551802 0.0147461 0.00242013
1.82083 -0.0091018 0.020972 0.000443318
1.825 -0.0117912 0.0269405 -0.00289037
1.82917 -0.0140611 0.0331997 -0.00576957
1.83333 -0.0168624 0.0399409 -0.00690321
1.8375 -0.0205868 0.0464633 -0.0067562
1.84167 -0.0244794 0.0514457 -0.00704549
1.84583 -0.0271352 0.0537996 -0.00893276
1.85 -0.0276621 0.0533028 -0.0117313
1.85417 -0.0263819 0.0504609 -0.0135013
1.85833 -0.0243571 0.0458245 -0.0129772
1.8625 -0.0222268 0.0394852 -0.0108339
1.86667 -0.0195704 0.0312102 -0.00893641
1.87083 -0.0154745 0.0210028 -0.00835292
1.875 -0.00969276 0.00950636 -0.00826963
1.87917 -0.00314551 -0.00209266 -0.00698652
1.88333 0.00276942 -0.012521 -0.00388771
1.8875 0.00728979 -0.0208714 -0.000195331
1.89167 0.0106517 -0.0268234 0.00231034
1.89583 0.0134276 -0.0305884 0.00312914
1.9 0.015695 -0.0326087 0.00337922
1.90417 0.0169598 -0.0331341 0.00435015
1.90833 0.0167869 -0.031996 0.00600625
1.9125 0.0153166 -0.028869 0.0071084
1.91667 0.013113 -0.0238511 0.00667984
1.92083 0.0106309 -0.0177356 0.00508568
1.925 0.00794435 -0.0116022 0.00360082
1.92917 0.00497255 -0.0061661 0.00307511
1.93333 0.00187675 -0.00163149 0.00315533
1.9375 -0.000822551 0.00191682 0.00278458
1.94167 -0.00255636 0.00430645 0.00138497
1.94583 -0.00319513 0.00561827 -0.000470782
1.95 -0.00324198 0.00644324 -0.0015776
1.95417 -0.00343078 0.00738522 -0.00133761
1.95833 -0.00400591 0.0082846 -0.000447473
1.9625 -0.00442636 0.00826795 -0.000193469
1.96667 -0.00391378 0.00673886 -0.00101428
1.97083 -0.00232215 0.00413646 -0.00196885
1.975 -0.000364994 0.00156074 -0.00181751
1.97917 0.00105592 -0.000212134 -0.000485136
1.98333 0.00166076 -0.00121742 0.000838734
1.9875 0.00190769 -0.00199485 0.00104921
1.99167 0.00241192 -0.00300095 0.000305736
1.99583 0.00330215 -0.00420128 -0.000226124
2 0.00406325 -0.00504367 0.00035939
2.00417 0.00399796 -0.00494235 0.00176116
2.00833 0.00298486 -0.00395127 0.00266974
2.0125 0.00177167 -0.00274862 0.00199157
2.01667 0.00122505 -0.00172239 0.000136386
2.02083 0.0011888 -0.000433021 -0.00105941
2.025 0.000533678 0.00149135 -0.000252906
2.02917 -0.00126423 0.00325294 0.00152963
2.03333 -0.00302587 0.00357441 0.001767
2.0375 -0.00310916 0.00249582 -0.000355039
2.04167 -0.001608 0.00143429 -0.0025188
2.04583 -0.000359222 0.00110453 -0.00207051
2.05 -0.000510618 0.000521053 0.000392728
2.05417 -0.00106554 -0.00116392 0.00172288
2.05833 -0.000495039 -0.0029681 0.000421757
2.0625 0.00105749 -0.00351525 -0.00154895
2.06667 0.00218625 -0.00327192 -0.00170999
2.07083 0.00226281 -0.00361283 -0.000225535
2.075 0.00186067 -0.00417498 0.000972737
2.07917 0.00143164 -0.00330085 0.000928869
2.08333 0.000897224 -0.00116393 9.31206e-05
2.0875 0.000541526 -1.53677e-05 -0.00100165
2.09167 0.000854184 -0.000561487 -0.00183372
2.09583 0.00121532 -0.000609434 -0.00143091
2.1 0.000324715 0.00115573 0.00026219
2.10417 -0.0014323 0.00246706 0.00111955
2.10833 -0.0017712 0.000926444 -0.000742462
2.1125 0.000182676 -0.00186121 -0.0034841
2.11667 0.00207545 -0.00275249 -0.00329466
2.12083 0.00161347 -0.00226243 -9.52738e-05
2.125 0.000209854 -0.00348432 0.00168179
2.12917 0.000871559 -0.00639965 -0.000523911
2.13333 0.00337248 -0.00763268 -0.0034226
2.1375 0.0045785 -0.00638676 -0.00287739
2.14167 0.00347562 -0.00598931 -0.000149338
2.14583 0.00254146 -0.00780844 0.00051512
2.15 0.00328857 -0.00829135 -0.00130628
2.15417 0.00379087 -0.00514562 -0.0022122
2.15833 0.00244032 -0.00216639 -0.00108726
2.1625 0.00109516 -0.00337828 -0.000467773
2.16667 0.00176911 -0.00578749 -0.00129455
2.17083 0.00268323 -0.00373997 -0.0010593
2.175 0.00108611 0.00163526 0.00111342
2.17917 -0.00173785 0.00407067 0.00202725
2.18333 -0.00233912 0.00273439 -0.000112484
2.1875 -0.00114257 0.00378851 -0.00174171
2.19167 -0.0021045 0.00977539 0.000651588
2.19583 -0.00598298 0.0147254 0.00427079
2.2 -0.0085553 0.0137144 0.00397715
2.20417 -0.00723136 0.0110152 0.000588833
2.20833 -0.00524945 0.0130011 -0.00021086
2.2125 -0.00641973 0.0176403 0.00317951
2.21667 -0.00910086 0.0181407 0.00596436
2.22083 -0.00921054 0.0143374 0.00470109
2.225 -0.00690082 0.0125991 0.00226152
2.22917 -0.0058304 0.0148406 0.00252361
2.23333 -0.00683442 0.015521 0.00430455
2.2375 -0.00689866 0.0114092 0.00420378
2.24167 -0.00470438 0.00709673 0.00254897
2.24583 -0.00283232 0.00688401 0.00224921
2.25 -0.00295698 0.00719616 0.00327
2.25417 -0.00267718 0.0028016 0.00271263
2.25833 0.000254391 -0.0035751 0.000255301
2.2625 0.00348259 -0.00487081 -0.000773872
2.26667 0.0033358 -0.0011402 0.00103823
2.27083 0.00086286 6.00932e-05 0.00230657
2.275 0.000603219 -0.00455753 -1.08876e-05
2.27917 0.00364062 -0.0090528 -0.00342025
2.28333 0.00595358 -0.00816525 -0.00335447
2.2875 0.00481501 -0.00582704 -0.00030805
2.29167 0.00305651 -0.00826335 0.000687845
2.29583 0.00434202 -0.0131714 -0.00220058
2.3 0.00711256 -0.0132297 -0.00477192
2.30417 0.00710253 -0.00839406 -0.00346139
2.30833 0.00433231 -0.00628461 -0.000874237
2.3125 0.00300898 -0.00954099 -0.00128627
2.31667 0.0044799 -0.0113449 -0.0036651
2.32083 0.00511811 -0.007128 -0.00380733
2.325 0.00278864 -0.00283297 -0.00168304
2.32917 0.000781797 -0.00521287 -0.00120389
2.33333 0.00219369 -0.0102281 -0.00297135
2.3375 0.00433596 -0.00952832 -0.00311082
2.34167 0.00314032 -0.00433609 -0.000537255
2.34583 0.000223241 -0.0030813 0.000501992
2.35 0.000228718 -0.00695912 -0.00217198
2.35417 0.00281611 -0.00837835 -0.00425028
2.35833 0.00325138 -0.00461932 -0.00197102
2.3625 0.000690511 -0.00249062 0.00122085
2.36667 -0.000311319 -0.00599029 0.000252123
2.37083 0.00227456 -0.00904369 -0.00309025
2.375 0.00442706 -0.00603169 -0.00326013
2.37917 0.00290444 -0.00120858 -4.88778e-05
2.38333 0.000330779 -0.000656262 0.00177539
2.3875 0.00010938 -0.00170428 0.000671524
2.39167 0.000759128 0.00155494 -0.000119309
2.39583 -0.000642583 0.00734917 0.00100085
2.4 -0.00300371 0.00948326 0.00197145
2.40417 -0.00362395 0.00811205 0.00200618
2.40833 -0.00327378 0.00858739 0.00294338
2.4125 -0.00432585 0.0114547 0.00460774
2.41667 -0.00588112 0.0120438 0.00414096
2.42083 -0.0053585 0.00945984 0.00152725
2.425 -0.00355072 0.00802051 0.000697138
2.42917 -0.00351315 0.00919403 0.00297834
2.43333 -0.00514237 0.00934009 0.00426883
2.4375 -0.00529908 0.00675005 0.00159171
2.44167 -0.00319971 0.0043771 -0.00186937
2.44583 -0.00147446 0.00380908 -0.001855
2.45 -0.00147192 0.00259484 0.000405565
2.45417 -0.00146082 -0.000248202 0.000812406
2.45833 -0.000337431 -0.00182565 -0.00102218
2.4625 0.000584033 -0.00117997 -0.00218962
2.46667 0.000724448 -0.00196339 -0.00185043
2.47083 0.00165194 -0.00577209 -0.00169296
2.475 0.00360757 -0.00807391 -0.00176752
2.47917 0.00401193 -0.00547249 -0.000452282
2.48333 0.0018843 -0.00236817 0.00126047
2.4875 0.000599454 -0.0042852 0.000238331
2.49167 0.00283387 -0.00812863 -0.00276548
2.49583 0.00538953 -0.00668761 -0.00259484
2.5 0.00360597 -0.00104149 0.00200356
2.50417 -0.000675727 0.000452578 0.00461311
2.50833 -0.00121766 -0.00378071 0.000511477
2.5125 0.00256002 -0.00519308 -0.00464409
2.51667 0.00403711 0.000519119 -0.00257863
2.52083 -3.57271e-05 0.00540314 0.0040904
2.525 -0.0039462 0.00246339 0.00516716
2.52917 -0.00226849 -0.00197495 -0.00091844
2.53333 0.00125767 0.000877971 -0.00453773
2.5375 0.000405878 0.0062966 -0.000627534
2.54167 -0.00283864 0.00385665 0.00360595
2.54583 -0.00228579 -0.00352434 0.00157777
2.55 0.00110863 -0.00362464 -0.00218189
2.55417 0.00116899 0.00366112 -0.00147841
2.55833 -0.00190894 0.00568192 0.000676023
2.5625 -0.00196816 -0.000516614 -0.000692987
2.56667 0.00115099 -0.00262058 -0.00236068
2.57083 0.000720882 0.00480959 0.000166766
2.575 -0.00408249 0.00998494 0.00246857
2.57917 -0.00543399 0.0045351 -0.00117273
2.58333 -0.000572347 -0.00154197 -0.00576825
2.5875 0.00241299 0.00253023 -0.00306037
2.59167 -0.00189912 0.00965769 0.0034193
2.59583 -0.006755 0.00795451 0.00323853
2.6 -0.00453268 0.00134719 -0.00353285
2.60417 0.000726017 0.00163553 -0.00636988
2.60833 0.000585813 0.00785023 -0.00129434
2.6125 -0.00415315 0.00913041 0.00379754
2.61667 -0.00590086 0.00356494 0.00222611
2.62083 -0.00249136 -0.00027951 -0.00270472
2.625 0.0010822 0.00133182 -0.00445522
2.62917 0.00122659 0.00285314 -0.00172394
2.63333 -0.000392094 0.000270193 0.00201857
2.6375 -0.000859224 -0.00331817 0.00299158
2.64167 0.000513684 -0.00400048 0.000306703
2.64583 0.00246133 -0.00247492 -0.00269575
2.65 0.00324913 -0.00211711 -0.00163757
2.65417 0.00252978 -0.00486848 0.00262542
2.65833 0.00215805 -0.00900848 0.00440497
2.6625 0.003584 -0.0105162 0.0016873
2.66667 0.00526963 -0.00850854 -0.000849977
2.67083 0.00532062 -0.00770544 0.000315199
2.675 0.00498054 -0.0112845 0.00265599
2.67917 0.00588266 -0.0142754 0.00331843
2.68333 0.00618856 -0.010972 0.00336
2.6875 0.00410644 -0.00564415 0.00345003
2.69167 0.00249748 -0.00650507 0.00200014
2.69583 0.0043546 -0.0115957 0.00016457
2.7 0.00655266 -0.0117376 0.00162392
2.70417 0.00457631 -0.00617735 0.00508344
2.70833 0.00078608 -0.00339188 0.00462132
2.7125 0.000825751 -0.00620455 -0.000210722
2.71667 0.0039508 -0.00782025 -0.00264181
2.72083 0.00434501 -0.00413831 0.000472547
2.725 0.000717978 0.000478792 0.00388071
2.72917 -0.00239462 0.00182022 0.00267073
2.73333 -0.00223412 0.00155764 -0.00119432
2.7375 -0.000813199 0.00248643 -0.0033736
2.74167 -0.000744883 0.00464396 -0.00248363
2.74583 -0.00250181 0.00709708 0.000154816
2.75 -0.00505502 0.00899452 0.0016048
2.75417 -0.0064246 0.00958009 -0.000910102
2.75833 -0.00538795 0.0101018 -0.00539665
2.7625 -0.00412608 0.0127952 -0.00564092
2.76667 -0.00588804 0.0161149 -0.000605525
2.77083 -0.00930839 0.0161534 0.0022897
2.775 -0.00985856 0.0140278 -0.0014626
2.77917 -0.00740761 0.0145492 -0.00580127
2.78333 -0.00631008 0.01669 -0.00422046
2.7875 -0.00754691 0.0147155 3.02644e-05
2.79167 -0.00765777 0.00959565 0.00103172
2.79583 -0.00590083 0.008156 -0.000126716
2.8 -0.00506883 0.00986007 3.72126e-05
2.80417 -0.00492305 0.00697209 0.000628233
2.80833 -0.00255952 -0.000734932 0.00077735
2.8125 0.000745317 -0.00488848 0.00305072
2.81667 0.00109095 -0.00386727 0.0068773
2.82083 -9.52657e-05 -0.00539773 0.00703077
2.825 0.00202987 -0.0117682 0.0034132
2.82917 0.00657293 -0.0161196 0.00300254
2.83333 0.00809404 -0.015559 0.00777232
2.8375 0.00612185 -0.0149919 0.0106653
2.84167 0.00527563 -0.0162996 0.00764217
2.84583 0.00682852 -0.0157353 0.00368702
2.85 0.0077127 -0.012694 0.00320112
2.85417 0.00667734 -0.0101223 0.00399576
2.85833 0.00489738 -0.00718283 0.00348066
2.8625 0.00249709 -0.00161267 0.00194701
2.86667 -8.44057e-05 0.00350497 -0.00125607
2.87083 -0.00057687 0.00490513 -0.00633339
2.875 0.000677435 0.00624849 -0.00902712
2.87917 -0.000404131 0.0107625 -0.00666588
2.88333 -0.00419121 0.0134344 -0.00501577
2.8875 -0.00508542 0.00992257 -0.0097069
2.89167 -0.000886589 0.00529924 -0.0155187
2.89583 0.00293519 0.00461858 -0.0145073
2.9 0.00264667 0.0037603 -0.00944838
2.90417 0.00206688 -0.00128398 -0.00837444
2.90833 0.00465856 -0.00582673 -0.0111409
2.9125 0.00776843 -0.00591063 -0.0119666
2.91667 0.0088258 -0.00607593 -0.0100312
2.92083 0.00959326 -0.00966321 -0.00810717
2.925 0.0109475 -0.011837 -0.00616352
2.92917 0.010886 -0.00939089 -0.00408446
2.93333 0.00988762 -0.00689172 -0.00436817
2.9375 0.0107831 -0.00708306 -0.00600696
2.94167 0.0123248 -0.00584414 -0.00340933
2.94583 0.0105798 -0.00142001 0.00368056
2.95 0.00668965 0.00190216 0.00829655
2.95417 0.00534676 0.00258533 0.00843072
2.95833 0.00635195 0.00396201 0.0109406
2.9625 0.00558776 0.00604466 0.0194561
2.96667 0.00292806 0.00548248 0.0288312
2.97083 0.00151898 0.00355517 0.0349976
2.975 0.00128332 0.00403634 0.0401407
2.97917 0.000285595 0.00487044 0.0456052
2.98333 -0.000322539 0.00214757 0.0493913
2.9875 0.000726486 -0.000932275 0.0518681
2.99167 0.000748436 0.000606401 0.0546814
2.99583 -0.00188496 0.00357636 0.054511
