0 0 0 0
0.00416667 -4.04595e-236 -3.83877e-238 2.04689e-233
0.00833333 -4.87479e-195 -9.58276e-197 1.06911e-192
0.0125 -2.75613e-172 -8.17653e-174 3.85823e-170
0.0166667 -1.78851e-156 -7.0507e-158 1.83842e-154
0.0208333 -2.38735e-144 -1.16574e-145 1.93859e-142
0.025 -1.62225e-134 -9.376e-136 1.08851e-132
0.0291667 -2.99192e-126 -1.98144e-127 1.71024e-124
0.0333333 -4.0093e-119 -2.96788e-120 1.99591e-117
0.0375 -7.32032e-113 -5.93679e-114 3.22705e-111
0.0416667 -2.78865e-107 -2.43629e-108 1.10291e-105
0.0458333 -2.99868e-102 -2.78092e-103 1.07524e-100
0.05 -1.13677e-97 -1.1044e-98 3.7275e-96
0.0541667 -1.79766e-93 -1.80767e-94 5.42938e-92
0.0583333 -1.35123e-89 -1.39067e-90 3.78201e-88
0.0625 -5.35333e-86 -5.57976e-87 1.39586e-84
0.0666667 -1.21488e-82 -1.2697e-83 2.96449e-81
0.0708333 -1.69047e-79 -1.75499e-80 3.87572e-78
0.075 -1.52582e-76 -1.55974e-77 3.2984e-75
0.0791667 -9.36477e-74 -9.34958e-75 1.91473e-72
0.0833333 -4.06712e-71 -3.93655e-72 7.88722e-70
0.0875 -1.29305e-68 -1.20538e-69 2.38434e-67
0.0916667 -3.09833e-66 -2.76613e-67 5.44487e-65
0.0958333 -5.73796e-64 -4.88331e-65 9.62981e-63
0.1 -8.39454e-62 -6.78571e-63 1.34796e-60
0.104167 -9.88878e-60 -7.57286e-61 1.52191e-58
0.108333 -9.53848e-58 -6.90908e-59 1.40922e-56
0.1125 -7.64606e-56 -5.23476e-57 1.08598e-54
0.116667 -5.16083e-54 -3.33984e-55 7.05628e-53
0.120833 -2.96762e-52 -1.81661e-53 3.9109e-51
0.125 -1.46911e-50 -8.51643e-52 1.86826e-49
0.129167 -6.3204e-49 -3.47488e-50 7.76443e-48
0.133333 -2.38327e-47 -1.24474e-48 2.8311e-46
0.1375 -7.93754e-46 -3.94508e-47 9.12625e-45
0.141667 -2.35138e-44 -1.11406e-45 2.61899e-43
0.145833 -6.23531e-43 -2.82089e-44 6.73333e-42
0.15 -1.48878e-41 -6.44158e-43 1.5599e-40
0.154167 -3.21782e-40 -1.33357e-41 3.27369e-39
0.158333 -6.32694e-39 -2.51508e-40 6.25421e-38
0.1625 -1.13683e-37 -4.34055e-39 1.09258e-36
0.166667 -1.87447e-36 -6.88308e-38 1.7526e-35
0.170833 -2.84727e-35 -1.00677e-36 2.59132e-34
0.175 -3.99851e-34 -1.36309e-35 3.54414e-33
0.179167 -5.20869e-33 -1.71399e-34 4.49865e-32
0.183333 -6.31337e-32 -2.00775e-33 5.31571e-31
0.1875 -7.14069e-31 -2.19723e-32 5.86385e-30
0.191667 -7.55662e-30 -2.2525e-31 6.05476e-29
0.195833 -7.50076e-29 -2.16848e-30 5.86644e-28
0.2 -6.99978e-28 -1.96496e-29 5.34587e-27
0.204167 -6.15473e-27 -1.67959e-28 4.59158e-26
0.208333 -5.10933e-26 -1.357e-27 3.72463e-25
0.2125 -4.01215e-25 -1.03825e-26 2.8589e-24
0.216667 -2.98557e-24 -7.53601e-26 2.08009e-23
0.220833 -2.10882e-23 -5.19772e-25 1.43698e-22
0.225 -1.41613e-22 -3.41183e-24 9.44023e-22
0.229167 -9.05434e-22 -2.1345e-23 5.90629e-21
0.233333 -5.51961e-21 -1.27447e-22 3.52408e-20
0.2375 -3.21238e-20 -7.27178e-22 2.00788e-19
0.241667 -1.7871e-19 -3.96962e-21 1.09376e-18
0.245833 -9.51429e-19 -2.07559e-20 5.70285e-18
0.25 -4.85274e-18 -1.04058e-19 2.8492e-17
0.254167 -2.37371e-17 -5.00711e-19 1.36538e-16
0.258333 -1.1146e-16 -2.31459e-18 6.282e-16
0.2625 -5.02873e-16 -1.02877e-17 2.77748e-15
0.266667 -2.18182e-15 -4.40026e-17 1.18108e-14
0.270833 -9.11074e-15 -1.81254e-16 4.83423e-14
0.275 -3.6643e-14 -7.19551e-16 1.90599e-13
0.279167 -1.42051e-13 -2.75483e-15 7.2438e-13
0.283333 -5.3113e-13 -1.01781e-14 2.65551e-12
0.2875 -1.91662e-12 -3.63103e-14 9.39581e-12
0.291667 -6.6789e-12 -1.2515e-13 3.2105e-11
0.295833 -2.24877e-11 -4.16961e-13 1.05998e-10
0.3 -7.3194e-11 -1.34348e-12 3.38317e-10
0.304167 -2.30412e-10 -4.18822e-12 1.04436e-09
0.308333 -7.01812e-10 -1.26378e-11 3.11931e-09
0.3125 -2.06917e-09 -3.69252e-11 9.01817e-09
0.316667 -5.90734e-09 -1.04503e-10 2.52454e-08
0.320833 -1.63361e-08 -2.86568e-10 6.84516e-08
0.325 -4.3772e-08 -7.61617e-10 1.79823e-07
0.329167 -1.1367e-07 -1.96228e-09 4.57797e-07
0.333333 -2.86152e-07 -4.90224e-09 1.12968e-06
0.3375 -6.9844e-07 -1.18771e-08 2.70249e-06
0.341667 -1.65314e-06 -2.79105e-08 6.26843e-06
0.345833 -3.79478e-06 -6.3623e-08 1.40986e-05
0.35 -8.44877e-06 -1.40694e-07 3.07497e-05
0.354167 -1.8245e-05 -3.0183e-07 6.50357e-05
0.358333 -3.82148e-05 -6.28156e-07 0.000133381
0.3625 -7.76308e-05 -1.26813e-06 0.000265231
0.366667 -0.000152934 -2.48315e-06 0.000511312
0.370833 -0.000292124 -4.71533e-06 0.000955405
0.375 -0.00054092 -8.68155e-06 0.00172987
0.379167 -0.000970672 -1.54929e-05 0.00303401
0.383333 -0.00168745 -2.67897e-05 0.00515249
0.3875 -0.00284062 -4.48652e-05 0.00846816
0.391667 -0.00462792 -7.2733e-05 0.0134606
0.395833 -0.00729231 -0.000114066 0.0206787
0.4 -0.0111048 -0.000172926 0.0306743
0.404167 -0.0163275 -0.000253191 0.0438892
0.408333 -0.0231526 -0.000357646 0.0604938
0.4125 -0.0316199 -0.000486759 0.080197
0.416667 -0.0415224 -0.00063731 0.102063
0.420833 -0.0523216 -0.000801185 0.124397
0.425 -0.0631026 -0.000964788 0.144769
0.429167 -0.0726046 -0.00110955 0.160241
0.433333 -0.0793528 -0.00121393 0.167808
0.4375 -0.0818998 -0.00125692 0.165036
0.441667 -0.0791446 -0.00122262 0.150733
0.445833 -0.0706624 -0.00110495 0.125496
0.45 -0.0569451 -0.0009109 0.0918946
0.454167 -0.0394493 -0.000661168 0.0541491
0.458333 -0.0203887 -0.000387156 0.0172937
0.4625 -0.0022793 -0.000124654 -0.0140018
0.466667 0.0126551 9.42903e-05 -0.0365982
0.470833 0.0230389 0.00024881 -0.0496373
0.475 0.0286635 0.00033335 -0.0545798
0.479167 0.0304415 0.000356917 -0.0545009
0.483333 0.0300082 0.000337845 -0.0529447
0.4875 0.0291404 0.000296574 -0.0528671
0.491667 0.029264 0.00025015 -0.0561927
0.495833 0.031291 0.000211565 -0.064208
0.5 0.035865 0.00019459 -0.0785395
0.504167 0.0438538 0.000221443 -0.102043
0.508333 0.0567396 0.000328101 -0.138833
0.5125 0.0765418 0.000561997 -0.193034
0.516667 0.105109 0.000969807 -0.266508
0.520833 0.142966 0.00157796 -0.3565
0.525 0.188205 0.00237299 -0.454394
0.529167 0.236022 0.00329033 -0.546446
0.533333 0.279248 0.00421771 -0.616477
0.5375 0.309825 0.00501355 -0.649624
0.541667 0.320699 0.00553485 -0.635781
0.545833 0.307461 0.00566611 -0.571589
0.55 0.2692 0.0053414 -0.460629
0.554167 0.208448 0.00455597 -0.312265
0.558333 0.130485 0.0033671 -0.139893
0.5625 0.042396 0.00188614 0.0408949
0.566667 -0.0478958 0.000262468 0.214251
0.570833 -0.132615 -0.00134009 0.366315
0.575 -0.205237 -0.00277258 0.487582
0.579167 -0.261588 -0.00392936 0.57452
0.583333 -0.300489 -0.0047653 0.629301
0.5875 -0.32344 -0.00529247 0.657169
0.591667 -0.333181 -0.0055549 0.662415
0.595833 -0.331725 -0.00559238 0.645219
0.6 -0.318963 -0.00541299 0.601575
0.604167 -0.292887 -0.00499151 0.526862
0.608333 -0.251525 -0.00429761 0.421184
0.6125 -0.195555 -0.00333859 0.293049
0.616667 -0.129861 -0.00219038 0.158561
0.620833 -0.0628007 -0.000994725 0.036019
0.625 -0.00330351 8.08535e-05 -0.0612066
0.629167 0.0426096 0.000901275 -0.129312
0.633333 0.0738404 0.00141006 -0.173536
0.6375 0.0935881 0.00163976 -0.203071
0.641667 0.106599 0.00168345 -0.224856
0.645833 0.116118 0.00164529 -0.240128
0.65 0.122401 0.00159683 -0.245367
0.654167 0.12346 0.00155846 -0.236235
0.658333 0.117157 0.0015089 -0.211345
0.6625 0.103035 0.0014107 -0.17341
0.666667 0.0827281 0.0012354 -0.127658
0.670833 0.0590273 0.000977276 -0.0793343
0.675 0.0345958 0.000654107 -0.0323367
0.679167 0.0113387 0.000299887 0.0103868
0.683333 -0.00932735 -4.41696e-05 0.0456837
0.6875 -0.0258727 -0.000336687 0.0697783
0.691667 -0.0364872 -0.000540842 0.0792571
0.695833 -0.0396331 -0.000628654 0.0728592
0.7 -0.0349577 -0.000587152 0.0528337
0.704167 -0.0239116 -0.00042678 0.0249356
0.708333 -0.00962165 -0.000188072 -0.00307585
0.7125 0.0039853 6.12623e-05 -0.0238933
0.716667 0.0134615 0.000245006 -0.033168
0.720833 0.0170206 0.000309411 -0.031037
0.725 0.0151271 0.000250931 -0.0217827
0.729167 0.0101368 0.000121184 -0.0114401
0.733333 0.00501137 1.20387e-07 -0.00440575
0.7375 0.00169983 -5.09116e-05 -0.00113686
0.741667 0.000187693 -2.69001e-05 0.00126821
0.745833 -0.00102853 2.13312e-05 0.00576962
0.75 -0.00326709 3.03073e-05 0.011892
0.754167 -0.0060793 -2.13253e-05 0.0152058
0.758333 -0.00721832 -9.26351e-05 0.0108066
0.7625 -0.00447405 -0.000114468 -0.00172837
0.766667 0.00198946 -4.93331e-05 -0.0162938
0.770833 0.00889818 7.32611e-05 -0.0236251
0.775 0.0117626 0.000172984 -0.0180898
0.779167 0.00822482 0.000173971 -0.00255996
0.783333 0.000196408 6.36672e-05 0.0129781
0.7875 -0.00717453 -8.65407e-05 0.0184925
0.791667 -0.00915727 -0.000167544 0.0112386
0.795833 -0.00490056 -0.000122512 -0.0025128
0.8 0.0020805 2.17798e-06 -0.0126789
0.804167 0.00675808 0.000105228 -0.013109
0.808333 0.00640338 0.000124955 -0.0055758
0.8125 0.00229239 7.18318e-05 0.00279885
0.816667 -0.00184827 -1.22103e-05 0.00588107
0.820833 -0.00307608 -8.16809e-05 0.00305981
0.825 -0.00136497 -8.49575e-05 -0.00142966
0.829167 0.000955238 -5.34486e-06 -0.00306646
0.833333 0.00163914 8.01015e-05 -0.0010833
0.8375 0.000506916 6.57685e-05 0.00146778
0.841667 -0.000751964 -2.57784e-05 0.00123498
0.845833 -0.000523209 -5.44787e-05 -0.00194884
0.85 0.00108371 1.69263e-05 -0.00495259
0.854167 0.00243728 5.14056e-05 -0.00449373
0.858333 0.0020303 -1.7113e-05 -0.000329147
0.8625 -0.000109619 -4.44904e-05 0.00442997
0.866667 -0.00239987 4.94659e-05 0.00586539
0.870833 -0.00291683 7.72545e-05 0.00238701
0.875 -0.000938474 -7.879e-05 -0.00379556
0.879167 0.00223584 -0.000155764 -0.00792292
0.883333 0.00404014 6.5285e-05 -0.00623748
0.8875 0.00277273 0.000255835 0.000534974
0.891667 -0.000702546 2.43682e-05 0.00714557
0.895833 -0.00357297 -0.000297285 0.00809457
0.9 -0.00355091 -0.00011669 0.00250609
0.904167 -0.000697205 0.000299507 -0.00514506
0.908333 0.00288176 0.000171703 -0.00886059
0.9125 0.00458055 -0.000325246 -0.00569872
0.916667 0.00288956 -0.000219327 0.00214857
0.920833 -0.00127805 0.000417288 0.00854876
0.925 -0.00452651 0.00036165 0.00771889
0.929167 -0.00361771 -0.000485326 -0.000328467
0.933333 0.000869752 -0.000590409 -0.00849249
0.9375 0.0045401 0.000461531 -0.0089519
0.941667 0.00389138 0.000843372 -0.00152534
0.945833 9.03348e-05 -0.000333301 0.00613546
0.95 -0.00298938 -0.00104689 0.00713719
0.954167 -0.00320614 0.000169462 0.00192086
0.958333 -0.00115959 0.00122504 -0.00416057
0.9625 0.0016841 1.60857e-05 -0.00669578
0.966667 0.00358434 -0.00141159 -0.00433077
0.970833 0.00255041 -0.000259692 0.00143776
0.975 -0.00126641 0.00160124 0.00607799
0.979167 -0.00400634 0.000613795 0.00475265
0.983333 -0.00221127 -0.00171949 -0.00167158
0.9875 0.0019645 -0.00106206 -0.0060553
0.991667 0.00326434 0.00170389 -0.00362665
0.995833 0.000782622 0.00154432 0.00172387
1 -0.00132655 -0.00153463 0.00346071
1.00417 -0.000815768 -0.00199431 0.00140772
1.00833 -7.65135e-05 0.00123731 -0.000145979
1.0125 -0.000682272 0.00238903 -0.000333115
1.01667 -0.000445889 -0.000817547 -0.00147839
1.02083 0.0016157 -0.00270287 -0.00275207
1.025 0.00231148 0.00027212 -0.000877896
1.02917 -0.000290356 0.00289373 0.00300144
1.03333 -0.00270945 0.000399414 0.0036098
1.0375 -0.00133748 -0.00288442 -0.000332735
1.04167 0.00164792 -0.00114169 -0.00379867
1.04583 0.00195685 0.00262053 -0.00278857
1.05 -7.09177e-05 0.00186852 0.000646774
1.05417 -0.000927444 -0.00208252 0.00243869
1.05833 -7.34276e-05 -0.00247628 0.00171325
1.0625 5.56013e-05 0.00130497 6.54661e-05
1.06667 -0.000858983 0.00288861 -0.00140788
1.07083 -0.000450794 -0.00034133 -0.00222895
1.075 0.00158815 -0.00304955 -0.00148785
1.07917 0.00211317 -0.000744731 0.00112705
1.08333 -0.000578822 0.00291955 0.00350128
1.0875 -0.00320353 0.00188628 0.00226902
1.09167 -0.00157076 -0.00245889 -0.00256202
1.09583 0.00280458 -0.0029875 -0.00542401
1.1 0.00375904 0.00165376 -0.00136699
1.10417 -0.000664934 0.00393252 0.00545525
1.10833 -0.00432757 -0.000527618 0.00533479
1.1125 -0.00164441 -0.00459043 -0.00263549
1.11667 0.00340361 -0.000832083 -0.00728896
1.12083 0.00310073 0.00485815 -0.00166128
1.125 -0.00162127 0.00229112 0.00575084
1.12917 -0.00296212 -0.00467872 0.00422654
1.13333 0.000470638 -0.00368313 -0.0026449
1.1375 0.00204931 0.00406409 -0.00435324
1.14167 -0.000367902 0.00484969 -0.000502457
1.14583 -0.00117032 -0.0030813 0.00166335
1.15 0.00132938 -0.00565593 0.00101554
1.15417 0.00136675 0.00184579 0.00123234
1.15833 -0.0023026 0.00601237 0.000857675
1.1625 -0.00263459 -0.000496891 -0.00271275
1.16667 0.00238352 -0.00587428 -0.00435327
1.17083 0.00440802 -0.000811882 0.000949071
1.175 -0.000864047 0.00524874 0.0064393
1.17917 -0.00524286 0.00193214 0.00279293
1.18333 -0.00154214 -0.00418708 -0.00561684
1.1875 0.00449412 -0.00272376 -0.00659123
1.19167 0.00393251 0.00279618 0.00118733
1.19583 -0.00171603 0.00308421 0.00710214
1.2 -0.00440006 -0.0012177 0.00418106
1.20417 -0.0013786 -0.00294597 -0.00338669
1.20833 0.00301551 -0.000356508 -0.00690868
1.2125 0.00388177 0.00233099 -0.00212861
1.21667 0.000520091 0.00175529 0.00632711
1.22083 -0.00306729 -0.00129787 0.00836255
1.225 -0.00215014 -0.00277444 0.000705412
1.22917 0.00242079 5.87562e-05 -0.00648624
1.23333 0.00466158 0.00338245 -0.00279066
1.2375 0.00230831 0.00128018 0.00693179
1.24167 -4.24841e-05 -0.00342963 0.0102937
1.24583 0.000851573 -0.00234228 0.0056592
1.25 0.00260225 0.00319297 0.00122837
1.25417 0.0036814 0.00321692 0.00139905
1.25833 0.0056823 -0.00248024 0.00520092
1.2625 0.00701365 -0.00340404 0.0115201
1.26667 0.00421576 0.00191087 0.0159939
1.27083 0.000825997 0.00337861 0.0120059
1.275 0.00359593 -0.00108388 0.00338323
1.27917 0.00947495 -0.00254765 0.00349059
1.28333 0.00901762 0.000804779 0.0137367
1.2875 0.00243644 0.00165441 0.018753
1.29167 -0.00111357 -0.000557489 0.010756
1.29583 0.000898463 -0.000243053 0.000843618
1.3 0.00275222 0.000924985 -0.00116588
1.30417 0.00185178 -0.00112647 0.000691505
1.30833 -0.000554654 -0.00167686 0.00136116
1.3125 -0.00509539 0.00235385 0.000830894
1.31667 -0.00968328 0.00268017 -0.00439806
1.32083 -0.00764787 -0.00350601 -0.015604
1.325 -0.000665048 -0.00421702 -0.0205304
1.32917 -0.000957839 0.00389317 -0.0103357
1.33333 -0.0103988 0.00544615 -0.000455758
1.3375 -0.0141115 -0.00417042 -0.00874923
1.34167 -0.00594158 -0.00692921 -0.0234522
1.34583 -0.000397013 0.00352682 -0.0220141
1.35 -0.00698941 0.00758084 -0.00978945
1.35417 -0.014414 -0.0030022 -0.00884442
1.35833 -0.0131571 -0.00827002 -0.0203099
1.3625 -0.0114303 0.00159581 -0.0285445
1.36667 -0.0159612 0.00755661 -0.0306865
1.37083 -0.019225 -0.00108962 -0.0339768
1.375 -0.0170769 -0.00726787 -0.0365474
1.37917 -0.0172506 -0.000366441 -0.0349252
1.38333 -0.0212813 0.00527057 -0.0358543
1.3875 -0.0194196 0.00028911 -0.0411359
1.39167 -0.0100737 -0.00403614 -0.0384634
1.39583 -0.00358116 -0.000743628 -0.0230699
1.4 -0.00275603 0.00189635 -0.0082147
1.40417 0.000754517 0.000271291 -0.00184412
1.40833 0.00960613 6.88174e-05 0.00532457
1.4125 0.0179894 0.000887653 0.0196473
1.41667 0.0238098 -0.00111722 0.034732
1.42083 0.0284222 -0.00133819 0.0465697
1.425 0.0296548 0.00306389 0.0569902
1.42917 0.0276871 0.00351129 0.0621825
1.43333 0.0285776 -0.00270359 0.0584939
1.4375 0.0318002 -0.00378074 0.0542814
1.44167 0.0275971 0.00352602 0.0559625
1.44583 0.0152042 0.0053176 0.0528301
1.45 0.00708252 -0.00254018 0.0356837
1.45417 0.00762236 -0.00538875 0.0162248
1.45833 0.00621627 0.00178145 0.00826226
1.4625 -0.00215543 0.00499316 0.00585169
1.46667 -0.00870932 -0.00115368 -0.00195437
1.47083 -0.0083684 -0.00460659 -0.0118101
1.475 -0.00718951 -0.000400662 -0.016641
1.47917 -0.00904544 0.0022246 -0.0184723
1.48333 -0.0110549 -0.000246208 -0.0200584
1.4875 -0.0125397 -0.00183432 -0.0201743
1.49167 -0.0146809 -0.00154396 -0.0218282
1.49583 -0.0144985 -0.00217826 -0.0281239
1.5 -0.0106281 -0.00129988 -0.0312069
1.50417 -0.00809788 0.00134048 -0.0233874
1.50833 -0.00823299 -0.000598595 -0.013007
1.5125 -0.00470141 -0.00569385 -0.010423
1.51667 0.00297625 -0.00361157 -0.00882678
1.52083 0.00610992 0.00370349 0.00124826
1.525 0.00305414 0.00244821 0.0117433
1.52917 0.00244902 -0.00595568 0.0114241
1.53333 0.00583923 -0.00517274 0.00600358
1.5375 0.00502154 0.00476805 0.00547289
1.54167 -0.00016788 0.00631014 0.00648821
1.54583 -0.000376066 -0.00243128 0.00353383
1.55 0.00478524 -0.00425 0.00189915
1.55417 0.00558718 0.00452627 0.0056388
1.55833 0.000700921 0.0082527 0.00791186
1.5625 -0.00116078 0.00165421 0.00423841
1.56667 0.00151957 -0.00253828 0.000662422
1.57083 0.000990521 0.00164306 0.000831855
1.575 -0.0044414 0.0050197 -0.000797406
1.57917 -0.00758416 0.00191561 -0.00695793
1.58333 -0.00495573 -0.00205964 -0.0114336
1.5875 -0.000791575 -0.0021886 -0.00920614
1.59167 0.0010886 -0.000528275 -0.00297494
1.59583 0.00120506 0.000231635 0.00238082
1.6 0.00128054 -0.000344786 0.00471213
1.60417 0.00221792 -0.0017879 0.0042239
1.60833 0.00347249 -0.00211241 0.00298708
1.6125 0.00257978 0.000386364 0.00297167
1.61667 -0.00161418 0.0031231 0.00235152
1.62083 -0.00544414 0.00237724 -0.00224705
1.625 -0.00450612 6.21979e-05 -0.00875149
1.62917 -0.000335022 0.000933808 -0.0103256
1.63333 0.00178109 0.00425048 -0.00453009
1.6375 0.000628249 0.00495039 0.00296443
1.64167 -3.95519e-05 0.00219078 0.00553891
1.64583 0.00196836 0.000511527 0.00330555
1.65 0.00394788 0.00241138 0.00169645
1.65417 0.00242937 0.00463053 0.00346762
1.65833 -0.00169385 0.00335927 0.00463848
1.6625 -0.00404569 0.000185132 0.000625545
1.66667 -0.00247587 -0.000282513 -0.00560372
1.67083 0.000371394 0.0020714 -0.00664393
1.675 0.0013232 0.00236642 -0.00127692
1.67917 0.000770454 -0.000942641 0.00419975
1.68333 0.000336762 -0.0031309 0.00506
1.6875 -0.000281573 -0.00163313 0.00228287
1.69167 -0.00133648 -0.000583899 -0.00147761
1.69583 -0.00144696 -0.00286635 -0.00386709
1.7 -0.000599505 -0.00506871 -0.00276083
1.70417 -0.000656588 -0.0046399 0.000416395
1.70833 -0.00113786 -0.00426706 0.00104993
1.7125 0.000389899 -0.00552733 -0.00093338
1.71667 0.00276791 -0.00612569 -0.000211675
1.72083 0.00217701 -0.00553225 0.00361163
1.725 -0.00102626 -0.00543912 0.00384209
1.72917 -0.00270884 -0.00474984 -0.001638
1.73333 -0.00162005 -0.00196924 -0.00637241
1.7375 0.000266017 0.000133734 -0.00574014
1.74167 0.00198817 -0.000195302 -0.00185655
1.74583 0.00283089 0.000757395 0.00239378
1.75 0.00108511 0.00435294 0.00496933
1.75417 -0.00189725 0.00555774 0.00268246
1.75833 -0.00189038 0.00299385 -0.0033765
1.7625 0.000620812 0.00246986 -0.00557016
1.76667 0.000437682 0.00529073 -0.00119077
1.77083 -0.00254214 0.00539833 0.00194739
1.775 -0.00270341 0.00185519 -0.000966604
1.77917 0.000570025 0.000634799 -0.00353266
1.78333 0.00167094 0.00214279 -0.0007927
1.7875 -0.000888727 0.000949305 0.00214935
1.79167 -0.0027987 -0.00239394 0.000653977
1.79583 -0.00225706 -0.00290628 -0.00230097
1.8 -0.00108956 -0.00168975 -0.00363336
1.80417 0.000250521 -0.0024059 -0.00367662
1.80833 0.00132083 -0.00281446 -0.00173277
1.8125 -0.000291989 -0.000602478 0.00141312
1.81667 -0.0036204 0.000544556 0.000240842
1.82083 -0.00355957 -0.000811976 -0.00610963
1.825 0.000120602 -0.00019542 -0.00870262
1.82917 0.00149272 0.00248819 -0.00288828
1.83333 -0.000977457 0.00180158 0.00283215
1.8375 -0.00249808 -0.00124849 0.00101197
1.84167 -0.00180084 -0.000449447 -0.00384747
1.84583 -0.00229836 0.00252011 -0.0059483
1.85 -0.00370553 0.00131109 -0.00654726
1.85417 -0.00289488 -0.00182445 -0.00658317
1.85833 -0.00109048 -0.000907833 -0.00415408
1.8625 -0.000985378 0.00139392 -0.00142816
1.86667 -0.00093158 6.23185e-05 -0.00186516
1.87083 0.000272408 -0.0018209 -0.00261347
1.875 -0.000536983 -0.000589564 -0.000890156
1.87917 -0.00368131 0.000366215 -0.00131712
1.88333 -0.003978 -0.000833278 -0.00604575
1.8875 -4.15593e-05 -0.000422466 -0.00752603
1.89167 0.00310212 0.00147966 -0.00126901
1.89583 0.00321155 0.000551192 0.00576499
1.9 0.00286326 -0.00135744 0.0073567
1.90417 0.00240359 0.000428322 0.00598323
1.90833 0.000775826 0.00251156 0.00423432
1.9125 0.00083769 -2.33726e-05 0.00186496
1.91667 0.00451828 -0.00267037 0.00233164
1.92083 0.00754147 -0.000472106 0.00858215
1.925 0.00698909 0.0017067 0.0148522
1.92917 0.00683316 -0.000403583 0.0152769
1.93333 0.00944132 -0.0018721 0.0142476
1.9375 0.0108972 0.000377754 0.0169783
1.94167 0.00975824 0.00157587 0.0198398
1.94583 0.0101639 0.000111349 0.0198837
1.95 0.0131981 0.000150496 0.0216502
1.95417 0.0154094 0.00128416 0.0269212
1.95833 0.0162793 -0.000100948 0.030865
1.9625 0.0175069 -0.00140596 0.0323176
1.96667 0.0175517 0.000681109 0.0344424
1.97083 0.0156343 0.00180106 0.0356189
1.975 0.0155823 -0.000938962 0.0332046
1.97917 0.0182596 -0.00181626 0.0317611
1.98333 0.0182481 0.00160802 0.0346288
1.9875 0.013802 0.00283116 0.035481
1.99167 0.0101502 -0.000146215 0.029575
1.99583 0.00917037 -0.00102474 0.0223451
2 0.00681872 0.00123582 0.0180125
2.00417 0.00232571 0.00111586 0.0128536
2.00833 -0.00119345 -0.000983902 0.00540869
2.0125 -0.00430222 -0.000502739 -0.000947839
2.01667 -0.00916168 0.000734985 -0.00743991
2.02083 -0.0136278 -0.00043397 -0.0175081
2.025 -0.0160683 -0.000621514 -0.027412
2.02917 -0.0195837 0.00170635 -0.0327528
2.03333 -0.0248272 0.00132628 -0.0377706
2.0375 -0.0275412 -0.00216844 -0.0461948
2.04167 -0.0275793 -0.00218343 -0.0531683
2.04583 -0.0297414 0.00107137 -0.0559758
2.05 -0.0337778 0.000738062 -0.0597143
2.05417 -0.0350164 -0.00221483 -0.065616
2.05833 -0.0341571 -0.00145088 -0.0684335
2.0625 -0.0351406 0.00111714 -0.0683664
2.06667 -0.0366841 0.000125699 -0.0703964
2.07083 -0.0361089 -0.00174019 -0.0730329
2.075 -0.0356185 -0.000710978 -0.0723029
2.07917 -0.0364738 -0.000168302 -0.0713103
2.08333 -0.0350677 -0.00172039 -0.0726605
2.0875 -0.0305519 -0.00108506 -0.0707827
2.09167 -0.0266246 0.00115375 -0.0625481
2.09583 -0.0230738 -0.000249367 -0.0532682
2.1 -0.016334 -0.00293616 -0.0449299
2.10417 -0.0078646 -0.000989302 -0.0328417
2.10833 -0.000869119 0.00208198 -0.0170235
2.1125 0.00761139 0.000344399 -0.00140975
2.11667 0.0207124 -0.00211381 0.0169257
2.12083 0.0342096 -0.00020844 0.0421135
2.125 0.0440115 0.00172472 0.0683855
2.12917 0.0526557 0.000228314 0.088734
2.13333 0.0616797 -0.000222024 0.105682
2.1375 0.0676991 0.00176897 0.122133
2.14167 0.0699371 0.00167463 0.133785
2.14583 0.0708018 0.000213688 0.138582
2.15 0.068499 0.00161513 0.139438
2.15417 0.0599067 0.0029062 0.133963
2.15833 0.0478534 0.000208074 0.116865
2.1625 0.0356423 -0.00143801 0.0917195
2.16667 0.0207353 0.00167058 0.065365
2.17083 0.00237801 0.00324537 0.0363371
2.175 -0.0137779 -0.000127592 0.00266327
2.17917 -0.0253758 -0.00204989 -0.0289362
2.18333 -0.0367541 -1.31245e-05 -0.0536777
2.1875 -0.0485439 0.00036607 -0.0757811
2.19167 -0.055518 -0.00161648 -0.0962867
2.19583 -0.0560368 -0.00125116 -0.108275
2.2 -0.0525719 0.000112574 -0.108778
2.20417 -0.0451252 -0.00123151 -0.10093
2.20833 -0.0340455 -0.00200793 -0.085124
2.2125 -0.0237404 0.000312456 -0.0623103
2.21667 -0.0154397 0.000760054 -0.04014
2.22083 -0.0046731 -0.00198408 -0.0225078
2.225 0.00848532 -0.00165045 -0.00285408
2.22917 0.0174683 0.00201045 0.0214025
2.23333 0.0205377 0.00200162 0.041144
2.2375 0.022184 -0.00125408 0.0501303
2.24167 0.0229722 -0.00110251 0.0523287
2.24583 0.0198436 0.00142885 0.050749
2.25 0.0141701 0.00108845 0.0442799
2.25417 0.00905855 -0.000247516 0.0354271
2.25833 0.00355775 0.000581759 0.027152
2.2625 -0.00263611 0.000513916 0.016612
2.26667 -0.00640028 -0.00135513 0.00332572
2.27083 -0.00804678 -0.000568515 -0.00599739
2.275 -0.0111818 0.00194868 -0.00941556
2.27917 -0.0139135 0.000679042 -0.0132959
2.28333 -0.0113468 -0.00216683 -0.0183744
2.2875 -0.00580965 -0.000717411 -0.0178031
2.29167 -0.00327191 0.00195362 -0.0116135
2.29583 -0.00308367 0.000388646 -0.007395
2.3 -0.00135734 -0.00180086 -0.00724013
2.30417 0.00127854 -0.000204821 -0.00771135
2.30833 0.00323211 0.00139165 -0.00811036
2.3125 0.00560499 0.000145793 -0.00800333
2.31667 0.00741696 -0.000423647 -0.00502442
2.32083 0.00611437 0.000362542 -0.00225343
2.325 0.00426015 -0.000599237 -0.00596973
2.32917 0.00600341 -0.00139222 -0.0128033
2.33333 0.00878107 0.00102019 -0.01329
2.3375 0.00825937 0.00241979 -0.00807574
2.34167 0.00676638 -0.000529504 -0.00577922
2.34583 0.0078827 -0.00236253 -0.00792838
2.35 0.0094597 0.000360227 -0.00975045
2.35417 0.00912278 0.00212038 -0.0102247
2.35833 0.00865162 0.000111698 -0.0104639
2.3625 0.0085508 -0.000835883 -0.00988977
2.36667 0.00700259 0.000707977 -0.0105102
2.37083 0.0053317 0.000847146 -0.0150654
2.375 0.00569864 -0.000181464 -0.0191207
2.37917 0.00549134 0.000417424 -0.0167117
2.38333 0.00231084 0.000746348 -0.0115111
2.3875 -0.000439508 -0.000677804 -0.00987646
2.39167 -0.000145547 -0.000277859 -0.00842057
2.39583 -0.000141797 0.00220107 -0.000714211
2.4 -0.00286634 0.00158679 0.0110421
2.40417 -0.00598828 -0.00171736 0.020987
2.40833 -0.0083541 -0.00158469 0.027834
2.4125 -0.0113108 0.00154263 0.0320557
2.41667 -0.0138397 0.00177771 0.0339477
2.42083 -0.0144768 -0.00053409 0.0362344
2.425 -0.0155621 -0.000958024 0.0393792
2.42917 -0.018412 -0.000175563 0.0372076
2.43333 -0.0192609 -0.000551024 0.0265823
2.4375 -0.0159012 -0.00052318 0.0149427
2.44167 -0.0117161 0.00031079 0.00922532
2.44583 -0.00899449 -0.000601256 0.00585124
2.45 -0.00572423 -0.00204099 -0.000719187
2.45417 -0.0010552 -0.000640684 -0.00888068
2.45833 0.00348464 0.00115878 -0.0146359
2.4625 0.00791503 -0.000592575 -0.0166812
2.46667 0.0123214 -0.0027935 -0.0148776
2.47083 0.0142361 -0.00123545 -0.0112376
2.475 0.0130139 0.00105294 -0.0103845
2.47917 0.0120005 0.000166615 -0.0126121
2.48333 0.01225 -0.00164184 -0.0120597
2.4875 0.010416 -0.00167238 -0.00704341
2.49167 0.00559978 -0.00122571 -0.00392659
2.49583 0.00135738 -0.000993326 -0.00624555
2.5 -0.000437066 -0.000165371 -0.00914843
2.50417 -0.00131293 -0.000178806 -0.00800807
2.50833 -0.00216857 -0.00190436 -0.00419727
2.5125 -0.00281566 -0.00223463 -0.000790755
2.51667 -0.003557 0.000151606 0.000841541
2.52083 -0.00358849 0.00136946 0.000937148
2.525 -0.00147664 -0.00028438 0.00217069
2.52917 0.000847985 -0.000967377 0.00707371
2.53333 -0.00026249 0.00109746 0.0122846
2.5375 -0.00378424 0.00264253 0.0114147
2.54167 -0.00509757 0.00198482 0.00496321
2.54583 -0.00330122 0.00119433 8.87979e-05
2.55 -0.00179098 0.00138369 -0.000173908
2.55417 -0.00229772 0.00188676 -0.000151112
2.55833 -0.00308652 0.0025894 -0.00362735
2.5625 -0.00203506 0.00285731 -0.00873249
2.56667 0.00139085 0.00139909 -0.0108748
2.57083 0.00555393 -0.00045033 -0.00738402
2.575 0.00716171 4.58202e-05 -0.000250136
2.57917 0.00495025 0.00177441 0.00479236
2.58333 0.00220025 0.00122045 0.00444601
2.5875 0.00229734 -0.00124509 0.00242894
2.59167 0.00349482 -0.00214818 0.00404977
2.59583 0.00196588 -0.000910296 0.0078232
2.6 -0.00184835 -2.90961e-05 0.0075269
2.60417 -0.00391718 -0.000610739 0.00160015
2.60833 -0.00236414 -0.00154943 -0.00444537
2.6125 0.000545528 -0.00174977 -0.00516751
2.61667 0.00154875 -0.000934683 -0.00133914
2.62083 -0.000110325 0.000263858 0.00180799
2.625 -0.00207536 0.000415806 0.000898765
2.62917 -0.00168158 -0.000782887 -0.00196653
2.63333 0.000443194 -0.00138023 -0.00223446
2.6375 0.000933672 -1.68346e-05 0.000818786
2.64167 -0.00138747 0.00149591 0.00263039
2.64583 -0.00327358 0.000858137 -0.000562125
2.65 -0.00151459 -0.000924577 -0.00588523
2.65417 0.00219502 -0.00107904 -0.00685007
2.65833 0.00332991 0.000604101 -0.00192432
2.6625 0.000645588 0.00161909 0.00320981
2.66667 -0.00237648 0.000641965 0.00327867
2.67083 -0.00245826 -0.000787375 0.00011892
2.675 -0.000634952 -0.000839254 -0.00095793
2.67917 -0.000218592 0.00022502 0.000959889
2.68333 -0.00207948 0.000883928 0.00166504
2.6875 -0.00355489 0.000286037 -0.00199392
2.69167 -0.00187621 -0.00100352 -0.00781228
2.69583 0.00213257 -0.00144006 -0.0101362
2.7 0.00437931 -0.000197541 -0.00584023
2.70417 0.00221563 0.0011523 0.00124018
2.70833 -0.001791 0.000436343 0.00391952
2.7125 -0.00296214 -0.00132575 0.000970855
2.71667 -0.00108768 -0.001065 -0.00130344
2.72083 -0.000400824 0.00103029 0.000825983
2.725 -0.0026241 0.00161027 0.00263196
2.72917 -0.00431127 -4.68504e-05 -0.00100825
2.73333 -0.00230825 -0.00115796 -0.00738387
2.7375 0.00193682 -0.000456421 -0.00990684
2.74167 0.00466884 0.00059572 -0.00599019
2.74583 0.0038048 0.00096825 0.00121838
2.75 0.000582983 0.000538109 0.00574459
2.75417 -0.0013056 -0.000694467 0.00412081
2.75833 0.000226726 -0.00128354 0.000179263
2.7625 0.0022212 0.000252724 0.00058394
2.76667 0.000702564 0.00174171 0.00407226
2.77083 -0.00256609 0.0002688 0.00265028
2.775 -0.00258591 -0.00195336 -0.00486808
2.77917 0.000690555 -0.00113378 -0.0101154
2.78333 0.00270075 0.00101223 -0.00784375
2.7875 0.00154201 0.000771533 -0.00204333
2.79167 -0.000608584 -0.000737644 0.0014195
2.79583 -0.0015469 -0.000784472 0.000599012
2.8 -0.000511955 -9.42649e-05 -0.00276703
2.80417 0.00170976 0.000192705 -0.0041454
2.80833 0.0023539 0.000662125 -0.000964416
2.8125 0.000201939 0.000486079 0.00169217
2.81667 -0.00117718 -0.00113708 -0.00217271
2.82083 0.00115553 -0.00142055 -0.00799893
2.825 0.00377854 0.00102925 -0.00677556
2.82917 0.00266111 0.0020381 1.97791e-05
2.83333 0.000205347 -0.000415541 0.00357283
2.8375 0.000535855 -0.00162865 0.00189933
2.84167 0.00305263 0.000706129 -1.20542e-05
2.84583 0.00534604 0.00223636 0.00100157
2.85 0.00674051 0.000935273 0.00508888
2.85417 0.00662147 -3.91218e-05 0.0103687
2.85833 0.00519378 0.000188907 0.0120363
2.8625 0.00519483 5.16207e-05 0.00876403
2.86667 0.00709391 0.000649218 0.00778352
2.87083 0.00665127 0.00216498 0.0135863
2.875 0.00269325 0.00122745 0.0184107
2.87917 0.000431384 -0.0014761 0.0150718
2.88333 0.00229066 -0.000646136 0.00935725
2.8875 0.00395677 0.0027014 0.00921082
2.89167 0.00271136 0.0022248 0.0129461
2.89583 0.000606974 -0.00110973 0.0157815
2.9 -0.00140836 -0.00118721 0.0163723
2.90417 -0.00383512 0.00105593 0.0139172
2.90833 -0.0052138 0.000955345 0.00987398
2.9125 -0.00562203 -0.000209515 0.00962642
2.91667 -0.00831387 1.56454e-05 0.0126178
2.92083 -0.012691 -0.000368064 0.0100186
2.925 -0.0138201 -0.0013591 0.000803793
2.92917 -0.0119135 -6.25298e-05 -0.00390398
2.93333 -0.0123212 0.00127732 0.000496326
2.9375 -0.0156127 -0.00101157 0.00533221
2.94167 -0.0178996 -0.00301969 0.00451014
2.94583 -0.0186351 -0.000752467 0.00100681
2.95 -0.0189921 0.00100288 -0.002231
2.95417 -0.0178066 -0.00130251 -0.00395446
2.95833 -0.0158437 -0.00275235 -0.00222762
2.9625 -0.0161004 -0.00109845 -0.000111857
2.96667 -0.0165722 -0.000742379 -0.00338111
2.97083 -0.0129571 -0.00178504 -0.00789807
2.975 -0.00804087 -0.000658107 -0.00467158
2.97917 -0.00680441 9.47572e-05 0.00242655
2.98333 -0.00630917 -0.00216188 0.00233971
2.9875 -0.00196246 -0.00214706 -0.00387322
2.99167 0.0034032 0.00200302 -0.00756994
2.99583 0.00647465 0.00272526 -0.00810108
