0 0 0 0
0.00416667 0 0 0
0.00833333 0 0 0
0.0125 0 0 0
0.0166667 0 0 0
0.0208333 0 0 0
0.025 0 0 0
0.0291667 0 0 0
0.0333333 0 0 0
0.0375 0 0 0
0.0416667 0 0 0
0.0458333 0 0 0
0.05 0 0 0
0.0541667 0 0 0
0.0583333 0 0 0
0.0625 0 0 0
0.0666667 0 0 0
0.0708333 0 0 0
0.075 0 0 0
0.0791667 0 0 0
0.0833333 0 0 0
0.0875 0 0 0
0.0916667 0 0 0
0.0958333 0 0 0
0.1 0 0 0
0.104167 0 0 0
0.108333 0 0 0
0.1125 0 0 0
0.116667 0 0 0
0.120833 0 0 0
0.125 0 0 0
0.129167 0 0 0
0.133333 0 0 0
0.1375 0 0 0
0.141667 0 0 0
0.145833 0 0 0
0.15 0 0 0
0.154167 0 0 0
0.158333 0 0 0
0.1625 0 0 0
0.166667 0 0 0
0.170833 0 0 0
0.175 0 0 0
0.179167 0 0 0
0.183333 0 0 0
0.1875 0 0 0
0.191667 0 0 0
0.195833 0 0 0
0.2 -5.92879e-322 0 2.11411e-320
0.204167 -4.38101e-318 -1.98269e-319 1.2202e-316
0.208333 -2.1377e-314 -9.44507e-316 5.8317e-313
0.2125 -8.77191e-311 -3.78086e-312 2.3449e-309
0.216667 -3.04761e-307 -1.28125e-308 7.98622e-306
0.220833 -9.02193e-304 -3.69944e-305 2.31845e-302
0.225 -2.28937e-300 -9.15656e-302 5.7715e-299
0.229167 -5.00802e-297 -1.95394e-298 1.23898e-295
0.233333 -9.49449e-294 -3.61428e-295 2.30591e-292
0.2375 -1.56794e-290 -5.82484e-292 3.7395e-289
0.241667 -2.2663e-287 -8.21851e-289 5.30949e-286
0.245833 -2.8801e-284 -1.01983e-285 6.63016e-283
0.25 -3.232e-281 -1.11779e-282 7.31297e-280
0.254167 -3.21575e-278 -1.08656e-279 7.15378e-277
0.258333 -2.84795e-275 -9.40289e-277 6.23066e-274
0.2625 -2.25336e-272 -7.26988e-274 4.84947e-271
0.266667 -1.59848e-269 -5.03803e-271 3.3849e-268
0.270833 -1.02007e-266 -3.13839e-268 2.12591e-265
0.275 -5.87478e-264 -1.76153e-265 1.20529e-262
0.279167 -3.06291e-261 -8.9228e-263 6.18748e-260
0.283333 -1.44993e-258 -4.08051e-260 2.8847e-257
0.2875 -6.24988e-256 -1.68203e-257 1.22487e-254
0.291667 -2.45994e-253 -6.21726e-255 4.74994e-252
0.295833 -8.86546e-251 -2.0355e-252 1.68688e-249
0.3 -2.93363e-248 -5.73641e-250 5.50136e-247
0.304167 -8.93872e-246 -1.2885e-247 1.65221e-244
0.308333 -2.51556e-243 -1.65339e-245 4.58315e-242
0.3125 -6.56066e-241 3.54298e-243 1.17814e-239
0.316667 -1.59188e-238 3.74582e-240 2.81712e-237
0.320833 -3.61032e-236 1.82478e-237 6.29415e-235
0.325 -7.69689e-234 6.91192e-235 1.32118e-232
0.329167 -1.55305e-231 2.25029e-232 2.62263e-230
0.333333 -2.98948e-229 6.53654e-230 4.96142e-228
0.3375 -5.53619e-227 1.7249e-227 9.01978e-226
0.341667 -9.94122e-225 4.17725e-225 1.58843e-223
0.345833 -1.74086e-222 9.34313e-223 2.72636e-221
0.35 -2.97972e-220 1.93848e-220 4.57409e-219
0.354167 -4.97773e-218 3.74279e-218 7.49481e-217
0.358333 -8.07992e-216 6.74219e-216 1.19461e-214
0.3625 -1.26693e-213 1.13553e-213 1.84176e-212
0.366667 -1.90774e-211 1.79138e-211 2.73037e-210
0.370833 -2.74507e-209 2.65149e-209 3.87223e-208
0.375 -3.76047e-207 3.68778e-207 5.23303e-206
0.379167 -4.89224e-205 4.82653e-205 6.72099e-204
0.383333 -6.03548e-203 5.95227e-203 8.19014e-202
0.3875 -7.05585e-201 6.92574e-201 9.46167e-200
0.391667 -7.81552e-199 7.61236e-199 1.036e-197
0.395833 -8.20427e-197 7.91328e-197 1.07533e-195
0.4 -8.16599e-195 7.78885e-195 1.05853e-193
0.404167 -7.71169e-193 7.26687e-193 9.88813e-192
0.408333 -6.91501e-191 6.43342e-191 8.772e-190
0.4125 -5.89245e-189 5.4101e-189 7.39611e-188
0.416667 -4.77563e-187 4.32585e-187 5.93192e-186
0.420833 -3.68446e-185 3.29202e-185 4.52947e-184
0.425 -2.70835e-183 2.38663e-183 3.29561e-182
0.429167 -1.89845e-181 1.64982e-181 2.28682e-180
0.433333 -1.27007e-179 1.08844e-179 1.51463e-178
0.4375 -8.11619e-178 6.85895e-178 9.58344e-177
0.441667 -4.95828e-176 4.13202e-176 5.79736e-175
0.445833 -2.89809e-174 2.38162e-174 3.35568e-173
0.45 -1.62194e-172 1.3144e-172 1.85999e-171
0.454167 -8.69819e-171 6.95129e-171 9.8799e-170
0.458333 -4.47322e-169 3.5254e-169 5.033e-168
0.4625 -2.20761e-167 1.71582e-167 2.46064e-166
0.466667 -1.04627e-165 8.01979e-166 1.15537e-164
0.470833 -4.76516e-164 3.60231e-164 5.21371e-163
0.475 -2.08698e-162 1.55603e-162 2.26262e-161
0.479167 -8.79532e-161 6.46778e-161 9.44931e-160
0.483333 -3.56903e-159 2.58863e-159 3.80003e-158
0.4875 -1.39535e-157 9.98229e-158 1.47245e-156
0.491667 -5.25914e-156 3.71106e-156 5.50078e-155
0.495833 -1.91204e-154 1.33085e-154 1.9824e-153
0.5 -6.70939e-153 4.60649e-153 6.89585e-152
0.504167 -2.27359e-151 1.5398e-151 2.31664e-150
0.508333 -7.44427e-150 4.97336e-150 7.52039e-149
0.5125 -2.35637e-148 1.55294e-148 2.36027e-147
0.516667 -7.21443e-147 4.69033e-147 7.16551e-146
0.520833 -2.13755e-145 1.37093e-145 2.10531e-144
0.525 -6.13198e-144 3.87978e-144 5.98939e-143
0.529167 -1.70398e-142 1.06361e-142 1.65065e-141
0.533333 -4.58893e-141 2.82586e-141 4.40895e-140
0.5375 -1.19823e-139 7.27956e-140 1.14189e-138
0.541667 -3.03492e-138 1.81904e-138 2.86889e-137
0.545833 -7.45966e-137 4.41115e-137 6.99511e-136
0.55 -1.7801e-135 1.03853e-135 1.65597e-134
0.554167 -4.12573e-134 2.37477e-134 3.80772e-133
0.558333 -9.29112e-133 5.27643e-133 8.50767e-132
0.5625 -2.03385e-131 1.13958e-131 1.84783e-130
0.566667 -4.32932e-130 2.39335e-130 3.9029e-129
0.570833 -8.96474e-129 4.88974e-129 8.01956e-128
0.575 -1.80648e-127 9.72182e-128 1.60367e-126
0.579167 -3.54377e-126 1.88169e-126 3.122e-125
0.583333 -6.76998e-125 3.54683e-125 5.91921e-124
0.5875 -1.25994e-123 6.51294e-124 1.09334e-122
0.591667 -2.28508e-122 1.16548e-122 1.96814e-121
0.595833 -4.04005e-121 2.03313e-121 3.45389e-120
0.6 -6.9654e-120 3.45863e-120 5.9109e-119
0.604167 -1.17143e-118 5.73927e-119 9.86805e-118
0.608333 -1.92237e-117 9.29304e-118 1.60759e-116
0.6125 -3.0792e-116 1.46873e-116 2.55634e-115
0.616667 -4.81558e-115 2.26639e-115 3.96907e-114
0.620833 -7.35525e-114 3.4156e-114 6.01885e-113
0.625 -1.09751e-112 5.02877e-113 8.91698e-112
0.629167 -1.6003e-111 7.23504e-112 1.29099e-110
0.633333 -2.28086e-110 1.01747e-110 1.82704e-109
0.6375 -3.17845e-109 1.39902e-109 2.52818e-108
0.641667 -4.33179e-108 1.88132e-108 3.42152e-107
0.645833 -5.77519e-107 2.47484e-107 4.52995e-106
0.65 -7.53396e-106 3.18558e-106 5.86868e-105
0.654167 -9.61934e-105 4.01323e-105 7.44163e-104
0.658333 -1.20237e-103 4.94962e-104 9.23807e-103
0.6625 -1.47166e-102 5.97755e-103 1.12301e-101
0.666667 -1.76422e-101 7.07052e-102 1.33714e-100
0.670833 -2.07193e-100 8.19324e-101 1.55978e-99
0.675 -2.38436e-99 9.30324e-100 1.78294e-98
0.679167 -2.68931e-98 1.03534e-98 1.99754e-97
0.683333 -2.97354e-97 1.12952e-97 2.19397e-96
0.6875 -3.22378e-96 1.20827e-96 2.36286e-95
0.691667 -3.42772e-95 1.2676e-95 2.49578e-94
0.695833 -3.57506e-94 1.30448e-94 2.58598e-93
0.7 -3.65837e-93 1.31709e-93 2.62895e-92
0.704167 -3.67368e-92 1.30498e-92 2.62278e-91
0.708333 -3.62086e-91 1.26908e-91 2.56831e-90
0.7125 -3.50348e-90 1.21157e-90 2.46902e-89
0.716667 -3.3285e-89 1.13571e-89 2.33063e-88
0.720833 -3.10553e-88 1.0455e-88 2.16058e-87
0.725 -2.84604e-87 9.45365e-88 1.96743e-86
0.729167 -2.56237e-86 8.39784e-87 1.76008e-85
0.733333 -2.2668e-85 7.33003e-86 1.5472e-84
0.7375 -1.97074e-84 6.28763e-85 1.33664e-83
0.741667 -1.68408e-83 5.30134e-84 1.13504e-82
0.745833 -1.41477e-82 4.39413e-83 9.47566e-82
0.75 -1.16861e-81 3.58112e-82 7.77814e-81
0.754167 -9.49256e-81 2.87007e-81 6.27887e-80
0.758333 -7.58392e-80 2.26237e-80 4.98532e-79
0.7625 -5.9603e-79 1.75427e-79 3.89385e-78
0.766667 -4.60863e-78 1.33832e-78 2.99229e-77
0.770833 -3.50647e-77 1.00465e-77 2.26272e-76
0.775 -2.62559e-76 7.42212e-77 1.68393e-75
0.779167 -1.9351e-75 5.3971e-76 1.23352e-74
0.783333 -1.40398e-74 3.86343e-75 8.89525e-74
0.7875 -1.00291e-73 2.72286e-74 6.31568e-73
0.791667 -7.05442e-73 1.88964e-73 4.41561e-72
0.795833 -4.88676e-72 1.29149e-72 3.04038e-71
0.8 -3.33424e-71 8.69393e-72 2.062e-70
0.804167 -2.24101e-70 5.7652e-71 1.37762e-69
0.808333 -1.48395e-69 3.76651e-70 9.06785e-69
0.8125 -9.68228e-69 2.42463e-69 5.88124e-68
0.816667 -6.22545e-68 1.5381e-68 3.75903e-67
0.820833 -3.94504e-67 9.61641e-68 2.36798e-66
0.825 -2.46418e-66 5.92623e-67 1.47036e-65
0.829167 -1.51734e-65 3.60026e-66 9.00054e-65
0.833333 -9.21155e-65 2.1564e-65 5.43199e-64
0.8375 -5.51407e-64 1.27354e-64 3.23254e-63
0.841667 -3.25499e-63 7.41704e-64 1.89703e-62
0.845833 -1.89501e-62 4.26023e-63 1.09797e-61
0.85 -1.08819e-61 2.41361e-62 6.26827e-61
0.854167 -6.16414e-61 1.34889e-61 3.53009e-60
0.858333 -3.4448e-60 7.43713e-61 1.96133e-59
0.8625 -1.89942e-59 4.04576e-60 1.0752e-58
0.866667 -1.03345e-58 2.17172e-59 5.81621e-58
0.870833 -5.54892e-58 1.15043e-58 3.10491e-57
0.875 -2.94051e-57 6.01461e-58 1.6359e-56
0.879167 -1.53806e-56 3.10378e-57 8.50754e-56
0.883333 -7.94141e-56 1.58106e-56 4.3675e-55
0.8875 -4.04799e-55 7.95097e-56 2.21351e-54
0.891667 -2.03721e-54 3.94772e-55 1.10762e-53
0.895833 -1.01234e-53 1.93538e-54 5.47262e-53
0.9 -4.96763e-53 9.36944e-54 2.67015e-52
0.904167 -2.40735e-52 4.4795e-53 1.28662e-51
0.908333 -1.15222e-51 2.11519e-52 6.12311e-51
0.9125 -5.44719e-51 9.86524e-52 2.87832e-50
0.916667 -2.54382e-50 4.54507e-51 1.33655e-49
0.920833 -1.17357e-49 2.06863e-50 6.1312e-49
0.925 -5.34909e-49 9.30183e-50 2.77878e-48
0.929167 -2.40895e-48 4.13266e-49 1.24435e-47
0.933333 -1.07198e-47 1.81426e-48 5.50612e-47
0.9375 -4.71398e-47 7.87065e-48 2.40766e-46
0.941667 -2.04863e-46 3.37438e-47 1.04045e-45
0.945833 -8.79928e-46 1.42982e-46 4.44381e-45
0.95 -3.73565e-45 5.98827e-46 1.87598e-44
0.954167 -1.56766e-44 2.47905e-45 7.82833e-44
0.958333 -6.50328e-44 1.01452e-44 3.22929e-43
0.9625 -2.66709e-43 4.10448e-44 1.31696e-42
0.966667 -1.08142e-42 1.64174e-43 5.30995e-42
0.970833 -4.33545e-42 6.49274e-43 2.11685e-41
0.975 -1.71862e-41 2.53895e-42 8.34447e-41
0.979167 -6.73689e-41 9.81773e-42 3.25269e-40
0.983333 -2.61155e-40 3.75425e-41 1.25386e-39
0.9875 -1.00121e-39 1.41977e-40 4.78012e-39
0.991667 -3.7963e-39 5.31027e-40 1.80236e-38
0.995833 -1.42375e-38 1.96448e-39 6.72171e-38
1 -5.28157e-38 7.18839e-39 2.47958e-37
1.00417 -1.9381e-37 2.60192e-38 9.04813e-37
1.00833 -7.03553e-37 9.31655e-38 3.26622e-36
1.0125 -2.52665e-36 3.30019e-37 1.16644e-35
1.01667 -8.97726e-36 1.15656e-36 4.12122e-35
1.02083 -3.15583e-35 4.01016e-36 1.44066e-34
1.025 -1.09769e-34 1.37576e-35 4.98301e-34
1.02917 -3.77794e-34 4.67013e-35 1.70543e-33
1.03333 -1.28667e-33 1.56871e-34 5.77576e-33
1.0375 -4.33642e-33 5.21435e-34 1.93569e-32
1.04167 -1.44633e-32 1.71523e-33 6.41998e-32
1.04583 -4.77415e-32 5.58378e-33 2.10728e-31
1.05 -1.55968e-31 1.79901e-32 6.84569e-31
1.05417 -5.04312e-31 5.73664e-32 2.20109e-30
1.05833 -1.61402e-30 1.81057e-31 7.00489e-30
1.0625 -5.11303e-30 5.65619e-31 2.2066e-29
1.06667 -1.60334e-29 1.74904e-30 6.88051e-29
1.07083 -4.977e-29 5.35374e-30 2.12377e-28
1.075 -1.52939e-28 1.62223e-29 6.48936e-28
1.07917 -4.65256e-28 4.86606e-29 1.96298e-27
1.08333 -1.40121e-27 1.445e-28 5.87849e-27
1.0875 -4.17799e-27 4.24815e-28 1.74286e-26
1.09167 -1.23338e-26 1.23647e-27 5.11592e-26
1.09583 -3.605e-26 3.5631e-27 1.48682e-25
1.1 -1.04329e-25 1.0166e-26 4.27839e-25
1.10417 -2.98956e-25 2.87185e-26 1.21899e-24
1.10833 -8.48253e-25 8.03286e-26 3.43901e-24
1.1125 -2.38325e-24 2.22479e-25 9.60696e-24
1.11667 -6.63056e-24 6.10134e-25 2.65748e-23
1.12083 -1.82674e-23 1.65688e-24 7.27942e-23
1.125 -4.98382e-23 4.45548e-24 1.97458e-22
1.12917 -1.34652e-22 1.18643e-23 5.30411e-22
1.13333 -3.60278e-22 3.12857e-23 1.41097e-21
1.1375 -9.54653e-22 8.16978e-23 3.71709e-21
1.14167 -2.50521e-21 2.11272e-22 9.69772e-21
1.14583 -6.51089e-21 5.41064e-22 2.50569e-20
1.15 -1.67587e-20 1.37226e-21 6.41186e-20
1.15417 -4.27221e-20 3.44673e-21 1.62496e-19
1.15833 -1.07865e-19 8.5737e-21 4.0786e-19
1.1625 -2.6973e-19 2.11214e-20 1.01389e-18
1.16667 -6.68044e-19 5.15319e-20 2.49627e-18
1.17083 -1.63874e-18 1.24517e-19 6.08711e-18
1.175 -3.98152e-18 2.97977e-19 1.47013e-17
1.17917 -9.5813e-18 7.06223e-19 3.51664e-17
1.18333 -2.2837e-17 1.6577e-18 8.33162e-17
1.1875 -5.3913e-17 3.85366e-18 1.95506e-16
1.19167 -1.26064e-16 8.87252e-18 4.54385e-16
1.19583 -2.91963e-16 2.02313e-17 1.04597e-15
1.2 -6.69744e-16 4.56881e-17 2.38475e-15
1.20417 -1.52171e-15 1.02183e-16 5.38513e-15
1.20833 -3.42446e-15 2.26337e-16 1.20442e-14
1.2125 -7.63293e-15 4.96502e-16 2.668e-14
1.21667 -1.6851e-14 1.07864e-15 5.85348e-14
1.22083 -3.68461e-14 2.32065e-15 1.27192e-13
1.225 -7.97966e-14 4.94448e-15 2.73729e-13
1.22917 -1.71159e-13 1.04327e-14 5.83429e-13
1.23333 -3.63606e-13 2.1799e-14 1.23156e-12
1.2375 -7.6502e-13 4.5105e-14 2.57465e-12
1.24167 -1.59411e-12 9.24171e-14 5.33049e-12
1.24583 -3.28969e-12 1.87504e-13 1.09293e-11
1.25 -6.72324e-12 3.76689e-13 2.21915e-11
1.25417 -1.36074e-11 7.49307e-13 4.46206e-11
1.25833 -2.72734e-11 1.47579e-12 8.88443e-11
1.2625 -5.41318e-11 2.87781e-12 1.75168e-10
1.26667 -1.06391e-10 5.55592e-12 3.41979e-10
1.27083 -2.07053e-10 1.06191e-11 6.61069e-10
1.275 -3.98997e-10 2.00926e-11 1.26526e-09
1.27917 -7.61288e-10 3.76339e-11 2.39764e-09
1.28333 -1.43815e-09 6.97745e-11 4.49819e-09
1.2875 -2.68977e-09 1.28045e-10 8.35455e-09
1.29167 -4.98038e-09 2.32568e-10 1.53609e-08
1.29583 -9.129e-09 4.18053e-10 2.79575e-08
1.3 -1.65644e-08 7.43664e-10 5.03663e-08
1.30417 -2.97504e-08 1.30904e-09 8.98087e-08
1.30833 -5.28873e-08 2.27995e-09 1.58491e-07
1.3125 -9.30508e-08 3.92878e-09 2.76802e-07
1.31667 -1.62021e-07 6.69743e-09 4.78387e-07
1.32083 -2.7917e-07 1.12937e-08 8.18093e-07
1.325 -4.75974e-07 1.88363e-08 1.38421e-06
1.32917 -8.02926e-07 3.10696e-08 2.31708e-06
1.33333 -1.34001e-06 5.06763e-08 3.83686e-06
1.3375 -2.21226e-06 8.17234e-08 6.28442e-06
1.34167 -3.6126e-06 1.30286e-07 1.01803e-05
1.34583 -5.83459e-06 2.05304e-07 1.63085e-05
1.35 -9.31873e-06 3.19721e-07 2.58328e-05
1.35417 -1.47165e-05 4.91972e-07 4.04554e-05
1.35833 -2.29774e-05 7.47867e-07 6.26279e-05
1.3625 -3.54632e-05 1.12288e-06 9.58254e-05
1.36667 -5.4097e-05 1.6648e-06 0.000144892
1.37083 -8.15484e-05 2.43675e-06 0.000216464
1.375 -0.000121459 3.5201e-06 0.000319466
1.37917 -0.000178703 5.01726e-06 0.000465662
1.38333 -0.000259678 7.05341e-06 0.000670244
1.3875 -0.000372602 9.77672e-06 0.000952376
1.39167 -0.000527786 1.33557e-05 0.00133563
1.39583 -0.00073784 1.7973e-05 0.00184821
1.4 -0.00101774 2.38134e-05 0.00252271
1.40417 -0.00138467 3.1046e-05 0.00339541
1.40833 -0.00185759 3.97991e-05 0.00450476
1.4125 -0.00245632 5.01265e-05 0.00588884
1.41667 -0.00320018 6.19682e-05 0.00758185
1.42083 -0.00410605 7.51059e-05 0.00960936
1.425 -0.00518579 8.91185e-05 0.0119825
1.42917 -0.00644321 0.000103343 0.0146913
1.43333 -0.00787063 0.000116849 0.0176983
1.4375 -0.0094454 0.000128438 0.0209315
1.44167 -0.0111269 0.000136677 0.0242806
1.44583 -0.0128541 0.000139967 0.0275947
1.45 -0.0145456 0.000136669 0.0306847
1.45417 -0.0161008 0.000125267 0.0333311
1.45833 -0.0174044 0.00010457 0.035297
1.4625 -0.018334 7.39352e-05 0.0363477
1.46667 -0.0187704 3.34751e-05 0.0362743
1.47083 -0.0186103 -1.57817e-05 0.0349205
1.475 -0.0177798 -7.18172e-05 0.0322083
1.47917 -0.0162474 -0.000131678 0.0281591
1.48333 -0.0140339 -0.000191684 0.022905
1.4875 -0.0112174 -0.000247788 0.016687
1.49167 -0.0079304 -0.000296083 0.00983648
1.49583 -0.00434901 -0.000333376 0.00274042
1.5 -0.000673515 -0.000357769 -0.00420845
1.50417 0.00289803 -0.00036912 -0.0106694
1.50833 0.00619971 -0.000369285 -0.0164112
1.5125 0.00912652 -0.000362035 -0.0213588
1.51667 0.0116563 -0.000352613 -0.0256172
1.52083 0.0138595 -0.000346922 -0.0294655
1.525 0.0158927 -0.000350452 -0.0333149
1.52917 0.0179739 -0.000367091 -0.0376341
1.53333 0.0203417 -0.000398046 -0.0428506
1.5375 0.0232033 -0.000441094 -0.0492429
1.54167 0.0266797 -0.00049037 -0.0568442
1.54583 0.0307592 -0.000536799 -0.0653774
1.55 0.0352672 -0.000569176 -0.0742377
1.55417 0.0398631 -0.000575759 -0.0825309
1.55833 0.044065 -0.000546118 -0.0891679
1.5625 0.0473024 -0.000472925 -0.0930002
1.56667 0.0489887 -0.000353342 -0.0929775
1.57083 0.048602 -0.000189781 -0.0883008
1.575 0.0457624 1.01238e-05 -0.078547
1.57917 0.0402914 0.000234271 -0.063747
1.58333 0.0322477 0.00046742 -0.044409
1.5875 0.0219338 0.000692822 -0.0214884
1.59167 0.00987675 0.000893889 0.00368386
1.59583 -0.00321269 0.00105569 0.0295041
1.6 -0.0164942 0.00116615 0.0542144
1.60417 -0.0290602 0.00121705 0.0760316
1.60833 -0.040003 0.00120465 0.0932818
1.6125 -0.048484 0.00113034 0.104541
1.61667 -0.0538061 0.00100085 0.108778
1.62083 -0.0554851 0.000828204 0.105478
1.625 -0.0533126 0.000629023 0.0947487
1.62917 -0.0474012 0.000422999 0.0773484
1.63333 -0.0381953 0.000230609 0.0546433
1.6375 -0.0264381 7.02531e-05 0.0284632
1.64167 -0.0130908 -4.4619e-05 0.000876082
1.64583 0.000787935 -0.000107692 -0.0260828
1.65 0.0141811 -0.000120612 -0.0506706
1.65417 0.026241 -9.20722e-05 -0.0716247
1.65833 0.0363748 -3.52649e-05 -0.0882324
1.6625 0.0442692 3.5654e-05 -0.100271
1.66667 0.0498488 0.000109063 -0.107845
1.67083 0.0531876 0.000178229 -0.111184
1.675 0.0544057 0.00024173 -0.110474
1.67917 0.0535907 0.000301817 -0.105783
1.68333 0.0507699 0.000361309 -0.0971074
1.6875 0.0459439 0.000420216 -0.0845143
1.69167 0.0391623 0.000473439 -0.0683026
1.69583 0.0306065 0.000510534 -0.049114
1.7 0.0206362 0.000517786 -0.0279216
1.70417 0.0097732 0.00048192 -0.00588185
1.70833 -0.00138415 0.00039414 0.015907
1.7125 -0.0122878 0.000252984 0.036655
1.71667 -0.0225631 6.49545e-05 0.0560392
1.72083 -0.0320792 -0.000157265 0.0742026
1.725 -0.0409342 -0.00039823 0.0915801
1.72917 -0.0493558 -0.000643389 0.108608
1.73333 -0.05755 -0.000881515 0.125418
1.7375 -0.0655497 -0.00110503 0.141619
1.74167 -0.0731184 -0.00130832 0.156251
1.74583 -0.0797405 -0.00148495 0.167912
1.75 -0.0846999 -0.00162537 0.175011
1.75417 -0.0872159 -0.00171618 0.176072
1.75833 -0.0865933 -0.00174175 0.169979
1.7625 -0.0823407 -0.00168764 0.156133
1.76667 -0.074236 -0.00154472 0.134499
1.77083 -0.0623406 -0.00131254 0.10558
1.775 -0.0469797 -0.00100085 0.070378
1.77917 -0.0287173 -0.000628767 0.0303607
1.78333 -0.00833868 -0.00022204 -0.0125568
1.7875 0.0131589 0.000190683 -0.0560397
1.79167 0.0345831 0.000581565 -0.0974139
1.79583 0.0545916 0.000926425 -0.13383
1.8 0.0717795 0.00120636 -0.162511
1.80417 0.0848085 0.00140824 -0.181068
1.80833 0.0925655 0.00152438 -0.187824
1.8125 0.0943219 0.00155195 -0.1821
1.81667 0.0898672 0.00149244 -0.164391
1.82083 0.0795866 0.00135146 -0.136411
1.825 0.0644622 0.00113902 -0.100947
1.82917 0.0459852 0.000869929 -0.0615469
1.83333 0.0259829 0.000564098 -0.0220592
1.8375 0.00638013 0.000245937 0.0138888
1.84167 -0.0110634 -5.75023e-05 0.0433814
1.84583 -0.0249882 -0.000319781 0.0645615
1.85 -0.03459 -0.000519175 0.0767625
1.85417 -0.039664 -0.000642511 0.0804132
1.85833 -0.0405363 -0.000687436 0.0767709
1.8625 -0.0379171 -0.0006622 0.0675814
1.86667 -0.0327263 -0.000582938 0.0547646
1.87083 -0.0259389 -0.000469411 0.0401827
1.875 -0.0184766 -0.000340744 0.025494
1.87917 -0.0111414 -0.000212578 0.0120534
1.88333 -0.00457034 -9.61656e-05 0.000824183
1.8875 0.000803796 1.05491e-06 -0.0076974
1.89167 0.00478524 7.45452e-05 -0.0135054
1.89583 0.00741853 0.000122378 -0.0170053
1.9 0.00893941 0.00014573 -0.0188206
1.90417 0.00967146 0.000149381 -0.01954
1.90833 0.00989976 0.000141118 -0.0195092
1.9125 0.00977558 0.0001295 -0.0187685
1.91667 0.00929868 0.000120613 -0.0171657
1.92083 0.00838576 0.000115452 -0.0145764
1.925 0.00698426 0.000109622 -0.011097
1.92917 0.00516235 9.59682e-05 -0.00708879
1.93333 0.00311796 6.90057e-05 -0.00304236
1.9375 0.00110009 2.88064e-05 0.000648885
1.94167 -0.000706478 -1.79543e-05 0.00385224
1.94583 -0.00225422 -6.05672e-05 0.00667422
1.95 -0.00360844 -8.91484e-05 0.00925258
1.95417 -0.00483414 -9.90555e-05 0.0114931
1.95833 -0.00586673 -9.23557e-05 0.0129386
1.9625 -0.00646049 -7.56318e-05 0.012893
1.96667 -0.00626804 -5.56723e-05 0.0107692
1.97083 -0.00502371 -3.58727e-05 0.00647977
1.975 -0.00273363 -1.56269e-05 0.000645601
1.97917 0.000239512 7.05014e-06 -0.00551457
1.98333 0.00325501 3.16153e-05 -0.0105737
1.9875 0.00560403 5.26308e-05 -0.013375
1.99167 0.00674807 6.07276e-05 -0.0133732
1.99583 0.00647487 4.64399e-05 -0.0107129
2 0.00491666 4.52171e-06 -0.00607128
2.00417 0.00245621 -6.39551e-05 -0.000410341
2.00833 -0.000403245 -0.000152914 0.00522405
2.0125 -0.00313639 -0.000254944 0.0098133
2.01667 -0.00524804 -0.000364862 0.0124536
2.02083 -0.00631611 -0.000481063 0.0125079
2.025 -0.00606834 -0.00060434 0.00983093
2.02917 -0.00449101 -0.000735659 0.00495484
2.03333 -0.00190911 -0.000874856 -0.000928377
2.0375 0.00104231 -0.00102098 -0.00627626
2.04167 0.00359068 -0.0011732 -0.009714
2.04583 0.00508977 -0.00133016 -0.0105275
2.05 0.00525262 -0.00148668 -0.00887939
2.05417 0.0042327 -0.00162902 -0.00564058
2.05833 0.00251253 -0.00173171 -0.00194554
2.0625 0.000668207 -0.00175928 0.00126892
2.06667 -0.000855712 -0.00167371 0.00350362
2.07083 -0.00184773 -0.00144545 0.0046465
2.075 -0.00228571 -0.00106349 0.00476032
2.07917 -0.00222275 -0.000540567 0.00392021
2.08333 -0.00170988 8.78187e-05 0.00222992
2.0875 -0.000812273 0.000768872 -3.24001e-05
2.09167 0.000315715 0.00143945 -0.00231796
2.09583 0.00139002 0.00203236 -0.00391622
2.1 0.0020633 0.00248237 -0.00426293
2.10417 0.00208456 0.00273356 -0.00326535
2.10833 0.00145347 0.00274934 -0.00141171
2.1125 0.000455124 0.00252327 0.000445004
2.11667 -0.00046836 0.00208677 0.00152474
2.12083 -0.000944579 0.0015087 0.00152203
2.125 -0.000861621 0.000884774 0.00073246
2.12917 -0.000409091 0.000318611 -0.000159353
2.13333 4.92721e-05 -9.96116e-05 -0.000484981
2.1375 0.000186784 -0.000310278 5.58633e-05
2.14167 -0.00011763 -0.000292333 0.00127941
2.14583 -0.000738809 -6.10875e-05 0.00265611
2.15 -0.00139121 0.000341794 0.00357892
2.15417 -0.00177134 0.000861863 0.00360553
2.15833 -0.00167734 0.00144467 0.00258916
2.1625 -0.00106654 0.00204438 0.000704181
2.16667 -5.87184e-05 0.00262636 -0.00159134
2.17083 0.00109165 0.0031634 -0.00364314
2.175 0.00204719 0.00362765 -0.0047603
2.17917 0.0024733 0.0039823 -0.00445017
2.18333 0.00215629 0.00417804 -0.00265804
2.1875 0.00111569 0.00415834 0.00011942
2.19167 -0.000354789 0.00387359 0.00295373
2.19583 -0.00176522 0.00329922 0.00482493
2.2 -0.0026115 0.00244973 0.00503246
2.20417 -0.00257983 0.00138075 0.00347253
2.20833 -0.00167121 0.000176412 0.000652408
2.2125 -0.000188379 -0.00107381 -0.00253551
2.21667 0.00139453 -0.00229878 -0.00513803
2.22083 0.00260208 -0.0034588 -0.006413
2.225 0.00309152 -0.00454144 -0.00598404
2.22917 0.00272166 -0.00554151 -0.00390558
2.23333 0.00157369 -0.0064347 -0.000681121
2.2375 -5.33032e-05 -0.00715818 0.00278113
2.24167 -0.00167926 -0.00760969 0.00534474
2.24583 -0.00274428 -0.00766869 0.00598828
2.25 -0.00278487 -0.00723355 0.00422666
2.25417 -0.00163478 -0.00626077 0.000404544
2.25833 0.00045276 -0.00479043 -0.00433968
2.2625 0.00285372 -0.00294762 -0.00848448
2.26667 0.00480116 -0.000919572 -0.0107371
2.27083 0.0056938 0.00108165 -0.010545
2.275 0.00533266 0.00285647 -0.00826077
2.27917 0.00397234 0.00424401 -0.00491517
2.28333 0.00217987 0.00513444 -0.00176198
2.2875 0.000594052 0.00547281 0.00016444
2.29167 -0.000291479 0.00526189 0.000312053
2.29583 -0.000245073 0.00456588 -0.00132778
2.3 0.000688586 0.00350956 -0.00428845
2.30417 0.00223484 0.00226386 -0.0077574
2.30833 0.00396176 0.0010143 -0.0107551
2.3125 0.00537514 -7.92424e-05 -0.0123763
2.31667 0.00604191 -0.000914518 -0.012063
2.32083 0.00572331 -0.00145483 -0.00980747
2.325 0.00446551 -0.00171101 -0.00617441
2.32917 0.00259303 -0.00171214 -0.00210381
2.33333 0.000593347 -0.00148692 0.0014269
2.3375 -0.00105959 -0.00106845 0.00373188
2.34167 -0.00206403 -0.000514778 0.004611
2.34583 -0.00237046 7.8462e-05 0.0043684
2.35 -0.00217113 0.000594108 0.00369098
2.35417 -0.00182511 0.000937142 0.00344179
2.35833 -0.00175133 0.0010788 0.00440783
2.3625 -0.00230828 0.00106616 0.00704109
2.36667 -0.00367519 0.00098285 0.0112659
2.37083 -0.00576646 0.000883862 0.016452
2.375 -0.00822645 0.000753066 0.0216104
2.37917 -0.0105333 0.000521866 0.0257563
2.38333 -0.012184 0.000143278 0.0282698
2.3875 -0.0128767 -0.000332068 0.0290748
2.39167 -0.0125977 -0.000743629 0.0285681
2.39583 -0.0115769 -0.000898176 0.0273863
2.4 -0.0101566 -0.000694403 0.0261727
2.40417 -0.00865663 -0.000207629 0.0254436
2.40833 -0.00729746 0.000335006 0.0255286
2.4125 -0.00617393 0.000683736 0.0264969
2.41667 -0.00524035 0.000715629 0.0280494
2.42083 -0.00428904 0.000499448 0.0294847
2.425 -0.00296073 0.000229982 0.0298808
2.42917 -0.000843326 8.3209e-05 0.0285011
2.43333 0.00233991 0.000103205 0.0252243
2.4375 0.00654341 0.000203715 0.0206973
2.44167 0.011346 0.000271943 0.0160486
2.44583 0.0160989 0.000277491 0.0123018
2.45 0.020208 0.00028818 0.00985411
2.45417 0.0233774 0.000380215 0.00835237
2.45833 0.0256658 0.00052966 0.00700672
2.4625 0.0273347 0.00059565 0.00507385
2.46667 0.0286172 0.00042692 0.00215911
2.47083 0.0295729 7.36168e-06 -0.00181158
2.475 0.0301021 -0.000491817 -0.00680187
2.47917 0.0300579 -0.00081575 -0.0127801
2.48333 0.0293259 -0.000813756 -0.0196059
2.4875 0.0278037 -0.000558672 -0.0268258
2.49167 0.0253299 -0.000293811 -0.0336468
2.49583 0.0216785 -0.000246238 -0.0392192
2.5 0.0166772 -0.000458708 -0.0430667
2.50417 0.0103813 -0.00077629 -0.0453281
2.50833 0.00315647 -0.00099029 -0.0465887
2.5125 -0.00442639 -0.00100975 -0.0474073
2.51667 -0.0118354 -0.000916135 -0.0478992
2.52083 -0.0187939 -0.000868436 -0.0477
2.525 -0.0253154 -0.000957913 -0.0463294
2.52917 -0.0315418 -0.00114415 -0.0436561
2.53333 -0.0375244 -0.00131523 -0.0400983
2.5375 -0.0431185 -0.00139715 -0.0364309
2.54167 -0.0480582 -0.00140382 -0.033393
2.54583 -0.0521174 -0.00139193 -0.0314283
2.55 -0.0551972 -0.00138248 -0.0307286
2.55417 -0.0572562 -0.00133326 -0.0314504
2.55833 -0.058157 -0.00118111 -0.0338107
2.5625 -0.057587 -0.000898322 -0.037888
2.56667 -0.0551517 -0.000503962 -0.0432564
2.57083 -0.0505795 -3.31544e-05 -0.0487812
2.575 -0.0438691 0.000484354 -0.0528137
2.57917 -0.0352531 0.0010083 -0.0537085
2.58333 -0.025023 0.00146836 -0.0503221
2.5875 -0.01339 0.00179077 -0.0421762
2.59167 -0.00052833 0.00196166 -0.0292697
2.59583 0.0132247 0.00205238 -0.011827
2.6 0.0272005 0.00215266 0.00970177
2.60417 0.0404391 0.00225998 0.0343528
2.60833 0.051935 0.00224628 0.0603724
2.6125 0.060901 0.00196512 0.0853084
2.61667 0.0668505 0.00141299 0.106542
2.62083 0.0694749 0.000777759 0.121952
2.625 0.0684908 0.000301073 0.130277
2.62917 0.063658 7.29526e-05 0.131008
2.63333 0.0549914 -3.71105e-05 0.124042
2.6375 0.0429856 -0.000234983 0.109493
2.64167 0.0286342 -0.000585001 0.0878631
2.64583 0.0131953 -0.000943182 0.0603748
2.65 -0.00213313 -0.0011075 0.029091
2.65417 -0.0164112 -0.00102366 -0.0033774
2.65833 -0.0289484 -0.000830683 -0.0344246
2.6625 -0.0391941 -0.000709578 -0.0619171
2.66667 -0.0466817 -0.000710946 -0.0843522
2.67083 -0.0510839 -0.000744876 -0.100767
2.675 -0.0523053 -0.000719461 -0.11061
2.67917 -0.050517 -0.000647095 -0.113731
2.68333 -0.0461081 -0.000596044 -0.110435
2.6875 -0.0396019 -0.000569346 -0.1015
2.69167 -0.0315811 -0.000485737 -0.088085
2.69583 -0.0226268 -0.000298602 -0.0715525
2.7 -0.0132678 -9.41055e-05 -0.0532602
2.70417 -0.00396124 -1.67464e-05 -0.0343631
2.70833 0.0048811 -9.02181e-05 -0.0156802
2.7125 0.0128607 -0.000160927 0.00230407
2.71667 0.0196296 -6.6657e-05 0.0192874
2.72083 0.0250069 0.000150692 0.0349632
2.725 0.0290701 0.000259217 0.0489704
2.72917 0.0320938 9.91246e-05 0.0610255
2.73333 0.0343446 -0.000199508 0.0710607
2.7375 0.035909 -0.000320475 0.0791508
2.74167 0.0367252 -9.9676e-05 0.0852359
2.74583 0.0367823 0.000283917 0.0889358
2.75 0.0362586 0.000499828 0.0897296
2.75417 0.0354237 0.000432693 0.0874101
2.75833 0.0343984 0.000300048 0.0823841
2.7625 0.033041 0.000383275 0.0754938
2.76667 0.0311001 0.000693439 0.0675112
2.77083 0.0284623 0.000971446 0.0587993
2.775 0.0251979 0.00101449 0.049431
2.77917 0.0213369 0.000922695 0.0395271
2.78333 0.0166287 0.000963353 0.0293305
2.7875 0.0105932 0.00122893 0.0188813
2.79167 0.00286312 0.00151989 0.00769656
2.79583 -0.00649086 0.00159383 -0.00505855
2.8 -0.016929 0.00145718 -0.0199218
2.80417 -0.0276569 0.00132951 -0.0365546
2.80833 -0.0378129 0.00134165 -0.0537244
2.8125 -0.046479 0.00137409 -0.0697823
2.81667 -0.0526494 0.00124921 -0.0831432
2.82083 -0.0553701 0.00101107 -0.0924421
2.825 -0.0540445 0.000900784 -0.0965133
2.82917 -0.0486718 0.00104125 -0.09452
2.83333 -0.0398349 0.00124932 -0.08627
2.8375 -0.0284989 0.001244 -0.0724082
2.84167 -0.0158121 0.000995628 -0.0542561
2.84583 -0.00298251 0.000758022 -0.0334335
2.85 0.00885105 0.000732626 -0.0115907
2.85417 0.0187995 0.0008031 0.00964179
2.85833 0.0263469 0.000692418 0.0286636
2.8625 0.0312916 0.00033309 0.0440408
2.86667 0.0335693 -4.74409e-05 0.054691
2.87083 0.03316 -0.000243281 0.0599583
2.875 0.0301649 -0.000361219 0.0596051
2.87917 0.0249146 -0.000690747 0.0538866
2.88333 0.0179446 -0.00132754 0.043705
2.8875 0.0098924 -0.00205666 0.030597
2.89167 0.00149111 -0.0026384 0.016397
2.89583 -0.00633416 -0.00308575 0.00279458
2.9 -0.0125119 -0.00355168 -0.00885196
2.90417 -0.0161719 -0.00401392 -0.0174241
2.90833 -0.0170752 -0.00423873 -0.0220562
2.9125 -0.0157124 -0.00409137 -0.0224913
2.91667 -0.0129584 -0.00373093 -0.0194554
2.92083 -0.00962978 -0.00337424 -0.0145014
2.925 -0.00633292 -0.00295954 -0.00929331
2.92917 -0.00355432 -0.00223738 -0.00494899
2.93333 -0.00164405 -0.00120992 -0.00197923
2.9375 -0.000588283 -0.000271712 -0.000614201
2.94167 8.87979e-05 0.000237923 -0.000887077
2.94583 0.000990872 0.000492735 -0.00233006
2.95 0.00232732 0.000946523 -0.00385876
2.95417 0.00377034 0.00163659 -0.0043153
2.95833 0.00485127 0.00199228 -0.0032621
2.9625 0.00540004 0.00152881 -0.001159
2.96667 0.00550814 0.000560974 0.00126518
2.97083 0.00516465 -9.24324e-05 0.00364879
2.975 0.00416982 -0.000133316 0.00588499
2.97917 0.0025167 -0.000180839 0.00756369
2.98333 0.000698976 -0.000914606 0.0079163
2.9875 -0.000594177 -0.00204307 0.00651697
2.99167 -0.00112414 -0.0025324 0.0038744
2.99583 -0.00128707 -0.00190138 0.00107183
