0 0 0 0
0.00416667 0 0 0
0.00833333 0 0 0
0.0125 0 0 0
0.0166667 0 0 0
0.0208333 0 0 0
0.025 0 0 0
0.0291667 0 0 0
0.0333333 0 0 0
0.0375 0 0 0
0.0416667 0 0 0
0.0458333 0 0 0
0.05 0 0 0
0.0541667 0 0 0
0.0583333 0 0 0
0.0625 0 0 0
0.0666667 0 0 0
0.0708333 0 0 0
0.075 0 0 0
0.0791667 0 0 0
0.0833333 0 0 0
0.0875 0 0 0
0.0916667 0 0 0
0.0958333 0 0 0
0.1 0 0 0
0.104167 0 0 0
0.108333 0 0 0
0.1125 0 0 0
0.116667 0 0 0
0.120833 0 0 0
0.125 0 0 0
0.129167 0 0 0
0.133333 0 0 0
0.1375 0 0 0
0.141667 0 0 0
0.145833 0 0 0
0.15 0 0 0
0.154167 0 0 0
0.158333 0 0 0
0.1625 0 0 0
0.166667 0 0 0
0.170833 0 0 0
0.175 0 0 0
0.179167 0 0 0
0.183333 0 0 0
0.1875 0 0 0
0.191667 -2.94463e-321 4.49254e-320 6.03748e-320
0.195833 -1.03784e-316 1.48628e-315 1.99843e-315
0.2 -2.78813e-312 3.90721e-311 5.25316e-311
0.204167 -6.01417e-308 8.25097e-307 1.10924e-306
0.208333 -1.0509e-303 1.41205e-302 1.89818e-302
0.2125 -1.49995e-299 1.97472e-298 2.65435e-298
0.216667 -1.76248e-295 2.27437e-294 3.05691e-294
0.220833 -1.71753e-291 2.17326e-290 2.92081e-290
0.225 -1.39778e-287 1.73489e-286 2.33149e-286
0.229167 -9.56253e-284 1.16462e-282 1.56501e-282
0.233333 -5.53358e-280 6.61519e-279 8.88887e-279
0.2375 -2.72451e-276 3.19807e-275 4.297e-275
0.241667 -1.14772e-272 1.32322e-271 1.7778e-271
0.245833 -4.15849e-269 4.71042e-268 6.32828e-268
0.25 -1.30246e-265 1.44991e-264 1.94779e-264
0.254167 -3.54311e-262 3.87735e-261 5.2085e-261
0.258333 -8.40927e-259 9.04898e-258 1.2155e-257
0.2625 -1.74886e-255 1.85097e-254 2.48617e-254
0.266667 -3.19999e-252 3.332e-251 4.47525e-251
0.270833 -5.17174e-249 5.29922e-248 7.1171e-248
0.275 -7.41027e-246 7.4736e-245 1.00369e-244
0.279167 -9.44677e-243 9.37989e-242 1.25965e-241
0.283333 -1.07512e-239 1.0512e-238 1.41163e-238
0.2875 -1.09588e-236 1.05536e-235 1.41716e-235
0.291667 -1.00356e-233 9.52093e-233 1.27845e-232
0.295833 -8.28121e-231 7.7413e-230 1.03945e-229
0.3 -6.17508e-228 5.68895e-227 7.63848e-227
0.304167 -4.17228e-225 3.78892e-224 5.08718e-224
0.308333 -2.56106e-222 2.29294e-221 3.07852e-221
0.3125 -1.43175e-219 1.264e-218 1.69702e-218
0.316667 -7.30733e-217 6.36247e-216 8.54189e-216
0.320833 -3.4127e-214 2.93105e-213 3.93497e-213
0.325 -1.46166e-211 1.23851e-210 1.66269e-210
0.329167 -5.75349e-209 4.81043e-208 6.45783e-208
0.333333 -2.08565e-206 1.72091e-205 2.31023e-205
0.3375 -6.97643e-204 5.68175e-203 7.62733e-203
0.341667 -2.15741e-201 1.7345e-200 2.32842e-200
0.345833 -6.17918e-199 4.90492e-198 6.58435e-198
0.35 -1.64209e-196 1.28711e-195 1.7278e-195
0.354167 -4.05571e-194 3.13951e-193 4.21442e-193
0.358333 -9.3251e-192 7.12987e-191 9.57099e-191
0.3625 -1.99914e-189 1.50994e-188 2.02691e-188
0.366667 -4.00218e-187 2.98648e-186 4.00899e-186
0.370833 -7.49303e-185 5.52481e-184 7.41642e-184
0.375 -1.31384e-182 9.57306e-182 1.28508e-181
0.379167 -2.16047e-180 1.55581e-179 2.08853e-179
0.383333 -3.33621e-178 2.37472e-177 3.18786e-177
0.3875 -4.84414e-176 3.40858e-175 4.57579e-175
0.391667 -6.62185e-174 4.60659e-173 6.18415e-173
0.395833 -8.53224e-172 5.86887e-171 7.87883e-171
0.4 -1.03747e-169 7.0567e-169 9.47365e-169
0.404167 -1.19181e-167 8.017e-167 1.07631e-166
0.408333 -1.29488e-165 8.61506e-165 1.15663e-164
0.4125 -1.33202e-163 8.76599e-163 1.17692e-162
0.416667 -1.29864e-161 8.45443e-161 1.13512e-160
0.420833 -1.20116e-159 7.73644e-159 1.03875e-158
0.425 -1.05504e-157 6.72342e-157 9.02765e-157
0.429167 -8.80831e-156 5.5544e-155 7.45824e-155
0.433333 -6.99638e-154 4.36593e-153 5.86262e-153
0.4375 -5.29168e-152 3.26807e-151 4.38858e-151
0.441667 -3.81439e-150 2.3316e-149 3.13115e-149
0.445833 -2.62259e-148 1.58681e-147 2.13105e-147
0.45 -1.72132e-146 1.03099e-145 1.38466e-145
0.454167 -1.07934e-144 6.40004e-144 8.59591e-144
0.458333 -6.47071e-143 3.79877e-142 5.10239e-142
0.4625 -3.71166e-141 2.15753e-140 2.89807e-140
0.466667 -2.03854e-139 1.17337e-138 1.57621e-138
0.470833 -1.07278e-137 6.11486e-137 8.21463e-137
0.475 -5.41303e-136 3.05566e-135 4.10517e-135
0.479167 -2.62058e-134 1.46514e-133 1.96848e-133
0.483333 -1.21804e-132 6.74511e-132 9.06296e-132
0.4875 -5.43885e-131 2.98339e-130 4.00884e-130
0.491667 -2.33454e-129 1.26855e-128 1.70469e-128
0.495833 -9.63839e-128 5.18845e-127 6.97279e-127
0.5 -3.82974e-126 2.04248e-125 2.74509e-125
0.504167 -1.46535e-124 7.74301e-124 1.04074e-123
0.508333 -5.4021e-123 2.82837e-122 3.80191e-122
0.5125 -1.91984e-121 9.96024e-121 1.33897e-120
0.516667 -6.58082e-120 3.38328e-119 4.54855e-119
0.520833 -2.17684e-118 1.10908e-117 1.4912e-117
0.525 -6.95224e-117 3.51044e-116 4.72031e-116
0.529167 -2.14479e-115 1.07336e-114 1.44342e-114
0.533333 -6.3946e-114 3.17189e-113 4.26584e-113
0.5375 -1.84337e-112 9.06326e-112 1.21902e-111
0.541667 -5.14016e-111 2.50517e-110 3.36981e-110
0.545833 -1.38708e-109 6.70148e-109 9.0153e-109
0.55 -3.62385e-108 1.73568e-107 2.33519e-107
0.554167 -9.16999e-107 4.35429e-106 5.85888e-106
0.558333 -2.24841e-105 1.0585e-104 1.42441e-104
0.5625 -5.34395e-104 2.49441e-103 3.35703e-103
0.566667 -1.23169e-102 5.7005e-102 7.6727e-102
0.570833 -2.75398e-101 1.26385e-100 1.70129e-100
0.575 -5.97585e-100 2.71942e-99 3.66108e-99
0.579167 -1.25886e-98 5.68087e-98 7.64886e-98
0.583333 -2.57544e-97 1.15256e-96 1.55202e-96
0.5875 -5.11883e-96 2.27184e-95 3.05958e-95
0.591667 -9.88745e-95 4.35212e-94 5.86191e-94
0.595833 -1.85668e-93 8.10549e-93 1.09187e-92
0.6 -3.39056e-92 1.4681e-91 1.97789e-91
0.604167 -6.02316e-91 2.58681e-90 3.48551e-90
0.608333 -1.0412e-89 4.4355e-89 5.97727e-89
0.6125 -1.75197e-88 7.40327e-88 9.97794e-88
0.616667 -2.87037e-87 1.20319e-86 1.62185e-86
0.620833 -4.58027e-86 1.90459e-85 2.56766e-85
0.625 -7.12051e-85 2.93731e-84 3.96046e-84
0.629167 -1.07875e-83 4.41466e-83 5.95327e-83
0.633333 -1.59306e-82 6.46792e-82 8.72339e-82
0.6375 -2.29387e-81 9.23988e-81 1.24638e-80
0.641667 -3.22136e-80 1.28741e-79 1.73686e-79
0.645833 -4.41322e-79 1.74994e-78 2.36122e-78
0.65 -5.89967e-78 2.32111e-77 3.13239e-77
0.654167 -7.69767e-77 3.00498e-76 4.05592e-76
0.658333 -9.80519e-76 3.79807e-75 5.12718e-75
0.6625 -1.2196e-74 4.68771e-74 6.32916e-74
0.666667 -1.48166e-73 5.65113e-73 7.63115e-73
0.670833 -1.75849e-72 6.65553e-72 8.98894e-72
0.675 -2.03934e-71 7.65947e-71 1.03466e-70
0.679167 -2.31148e-70 8.6154e-70 1.16398e-69
0.683333 -2.56115e-69 9.47337e-69 1.28011e-68
0.6875 -2.77466e-68 1.01853e-67 1.37655e-67
0.691667 -2.93972e-67 1.07096e-66 1.44766e-66
0.695833 -3.04653e-66 1.1015e-65 1.4892e-65
0.7 -3.08884e-65 1.10839e-64 1.49878e-64
0.704167 -3.06446e-64 1.09139e-63 1.47606e-63
0.708333 -2.97553e-63 1.05178e-62 1.42275e-62
0.7125 -2.82815e-62 9.92216e-62 1.34242e-61
0.716667 -2.63176e-61 9.16433e-61 1.24012e-60
0.720833 -2.39813e-60 8.28863e-60 1.12183e-59
0.725 -2.14019e-59 7.3422e-59 9.93922e-59
0.729167 -1.87093e-58 6.37092e-58 8.62602e-58
0.733333 -1.60236e-57 5.41602e-57 7.33453e-57
0.7375 -1.3447e-56 4.51158e-56 6.1109e-56
0.741667 -1.10593e-55 3.68312e-55 4.98974e-55
0.745833 -8.91506e-55 2.94718e-54 3.9935e-54
0.75 -7.04506e-54 2.31188e-53 3.13328e-53
0.754167 -5.45846e-53 1.77809e-52 2.41032e-52
0.758333 -4.14708e-52 1.34102e-51 1.8182e-51
0.7625 -3.09003e-51 9.91896e-51 1.34512e-50
0.766667 -2.25833e-50 7.19626e-50 9.76094e-50
0.770833 -1.61911e-49 5.12171e-49 6.94847e-49
0.775 -1.13889e-48 3.5764e-48 4.853e-48
0.779167 -7.86073e-48 2.45049e-47 3.32589e-47
0.783333 -5.32441e-47 1.64775e-46 2.23685e-46
0.7875 -3.53964e-46 1.08746e-45 1.47655e-45
0.791667 -2.30981e-45 7.04473e-45 9.5674e-45
0.795833 -1.4797e-44 4.48023e-44 6.08586e-44
0.8 -9.30681e-44 2.79747e-43 3.80085e-43
0.804167 -5.74781e-43 1.71518e-42 2.33086e-42
0.808333 -3.48599e-42 1.0327e-41 1.40371e-41
0.8125 -2.07642e-41 6.10673e-41 8.30241e-41
0.816667 -1.21483e-40 3.54694e-40 4.82329e-40
0.820833 -6.98183e-40 2.02373e-39 2.75256e-39
0.825 -3.942e-39 1.13435e-38 1.54321e-38
0.829167 -2.18674e-38 6.24702e-38 8.50053e-38
0.833333 -1.19193e-37 3.38044e-37 4.60088e-37
0.8375 -6.38437e-37 1.79756e-36 2.44707e-36
0.841667 -3.36072e-36 9.39383e-36 1.27909e-35
0.845833 -1.73872e-35 4.82485e-35 6.57108e-35
0.85 -8.84188e-35 2.4358e-34 3.3181e-34
0.854167 -4.4199e-34 1.20879e-33 1.64699e-33
0.858333 -2.17202e-33 5.89712e-33 8.03668e-33
0.8625 -1.04937e-32 2.82842e-32 3.85544e-32
0.866667 -4.98474e-32 1.3338e-31 1.8185e-31
0.870833 -2.32825e-31 6.18454e-31 8.43384e-31
0.875 -1.06935e-30 2.81984e-30 3.84623e-30
0.879167 -4.82988e-30 1.26435e-29 1.72493e-29
0.883333 -2.14541e-29 5.57521e-29 7.60776e-29
0.8875 -9.37265e-29 2.41786e-28 3.30002e-28
0.891667 -4.02734e-28 1.03133e-27 1.40791e-27
0.895833 -1.70216e-27 4.32701e-27 5.90818e-27
0.9 -7.07666e-27 1.78574e-26 2.43878e-26
0.904167 -2.89417e-26 7.24953e-26 9.90265e-26
0.908333 -1.16441e-25 2.89522e-25 3.95557e-25
0.9125 -4.60881e-25 1.1375e-24 1.5544e-24
0.916667 -1.79471e-24 4.39676e-24 6.00937e-24
0.920833 -6.87599e-24 1.67203e-23 2.28572e-23
0.925 -2.59195e-23 6.25601e-23 8.55375e-23
0.929167 -9.61348e-23 2.30307e-22 3.14952e-22
0.933333 -3.50841e-22 8.34223e-22 1.14103e-21
0.9375 -1.25987e-21 2.97327e-21 4.06747e-21
0.941667 -4.4518e-21 1.04273e-20 1.42671e-20
0.945833 -1.54792e-20 3.59836e-20 4.92422e-20
0.95 -5.2963e-20 1.2219e-19 1.67238e-19
0.954167 -1.78325e-19 4.08293e-19 5.58903e-19
0.958333 -5.90839e-19 1.3425e-18 1.83799e-18
0.9625 -1.92641e-18 4.3438e-18 5.94778e-18
0.966667 -6.18091e-18 1.38304e-17 1.89398e-17
0.970833 -1.95154e-17 4.33319e-17 5.93473e-17
0.975 -6.06352e-17 1.33595e-16 1.82991e-16
0.979167 -1.85391e-16 4.05297e-16 5.55212e-16
0.983333 -5.57783e-16 1.20992e-15 1.6576e-15
0.9875 -1.65138e-15 3.55409e-15 4.86954e-15
0.991667 -4.81091e-15 1.02726e-14 1.40757e-14
0.995833 -1.37909e-14 2.92149e-14 4.00331e-14
1 -3.88987e-14 8.17492e-14 1.12026e-13
1.00417 -1.07954e-13 2.25064e-13 3.08428e-13
1.00833 -2.94771e-13 6.09611e-13 8.35425e-13
1.0125 -7.91877e-13 1.62445e-12 2.22618e-12
1.01667 -2.09285e-12 4.25837e-12 5.83568e-12
1.02083 -5.44126e-12 1.0981e-11 1.50479e-11
1.025 -1.39162e-11 2.78532e-11 3.81668e-11
1.02917 -3.50083e-11 6.94886e-11 9.52123e-11
1.03333 -8.66209e-11 1.70501e-10 2.33596e-10
1.0375 -2.10785e-10 4.11414e-10 5.63595e-10
1.04167 -5.04415e-10 9.76189e-10 1.33709e-09
1.04583 -1.18694e-09 2.27745e-09 3.11891e-09
1.05 -2.74608e-09 5.22374e-09 7.15239e-09
1.05417 -6.246e-09 1.17783e-08 1.61233e-08
1.05833 -1.3965e-08 2.61036e-08 3.5724e-08
1.0625 -3.06886e-08 5.68562e-08 7.77878e-08
1.06667 -6.62753e-08 1.2169e-07 1.66435e-07
1.07083 -1.40637e-07 2.55897e-07 3.49862e-07
1.075 -2.93192e-07 5.28614e-07 7.22422e-07
1.07917 -6.00393e-07 1.0725e-06 1.46505e-06
1.08333 -1.20745e-06 2.13677e-06 2.91737e-06
1.0875 -2.38433e-06 4.17955e-06 5.70323e-06
1.09167 -4.62202e-06 8.02448e-06 1.09431e-05
1.09583 -8.79354e-06 1.51186e-05 2.06035e-05
1.1 -1.64154e-05 2.79449e-05 3.80543e-05
1.10417 -3.00589e-05 5.06595e-05 6.89294e-05
1.10833 -5.39758e-05 9.00435e-05 0.000122406
1.1125 -9.50133e-05 0.000156865 0.000213031
1.11667 -0.000163898 0.000267746 0.000363214
1.12083 -0.000276943 0.000447568 0.000606422
1.125 -0.000458193 0.000732386 0.00099101
1.12917 -0.000741885 0.00117259 0.00158433
1.13333 -0.00117496 0.00183583 0.00247644
1.1375 -0.00181904 0.00280885 0.00378218
1.14167 -0.0027511 0.00419688 0.00563992
1.14583 -0.00406147 0.006119 0.00820459
1.15 -0.00584784 0.00869746 0.0116327
1.15417 -0.00820366 0.0120394 0.016057
1.15833 -0.0111999 0.0162097 0.0215497
1.1625 -0.0148599 0.0211971 0.0280763
1.16667 -0.0191292 0.026874 0.0354437
1.17083 -0.0238439 0.0329611 0.0432532
1.175 -0.0287048 0.0390016 0.0508714
1.17917 -0.0332661 0.0443616 0.0574341
1.18333 -0.0369484 0.0482655 0.0619011
1.1875 -0.0390857 0.0498753 0.0631687
1.19167 -0.039008 0.048414 0.060239
1.19583 -0.0361566 0.0433189 0.0524277
1.2 -0.0302141 0.0343996 0.0395704
1.20417 -0.0212247 0.0219619 0.022179
1.20833 -0.00966871 0.00685775 0.0014915
1.2125 0.00353745 -0.00957284 -0.0206244
1.21667 0.0171368 -0.0256771 -0.0419242
1.22083 0.0297182 -0.0397601 -0.0601588
1.225 0.0399617 -0.050395 -0.0734873
1.22917 0.0468847 -0.0566914 -0.0808206
1.23333 0.0500217 -0.0584443 -0.0819942
1.2375 0.0494814 -0.0561141 -0.0777117
1.24167 0.0458613 -0.0506412 -0.0692774
1.24583 0.0400482 -0.0431652 -0.0582186
1.25 0.0329825 -0.0347553 -0.0459463
1.25417 0.0254781 -0.0262643 -0.0335936
1.25833 0.0181725 -0.0183603 -0.022091
1.2625 0.0116185 -0.0117047 -0.0124134
1.26667 0.00645109 -0.00715648 -0.0058239
1.27083 0.00350852 -0.00584292 -0.00390464
1.275 0.00378726 -0.00898105 -0.00824369
1.27917 0.00818116 -0.0174553 -0.0198234
1.28333 0.017074 -0.0313036 -0.0383511
1.2875 0.0299628 -0.0493617 -0.0618791
1.29167 0.0453237 -0.0692952 -0.0869959
1.29583 0.0608537 -0.0880943 -0.109628
1.3 0.0740518 -0.102877 -0.126177
1.30417 0.082918 -0.111665 -0.134499
1.30833 0.0864535 -0.113763 -0.134247
1.3125 0.0847155 -0.109559 -0.126395
1.31667 0.0783944 -0.0998424 -0.112197
1.32083 0.0681459 -0.085045 -0.0921702
1.325 0.0540647 -0.06485 -0.0657252
1.32917 0.0356315 -0.0384492 -0.0317084
1.33333 0.012202 -0.00534301 0.0103967
1.3375 -0.016217 0.0337545 0.0593021
1.34167 -0.0483553 0.0764398 0.111491
1.34583 -0.0816098 0.118882 0.161834
1.35 -0.112592 0.156709 0.204941
1.35417 -0.138007 0.186054 0.236502
1.35833 -0.155396 0.204253 0.253963
1.3625 -0.163416 0.20994 0.25634
1.36667 -0.16163 0.202746 0.243596
1.37083 -0.150156 0.182999 0.216246
1.375 -0.129523 0.151772 0.175572
1.37917 -0.100887 0.111224 0.124233
1.38333 -0.066363 0.0648251 0.0666058
1.3875 -0.0290768 0.0170614 0.00830588
1.39167 0.00731577 -0.027447 -0.0450816
1.39583 0.0394792 -0.0649939 -0.089344
1.4 0.0651258 -0.0933874 -0.122214
1.40417 0.0831718 -0.111767 -0.142871
1.40833 0.0932896 -0.119898 -0.150923
1.4125 0.09531 -0.117617 -0.145884
1.41667 0.0890694 -0.105016 -0.12776
1.42083 0.0749319 -0.0832844 -0.098395
1.425 0.0545882 -0.0554934 -0.0623653
1.42917 0.031368 -0.0264478 -0.0263294
1.43333 0.00953552 -0.00133095 0.00319522
1.4375 -0.00721863 0.0162042 0.0223932
1.44167 -0.0172019 0.0253132 0.0313744
1.44583 -0.0211135 0.0277551 0.0332203
1.45 -0.0211391 0.0263616 0.0315531
1.45417 -0.0193947 0.0232638 0.028369
1.45833 -0.016815 0.0190777 0.0235889
1.4625 -0.0131865 0.0134491 0.0163713
1.46667 -0.00810535 0.00629547 0.00686555
1.47083 -0.00194496 -0.0013926 -0.00313207
1.475 0.00399478 -0.00784449 -0.0110881
1.47917 0.00821685 -0.0115619 -0.0152924
1.48333 0.00993887 -0.012172 -0.0156779
1.4875 0.00939803 -0.0103873 -0.0133115
1.49167 0.00738031 -0.00724243 -0.00924997
1.49583 0.00453077 -0.00341667 -0.00397983
1.5 0.00114499 0.000730433 0.00205597
1.50417 -0.00242192 0.00458662 0.00757987
1.50833 -0.00529264 0.00696777 0.0104736
1.5125 -0.00623419 0.00662914 0.00905125
1.51667 -0.00451268 0.00331233 0.00363751
1.52083 -0.000717241 -0.00164675 -0.00309087
1.525 0.00330626 -0.00589063 -0.00761856
1.52917 0.00555868 -0.00752452 -0.00792697
1.53333 0.00522547 -0.00636988 -0.00477338
1.5375 0.00315852 -0.00395446 -0.000858673
1.54167 0.0011016 -0.00225314 0.0013726
1.54583 0.000329108 -0.00224661 0.0014184
1.55 0.000842271 -0.00346853 0.000568156
1.55417 0.00171827 -0.00478691 0.000293361
1.55833 0.00216062 -0.00558109 0.00079975
1.5625 0.00222909 -0.00621763 0.00103246
1.56667 0.00262568 -0.0074749 -5.05925e-05
1.57083 0.00384381 -0.00956226 -0.00227686
1.575 0.00554716 -0.011698 -0.00426091
1.57917 0.00675261 -0.0126266 -0.00452048
1.58333 0.00660847 -0.0115933 -0.00264567
1.5875 0.00506138 -0.00894646 0.000415699
1.59167 0.00289459 -0.00592558 0.00300576
1.59583 0.00119954 -0.00385685 0.00371484
1.6 0.0007236 -0.00333376 0.0020808
1.60417 0.00147345 -0.00385368 -0.00114108
1.60833 0.00269032 -0.0040658 -0.00416363
1.6125 0.00317496 -0.00252276 -0.00493566
1.61667 0.00191323 0.00137904 -0.00242691
1.62083 -0.00119849 0.00678601 0.00228314
1.625 -0.00500297 0.0116375 0.00622251
1.62917 -0.00759183 0.0138847 0.00644774
1.63333 -0.00759697 0.0129946 0.00248382
1.6375 -0.0053769 0.0105634 -0.00285353
1.64167 -0.00299538 0.00932585 -0.00539077
1.64583 -0.00274305 0.0111305 -0.00299096
1.65 -0.00528466 0.0154861 0.00250606
1.65417 -0.00904912 0.0199839 0.00670418
1.65833 -0.0115199 0.0223363 0.00635204
1.6625 -0.0113765 0.0223024 0.00206359
1.66667 -0.00959621 0.0218084 -0.00237161
1.67083 -0.00852962 0.0231749 -0.00337186
1.675 -0.00981682 0.0270471 -0.000497715
1.67917 -0.0130287 0.0318198 0.00358651
1.68333 -0.0161525 0.0349098 0.00572523
1.6875 -0.0172961 0.0346057 0.00481126
1.69167 -0.015995 0.0309208 0.00211736
1.69583 -0.0131238 0.0250144 -0.000313687
1.7 -0.00983836 0.0180352 -0.00131113
1.70417 -0.00669981 0.0104624 -0.000923992
1.70833 -0.00360444 0.00222416 0.000162659
1.7125 -0.000193992 -0.00687524 0.00108589
1.71667 0.0038464 -0.0168585 0.00090519
1.72083 0.00869005 -0.0273746 -0.00102101
1.725 0.0141621 -0.0374622 -0.00421509
1.72917 0.0194298 -0.0455316 -0.00680768
1.73333 0.0231162 -0.0499728 -0.00678586
1.7375 0.024158 -0.0502051 -0.00403722
1.74167 0.0227979 -0.0472207 -0.000995399
1.74583 0.0205718 -0.0428306 -0.000634854
1.75 0.0189637 -0.0380752 -0.00341975
1.75417 0.0179073 -0.0323463 -0.00644508
1.75833 0.0157841 -0.0242876 -0.00611925
1.7625 0.0111746 -0.0137296 -0.00192545
1.76667 0.00466927 -0.00264852 0.00274759
1.77083 -0.00126198 0.00604803 0.00388883
1.775 -0.00441797 0.0108667 0.000997658
1.77917 -0.00490236 0.0128663 -0.00235653
1.78333 -0.00488614 0.0143913 -0.00228166
1.7875 -0.006285 0.0166809 0.00132931
1.79167 -0.00878721 0.0188097 0.00475663
1.79583 -0.0103217 0.0189917 0.00451321
1.8 -0.00942329 0.0167539 0.00106346
1.80417 -0.00689397 0.0135915 -0.00182703
1.80833 -0.00495367 0.0114102 -0.00128547
1.8125 -0.00484855 0.0105029 0.00163029
1.81667 -0.00557072 0.00930978 0.00334031
1.82083 -0.00507541 0.00623206 0.00185153
1.825 -0.00259377 0.00149118 -0.00113
1.82917 0.000541404 -0.00300295 -0.00236554
1.83333 0.00240771 -0.00555765 -0.000873496
1.8375 0.00254015 -0.00618679 0.00108869
1.84167 0.00217137 -0.00607445 0.000895276
1.84583 0.00250176 -0.00584909 -0.00123812
1.85 0.00316645 -0.00488363 -0.00258037
1.85417 0.00278052 -0.00246474 -0.00133101
1.85833 0.000864708 0.000761213 0.00105862
1.8625 -0.00129481 0.00307246 0.00162175
1.86667 -0.00202255 0.00349004 -0.000392547
1.87083 -0.00123254 0.00288684 -0.00245078
1.875 -0.000533037 0.00293664 -0.00181698
1.87917 -0.00125144 0.00414985 0.000935676
1.88333 -0.00279441 0.00539858 0.00244252
1.8875 -0.0034028 0.00544819 0.000652871
1.89167 -0.00238683 0.00451393 -0.0024939
1.89583 -0.00104755 0.00392238 -0.00325994
1.9 -0.00110192 0.00439117 -0.000634569
1.90417 -0.00253471 0.0050958 0.00232002
1.90833 -0.00352491 0.00462886 0.00202411
1.9125 -0.00257396 0.00270065 -0.00137789
1.91667 -0.000329687 0.000679949 -0.00412595
1.92083 0.0010143 0.000399654 -0.00315187
1.925 6.41152e-05 0.00238633 0.000433813
1.92917 -0.00227271 0.00519629 0.00261307
1.93333 -0.00372763 0.00659513 0.000961957
1.9375 -0.00303083 0.00563318 -0.00265391
1.94167 -0.0011969 0.00355272 -0.00412044
1.94583 -0.000340727 0.00230607 -0.00162667
1.95 -0.00121415 0.00208412 0.00222011
1.95417 -0.002174 0.000872257 0.00315906
1.95833 -0.00095868 -0.00298872 9.29336e-05
1.9625 0.00252043 -0.00820394 -0.00343028
1.96667 0.00570253 -0.0115038 -0.0031017
1.97083 0.00614186 -0.0114484 0.00106719
1.975 0.0044229 -0.0102767 0.00454988
1.97917 0.00355296 -0.011188 0.00361666
1.98333 0.00534815 -0.0144564 -0.000114115
1.9875 0.0082628 -0.0174249 -0.00163546
1.99167 0.00943899 -0.0181827 0.00125461
1.99583 0.00832633 -0.0178383 0.00530359
2 0.00720558 -0.0185726 0.00599795
2.00417 0.00810885 -0.0205803 0.00309844
2.00833 0.0103012 -0.0220654 0.000539324
2.0125 0.0114229 -0.0217193 0.00130606
2.01667 0.0104247 -0.019986 0.00410992
2.02083 0.00848749 -0.0179701 0.00557291
2.025 0.00728507 -0.0162429 0.00436139
2.02917 0.00721012 -0.0149395 0.00214484
2.03333 0.00742562 -0.0139673 0.0011693
2.0375 0.00696538 -0.0126317 0.0019794
2.04167 0.00549347 -0.00999034 0.00336651
2.04583 0.00346977 -0.0062656 0.00372384
2.05 0.00185021 -0.00306932 0.00243784
2.05417 0.00120556 -0.00130676 0.00051697
2.05833 0.000887641 0.000436864 -0.000261121
2.0625 -0.00044548 0.00421567 0.000616222
2.06667 -0.00315019 0.00988529 0.00149654
2.07083 -0.00602324 0.0154127 0.000522214
2.075 -0.00795183 0.0199423 -0.00177974
2.07917 -0.00953526 0.0248371 -0.00311359
2.08333 -0.0121358 0.0310796 -0.00269528
2.0875 -0.0156564 0.0372128 -0.00235547
2.09167 -0.0184536 0.0410666 -0.00365916
2.09583 -0.0195563 0.0424426 -0.00548719
2.1 -0.0197621 0.0426673 -0.00590714
2.10417 -0.0200413 0.0421786 -0.00525782
2.10833 -0.019967 0.0401078 -0.00538853
2.1125 -0.0185988 0.0359607 -0.00639539
2.11667 -0.0160731 0.0301666 -0.00639064
2.12083 -0.0131982 0.0229334 -0.00470335
2.125 -0.00998975 0.0140424 -0.00308064
2.12917 -0.00582738 0.00406852 -0.00286337
2.13333 -0.000875751 -0.00552499 -0.00291792
2.1375 0.00381229 -0.0138752 -0.00167694
2.14167 0.0076053 -0.0210372 0.000361065
2.14583 0.010634 -0.0265482 0.00173308
2.15 0.012826 -0.0293114 0.00230852
2.15417 0.0138101 -0.0295366 0.00276761
2.15833 0.0139208 -0.0289581 0.00292881
2.1625 0.0139323 -0.0280163 0.00253826
2.16667 0.013455 -0.0247707 0.00266848
2.17083 0.0111742 -0.018344 0.00398539
2.175 0.00738265 -0.0115159 0.00453275
2.17917 0.00448347 -0.00732065 0.00223025
2.18333 0.00365092 -0.00457446 -0.000881146
2.1875 0.00274815 -9.27439e-05 -0.000617084
2.19167 -0.000381499 0.0055138 0.00264408
2.19583 -0.00400411 0.00828797 0.00347605
2.2 -0.00469859 0.00736077 -0.0004898
2.20417 -0.00274302 0.00655971 -0.00420063
2.20833 -0.00194232 0.00811347 -0.00242628
2.2125 -0.00377042 0.00901118 0.00209896
2.21667 -0.00514746 0.00634718 0.00268111
2.22083 -0.00343977 0.00250337 -0.00123381
2.225 -0.000518357 0.00120267 -0.00366324
2.22917 0.000463489 0.00141516 -0.0014607
2.23333 -0.000202625 -0.000183232 0.00167409
2.2375 -0.00015061 -0.00286816 0.00181456
2.24167 0.000862547 -0.00335404 0.000198192
2.24583 0.00139412 -0.00242847 -0.000412569
2.25 0.00166613 -0.00403651 -0.000258223
2.25417 0.00290388 -0.00757291 -0.000345572
2.25833 0.00398921 -0.00753784 0.000441194
2.2625 0.00262843 -0.00265672 0.0023486
2.26667 -0.000112395 0.00101757 0.00234021
2.27083 -0.000532257 -0.000515666 -0.00102887
2.275 0.00161692 -0.00262509 -0.00340421
2.27917 0.00204152 0.000172438 -0.000542082
2.28333 -0.00121198 0.00484328 0.0039159
2.2875 -0.0039862 0.0048135 0.00289637
2.29167 -0.00230337 0.000947097 -0.00285624
2.29583 0.00112248 -5.15038e-05 -0.00506379
2.3 0.00100209 0.00309397 -0.000413016
2.30417 -0.00224485 0.00437594 0.00428786
2.30833 -0.00332275 0.000644661 0.00249723
2.3125 -0.000313233 -0.0036563 -0.00260417
2.31667 0.00290114 -0.00420908 -0.00372771
2.32083 0.00294958 -0.00296455 -0.000133922
2.325 0.0012558 -0.00321335 0.00276476
2.32917 0.000597771 -0.0038523 0.00188697
2.33333 0.00107764 -0.00268951 -0.000668457
2.3375 0.00144159 -0.001216 -0.00207592
2.34167 0.00152456 -0.00160594 -0.00165661
2.34583 0.00139869 -0.00224355 0.000107087
2.35 0.000439543 -0.000731258 0.00181885
2.35417 -0.000954209 0.00129615 0.00117176
2.35833 -0.000933393 0.000862604 -0.00199142
2.3625 0.000758679 -0.00105238 -0.003807
2.36667 0.00163423 -0.00147852 -0.00127382
2.37083 0.0003216 -0.000886174 0.00236661
2.375 -0.000822123 -0.00193647 0.00168622
2.37917 0.000607956 -0.00424358 -0.00245669
2.38333 0.00303583 -0.00523286 -0.00392626
2.3875 0.00349264 -0.00510911 -0.00083008
2.39167 0.00231964 -0.00596008 0.0018703
2.39583 0.00197381 -0.00686543 0.000602237
2.4 0.0026419 -0.00536943 -0.00179159
2.40417 0.00263987 -0.00312556 -0.00179673
2.40833 0.00207477 -0.0038427 -0.000633771
2.4125 0.00226559 -0.00574269 -0.000509435
2.41667 0.00229092 -0.00327967 -0.000278728
2.42083 0.000312543 0.00265008 0.00108886
2.425 -0.0020567 0.00442311 0.00111599
2.42917 -0.00145296 0.000418609 -0.00139032
2.43333 0.000913028 -0.000726305 -0.00227779
2.4375 -1.70747e-05 0.00610551 0.0015347
2.44167 -0.00472734 0.0129492 0.005236
2.44583 -0.00719241 0.0110953 0.00271226
2.45 -0.00430015 0.00589672 -0.00265228
2.45417 -0.00155174 0.008415 -0.00211707
2.45833 -0.00455484 0.016782 0.00423968
2.4625 -0.0095969 0.0187252 0.00676629
2.46667 -0.00924937 0.0117502 0.00143953
2.47083 -0.00430949 0.00722918 -0.00345907
2.475 -0.00244406 0.0113886 -0.000474996
2.47917 -0.00576287 0.0152353 0.00532552
2.48333 -0.00781274 0.0102254 0.00488473
2.4875 -0.00452321 0.00279943 -0.000549274
2.49167 -0.000604425 0.00325686 -0.00236558
2.49583 -0.00128268 0.00835691 0.00133495
2.5 -0.00389081 0.00722085 0.00383493
2.50417 -0.00303918 -0.000129668 0.0015677
2.50833 0.000339626 -0.00337406 -0.000954092
2.5125 0.00136814 0.000111642 0.000105369
2.51667 -8.48556e-05 0.00118281 0.00181882
2.52083 0.000261893 -0.00471843 0.000757627
2.525 0.00304848 -0.00955982 -0.000849619
2.52917 0.00414885 -0.00676294 9.87659e-05
2.53333 0.00225206 -0.00264231 0.00142905
2.5375 0.00139792 -0.00550275 -0.000273887
2.54167 0.00386769 -0.0114786 -0.00294858
2.54583 0.00603066 -0.0114184 -0.00227081
2.55 0.0045776 -0.0065299 0.000552637
2.55417 0.00230822 -0.00590618 0.000424201
2.55833 0.00337187 -0.0107963 -0.00294823
2.5625 0.00616546 -0.0128064 -0.0043016
2.56667 0.00605186 -0.00840138 -0.00153641
2.57083 0.00310413 -0.00439708 0.000814962
2.575 0.00173434 -0.0058157 -0.00090055
2.57917 0.0032361 -0.00780539 -0.00369153
2.58333 0.00402764 -0.00495182 -0.00316144
2.5875 0.00206137 -0.000869782 -0.000484278
2.59167 0.000148164 -0.00169258 0.000136471
2.59583 0.000994146 -0.00558782 -0.00164816
2.6 0.00287112 -0.00624141 -0.00250536
2.60417 0.00285511 -0.00329317 -0.0012032
2.60833 0.00143152 -0.00181709 2.49705e-05
2.6125 0.000938314 -0.00313614 -0.00028232
2.61667 0.00145469 -0.00333548 -0.000843584
2.62083 0.00124414 -0.000824074 -0.000424531
2.625 0.000118815 0.00106226 0.000283088
2.62917 -0.000441179 0.000223146 0.000418835
2.63333 -5.8034e-05 -0.000731195 0.000415065
2.6375 2.14665e-05 0.000861512 0.000836004
2.64167 -0.000867105 0.00363983 0.00136494
2.64583 -0.00194798 0.00502212 0.00162577
2.65 -0.00248699 0.00509702 0.00175998
2.65417 -0.00268558 0.00555025 0.00178953
2.65833 -0.00293724 0.00676564 0.00152892
2.6625 -0.00327861 0.007797 0.00127622
2.66667 -0.00363088 0.0078587 0.00143849
2.67083 -0.00375933 0.00669032 0.00150532
2.675 -0.00318523 0.00461941 0.00071102
2.67917 -0.00193506 0.00288315 -0.000356104
2.68333 -0.000996564 0.0025951 -0.000348588
2.6875 -0.00111955 0.00308423 0.000556726
2.69167 -0.00160669 0.00276843 0.000672009
2.69583 -0.00134812 0.00177573 -0.000518286
2.7 -0.000614618 0.0017274 -0.00140168
2.70417 -0.00054796 0.00262857 -0.000737089
2.70833 -0.00113154 0.00235899 0.000409445
2.7125 -0.0011161 0.000158308 0.000348597
2.71667 -6.57459e-05 -0.00175213 -0.000729178
2.72083 0.000916179 -0.00155186 -0.00122569
2.725 0.000938507 -0.000782931 -0.000500498
2.72917 0.000617404 -0.00189083 0.000449565
2.73333 0.000953973 -0.00429785 0.000519224
2.7375 0.00181596 -0.00533943 -0.000220826
2.74167 0.00233884 -0.00438657 -0.000870381
2.74583 0.00226217 -0.00355075 -0.000767514
2.75 0.00205448 -0.00419276 -6.82534e-05
2.75417 0.00199664 -0.00495836 0.000467931
2.75833 0.00187524 -0.00409279 0.000248651
2.7625 0.00152532 -0.00203514 -0.00044299
2.76667 0.00107551 -0.000485255 -0.000646284
2.77083 0.000582477 8.29349e-05 0.000134022
2.775 -8.64762e-05 0.000624162 0.00114882
2.77917 -0.000838914 0.00166942 0.00118427
2.78333 -0.00123207 0.00253105 0.000131813
2.7875 -0.0010373 0.0024711 -0.000728428
2.79167 -0.000656742 0.00178963 -0.000328044
2.79583 -0.000658423 0.00140456 0.000727753
2.8 -0.00104594 0.00175932 0.000912821
2.80417 -0.00129828 0.00236668 -0.00015661
2.80833 -0.00106839 0.00231407 -0.00118614
2.8125 -0.000571154 0.00131968 -0.000952943
2.81667 -0.00029309 0.000366382 0.000103491
2.82083 -0.000512811 0.000817296 0.000556081
2.825 -0.00107344 0.00259849 -0.00016424
2.82917 -0.00150758 0.00398253 -0.00116955
2.83333 -0.00152459 0.00385648 -0.0012379
2.8375 -0.00146522 0.00337338 -0.000168897
2.84167 -0.00194292 0.00416703 0.000976587
2.84583 -0.0028328 0.00562108 0.000961743
2.85 -0.00313779 0.0056299 -0.000132281
2.85417 -0.0023513 0.00388902 -0.000730627
2.85833 -0.00142333 0.00249816 0.000352614
2.8625 -0.00156723 0.00286224 0.00210593
2.86667 -0.00246275 0.00376695 0.00242509
2.87083 -0.00266833 0.00342073 0.00108098
2.875 -0.00174848 0.00198852 0.000257193
2.87917 -0.000890338 0.00094539 0.00154599
2.88333 -0.00112079 0.000828084 0.00368072
2.8875 -0.00185854 0.000742338 0.00432636
2.89167 -0.00179299 -0.000302443 0.00323784
2.89583 -0.000613646 -0.00226274 0.00235913
2.9 0.000691014 -0.00405109 0.00313882
2.90417 0.00102943 -0.0045281 0.00484502
2.90833 0.000410017 -0.00392543 0.00560082
2.9125 2.16796e-06 -0.0039904 0.00450666
2.91667 0.000889665 -0.00581817 0.00265272
2.92083 0.00263158 -0.00796563 0.00204403
2.925 0.00355177 -0.00819481 0.00320148
2.92917 0.00293769 -0.00686224 0.00412357
2.93333 0.00227492 -0.00659354 0.00261179
2.9375 0.003308 -0.00829516 -0.000535782
2.94167 0.00540979 -0.00968826 -0.00223678
2.94583 0.00631524 -0.00877895 -0.00139978
2.95 0.00537995 -0.0067929 -0.000618544
2.95417 0.00450678 -0.00615026 -0.00246147
2.95833 0.0053693 -0.00699808 -0.00571459
2.9625 0.00712685 -0.00747134 -0.00708977
2.96667 0.0077969 -0.00654211 -0.00570891
2.97083 0.00696341 -0.00505583 -0.00398112
2.975 0.00610471 -0.00427009 -0.00421647
2.97917 0.00659155 -0.00440285 -0.00586851
2.98333 0.00809663 -0.00450051 -0.00644594
2.9875 0.00903757 -0.00339778 -0.004459
2.99167 0.0084473 -0.0012128 -0.00119955
2.99583 0.00734252 0.00028407 0.000537648
