0 0 0 0
0.00416667 0 0 0
0.00833333 0 0 0
0.0125 0 0 0
0.0166667 0 0 0
0.0208333 0 0 0
0.025 0 0 0
0.0291667 0 0 0
0.0333333 0 0 0
0.0375 0 0 0
0.0416667 0 0 0
0.0458333 0 0 0
0.05 0 0 0
0.0541667 0 0 0
0.0583333 0 0 0
0.0625 0 0 0
0.0666667 0 0 0
0.0708333 0 0 0
0.075 0 0 0
0.0791667 0 0 0
0.0833333 0 0 0
0.0875 0 0 0
0.0916667 0 0 0
0.0958333 0 0 0
0.1 0 0 0
0.104167 0 0 0
0.108333 0 0 0
0.1125 0 0 0
0.116667 0 0 0
0.120833 0 0 0
0.125 -1.82804e-322 3.78948e-321 8.18173e-321
0.129167 -2.07111e-316 2.85566e-315 6.08201e-315
0.133333 -1.00446e-310 1.33998e-309 2.85451e-309
0.1375 -3.21026e-305 4.14773e-304 8.83766e-304
0.141667 -6.93282e-300 8.68355e-299 1.85064e-298
0.145833 -1.03508e-294 1.25795e-293 2.68157e-293
0.15 -1.09095e-289 1.28756e-288 2.74535e-288
0.154167 -8.27416e-285 9.49076e-284 2.02412e-283
0.158333 -4.59585e-280 5.12724e-279 1.09377e-278
0.1625 -1.90008e-275 2.06318e-274 4.40243e-274
0.166667 -5.9352e-271 6.27684e-270 1.33971e-269
0.170833 -1.42026e-266 1.46383e-265 3.12519e-265
0.175 -2.63714e-262 2.65054e-261 5.66033e-261
0.179167 -3.84507e-258 3.77081e-257 8.05499e-257
0.183333 -4.45133e-254 4.26174e-253 9.10635e-253
0.1875 -4.13401e-250 3.866e-249 8.26321e-249
0.191667 -3.10978e-246 2.84204e-245 6.07645e-245
0.195833 -1.91194e-242 1.7084e-241 3.65379e-241
0.2 -9.68853e-239 8.46811e-238 1.81167e-237
0.204167 -4.07861e-235 3.48853e-234 7.4658e-234
0.208333 -1.437e-231 1.20329e-230 2.576e-230
0.2125 -4.26691e-228 3.49931e-227 7.49388e-227
0.216667 -1.07482e-224 8.63624e-224 1.85011e-223
0.220833 -2.31099e-221 1.82e-220 3.90028e-220
0.225 -4.26617e-218 3.29415e-217 7.06194e-217
0.229167 -6.79895e-215 5.14907e-214 1.10425e-213
0.233333 -9.40311e-212 6.98684e-211 1.49893e-210
0.2375 -1.13414e-208 8.27052e-208 1.775e-207
0.241667 -1.19852e-205 8.58034e-205 1.8422e-204
0.245833 -1.11464e-202 7.83627e-202 1.68311e-201
0.25 -9.16121e-200 6.32653e-199 1.35938e-198
0.254167 -6.68083e-197 4.53314e-196 9.74428e-196
0.258333 -4.33925e-194 2.89369e-193 6.22273e-193
0.2625 -2.51924e-191 1.65153e-190 3.55301e-190
0.266667 -1.31186e-188 8.45646e-188 1.82005e-187
0.270833 -6.1474e-186 3.89742e-185 8.39189e-185
0.275 -2.60035e-183 1.62182e-182 3.49362e-182
0.279167 -9.95878e-181 6.11165e-180 1.31711e-179
0.283333 -3.46296e-178 2.09157e-177 4.50955e-177
0.2875 -1.09632e-175 6.51814e-175 1.40599e-174
0.291667 -3.16812e-173 1.85455e-172 4.00222e-172
0.295833 -8.3777e-171 4.82943e-170 1.04271e-169
0.3 -2.03208e-168 1.15379e-167 2.49229e-167
0.304167 -4.53147e-166 2.53465e-165 5.47774e-165
0.308333 -9.31045e-164 5.13123e-163 1.10947e-162
0.3125 -1.76623e-161 9.59276e-161 2.07518e-160
0.316667 -3.09989e-159 1.65943e-158 3.5916e-158
0.320833 -5.04317e-157 2.66136e-156 5.76308e-156
0.325 -7.61956e-155 3.96446e-154 8.58934e-154
0.329167 -1.07103e-152 5.49509e-152 1.19118e-151
0.333333 -1.40301e-150 7.09938e-150 1.53976e-149
0.3375 -1.71565e-148 8.56321e-148 1.85824e-147
0.341667 -1.96154e-146 9.65858e-146 2.09708e-145
0.345833 -2.10007e-144 1.02027e-143 2.21643e-143
0.35 -2.10851e-142 1.01084e-141 2.19716e-141
0.354167 -1.98813e-140 9.40657e-140 2.04576e-139
0.358333 -1.76294e-138 8.23298e-138 1.79155e-137
0.3625 -1.47207e-136 6.78633e-136 1.47759e-135
0.366667 -1.15897e-134 5.27494e-134 1.14918e-133
0.370833 -8.61405e-133 3.87116e-132 8.43855e-132
0.375 -6.05134e-131 2.68548e-130 5.85742e-130
0.379167 -4.02258e-129 1.76303e-128 3.84773e-128
0.383333 -2.53309e-127 1.09657e-126 2.39466e-126
0.3875 -1.51272e-125 6.46875e-125 1.41349e-124
0.391667 -8.57595e-124 3.62295e-123 7.92145e-123
0.395833 -4.62016e-122 1.92841e-121 4.21903e-121
0.4 -2.3676e-120 9.76458e-120 2.13767e-119
0.404167 -1.15517e-118 4.708e-118 1.03134e-117
0.408333 -5.37118e-117 2.16343e-116 4.74227e-116
0.4125 -2.38211e-115 9.48326e-115 2.08009e-114
0.416667 -1.00855e-113 3.96875e-113 8.7109e-113
0.420833 -4.07981e-112 1.58705e-111 3.48568e-111
0.425 -1.57811e-110 6.06906e-110 1.33385e-109
0.429167 -5.84162e-109 2.22118e-108 4.88497e-108
0.433333 -2.07088e-107 7.78586e-107 1.71348e-106
0.4375 -7.03601e-106 2.61584e-105 5.76079e-105
0.441667 -2.29275e-104 8.42962e-104 1.85771e-103
0.445833 -7.17047e-103 2.60734e-102 5.75003e-102
0.45 -2.15375e-101 7.74593e-101 1.70943e-100
0.454167 -6.21702e-100 2.21167e-99 4.88432e-99
0.458333 -1.72579e-98 6.07314e-98 1.34217e-97
0.4625 -4.60978e-97 1.6048e-96 3.54919e-96
0.466667 -1.18555e-95 4.08327e-95 9.0371e-95
0.470833 -2.93742e-94 1.00098e-93 2.21699e-93
0.475 -7.01556e-93 2.36548e-92 5.24296e-92
0.479167 -1.61604e-91 5.39178e-91 1.19595e-90
0.483333 -3.59225e-90 1.18603e-89 2.63269e-89
0.4875 -7.70968e-89 2.51908e-88 5.59591e-88
0.491667 -1.59839e-87 5.16877e-87 1.14906e-86
0.495833 -3.20276e-86 1.02506e-85 2.28054e-85
0.5 -6.20537e-85 1.96579e-84 4.37682e-84
0.504167 -1.16311e-83 3.64718e-83 8.12667e-83
0.508333 -2.10999e-82 6.54947e-82 1.46049e-81
0.5125 -3.70633e-81 1.13888e-80 2.54163e-80
0.516667 -6.30667e-80 1.91852e-79 4.28489e-79
0.520833 -1.04e-78 3.13221e-78 7.00112e-78
0.525 -1.66273e-77 4.95806e-77 1.10911e-76
0.529167 -2.57837e-76 7.61244e-76 1.70425e-75
0.533333 -3.87946e-75 1.13412e-74 2.54108e-74
0.5375 -5.66589e-74 1.64015e-73 3.67784e-73
0.541667 -8.03523e-73 2.30334e-72 5.16916e-72
0.545833 -1.10693e-71 3.14225e-71 7.05763e-71
0.55 -1.4818e-70 4.16571e-70 9.36404e-70
0.554167 -1.92821e-69 5.36848e-69 1.20777e-68
0.558333 -2.43987e-68 6.72781e-68 1.51484e-67
0.5625 -3.00308e-67 8.20165e-67 1.84823e-66
0.566667 -3.59663e-66 9.72911e-66 2.19427e-65
0.570833 -4.19267e-65 1.12338e-64 2.53575e-64
0.575 -4.75867e-64 1.26297e-63 2.85324e-63
0.579167 -5.2603e-63 1.38294e-62 3.12692e-62
0.583333 -5.6649e-62 1.47531e-61 3.33862e-61
0.5875 -5.94506e-61 1.53377e-60 3.47387e-60
0.591667 -6.08166e-60 1.55436e-59 3.52352e-59
0.595833 -6.06611e-59 1.53595e-58 3.48477e-58
0.6 -5.90114e-58 1.48031e-57 3.36143e-57
0.604167 -5.6003e-57 1.39185e-56 3.16326e-56
0.608333 -5.18617e-56 1.27703e-55 2.90483e-55
0.6125 -4.6876e-55 1.14364e-54 2.60367e-54
0.616667 -4.13646e-54 9.99916e-54 2.27843e-53
0.620833 -3.56437e-53 8.53736e-53 1.94703e-52
0.625 -2.99994e-52 7.11985e-52 1.62517e-51
0.629167 -2.46671e-51 5.80099e-51 1.32528e-50
0.633333 -1.98196e-50 4.61864e-50 1.05609e-49
0.6375 -1.55645e-49 3.59417e-49 8.22553e-49
0.641667 -1.19489e-48 2.73431e-48 6.26315e-48
0.645833 -8.96951e-48 2.034e-47 4.66309e-47
0.65 -6.58475e-47 1.47976e-46 3.39543e-46
0.654167 -4.72853e-46 1.05307e-45 2.41847e-45
0.658333 -3.3221e-45 7.33214e-45 1.68536e-44
0.6625 -2.28391e-44 4.99565e-44 1.1493e-43
0.666667 -1.53676e-43 3.33135e-43 7.67078e-43
0.670833 -1.01221e-42 2.17466e-42 5.01175e-42
0.675 -6.52747e-42 1.38989e-41 3.20595e-41
0.679167 -4.12198e-41 8.6989e-41 2.00824e-40
0.683333 -2.54932e-40 5.33225e-40 1.23207e-39
0.6875 -1.54444e-39 3.20177e-39 7.40442e-39
0.691667 -9.1667e-39 1.88353e-38 4.35958e-38
0.695833 -5.33111e-38 1.08573e-37 2.51516e-37
0.7 -3.03844e-37 6.13342e-37 1.42206e-36
0.704167 -1.69736e-36 3.3961e-36 7.88066e-36
0.708333 -9.29502e-36 1.84338e-35 4.28118e-35
0.7125 -4.99045e-35 9.80999e-35 2.28024e-34
0.716667 -2.62724e-34 5.11914e-34 1.19088e-33
0.720833 -1.35641e-33 2.61974e-33 6.09942e-33
0.725 -6.86852e-33 1.31494e-32 3.06403e-32
0.729167 -3.41174e-32 6.47436e-32 1.50986e-31
0.733333 -1.66256e-31 3.12738e-31 7.29911e-31
0.7375 -7.94919e-31 1.48221e-30 3.46215e-30
0.741667 -3.72957e-30 6.89341e-30 1.61143e-29
0.745833 -1.71726e-29 3.1463e-29 7.36064e-29
0.75 -7.76066e-29 1.40947e-28 3.29993e-28
0.754167 -3.44266e-28 6.1979e-28 1.45219e-27
0.758333 -1.49922e-27 2.67554e-27 6.27357e-27
0.7625 -6.40995e-27 1.13397e-26 2.66086e-26
0.766667 -2.69094e-26 4.71899e-26 1.10811e-25
0.770833 -1.10931e-25 1.92841e-25 4.53151e-25
0.775 -4.49099e-25 7.73907e-25 1.81984e-24
0.779167 -1.78569e-24 3.05038e-24 7.17785e-24
0.783333 -6.97397e-24 1.18095e-23 2.78074e-23
0.7875 -2.67547e-23 4.49112e-23 1.05819e-22
0.791667 -1.00832e-22 1.67786e-22 3.95584e-22
0.795833 -3.73342e-22 6.1584e-22 1.45283e-21
0.8 -1.35817e-21 2.22085e-21 5.24233e-21
0.804167 -4.85481e-21 7.86936e-21 1.85862e-20
0.808333 -1.70524e-20 2.74003e-20 6.47509e-20
0.8125 -5.88603e-20 9.37546e-20 2.21672e-19
0.816667 -1.99667e-19 3.15265e-19 7.45782e-19
0.820833 -6.65671e-19 1.04191e-18 2.46587e-18
0.825 -2.18125e-18 3.38432e-18 8.01324e-18
0.829167 -7.02526e-18 1.0805e-17 2.55943e-17
0.833333 -2.22408e-17 3.39082e-17 8.03516e-17
0.8375 -6.92128e-17 1.046e-16 2.47958e-16
0.841667 -2.11731e-16 3.17189e-16 7.52154e-16
0.845833 -6.36738e-16 9.4554e-16 2.24283e-15
0.85 -1.88246e-15 2.77095e-15 6.57441e-15
0.854167 -5.47132e-15 7.98313e-15 1.89451e-14
0.858333 -1.56339e-14 2.26112e-14 5.36694e-14
0.8625 -4.39196e-14 6.29632e-14 1.49469e-13
0.866667 -1.21303e-13 1.72372e-13 4.09234e-13
0.870833 -3.29389e-13 4.63946e-13 1.10153e-12
0.875 -8.79372e-13 1.22769e-12 2.91486e-12
0.879167 -2.30814e-12 3.19398e-12 7.58297e-12
0.883333 -5.95627e-12 8.16942e-12 1.93935e-11
0.8875 -1.51114e-11 2.0543e-11 4.87596e-11
0.891667 -3.76917e-11 5.07854e-11 1.20516e-10
0.895833 -9.24246e-11 1.23427e-10 2.92815e-10
0.9 -2.22802e-10 2.9489e-10 6.99356e-10
0.904167 -5.27986e-10 6.92591e-10 1.64187e-09
0.908333 -1.22994e-09 1.59898e-09 3.78876e-09
0.9125 -2.8163e-09 3.62855e-09 8.5931e-09
0.916667 -6.3385e-09 8.0933e-09 1.91545e-08
0.920833 -1.4021e-08 1.77416e-08 4.19593e-08
0.925 -3.04806e-08 3.8221e-08 9.03215e-08
0.929167 -6.5116e-08 8.09131e-08 1.91039e-07
0.933333 -1.36689e-07 1.68307e-07 3.96988e-07
0.9375 -2.81913e-07 3.43962e-07 8.10424e-07
0.941667 -5.71198e-07 6.90548e-07 1.62508e-06
0.945833 -1.13683e-06 1.36175e-06 3.20044e-06
0.95 -2.2222e-06 2.63732e-06 6.18947e-06
0.954167 -4.26565e-06 5.01562e-06 1.17527e-05
0.958333 -8.03953e-06 9.36506e-06 2.1907e-05
0.9625 -1.48745e-05 1.71649e-05 4.00785e-05
0.966667 -2.70106e-05 3.08765e-05 7.19496e-05
0.970833 -4.81297e-05 5.44974e-05 0.000126716
0.975 -8.41344e-05 9.43579e-05 0.000218884
0.979167 -0.000144245 0.000160221 0.000370721
0.983333 -0.000242477 0.000266727 0.000615457
0.9875 -0.000399523 0.000435193 0.00100119
0.991667 -0.000644998 0.000695669 0.00159525
0.995833 -0.00101988 0.00108907 0.00248861
1 -0.00157878 0.00166893 0.00379916
1.00417 -0.00239143 0.00250228 0.00567264
1.00833 -0.00354255 0.00366856 0.00827916
1.0125 -0.00512888 0.00525577 0.0118029
1.01667 -0.00725208 0.00735252 0.0164226
1.02083 -0.0100063 0.0100352 0.0222818
1.025 -0.01346 0.0133497 0.0294472
1.02917 -0.017631 0.0172889 0.0378591
1.03333 -0.0224589 0.0217678 0.047278
1.0375 -0.0277763 0.0265997 0.0572394
1.04167 -0.0332862 0.0314813 0.067027
1.04583 -0.0385523 0.0359907 0.0756828
1.05 -0.0430124 0.0396078 0.0820644
1.05417 -0.0460185 0.04176 0.0849599
1.05833 -0.0469089 0.0418935 0.0832553
1.0625 -0.0451078 0.0395657 0.0761372
1.06667 -0.0402383 0.0345419 0.063296
1.07083 -0.0322301 0.0268797 0.0450851
1.075 -0.0213946 0.0169759 0.022585
1.07917 -0.00844067 0.00555638 -0.00246489
1.08333 0.00558509 -0.00640213 -0.0278802
1.0875 0.0194378 -0.0178128 -0.0513684
1.09167 0.0318729 -0.02766 -0.0709235
1.09583 0.0418636 -0.0351801 -0.0851863
1.1 0.0487854 -0.039998 -0.0936716
1.10417 0.0525138 -0.0421776 -0.0967899
1.10833 0.0534042 -0.0421691 -0.0956504
1.1125 0.0521556 -0.0406669 -0.0917021
1.11667 0.0496001 -0.0384223 -0.0863352
1.12083 0.04649 -0.036076 -0.0805905
1.125 0.0433619 -0.0340717 -0.0750913
1.12917 0.040532 -0.0326818 -0.0702287
1.13333 0.0382225 -0.0321293 -0.0665123
1.1375 0.0367587 -0.0327423 -0.0649033
1.14167 0.0367272 -0.0350464 -0.0669168
1.14583 0.0389858 -0.0397168 -0.074345
1.15 0.0444603 -0.0473611 -0.0886058
1.15417 0.0537563 -0.0581808 -0.10991
1.15833 0.066711 -0.071635 -0.136572
1.1625 0.0820707 -0.0862538 -0.164797
1.16667 0.0974642 -0.0997207 -0.189156
1.17083 0.10975 -0.109248 -0.203671
1.175 0.115673 -0.112157 -0.203212
1.17917 0.112624 -0.10648 -0.184721
1.18333 0.0992615 -0.0913929 -0.147849
1.1875 0.0757591 -0.0673365 -0.0948171
1.19167 0.0436494 -0.0358309 -0.0296359
1.19583 0.00535147 0.000907674 0.0429102
1.2 -0.0363763 0.0403613 0.118063
1.20417 -0.0788238 0.0799625 0.191384
1.20833 -0.119441 0.11716 0.258585
1.2125 -0.155728 0.149381 0.3152
1.21667 -0.185096 0.174032 0.35652
1.22083 -0.204909 0.188687 0.378053
1.225 -0.212805 0.191455 0.376432
1.22917 -0.207232 0.181436 0.350419
1.23333 -0.187955 0.159062 0.301547
1.2375 -0.156324 0.126171 0.234093
1.24167 -0.115153 0.0857585 0.154395
1.24583 -0.0682656 0.0415137 0.0698101
1.25 -0.0198974 -0.00270786 -0.0123009
1.25417 0.025853 -0.0433126 -0.0853285
1.25833 0.0654051 -0.0772506 -0.143897
1.2625 0.0959371 -0.102192 -0.184227
1.26667 0.115571 -0.116673 -0.204487
1.27083 0.123553 -0.120239 -0.205055
1.275 0.120376 -0.113535 -0.188494
1.27917 0.107723 -0.0982487 -0.159046
1.28333 0.0881626 -0.076853 -0.121744
1.2875 0.0646444 -0.0522091 -0.0814548
1.29167 0.0399918 -0.0271438 -0.0422699
1.29583 0.0165859 -0.00413688 -0.00741831
1.3 -0.00369222 0.014856 0.0205158
1.30417 -0.0193907 0.0285108 0.0395106
1.30833 -0.0295079 0.0362687 0.0484755
1.3125 -0.033723 0.0384955 0.047928
1.31667 -0.0327122 0.0365384 0.0403972
1.32083 -0.0282358 0.0324954 0.0299401
1.325 -0.0227246 0.0286355 0.0206722
1.32917 -0.0184068 0.0266425 0.0149741
1.33333 -0.0163913 0.0270549 0.0124771
1.3375 -0.0162815 0.0292511 0.0106278
1.34167 -0.0166477 0.0320462 0.00666445
1.34583 -0.0161459 0.0345736 -0.000174586
1.35 -0.0145907 0.036898 -0.00770724
1.35417 -0.0132377 0.0399236 -0.011902
1.35833 -0.0140039 0.0446067 -0.00943726
1.3625 -0.018074 0.0509566 -9.01445e-05
1.36667 -0.0248041 0.0574981 0.0126715
1.37083 -0.0316988 0.0616082 0.0233694
1.375 -0.035547 0.0605868 0.0274299
1.37917 -0.0340318 0.0528513 0.0234793
1.38333 -0.0268165 0.038572 0.0136371
1.3875 -0.0154852 0.0194517 0.00183391
1.39167 -0.00249868 -0.00210315 -0.00851468
1.39583 0.0100475 -0.0238356 -0.0158877
1.4 0.0210577 -0.0440412 -0.0204214
1.40417 0.0302198 -0.0614667 -0.022695
1.40833 0.0373672 -0.075041 -0.0228306
1.4125 0.042102 -0.0838279 -0.0206995
1.41667 0.0440172 -0.0872964 -0.0168694
1.42083 0.0432357 -0.0856415 -0.0131349
1.425 0.0406482 -0.0797819 -0.0117857
1.42917 0.0374705 -0.0709205 -0.0139306
1.43333 0.0343771 -0.0599553 -0.0182216
1.4375 0.0309306 -0.0472081 -0.0212494
1.44167 0.0258877 -0.0327242 -0.019655
1.44583 0.0182808 -0.0169211 -0.0125646
1.45 0.00848983 -0.00103309 -0.00250421
1.45417 -0.0015769 0.0130949 0.00604157
1.45833 -0.00945356 0.0238147 0.00951969
1.4625 -0.0136076 0.030529 0.00759674
1.46667 -0.014372 0.0339372 0.00319305
1.47083 -0.0136121 0.0354387 0.000270484
1.475 -0.0133521 0.0360907 0.0010392
1.47917 -0.0143671 0.0358734 0.00462661
1.48333 -0.0157629 0.0338103 0.00807987
1.4875 -0.0158104 0.0288572 0.00878868
1.49167 -0.0133598 0.020908 0.00640768
1.49583 -0.00875685 0.0111731 0.00287047
1.5 -0.0036123 0.00166055 0.000651812
1.50417 0.000326313 -0.0058568 0.000783527
1.50833 0.00229076 -0.0106568 0.00221946
1.5125 0.00276589 -0.0131368 0.00296663
1.51667 0.00280444 -0.0141892 0.0019451
1.52083 0.00302624 -0.0144343 -2.02433e-05
1.525 0.00314943 -0.0138978 -0.000915809
1.52917 0.00241183 -0.0123089 0.000632987
1.53333 0.000476131 -0.00966783 0.00396488
1.5375 -0.00200091 -0.00652957 0.00664842
1.54167 -0.0036816 -0.00371947 0.00630814
1.54583 -0.00354952 -0.00170811 0.00260572
1.55 -0.00179832 -0.000202535 -0.00225048
1.55417 0.00016786 0.00162753 -0.00500758
1.55833 0.000725175 0.00438463 -0.00383146
1.5625 -0.000693078 0.00772009 0.000169293
1.56667 -0.00303663 0.0102815 0.0036428
1.57083 -0.00431039 0.010494 0.00351275
1.575 -0.00305379 0.00768704 -0.000568743
1.57917 0.000470475 0.00274922 -0.00579116
1.58333 0.00432573 -0.00222849 -0.00823879
1.5875 0.00622382 -0.00514693 -0.00592209
1.59167 0.00516117 -0.00512939 -0.000410964
1.59583 0.00212042 -0.00293739 0.00430062
1.6 -0.000718575 -0.000305149 0.00489114
1.60417 -0.0016525 0.00128609 0.0013332
1.60833 -0.00069454 0.00148472 -0.00309808
1.6125 0.000600824 0.000999617 -0.00449466
1.61667 0.00056394 0.000749979 -0.00152445
1.62083 -0.00110809 0.000998953 0.00345444
1.625 -0.00306114 0.00119457 0.00632066
1.62917 -0.00343955 0.000605696 0.00458853
1.63333 -0.00151819 -0.000850642 -0.000531906
1.6375 0.00157728 -0.00235638 -0.00512108
1.64167 0.00369531 -0.00277552 -0.00574821
1.64583 0.00335976 -0.00159706 -0.00221096
1.65 0.000936013 0.000572546 0.00243195
1.65417 -0.00169945 0.00241207 0.00448109
1.65833 -0.00268832 0.00287082 0.00261139
1.6625 -0.0016306 0.00192609 -0.0012203
1.66667 0.000238556 0.00049728 -0.00361467
1.67083 0.00121344 -0.000377699 -0.00263892
1.675 0.000580543 -0.000377078 0.00066932
1.67917 -0.000860326 -3.25706e-05 0.00336082
1.68333 -0.00160025 -9.59979e-05 0.00315064
1.6875 -0.000796156 -0.000746764 0.000277593
1.69167 0.000982902 -0.00137852 -0.00283654
1.69583 0.0022498 -0.00116437 -0.00369194
1.7 0.00187285 0.000116125 -0.00173495
1.70417 3.46608e-05 0.00175286 0.00132863
1.70833 -0.00191046 0.00260765 0.00304521
1.7125 -0.00252815 0.00203426 0.00219538
1.71667 -0.00142847 0.000435059 -0.000358059
1.72083 0.000473471 -0.00101806 -0.00251931
1.725 0.00172126 -0.0012668 -0.00269126
1.72917 0.00145069 -0.000137806 -0.000967331
1.73333 -7.38947e-06 0.00158729 0.00109066
1.7375 -0.00148017 0.00280526 0.0017962
1.74167 -0.00191667 0.00289608 0.000672946
1.74583 -0.00117266 0.00209555 -0.00125611
1.75 -2.7091e-05 0.00121559 -0.00238227
1.75417 0.00051948 0.000982331 -0.00184072
1.75833 6.16018e-05 0.00149982 -0.000181413
1.7625 -0.000927789 0.00221431 0.00113155
1.76667 -0.00153708 0.00238499 0.000956377
1.77083 -0.00119209 0.00170865 -0.000574956
1.775 -0.000137105 0.000618432 -0.00217207
1.77917 0.000757733 -1.42607e-05 -0.00247547
1.78333 0.000704041 0.000405562 -0.00121705
1.7875 -0.000346531 0.00162963 0.000530898
1.79167 -0.00162852 0.00267454 0.00125809
1.79583 -0.00215803 0.00260346 0.000328539
1.8 -0.00154034 0.00135544 -0.0014349
1.80417 -0.000324753 -0.000129418 -0.00245225
1.80833 0.000425021 -0.000659253 -0.00180682
1.8125 2.16325e-05 0.000220731 -0.000112837
1.81667 -0.00125463 0.00188212 0.0010184
1.82083 -0.00240982 0.00319956 0.000488072
1.825 -0.00263253 0.00349214 -0.00121423
1.82917 -0.00200958 0.00296096 -0.00245529
1.83333 -0.00137836 0.00232021 -0.00206234
1.8375 -0.00146284 0.00209874 -0.00051814
1.84167 -0.00216341 0.00229582 0.000503203
1.84583 -0.00272272 0.00258646 -0.000143318
1.85 -0.00257593 0.00270049 -0.00184805
1.85417 -0.00195749 0.00254999 -0.00283889
1.85833 -0.00159291 0.00209335 -0.00203552
1.8625 -0.00181674 0.00124083 -0.000219938
1.86667 -0.00212385 -2.63421e-05 0.000769075
1.87083 -0.00170079 -0.0014989 5.18623e-06
1.875 -0.000367903 -0.0028071 -0.00151255
1.87917 0.00114776 -0.00369812 -0.00193209
1.88333 0.0019628 -0.00423836 -0.000551267
1.8875 0.00199503 -0.00474004 0.00145233
1.89167 0.00205293 -0.00552127 0.00235479
1.89583 0.00295793 -0.00673399 0.00176275
1.9 0.00468353 -0.0083223 0.000945097
1.90417 0.00643291 -0.0100284 0.00133706
1.90833 0.00749062 -0.0114683 0.00298276
1.9125 0.00787724 -0.0123886 0.00462105
1.91667 0.00817508 -0.0129685 0.00516026
1.92083 0.00884424 -0.0137592 0.00480454
1.925 0.00979013 -0.0151301 0.00467959
1.92917 0.0105368 -0.0167782 0.00553597
1.93333 0.0107254 -0.0179655 0.006973
1.9375 0.010433 -0.0182952 0.00790816
1.94167 0.0100451 -0.0180682 0.00772113
1.94583 0.00982073 -0.0177608 0.00690551
1.95 0.00958501 -0.01736 0.00656506
1.95417 0.00891716 -0.0164746 0.00721612
1.95833 0.00768548 -0.0149938 0.00814238
1.9625 0.00630347 -0.0132666 0.00811172
1.96667 0.00531211 -0.0115339 0.00678234
1.97083 0.00472256 -0.00949516 0.00517744
1.975 0.00393538 -0.00667507 0.0045574
1.97917 0.00238531 -0.00305959 0.00495301
1.98333 0.000164912 0.000863111 0.00510813
1.9875 -0.00207516 0.00463172 0.00388824
1.99167 -0.00379504 0.00823161 0.00149319
1.99583 -0.00510275 0.0120689 -0.000817252
2 -0.00668909 0.0166243 -0.00204075
2.00417 -0.00919477 0.0219367 -0.00242539
2.00833 -0.0124617 0.0272541 -0.00327651
2.0125 -0.0154183 0.0314694 -0.00569573
2.01667 -0.0170349 0.0342235 -0.00924655
2.02083 -0.0175389 0.0362739 -0.0120122
2.025 -0.0182559 0.0382387 -0.0125379
2.02917 -0.0198416 0.0392579 -0.0117489
2.03333 -0.0210715 0.0377597 -0.0121012
2.0375 -0.0201334 0.0335565 -0.0143732
2.04167 -0.0169852 0.0281423 -0.0162159
2.04583 -0.0134808 0.0225802 -0.0149388
2.05 -0.0109195 0.0162454 -0.0111182
2.05417 -0.00846522 0.00844061 -0.00793231
2.05833 -0.00465998 0.000126289 -0.00697822
2.0625 0.000341728 -0.00724435 -0.00644063
2.06667 0.00505032 -0.0137235 -0.00399109
2.07083 0.00858142 -0.0199842 8.01782e-05
2.075 0.0111304 -0.0250104 0.0037323
2.07917 0.0128299 -0.0268852 0.00588666
2.08333 0.0135042 -0.0259608 0.00684495
2.0875 0.0135632 -0.0248059 0.00699814
2.09167 0.0136768 -0.0242141 0.00679405
2.09583 0.0132753 -0.0217688 0.00723884
2.1 0.0109517 -0.0159309 0.00850834
2.10417 0.00699394 -0.00917364 0.00861069
2.10833 0.00381026 -0.00466965 0.00574332
2.1125 0.00267244 -0.00181904 0.00176919
2.11667 0.00171568 0.00185603 0.000525622
2.12083 -0.00105031 0.00584062 0.00219198
2.125 -0.00423302 0.00749857 0.00252037
2.12917 -0.00504321 0.00718866 -0.000852313
2.13333 -0.0038361 0.00807121 -0.00452694
2.1375 -0.00359554 0.0102682 -0.00439436
2.14167 -0.00498987 0.00988779 -0.00183663
2.14583 -0.00529973 0.00566464 -0.00121391
2.15 -0.00313336 0.00197481 -0.00298171
2.15417 -0.000885704 0.00213406 -0.00370453
2.15833 -0.000689925 0.00289709 -0.0022461
2.1625 -0.000932074 3.64216e-05 -0.00120511
2.16667 0.000549537 -0.00408847 -0.00165803
2.17083 0.00232328 -0.00426982 -0.00121969
2.175 0.00186276 -0.00151135 0.000962676
2.17917 0.000376226 -0.00153468 0.00178119
2.18333 0.001032 -0.0047108 -0.000438849
2.1875 0.00317846 -0.00488732 -0.00208633
2.19167 0.00286716 6.80324e-05 0.000283296
2.19583 -0.000470398 0.00380955 0.00374719
2.2 -0.00245914 0.00145492 0.00308667
2.20417 -0.000564768 -0.00228418 -0.000846535
2.20833 0.00174983 -0.000601279 -0.00224394
2.2125 0.000495505 0.00447711 0.00062711
2.21667 -0.00262533 0.00566945 0.0030343
2.22083 -0.00323218 0.0021759 0.00152487
2.225 -0.00114707 5.98548e-05 -0.00105834
2.22917 9.15571e-05 0.00148628 -0.000830528
2.23333 -0.000529562 0.0015429 0.00107004
2.2375 -0.000350768 -0.00240317 0.00127527
2.24167 0.00164026 -0.00551743 8.35383e-05
2.24583 0.00276344 -0.00365651 0.000314191
2.25 0.00145498 -0.000765332 0.00183761
2.25417 0.000324129 -0.00243486 0.00171704
2.25833 0.00180534 -0.00618207 -0.000334075
2.2625 0.00366184 -0.00507996 -0.000921459
2.26667 0.00228677 0.000749705 0.00140172
2.27083 -0.00123755 0.00375851 0.00321999
2.275 -0.00237467 0.000764388 0.00141918
2.27917 -9.47802e-05 -0.00212514 -0.00156781
2.28333 0.00149323 0.000463946 -0.00118649
2.2875 -0.000398117 0.0045334 0.00209929
2.29167 -0.0029054 0.00358216 0.003296
2.29583 -0.00222682 -0.000458237 0.000582407
2.3 0.000261631 -0.000530083 -0.00185519
2.30417 0.000419206 0.00342168 -0.000472384
2.30833 -0.00174832 0.00408996 0.00212075
2.3125 -0.00219612 -0.000680303 0.00165764
2.31667 0.000182628 -0.0036308 -0.00082627
2.32083 0.00154892 1.62446e-05 -0.00114626
2.325 -0.000328306 0.00423132 0.000696883
2.32917 -0.00211241 0.00195547 0.00078036
2.33333 -0.000559206 -0.00312999 -0.00146042
2.3375 0.0018115 -0.00291998 -0.00206709
2.34167 0.0010412 0.00131888 0.0001407
2.34583 -0.00124583 0.00130467 0.000975259
2.35 -0.000496679 -0.00389115 -0.00174549
2.35417 0.00279463 -0.00638186 -0.00376868
2.35833 0.0037287 -0.00320665 -0.00140507
2.3625 0.00133633 -0.00106749 0.00184591
2.36667 0.000136273 -0.00406123 0.000885221
2.37083 0.0022432 -0.00643631 -0.00250989
2.375 0.00383922 -0.00303345 -0.00280269
2.37917 0.00193899 0.00149076 0.000206421
2.38333 -0.000633473 0.000918135 0.00175579
2.3875 -0.000430437 -0.00186623 0.000337197
2.39167 0.000934101 -0.000501106 -0.00075976
2.39583 0.000306175 0.00369071 9.74653e-05
2.4 -0.00142103 0.00474786 0.000846097
2.40417 -0.00161884 0.00279396 0.000668074
2.40833 -0.00100181 0.00299068 0.00137638
2.4125 -0.00183466 0.00567705 0.00281224
2.41667 -0.00313715 0.00603251 0.00217827
2.42083 -0.00229935 0.00307064 -0.000471961
2.425 -0.000118195 0.00109066 -0.0011765
2.42917 0.000325988 0.00167813 0.00136677
2.43333 -0.000931378 0.00148424 0.00299504
2.4375 -0.000884649 -0.000830569 0.000676177
2.44167 0.00108627 -0.00209799 -0.00243239
2.44583 0.00225918 -0.000872518 -0.00207775
2.45 0.00135769 -8.17078e-05 0.000499688
2.45417 0.000339005 -0.00123692 0.00117603
2.45833 0.000556749 -0.00168855 -0.000454753
2.4625 0.000815844 -0.000325903 -0.00147303
2.46667 0.00047448 -0.000453247 -0.00100116
2.47083 0.000950208 -0.00345713 -0.000696891
2.475 0.00239549 -0.00489662 -0.000625587
2.47917 0.00227275 -0.00162923 0.00076995
2.48333 -0.000292803 0.00180597 0.00242237
2.4875 -0.00187696 -9.9452e-06 0.0011655
2.49167 0.000145526 -0.00377893 -0.00221849
2.49583 0.00250301 -0.00225293 -0.00250515
2.5 0.000554906 0.00325688 0.0016237
2.50417 -0.00371883 0.00406318 0.00378982
2.50833 -0.00392355 -0.00155573 -0.000706501
2.5125 0.000561085 -0.00488702 -0.00617897
2.51667 0.00300034 -0.0012788 -0.00431565
2.52083 -3.77603e-05 0.00162203 0.00228547
2.525 -0.00297387 -0.00301243 0.0034054
2.52917 -0.000433423 -0.00873897 -0.00258532
2.53333 0.00380743 -0.00659461 -0.00611473
2.5375 0.0034362 -0.00113999 -0.00213464
2.54167 0.00033896 -0.00284819 0.00217995
2.54583 0.000711313 -0.00918172 0.000288565
2.55 0.00377783 -0.00847113 -0.00326009
2.55417 0.00363836 -0.000977123 -0.00229063
2.55833 0.000670287 0.000730215 0.000147811
2.5625 0.00097809 -0.00584871 -0.000947779
2.56667 0.0044697 -0.0079193 -0.00236735
2.57083 0.00414886 0.000139964 0.000368518
2.575 -0.000918638 0.00637182 0.00281614
2.57917 -0.00282351 0.0020856 -0.000760182
2.58333 0.0013763 -0.00298066 -0.00536047
2.5875 0.00375372 0.00179329 -0.00267794
2.59167 -0.0010067 0.00918239 0.00382126
2.59583 -0.0060788 0.00718036 0.00374869
2.6 -0.00379954 -0.000265171 -0.00282798
2.60417 0.0017449 -0.00105064 -0.00542523
2.60833 0.00194189 0.00438956 -0.000116796
2.6125 -0.00267219 0.00568589 0.00516449
2.61667 -0.00471574 0.00108159 0.00372422
2.62083 -0.00204404 -0.00110596 -0.00113388
2.625 0.00052288 0.00241003 -0.00285971
2.62917 -0.000365274 0.00571973 -0.000126477
2.63333 -0.00287682 0.0046592 0.00363478
2.6375 -0.00406086 0.00232664 0.00467832
2.64167 -0.0032667 0.0026759 0.00212066
2.64583 -0.00180201 0.00509825 -0.000730359
2.65 -0.00144818 0.00643243 0.000453837
2.65417 -0.00264995 0.00505133 0.00477987
2.65833 -0.00369599 0.00287622 0.00654951
2.6625 -0.00322494 0.00376138 0.00376415
2.66667 -0.0026879 0.00801848 0.00113035
2.67083 -0.00370065 0.0102218 0.00220022
2.675 -0.00468028 0.00674756 0.00447043
2.67917 -0.00378291 0.00260259 0.00510651
2.68333 -0.00287516 0.00392569 0.00518682
2.6875 -0.00397565 0.00699016 0.00539415
2.69167 -0.00450259 0.00397564 0.0041272
2.69583 -0.00165647 -0.00300583 0.00250252
2.7 0.00137639 -0.0048033 0.00417184
2.70417 0.000113527 -0.000779612 0.00784623
2.70833 -0.00300823 0.000433162 0.00762434
2.7125 -0.0022477 -0.0041371 0.00305518
2.71667 0.00174067 -0.00773375 0.000883064
2.72083 0.00315576 -0.00607347 0.00422918
2.725 0.000592514 -0.00314587 0.00782163
2.72917 -0.00161303 -0.0028173 0.00670392
2.73333 -0.000853695 -0.00333559 0.00277572
2.7375 0.000857346 -0.00212985 0.000337798
2.74167 0.00104737 0.000464624 0.000766894
2.74583 -0.000558249 0.00316989 0.00273341
2.75 -0.00275323 0.00489867 0.00328759
2.75417 -0.00345474 0.00479369 -0.00031361
2.75833 -0.00144194 0.00415191 -0.00599694
2.7625 0.00101829 0.00537991 -0.00750713
2.76667 0.00056997 0.00715346 -0.00384001
2.77083 -0.001521 0.0057876 -0.00242803
2.775 -0.000849196 0.00259645 -0.00769581
2.77917 0.00257815 0.00248141 -0.0134941
2.78333 0.00435502 0.00431261 -0.0133357
2.7875 0.00359527 0.00214202 -0.0105286
2.79167 0.00389009 -0.00315451 -0.010963
2.79583 0.00599649 -0.00462752 -0.013498
2.8 0.00704062 -0.00263005 -0.0147319
2.80417 0.00721329 -0.00480235 -0.0157044
2.80833 0.00940698 -0.0112853 -0.0172658
2.8125 0.0122668 -0.0135659 -0.0166747
2.81667 0.0117915 -0.0100427 -0.0144082
2.82083 0.00947493 -0.00883305 -0.0156996
2.825 0.0104014 -0.0127667 -0.0204755
2.82917 0.0138388 -0.0152291 -0.0213462
2.83333 0.014277 -0.0132039 -0.0160208
2.8375 0.0110982 -0.011443 -0.0114997
2.84167 0.0088552 -0.0118399 -0.011715
2.84583 0.00875212 -0.0107141 -0.011346
2.85 0.00760757 -0.00755503 -0.00583383
2.85417 0.00422626 -0.00554778 0.0022567
2.85833 9.8924e-05 -0.0040518 0.00979266
2.8625 -0.00441305 -0.000526428 0.0168303
2.86667 -0.00899849 0.00263349 0.0224854
2.87083 -0.0115755 0.00260888 0.025768
2.875 -0.0122926 0.00299783 0.029909
2.87917 -0.0148524 0.00701635 0.0370899
2.88333 -0.0195903 0.0100656 0.0415087
2.8875 -0.0211433 0.00806809 0.0372054
2.89167 -0.017243 0.00563459 0.0288623
2.89583 -0.0129641 0.0071394 0.0246184
2.9 -0.0119449 0.00837427 0.0227299
2.90417 -0.0107501 0.00558065 0.0159696
2.90833 -0.00619237 0.00320896 0.00466709
2.9125 -0.000828076 0.00460108 -0.00486502
2.91667 0.0026958 0.00506064 -0.0104926
2.92083 0.00561664 0.00159505 -0.0140507
2.925 0.00846084 -0.000859681 -0.0157724
2.92917 0.00945925 0.000691287 -0.0159838
2.93333 0.00928478 0.00185054 -0.0167792
2.9375 0.0104259 0.000340052 -0.0168583
2.94167 0.0114524 0.000129478 -0.0117
2.94583 0.00910555 0.0023087 -0.00257266
2.95 0.0053099 0.0027481 0.0032605
2.95417 0.00455738 0.00115759 0.00424486
2.95833 0.00594341 0.00158085 0.0067301
2.9625 0.00545066 0.00320057 0.0131786
2.96667 0.00375029 0.00162557 0.0185235
2.97083 0.00415568 -0.00159573 0.0200659
2.975 0.00588918 -0.00179993 0.0206725
2.97917 0.0066002 -0.00103941 0.0212608
2.98333 0.00770645 -0.00388943 0.0201729
2.9875 0.0104558 -0.00725089 0.0194747
2.99167 0.0114986 -0.00573694 0.0218362
2.99583 0.00889552 -0.00255172 0.0231784
