0 0 0 0
0.00416667 0 0 0
0.00833333 0 0 0
0.0125 0 0 0
0.0166667 0 0 0
0.0208333 0 0 0
0.025 0 0 0
0.0291667 0 0 0
0.0333333 0 0 0
0.0375 0 0 0
0.0416667 0 0 0
0.0458333 0 0 0
0.05 0 0 0
0.0541667 0 0 0
0.0583333 0 0 0
0.0625 0 0 0
0.0666667 0 0 0
0.0708333 0 0 0
0.075 0 0 0
0.0791667 0 0 0
0.0833333 0 0 0
0.0875 0 0 0
0.0916667 0 0 0
0.0958333 0 0 0
0.1 0 0 0
0.104167 0 0 0
0.108333 0 0 0
0.1125 0 0 0
0.116667 0 0 0
0.120833 0 0 0
0.125 0 0 0
0.129167 0 0 0
0.133333 0 0 0
0.1375 0 0 0
0.141667 0 0 0
0.145833 0 0 0
0.15 0 0 0
0.154167 0 0 0
0.158333 0 0 0
0.1625 0 0 0
0.166667 0 0 0
0.170833 0 0 0
0.175 0 0 0
0.179167 0 0 0
0.183333 0 0 0
0.1875 0 0 0
0.191667 0 0 0
0.195833 0 0 0
0.2 0 0 0
0.204167 0 0 0
0.208333 0 0 0
0.2125 -1.06026e-320 2.02567e-322 2.87808e-319
0.216667 -3.85371e-317 1.21588e-318 1.00746e-315
0.220833 -1.17102e-313 3.68774e-315 3.00206e-312
0.225 -3.04891e-310 9.54272e-312 7.66777e-309
0.229167 -6.8402e-307 2.11936e-308 1.68818e-305
0.233333 -1.32939e-303 4.06258e-305 3.22091e-302
0.2375 -2.24952e-300 6.75724e-302 5.35223e-299
0.241667 -3.33009e-297 9.80126e-299 7.78323e-296
0.245833 -4.33235e-294 1.24565e-295 9.94992e-293
0.25 -4.97468e-291 1.39336e-292 1.12301e-289
0.254167 -5.06242e-288 1.37759e-289 1.12362e-286
0.258333 -4.58349e-285 1.20871e-286 1.00052e-283
0.2625 -3.70587e-282 9.4477e-284 7.95801e-281
0.266667 -2.6852e-279 6.60248e-281 5.67397e-278
0.270833 -1.74952e-276 4.13965e-278 3.63861e-275
0.275 -1.02829e-273 2.33625e-275 2.10544e-272
0.279167 -5.46888e-271 1.1905e-272 1.10265e-269
0.283333 -2.63964e-268 5.49389e-270 5.242e-267
0.2875 -1.1595e-265 2.30251e-267 2.26847e-264
0.291667 -4.64777e-263 8.7874e-265 8.96e-262
0.295833 -1.70444e-260 3.06174e-262 3.23846e-259
0.3 -5.73269e-258 9.76316e-260 1.07373e-256
0.304167 -1.77255e-255 2.85582e-257 3.2734e-254
0.308333 -5.04988e-253 7.67973e-255 9.19666e-252
0.3125 -1.32847e-250 1.90258e-252 2.38631e-249
0.316667 -3.2338e-248 4.35098e-250 5.73054e-247
0.320833 -7.29859e-246 9.20228e-248 1.27616e-244
0.325 -1.53026e-243 1.80319e-245 2.6405e-242
0.329167 -2.98605e-241 3.27907e-243 5.08562e-240
0.333333 -5.43258e-239 5.54246e-241 9.13379e-238
0.3375 -9.23082e-237 8.72027e-239 1.53232e-235
0.341667 -1.46729e-234 1.27884e-236 2.40524e-233
0.345833 -2.18537e-232 1.75019e-234 3.53804e-231
0.35 -3.05445e-230 2.23772e-232 4.88463e-229
0.354167 -4.01221e-228 2.67533e-230 6.33873e-227
0.358333 -4.96016e-226 2.99313e-228 7.74272e-225
0.3625 -5.77917e-224 3.13544e-226 8.9146e-223
0.366667 -6.35436e-222 3.07653e-224 9.68732e-221
0.370833 -6.60195e-220 2.82824e-222 9.94844e-219
0.375 -6.48943e-218 2.43661e-220 9.66705e-217
0.379167 -6.0422e-216 1.96895e-218 8.89898e-215
0.383333 -5.33511e-214 1.49649e-216 7.76958e-213
0.3875 -4.47241e-212 1.07856e-214 6.44102e-211
0.391667 -3.56341e-210 7.52692e-213 5.07558e-209
0.395833 -2.70136e-208 5.32158e-211 3.80588e-207
0.4 -1.95053e-206 4.0968e-209 2.71845e-205
0.404167 -1.34288e-204 3.64433e-207 1.85156e-203
0.408333 -8.82495e-203 3.69635e-205 1.20387e-201
0.4125 -5.54238e-201 3.98845e-203 7.48074e-200
0.416667 -3.33103e-199 4.30201e-201 4.44838e-198
0.420833 -1.91907e-197 4.48606e-199 2.5354e-196
0.425 -1.06223e-195 4.46205e-197 1.38801e-194
0.429167 -5.66711e-194 4.21617e-195 7.32042e-193
0.433333 -2.92821e-192 3.7833e-193 3.73581e-191
0.4375 -1.47579e-190 3.22701e-191 1.85682e-189
0.441667 -7.32869e-189 2.6197e-189 9.0734e-188
0.445833 -3.63368e-187 2.02658e-187 4.41398e-186
0.45 -1.82544e-185 1.49567e-185 2.16895e-184
0.454167 -9.4064e-184 1.05418e-183 1.09071e-182
0.458333 -4.99698e-182 7.10243e-182 5.65179e-181
0.4625 -2.72442e-180 4.57813e-180 3.01037e-179
0.466667 -1.50666e-178 2.8256e-178 1.63105e-177
0.470833 -8.33215e-177 1.67111e-176 8.8647e-176
0.475 -4.54969e-175 9.47745e-175 4.7698e-174
0.479167 -2.42974e-173 5.15791e-173 2.51508e-172
0.483333 -1.26104e-171 2.69554e-171 1.2906e-170
0.4875 -6.33563e-170 1.35361e-169 6.41688e-169
0.491667 -3.07453e-168 6.53579e-168 3.08351e-167
0.495833 -1.43945e-166 3.03617e-166 1.43011e-165
0.5 -6.49888e-165 1.35782e-164 6.39791e-164
0.504167 -2.82928e-163 5.84924e-163 2.76049e-162
0.508333 -1.18791e-161 2.42857e-161 1.14886e-160
0.5125 -4.81172e-160 9.72386e-160 4.61325e-159
0.516667 -1.88104e-158 3.75665e-158 1.78801e-157
0.520833 -7.10018e-157 1.4011e-156 6.69175e-156
0.525 -2.5889e-155 5.04742e-155 2.41945e-154
0.529167 -9.12307e-154 1.75721e-153 8.45485e-153
0.533333 -3.10853e-152 5.9149e-152 2.857e-151
0.5375 -1.02462e-150 1.92598e-150 9.33972e-150
0.541667 -3.26863e-149 6.06936e-149 2.95515e-148
0.545833 -1.00963e-147 1.85192e-147 9.05407e-147
0.55 -3.021e-146 5.47377e-146 2.68735e-145
0.554167 -8.76032e-145 1.56794e-144 7.73056e-144
0.558333 -2.46298e-143 4.35447e-143 2.15621e-142
0.5625 -6.71668e-142 1.17299e-141 5.83378e-141
0.566667 -1.77739e-140 3.06605e-140 1.53167e-139
0.570833 -4.56585e-139 7.77986e-139 3.90403e-138
0.575 -1.13905e-137 1.91709e-137 9.66418e-137
0.579167 -2.76067e-136 4.58942e-136 2.32429e-135
0.583333 -6.50285e-135 1.06779e-134 5.43318e-134
0.5875 -1.48926e-133 2.41539e-133 1.23486e-132
0.591667 -3.31724e-132 5.31399e-132 2.72986e-131
0.595833 -7.18912e-131 1.13747e-130 5.87188e-130
0.6 -1.51642e-129 2.36974e-129 1.22936e-128
0.604167 -3.11427e-128 4.8067e-128 2.50606e-127
0.608333 -6.22919e-127 9.49568e-127 4.97581e-126
0.6125 -1.21391e-125 1.82759e-125 9.62578e-125
0.616667 -2.3055e-124 3.42804e-124 1.81488e-123
0.620833 -4.26873e-123 6.26849e-123 3.33606e-122
0.625 -7.70769e-122 1.1178e-121 5.98042e-121
0.629167 -1.3576e-120 1.94439e-120 1.04585e-119
0.633333 -2.33332e-119 3.30025e-119 1.78476e-118
0.6375 -3.91431e-118 5.46741e-118 2.97293e-117
0.641667 -6.41117e-117 8.84325e-117 4.83516e-116
0.645833 -1.02552e-115 1.39688e-115 7.68028e-115
0.65 -1.60249e-114 2.15547e-114 1.1918e-113
0.654167 -2.44684e-113 3.24995e-113 1.8072e-112
0.658333 -3.65166e-112 4.78937e-112 2.67855e-111
0.6625 -5.32797e-111 6.90017e-111 3.88148e-110
0.666667 -7.60206e-110 9.72144e-110 5.50056e-109
0.670833 -1.06098e-108 1.33967e-108 7.62496e-108
0.675 -1.44874e-107 1.80622e-107 1.03418e-106
0.679167 -1.93595e-106 2.38315e-106 1.37272e-105
0.683333 -2.53228e-105 3.07781e-105 1.78362e-104
0.6875 -3.24302e-104 3.89172e-104 2.26911e-103
0.691667 -4.06727e-103 4.81892e-103 2.82708e-102
0.695833 -4.99654e-102 5.84471e-102 3.45023e-101
0.7 -6.01372e-101 6.94507e-101 4.12553e-100
0.704167 -7.0928e-100 8.08693e-100 4.83422e-99
0.708333 -8.19944e-99 9.22942e-99 5.55236e-98
0.7125 -9.2925e-98 1.03262e-97 6.25207e-97
0.716667 -1.03264e-96 1.13284e-96 6.90323e-96
0.720833 -1.12545e-95 1.21883e-95 7.47567e-95
0.725 -1.20321e-94 1.28633e-94 7.94149e-94
0.729167 -1.26206e-93 1.33192e-93 8.27733e-93
0.733333 -1.29905e-92 1.35333e-92 8.46637e-92
0.7375 -1.31238e-91 1.34962e-91 8.49969e-91
0.741667 -1.30155e-90 1.32122e-90 8.37697e-90
0.745833 -1.26737e-89 1.26992e-89 8.10635e-89
0.75 -1.2119e-88 1.19864e-88 7.70362e-88
0.754167 -1.13821e-87 1.11119e-87 7.19069e-87
0.758333 -1.05015e-86 1.01193e-86 6.59364e-86
0.7625 -9.51957e-86 9.05413e-86 5.94062e-85
0.766667 -8.48e-85 7.96063e-85 5.25969e-84
0.770833 -7.42431e-84 6.87896e-84 4.577e-83
0.775 -6.3895e-83 5.84308e-83 3.91527e-82
0.779167 -5.40624e-82 4.87946e-82 3.29284e-81
0.783333 -4.49787e-81 4.00662e-81 2.72315e-80
0.7875 -3.68018e-80 3.2354e-80 2.21479e-79
0.791667 -2.96172e-79 2.56971e-79 1.77181e-78
0.795833 -2.34474e-78 2.00775e-78 1.39439e-77
0.8 -1.82635e-77 1.54336e-77 1.0797e-76
0.804167 -1.39982e-76 1.16739e-76 8.22669e-76
0.808333 -1.05589e-75 8.68998e-76 6.16902e-75
0.8125 -7.83937e-75 6.36696e-75 4.55337e-74
0.816667 -5.72955e-74 4.59213e-74 3.30852e-73
0.820833 -4.1228e-73 3.26079e-73 2.36687e-72
0.825 -2.92114e-72 2.27988e-72 1.66729e-71
0.829167 -2.03824e-71 1.56978e-71 1.15664e-70
0.833333 -1.40073e-70 1.06453e-70 7.903e-70
0.8375 -9.48213e-70 7.11083e-70 5.31915e-69
0.841667 -6.32352e-69 4.67928e-69 3.52698e-68
0.845833 -4.15495e-68 3.03379e-68 2.30422e-67
0.85 -2.69015e-67 1.93817e-67 1.48339e-66
0.854167 -1.7165e-66 1.22024e-66 9.41131e-66
0.858333 -1.07947e-65 7.57173e-66 5.88509e-65
0.8625 -6.69162e-65 4.63117e-65 3.62755e-64
0.866667 -4.0893e-64 2.79241e-64 2.20434e-63
0.870833 -2.46384e-63 1.65999e-63 1.32067e-62
0.875 -1.46375e-62 9.73012e-63 7.80205e-62
0.879167 -8.57542e-62 5.62419e-62 4.54531e-61
0.883333 -4.95479e-61 3.20609e-61 2.61158e-60
0.8875 -2.82369e-60 1.80264e-60 1.48003e-59
0.891667 -1.58736e-59 9.99774e-60 8.27394e-59
0.895833 -8.80327e-59 5.47013e-59 4.56316e-58
0.9 -4.81683e-58 2.95282e-58 2.48299e-57
0.904167 -2.60057e-57 1.57276e-57 1.33315e-56
0.908333 -1.3855e-56 8.26628e-57 7.06346e-56
0.9125 -7.28475e-56 4.28768e-56 3.69344e-55
0.916667 -3.78034e-55 2.19501e-55 1.90615e-54
0.920833 -1.9364e-54 1.10916e-54 9.71033e-54
0.925 -9.79133e-54 5.53256e-54 4.88314e-53
0.929167 -4.88776e-53 2.72442e-53 2.42432e-52
0.933333 -2.40899e-52 1.32457e-52 1.18834e-51
0.9375 -1.17234e-51 6.35858e-52 5.7516e-51
0.941667 -5.63379e-51 3.01416e-51 2.74895e-50
0.945833 -2.67368e-50 1.41101e-50 1.29751e-49
0.95 -1.25318e-49 6.52353e-50 6.04861e-49
0.954167 -5.8016e-49 2.97891e-49 2.78504e-48
0.958333 -2.65304e-48 1.34366e-48 1.26669e-47
0.9625 -1.19849e-47 5.98696e-48 5.69127e-47
0.966667 -5.34871e-47 2.63538e-47 2.52624e-46
0.970833 -2.35843e-46 1.14612e-46 1.1079e-45
0.975 -1.0275e-45 4.92488e-46 4.80081e-45
0.979167 -4.42343e-45 2.09108e-45 2.05564e-44
0.983333 -1.88184e-44 8.77379e-45 8.6982e-44
0.9875 -7.91192e-44 3.63806e-44 3.63738e-43
0.991667 -3.28764e-43 1.4909e-43 1.50332e-42
0.995833 -1.35027e-42 6.03883e-43 6.14116e-42
1 -5.48167e-42 2.41773e-42 2.47975e-41
1.00417 -2.19985e-41 9.56839e-42 9.89812e-41
1.00833 -8.72739e-41 3.74347e-41 3.9058e-40
1.0125 -3.42305e-40 1.4479e-40 1.52372e-39
1.01667 -1.32741e-39 5.5368e-40 5.87715e-39
1.02083 -5.08965e-39 2.09342e-39 2.24138e-38
1.025 -1.92966e-38 7.82634e-39 8.45234e-38
1.02917 -7.23455e-38 2.89326e-38 3.15192e-37
1.03333 -2.68226e-37 1.05771e-37 1.16234e-36
1.0375 -9.83499e-37 3.82399e-37 4.23909e-36
1.04167 -3.56658e-36 1.3673e-36 1.52904e-35
1.04583 -1.27925e-35 4.83533e-36 5.45493e-35
1.05 -4.53847e-35 1.69132e-35 1.9249e-34
1.05417 -1.59269e-34 5.85174e-35 6.71887e-34
1.05833 -5.52899e-34 2.00273e-34 2.31992e-33
1.0625 -1.89876e-33 6.78045e-34 7.92426e-33
1.06667 -6.45093e-33 2.27098e-33 2.67777e-32
1.07083 -2.16832e-32 7.52493e-33 8.95229e-32
1.075 -7.21098e-32 2.46688e-32 2.96115e-31
1.07917 -2.37274e-31 8.00139e-32 9.69107e-31
1.08333 -7.7252e-31 2.56787e-31 3.13823e-30
1.0875 -2.4888e-30 8.15432e-31 1.00558e-29
1.09167 -7.9343e-30 2.56228e-30 3.18846e-29
1.09583 -2.50312e-29 7.96716e-30 1.00046e-28
1.1 -7.81493e-29 2.45152e-29 3.10659e-28
1.10417 -2.41465e-28 7.46514e-29 9.54666e-28
1.10833 -7.38386e-28 2.2497e-28 2.90346e-27
1.1125 -2.23475e-27 6.70979e-28 8.73962e-27
1.11667 -6.69427e-27 1.98064e-27 2.60372e-26
1.12083 -1.98482e-26 5.78665e-27 7.67776e-26
1.125 -5.82498e-26 1.67335e-26 2.24092e-25
1.12917 -1.69214e-25 4.78955e-26 6.47416e-25
1.13333 -4.86588e-25 1.35695e-25 1.85147e-24
1.1375 -1.38509e-24 3.80546e-25 5.24127e-24
1.14167 -3.90299e-24 1.05641e-24 1.46878e-23
1.14583 -1.08876e-23 2.90301e-24 4.07459e-23
1.15 -3.00672e-23 7.89709e-24 1.119e-22
1.15417 -8.22032e-23 2.12666e-23 3.04234e-22
1.15833 -2.22499e-22 5.66954e-23 8.18883e-22
1.1625 -5.9624e-22 1.49632e-22 2.18214e-21
1.16667 -1.58188e-21 3.90965e-22 5.757e-21
1.17083 -4.15525e-21 1.01133e-21 1.50374e-20
1.175 -1.08068e-20 2.58997e-21 3.88881e-20
1.17917 -2.78277e-20 6.56676e-21 9.95718e-20
1.18333 -7.09493e-20 1.64841e-20 2.52427e-19
1.1875 -1.79108e-19 4.0968e-20 6.33612e-19
1.19167 -4.47692e-19 1.00807e-19 1.57471e-18
1.19583 -1.10802e-18 2.45588e-19 3.87501e-18
1.2 -2.71536e-18 5.92374e-19 9.44157e-18
1.20417 -6.58896e-18 1.41469e-18 2.27781e-17
1.20833 -1.58315e-17 3.34504e-18 5.44119e-17
1.2125 -3.76653e-17 7.83106e-18 1.28699e-16
1.21667 -8.87321e-17 1.81517e-17 3.01416e-16
1.22083 -2.06985e-16 4.16571e-17 6.98978e-16
1.225 -4.78097e-16 9.46537e-17 1.60497e-15
1.22917 -1.09348e-15 2.12941e-16 3.64904e-15
1.23333 -2.47643e-15 4.74297e-16 8.21475e-15
1.2375 -5.55337e-15 1.04594e-15 1.8311e-14
1.24167 -1.23311e-14 2.28364e-15 4.04139e-14
1.24583 -2.71116e-14 4.93633e-15 8.8317e-14
1.25 -5.90223e-14 1.05641e-14 1.91095e-13
1.25417 -1.27227e-13 2.23821e-14 4.09394e-13
1.25833 -2.71542e-13 4.69468e-14 8.68385e-13
1.2625 -5.73833e-13 9.74848e-14 1.82371e-12
1.26667 -1.20065e-12 2.00393e-13 3.79198e-12
1.27083 -2.48727e-12 4.07789e-13 7.80605e-12
1.275 -5.10145e-12 8.21447e-13 1.5909e-11
1.27917 -1.0359e-11 1.63796e-12 3.2099e-11
1.28333 -2.08253e-11 3.23289e-12 6.41155e-11
1.2875 -4.14471e-11 6.31578e-12 1.26779e-10
1.29167 -8.16613e-11 1.22122e-11 2.48157e-10
1.29583 -1.59274e-10 2.3371e-11 4.80826e-10
1.3 -3.07512e-10 4.4264e-11 9.22182e-10
1.30417 -5.87695e-10 8.29654e-11 1.75062e-09
1.30833 -1.11173e-09 1.53883e-10 3.28926e-09
1.3125 -2.08152e-09 2.82429e-10 6.11665e-09
1.31667 -3.85726e-09 5.12889e-10 1.12568e-08
1.32083 -7.07408e-09 9.21522e-10 2.05013e-08
1.325 -1.2839e-08 1.63805e-09 3.69477e-08
1.32917 -2.30588e-08 2.88039e-09 6.58878e-08
1.33333 -4.09789e-08 5.01008e-09 1.16254e-07
1.3375 -7.20566e-08 8.61927e-09 2.02937e-07
1.34167 -1.25356e-07 1.46652e-08 3.50461e-07
1.34583 -2.15745e-07 2.46748e-08 5.98691e-07
1.35 -3.67306e-07 4.10506e-08 1.01162e-06
1.35417 -6.18542e-07 6.75209e-08 1.6906e-06
1.35833 -1.0302e-06 1.09788e-07 2.79405e-06
1.3625 -1.69687e-06 1.76446e-07 4.56616e-06
1.36667 -2.76377e-06 2.80253e-07 7.37812e-06
1.37083 -4.45074e-06 4.39844e-07 1.1786e-05
1.375 -7.08581e-06 6.82007e-07 1.86104e-05
1.37917 -1.11511e-05 1.04458e-06 2.90442e-05
1.38333 -1.73445e-05 1.58006e-06 4.47934e-05
1.3875 -2.66596e-05 2.35989e-06 6.82579e-05
1.39167 -4.04883e-05 3.47935e-06 0.000102755
1.39583 -6.07458e-05 5.06273e-06 0.000152789
1.4 -9.00196e-05 7.26829e-06 0.000224354
1.40417 -0.000131737 1.02922e-05 0.000325266
1.40833 -0.000190344 1.43705e-05 0.000465493
1.4125 -0.000271477 1.97771e-05 0.000657434
1.41667 -0.000382109 2.68165e-05 0.000916101
1.42083 -0.000530624 3.5809e-05 0.00125911
1.425 -0.000726789 4.70658e-05 0.00170641
1.42917 -0.000981564 6.08541e-05 0.00227958
1.43333 -0.00130668 7.73482e-05 0.00300067
1.4375 -0.00171396 9.65712e-05 0.00389042
1.44167 -0.0022143 0.000118327 0.00496591
1.44583 -0.00281629 0.000142131 0.00623744
1.45 -0.00352459 0.000167142 0.00770511
1.45417 -0.00433794 0.000192121 0.009355
1.45833 -0.00524721 0.000215411 0.0111556
1.4625 -0.00623351 0.000234969 0.0130548
1.46667 -0.00726672 0.000248458 0.0149787
1.47083 -0.00830488 0.000253408 0.0168313
1.475 -0.00929463 0.000247439 0.0184985
1.47917 -0.0101732 0.000228551 0.0198536
1.48333 -0.0108722 0.000195436 0.0207669
1.4875 -0.0113223 0.000147791 0.0211176
1.49167 -0.0114606 8.65651e-05 0.0208074
1.49583 -0.0112374 1.40891e-05 0.0197745
1.5 -0.0106235 -6.59614e-05 0.0180052
1.50417 -0.00961651 -0.000148818 0.0155413
1.50833 -0.00824363 -0.000229088 0.0124813
1.5125 -0.00656182 -0.000301414 0.00897323
1.51667 -0.00465304 -0.00036125 0.00519897
1.52083 -0.00261527 -0.000405639 0.00135148
1.525 -0.000549735 -0.000433845 -0.00239306
1.52917 0.00145403 -0.000447695 -0.0059036
1.53333 0.00333287 -0.000451502 -0.00911788
1.5375 0.0050617 -0.000451514 -0.0120562
1.54167 0.00665952 -0.000454898 -0.0148211
1.54583 0.00818752 -0.00046839 -0.0175803
1.55 0.00973849 -0.000496821 -0.0205343
1.55417 0.0114183 -0.000541798 -0.0238723
1.55833 0.013322 -0.000600809 -0.0277239
1.5625 0.0155077 -0.00066701 -0.0321143
1.56667 0.0179752 -0.000729785 -0.0369343
1.57083 0.0206506 -0.000776054 -0.0419294
1.575 0.0233838 -0.000792141 -0.0467144
1.57917 0.0259579 -0.000765868 -0.0508095
1.58333 0.0281108 -0.000688492 -0.0536945
1.5875 0.029565 -0.000556147 -0.0548715
1.59167 0.0300603 -0.000370552 -0.0539245
1.59583 0.0293859 -0.000138921 -0.0505689
1.6 0.027404 0.000126802 -0.0446834
1.60417 0.0240659 0.000411139 -0.0363243
1.60833 0.019418 0.000696427 -0.0257231
1.6125 0.0135993 0.000964078 -0.0132738
1.61667 0.00683391 0.00119569 0.00048721
1.62083 -0.000580054 0.00137406 0.0149064
1.625 -0.00828436 0.0014842 0.0292439
1.62917 -0.0158783 0.00151466 0.0427145
1.63333 -0.0229415 0.00145899 0.0545419
1.6375 -0.0290648 0.00131723 0.0640262
1.64167 -0.0338864 0.00109705 0.070619
1.64583 -0.0371322 0.000813929 0.0739937
1.65 -0.0386512 0.000490103 0.0740946
1.65417 -0.0384386 0.000152012 0.0711491
1.65833 -0.0366378 -0.000173311 0.0656338
1.6625 -0.0335185 -0.000462203 0.0581977
1.66667 -0.0294326 -0.000697724 0.0495563
1.67083 -0.024758 -0.000871431 0.0403834
1.675 -0.0198425 -0.000983108 0.0312253
1.67917 -0.0149631 -0.00103853 0.02246
1.68333 -0.0103081 -0.00104609 0.0143054
1.6875 -0.00598643 -0.00101339 0.00686638
1.69167 -0.00205356 -0.000945149 0.000195756
1.69583 0.00145665 -0.00084297 -0.00565889
1.7 0.00451085 -0.000707153 -0.0106449
1.70417 0.00707499 -0.000539566 -0.0147356
1.70833 0.00913401 -0.000346344 -0.0179878
1.7125 0.0107234 -0.000139085 -0.0205992
1.71667 0.0119574 6.62046e-05 -0.0229323
1.72083 0.013037 0.00025228 -0.0254845
1.725 0.0142295 0.000404904 -0.0288039
1.72917 0.0158201 0.000516656 -0.0333701
1.73333 0.0180485 0.000588868 -0.0394761
1.7375 0.0210489 0.000630939 -0.0471474
1.74167 0.0248129 0.00065723 -0.0561223
1.74583 0.0291857 0.000682634 -0.065897
1.75 0.0338939 0.000718357 -0.0758178
1.75417 0.0385974 0.000769246 -0.0851883
1.75833 0.0429446 0.000833362 -0.0933639
1.7625 0.0466192 0.000903621 -0.0998104
1.76667 0.0493666 0.000970622 -0.104125
1.77083 0.0510018 0.00102553 -0.10603
1.775 0.0514029 0.00106205 -0.105354
1.77917 0.0505006 0.00107711 -0.102016
1.78333 0.0482692 0.00107028 -0.0960157
1.7875 0.0447235 0.00104247 -0.0874349
1.79167 0.0399185 0.00099459 -0.076439
1.79583 0.0339506 0.000926415 -0.0632735
1.8 0.0269563 0.000836241 -0.0482548
1.80417 0.0191059 0.000721203 -0.0317497
1.80833 0.0105935 0.000578313 -0.014145
1.8125 0.00161915 0.000405958 0.00419482
1.81667 -0.00763298 0.000205429 0.022978
1.82083 -0.017021 -1.81107e-05 0.042033
1.825 -0.0264684 -0.00025584 0.0613354
1.82917 -0.0359746 -0.000496963 0.0809904
1.83333 -0.0456012 -0.000731585 0.101159
1.8375 -0.0554295 -0.000953774 0.121929
1.84167 -0.0654909 -0.00116346 0.143161
1.84583 -0.0756891 -0.001366 0.164356
1.85 -0.0857363 -0.00156899 0.184583
1.85417 -0.0951283 -0.00177737 0.202514
1.85833 -0.10317 -0.00198851 0.216543
1.8625 -0.109046 -0.00218934 0.224975
1.86667 -0.111923 -0.00235703 0.226227
1.87083 -0.111048 -0.00246298 0.218996
1.875 -0.105832 -0.00247877 0.202395
1.87917 -0.0959131 -0.00238193 0.176043
1.88333 -0.0811942 -0.00215993 0.14015
1.8875 -0.0618801 -0.00181157 0.0955875
1.89167 -0.0385097 -0.0013465 0.043953
1.89583 -0.0119781 -0.00078398 -0.0124241
1.9 0.016467 -0.000151817 -0.0705573
1.90417 0.0452744 0.00051452 -0.126982
1.90833 0.072689 0.00117337 -0.178027
1.9125 0.0968931 0.00177974 -0.220129
1.91667 0.116168 0.00228967 -0.250158
1.92083 0.12905 0.00266521 -0.26571
1.925 0.134474 0.00287865 -0.265352
1.92917 0.131881 0.00291463 -0.248818
1.93333 0.121313 0.0027704 -0.217138
1.9375 0.10346 0.00245501 -0.172668
1.94167 0.0796604 0.00198902 -0.118968
1.94583 0.0518187 0.00140492 -0.060492
1.95 0.0222384 0.000747551 -0.00213191
1.95417 -0.00662583 7.2617e-05 0.0513452
1.95833 -0.0324491 -0.000558539 0.095829
1.9625 -0.0532949 -0.00108757 0.128275
1.96667 -0.0678016 -0.00146909 0.146932
1.97083 -0.075273 -0.00167846 0.151389
1.975 -0.0756823 -0.00171456 0.142506
1.97917 -0.0696184 -0.00159675 0.122263
1.98333 -0.0582015 -0.00135798 0.0935606
1.9875 -0.0429749 -0.00103745 0.0599516
1.99167 -0.0257637 -0.000675338 0.0252785
1.99583 -0.00848763 -0.000310659 -0.00677376
2 0.00706396 1.94534e-05 -0.0331425
2.00417 0.0194587 0.000281158 -0.0517658
2.00833 0.0277955 0.000447242 -0.061776
2.0125 0.0317795 0.000501541 -0.0634683
2.01667 0.0316842 0.000442081 -0.0580793
2.02083 0.028224 0.000280755 -0.0474664
2.025 0.0223852 3.92304e-05 -0.0337778
2.02917 0.015262 -0.000257029 -0.0191685
2.03333 0.00791891 -0.000583669 -0.00556573
2.0375 0.00128086 -0.000919199 0.00553092
2.04167 -0.00396028 -0.0012437 0.013212
2.04583 -0.00741903 -0.00153651 0.0172482
2.05 -0.00905084 -0.00177539 0.0180562
2.05417 -0.00912293 -0.00193798 0.0165209
2.05833 -0.00811396 -0.00200481 0.0137113
2.0625 -0.00656654 -0.00196151 0.0105836
2.06667 -0.00494221 -0.00179911 0.00777642
2.07083 -0.00352944 -0.00151289 0.00555414
2.075 -0.00242923 -0.00110206 0.00388496
2.07917 -0.00160456 -0.00057229 0.00258063
2.08333 -0.000954079 5.87149e-05 0.00141852
2.0875 -0.000370335 0.000755221 0.000205735
2.09167 0.000234163 0.00146104 -0.00120165
2.09583 0.000922327 0.00210379 -0.00288362
2.1 0.00172699 0.0026062 -0.00481849
2.10417 0.00263181 0.00290159 -0.00683442
2.10833 0.00354713 0.00294883 -0.00859262
2.1125 0.00430346 0.00274245 -0.00964006
2.11667 0.00468118 0.00231531 -0.00953335
2.12083 0.00447488 0.00173392 -0.00799245
2.125 0.00356935 0.00108776 -0.0050227
2.12917 0.00199561 0.000474872 -0.000956968
2.13333 -5.55326e-05 -1.38296e-05 0.00359499
2.1375 -0.00226613 -0.000309075 0.00786841
2.14167 -0.00425646 -0.000373765 0.0110981
2.14583 -0.0056626 -0.000207122 0.0126684
2.15 -0.0062076 0.000158776 0.0122294
2.15417 -0.00575348 0.000669243 0.00976205
2.15833 -0.00432682 0.00126093 0.00558369
2.1625 -0.00211566 0.00187503 0.000298058
2.16667 0.000559026 0.00246543 -0.00529328
2.17083 0.00328881 0.00299951 -0.0102974
2.175 0.0056309 0.0034519 -0.0138433
2.17917 0.00716494 0.00379491 -0.0152069
2.18333 0.00755647 0.00399091 -0.0139552
2.1875 0.00662993 0.00399195 -0.0100972
2.19167 0.00444105 0.00374913 -0.00418617
2.19583 0.00131949 0.00322947 0.00270199
2.2 -0.00215662 0.00243327 0.00916678
2.20417 -0.0052748 0.00140288 0.0138312
2.20833 -0.00737098 0.000216175 0.0157259
2.2125 -0.0080174 -0.00103462 0.0145543
2.21667 -0.00713862 -0.0022701 0.0107319
2.22083 -0.00500824 -0.00344315 0.00520216
2.225 -0.00213786 -0.00453945 -0.000863095
2.22917 0.00087983 -0.00555726 -0.00633731
2.23333 0.00350294 -0.00647664 -0.0103067
2.2375 0.00531226 -0.00723544 -0.0121471
2.24167 0.00603826 -0.00772742 -0.0115793
2.24583 0.00558256 -0.0078269 -0.00874602
2.25 0.00405291 -0.00743028 -0.004268
2.25417 0.00178738 -0.00649599 0.000814189
2.25833 -0.000681804 -0.00506557 0.00527333
2.2625 -0.00275211 -0.00325854 0.00805383
2.26667 -0.00393159 -0.00124687 0.00860269
2.27083 -0.00399646 0.000777605 0.00701135
2.275 -0.00304607 0.00263018 0.00390782
2.27917 -0.00143209 0.00414984 0.000180829
2.28333 0.000389329 0.00520917 -0.00330306
2.2875 0.0019985 0.00572473 -0.00586519
2.29167 0.00308687 0.00567101 -0.00705414
2.29583 0.00346669 0.00509352 -0.00664221
2.3 0.0030623 0.00411075 -0.00466099
2.30417 0.00192396 0.00289682 -0.00147147
2.30833 0.000259216 0.00164523 0.00222083
2.3125 -0.00156479 0.000525605 0.00549504
2.31667 -0.00309152 -0.000349218 0.00748517
2.32083 -0.00391207 -0.000932307 0.00767677
2.325 -0.00380909 -0.00122771 0.00607965
2.32917 -0.00283311 -0.00126496 0.00319591
2.33333 -0.00127471 -0.00108157 -0.000178329
2.3375 0.000443972 -0.000724022 -0.0032026
2.34167 0.00189947 -0.000260825 -0.0051932
2.34583 0.00276902 0.000211519 -0.00574758
2.35 0.00289011 0.000586657 -0.00481569
2.35417 0.00228796 0.000788872 -0.0027292
2.35833 0.00117564 0.000811706 -0.000152062
2.3625 -8.8139e-05 0.000723104 0.0020944
2.36667 -0.00109856 0.000623634 0.00331444
2.37083 -0.00154433 0.000578947 0.00321497
2.375 -0.0013284 0.00057339 0.00202416
2.37917 -0.000602217 0.000524419 0.000371532
2.38333 0.00031205 0.000355874 -0.00100834
2.3875 0.00106963 7.95645e-05 -0.00158108
2.39167 0.00144 -0.000181838 -0.00117387
2.39583 0.00136915 -0.00026187 4.40574e-05
2.4 0.000962785 -7.06217e-05 0.001683
2.40417 0.000432277 0.000318001 0.00325717
2.40833 4.25101e-05 0.000686043 0.00428517
2.4125 6.07331e-05 0.000798483 0.00441307
2.41667 0.000680023 0.000554404 0.0035881
2.42083 0.00191603 5.29809e-05 0.00220839
2.425 0.00353311 -0.000477229 0.00109638
2.42917 0.0050828 -0.000834773 0.00120121
2.43333 0.00608715 -0.000969727 0.00312194
2.4375 0.00629299 -0.000983749 0.00671984
2.44167 0.00584427 -0.00101466 0.0110906
2.44583 0.00524558 -0.00110917 0.0149608
2.45 0.0051171 -0.00119493 0.0172929
2.45417 0.00588075 -0.00117345 0.0177484
2.45833 0.00756095 -0.00104504 0.0167621
2.4625 0.00979771 -0.000943102 0.0152516
2.46667 0.0120251 -0.00103368 0.0141942
2.47083 0.0136805 -0.00136079 0.0143097
2.475 0.0143376 -0.00177778 0.01592
2.47917 0.0137589 -0.00203878 0.0188977
2.48333 0.0119288 -0.00198517 0.0226157
2.4875 0.00910259 -0.00167079 0.0259442
2.49167 0.00582089 -0.00131415 0.0274452
2.49583 0.00279663 -0.00111209 0.02584
2.5 0.00065118 -0.00107123 0.020595
2.50417 -0.000390172 -0.00100059 0.0122932
2.50833 -0.000653422 -0.0006708 0.00250798
2.5125 -0.000893723 -2.96181e-06 -0.00681059
2.51667 -0.0019413 0.000869432 -0.0141179
2.52083 -0.0043138 0.0017058 -0.0188055
2.525 -0.00800714 0.00232771 -0.0212518
2.52917 -0.0125461 0.00270707 -0.0224768
2.53333 -0.0172115 0.00291776 -0.0236762
2.5375 -0.0212876 0.0030224 -0.0258662
2.54167 -0.0242301 0.00301044 -0.0296842
2.54583 -0.0257517 0.00283333 -0.0352646
2.55 -0.0258753 0.00248022 -0.0421483
2.55417 -0.0249618 0.0020069 -0.0493017
2.55833 -0.0236614 0.00149388 -0.0553623
2.5625 -0.0227368 0.000987866 -0.0591032
2.56667 -0.0227858 0.000490198 -0.0599248
2.57083 -0.0239814 -6.59809e-06 -0.058104
2.575 -0.0259631 -0.0004871 -0.0546455
2.57917 -0.0279386 -0.000922852 -0.0508095
2.58333 -0.0289467 -0.00129893 -0.0475576
2.5875 -0.0281581 -0.00160802 -0.0451657
2.59167 -0.0251043 -0.00181158 -0.0431292
2.59583 -0.0197713 -0.00182864 -0.0403402
2.6 -0.0125558 -0.00159902 -0.0354383
2.60417 -0.00412153 -0.00117647 -0.0272218
2.60833 0.00478471 -0.000743042 -0.0150184
2.6125 0.0134932 -0.000492103 0.00107191
2.61667 0.0215023 -0.000467314 0.0201166
2.62083 0.0284971 -0.000517792 0.0404802
2.625 0.0343254 -0.000434829 0.0601101
2.62917 0.0389561 -0.000151364 0.0769212
2.63333 0.0424185 0.000193533 0.0892119
2.6375 0.044707 0.000395846 0.0960146
2.64167 0.0456806 0.000391354 0.0972542
2.64583 0.0450321 0.000310737 0.093627
2.65 0.0423932 0.000328495 0.0862349
2.65417 0.0375503 0.00047041 0.0761674
2.65833 0.0306377 0.00058782 0.0642538
2.6625 0.0221744 0.000521864 0.051073
2.66667 0.0129264 0.000272767 0.0371034
2.67083 0.00371015 -8.11514e-06 0.0228236
2.675 -0.00473024 -0.000179124 0.00869178
2.67917 -0.0117512 -0.000229212 -0.00488474
2.68333 -0.0168376 -0.000231061 -0.0174613
2.6875 -0.0197068 -0.000211607 -0.0283905
2.69167 -0.0204327 -0.000121756 -0.0367892
2.69583 -0.0194522 5.38489e-05 -0.0417848
2.7 -0.0173914 0.0002058 -0.0429241
2.70417 -0.0148217 0.000181048 -0.0404363
2.70833 -0.012128 -3.25985e-05 -0.0351452
2.7125 -0.00955675 -0.000250479 -0.0281405
2.71667 -0.00732866 -0.000270087 -0.0205054
2.72083 -0.00565741 -0.000102076 -0.0132627
2.725 -0.00465625 2.67369e-05 -0.0074109
2.72917 -0.00427053 -6.96012e-05 -0.0038188
2.73333 -0.00435469 -0.000306813 -0.00295442
2.7375 -0.00483807 -0.000411718 -0.00468862
2.74167 -0.00580569 -0.0002402 -0.00840505
2.74583 -0.00740635 3.87704e-05 -0.0133577
2.75 -0.00969164 0.000126146 -0.0189768
2.75417 -0.0125561 -5.74862e-05 -0.0249084
2.75833 -0.0158131 -0.000269257 -0.0308776
2.7625 -0.0192735 -0.000220557 -0.036613
2.76667 -0.0227093 8.85485e-05 -0.0419185
2.77083 -0.0257548 0.000373162 -0.0467305
2.775 -0.0279078 0.000396205 -0.0509984
2.77917 -0.0286927 0.000224962 -0.0544665
2.78333 -0.0278525 0.000109131 -0.0566017
2.7875 -0.0254082 0.000151785 -0.0567646
2.79167 -0.0215787 0.000195904 -0.054463
2.79583 -0.0167041 6.18731e-05 -0.0494675
2.8 -0.0112501 -0.000185346 -0.0417991
2.80417 -0.0057928 -0.000297563 -0.0317708
2.80833 -0.000851111 -0.0001583 -0.0201301
2.8125 0.00337163 6.26571e-05 -0.00807393
2.81667 0.00710043 0.000124425 0.00309616
2.82083 0.010809 2.17498e-05 0.012547
2.825 0.0148908 -2.15635e-05 0.020272
2.82917 0.0194695 0.000135016 0.0269388
2.83333 0.024455 0.000350022 0.0334112
2.8375 0.0296746 0.000390016 0.040382
2.84167 0.034881 0.00026085 0.0482966
2.84583 0.0396786 0.000228415 0.0573449
2.85 0.0435835 0.000481228 0.0672881
2.85417 0.0462724 0.000873125 0.0772718
2.85833 0.04779 0.00109408 0.0859897
2.8625 0.0484607 0.00105315 0.0922538
2.86667 0.0485611 0.000969921 0.0955248
2.87083 0.0480756 0.00105567 0.0959326
2.875 0.0467406 0.00121482 0.093836
2.87917 0.0442399 0.00116738 0.0894227
2.88333 0.0402854 0.000820551 0.0826915
2.8875 0.0345542 0.000382706 0.0736355
2.89167 0.0267055 7.49479e-05 0.0622571
2.89583 0.0166037 -0.000147722 0.0484065
2.9 0.00455998 -0.000480145 0.0317909
2.90417 -0.00867681 -0.000940418 0.0123291
2.90833 -0.0221767 -0.00131744 -0.00945177
2.9125 -0.0350555 -0.00146882 -0.0323873
2.91667 -0.0465075 -0.00151604 -0.054993
2.92083 -0.0557895 -0.00162329 -0.0757335
2.925 -0.0623547 -0.00168289 -0.0930483
2.92917 -0.0660375 -0.00142132 -0.105395
2.93333 -0.0670005 -0.000838069 -0.111582
2.9375 -0.0654139 -0.000331759 -0.11117
2.94167 -0.0612237 -0.000234817 -0.104478
2.94583 -0.0543101 -0.000347325 -0.0921296
2.95 -0.0448449 -0.000176869 -0.0747171
2.95417 -0.0333825 0.000347851 -0.0529784
2.95833 -0.020585 0.000669661 -0.0281978
2.9625 -0.00701162 0.000292066 -0.00216202
2.96667 0.0066744 -0.000498552 0.0233894
2.97083 0.0193606 -0.000913261 0.0471316
2.975 0.0296015 -0.000674026 0.067846
2.97917 0.0362627 -0.000409887 0.083911
2.98333 0.0390327 -0.000810101 0.093473
2.9875 0.0382368 -0.00160474 0.095342
2.99167 0.0342611 -0.00179806 0.0896379
2.99583 0.0273974 -0.000955404 0.0774393
