0 0 0 0
0.00416667 0 0 0
0.00833333 0 0 0
0.0125 0 0 0
0.0166667 0 0 0
0.0208333 0 0 0
0.025 0 0 0
0.0291667 0 0 0
0.0333333 0 0 0
0.0375 0 0 0
0.0416667 0 0 0
0.0458333 0 0 0
0.05 0 0 0
0.0541667 0 0 0
0.0583333 0 0 0
0.0625 0 0 0
0.0666667 0 0 0
0.0708333 0 0 0
0.075 0 0 0
0.0791667 0 0 0
0.0833333 0 0 0
0.0875 0 0 0
0.0916667 0 0 0
0.0958333 0 0 0
0.1 0 0 0
0.104167 0 0 0
0.108333 0 0 0
0.1125 0 0 0
0.116667 0 0 0
0.120833 0 0 0
0.125 0 0 0
0.129167 0 0 0
0.133333 0 0 0
0.1375 0 0 0
0.141667 0 0 0
0.145833 0 0 0
0.15 0 0 0
0.154167 0 0 0
0.158333 0 0 0
0.1625 0 0 0
0.166667 0 0 0
0.170833 0 0 0
0.175 0 0 0
0.179167 0 0 0
0.183333 0 0 0
0.1875 0 0 0
0.191667 -2.94463e-321 4.49254e-320 6.03748e-320
0.195833 -1.03783e-316 1.48626e-315 1.99842e-315
0.2 -2.78812e-312 3.90719e-311 5.25315e-311
0.204167 -6.01417e-308 8.25097e-307 1.10924e-306
0.208333 -1.0509e-303 1.41205e-302 1.89818e-302
0.2125 -1.49996e-299 1.97473e-298 2.65437e-298
0.216667 -1.7625e-295 2.27439e-294 3.05694e-294
0.220833 -1.71755e-291 2.17328e-290 2.92083e-290
0.225 -1.39778e-287 1.7349e-286 2.3315e-286
0.229167 -9.56254e-284 1.16462e-282 1.56501e-282
0.233333 -5.53358e-280 6.61518e-279 8.88887e-279
0.2375 -2.72452e-276 3.19807e-275 4.29701e-275
0.241667 -1.14772e-272 1.32322e-271 1.77781e-271
0.245833 -4.15852e-269 4.71045e-268 6.32832e-268
0.25 -1.30247e-265 1.44992e-264 1.9478e-264
0.254167 -3.54312e-262 3.87737e-261 5.20852e-261
0.258333 -8.40929e-259 9.049e-258 1.2155e-257
0.2625 -1.74886e-255 1.85097e-254 2.48617e-254
0.266667 -3.19999e-252 3.332e-251 4.47524e-251
0.270833 -5.17173e-249 5.29921e-248 7.11708e-248
0.275 -7.41025e-246 7.47357e-245 1.00369e-244
0.279167 -9.44672e-243 9.37984e-242 1.25965e-241
0.283333 -1.07511e-239 1.0512e-238 1.41162e-238
0.2875 -1.09587e-236 1.05535e-235 1.41715e-235
0.291667 -1.00356e-233 9.52086e-233 1.27844e-232
0.295833 -8.28115e-231 7.74124e-230 1.03944e-229
0.3 -6.17503e-228 5.68891e-227 7.63842e-227
0.304167 -4.17224e-225 3.78888e-224 5.08713e-224
0.308333 -2.56103e-222 2.29292e-221 3.07849e-221
0.3125 -1.43173e-219 1.26399e-218 1.697e-218
0.316667 -7.30725e-217 6.36241e-216 8.5418e-216
0.320833 -3.41266e-214 2.93102e-213 3.93493e-213
0.325 -1.46165e-211 1.2385e-210 1.66267e-210
0.329167 -5.75343e-209 4.81037e-208 6.45775e-208
0.333333 -2.08563e-206 1.72089e-205 2.3102e-205
0.3375 -6.97634e-204 5.68168e-203 7.62723e-203
0.341667 -2.15738e-201 1.73448e-200 2.32838e-200
0.345833 -6.1791e-199 4.90485e-198 6.58426e-198
0.35 -1.64207e-196 1.28709e-195 1.72777e-195
0.354167 -4.05565e-194 3.13946e-193 4.21435e-193
0.358333 -9.32493e-192 7.12975e-191 9.57082e-191
0.3625 -1.9991e-189 1.50991e-188 2.02688e-188
0.366667 -4.0021e-187 2.98642e-186 4.00891e-186
0.370833 -7.49286e-185 5.52469e-184 7.41626e-184
0.375 -1.31381e-182 9.57284e-182 1.28505e-181
0.379167 -2.16041e-180 1.55577e-179 2.08848e-179
0.383333 -3.33612e-178 2.37466e-177 3.18778e-177
0.3875 -4.84401e-176 3.40848e-175 4.57567e-175
0.391667 -6.62166e-174 4.60647e-173 6.18397e-173
0.395833 -8.532e-172 5.86871e-171 7.8786e-171
0.4 -1.03744e-169 7.05651e-169 9.47339e-169
0.404167 -1.19178e-167 8.01678e-167 1.07628e-166
0.408333 -1.29485e-165 8.61483e-165 1.1566e-164
0.4125 -1.33198e-163 8.76576e-163 1.17689e-162
0.416667 -1.29861e-161 8.45423e-161 1.13509e-160
0.420833 -1.20113e-159 7.73626e-159 1.03873e-158
0.425 -1.05501e-157 6.72327e-157 9.02745e-157
0.429167 -8.80812e-156 5.55428e-155 7.45809e-155
0.433333 -6.99625e-154 4.36584e-153 5.86251e-153
0.4375 -5.29158e-152 3.26801e-151 4.3885e-151
0.441667 -3.81433e-150 2.33156e-149 3.1311e-149
0.445833 -2.62255e-148 1.58678e-147 2.13101e-147
0.45 -1.72129e-146 1.03097e-145 1.38464e-145
0.454167 -1.07932e-144 6.39996e-144 8.5958e-144
0.458333 -6.47063e-143 3.79872e-142 5.10233e-142
0.4625 -3.71162e-141 2.1575e-140 2.89804e-140
0.466667 -2.03852e-139 1.17336e-138 1.57619e-138
0.470833 -1.07277e-137 6.11481e-137 8.21456e-137
0.475 -5.41299e-136 3.05563e-135 4.10514e-135
0.479167 -2.62056e-134 1.46513e-133 1.96847e-133
0.483333 -1.21803e-132 6.74507e-132 9.0629e-132
0.4875 -5.43882e-131 2.98337e-130 4.00882e-130
0.491667 -2.33453e-129 1.26854e-128 1.70468e-128
0.495833 -9.63835e-128 5.18843e-127 6.97276e-127
0.5 -3.82972e-126 2.04247e-125 2.74508e-125
0.504167 -1.46535e-124 7.74299e-124 1.04074e-123
0.508333 -5.40208e-123 2.82836e-122 3.8019e-122
0.5125 -1.91984e-121 9.96021e-121 1.33896e-120
0.516667 -6.5808e-120 3.38327e-119 4.54854e-119
0.520833 -2.17684e-118 1.10908e-117 1.49119e-117
0.525 -6.95223e-117 3.51044e-116 4.7203e-116
0.529167 -2.14479e-115 1.07336e-114 1.44341e-114
0.533333 -6.39458e-114 3.17189e-113 4.26584e-113
0.5375 -1.84336e-112 9.06324e-112 1.21902e-111
0.541667 -5.14015e-111 2.50517e-110 3.3698e-110
0.545833 -1.38708e-109 6.70147e-109 9.01529e-109
0.55 -3.62385e-108 1.73568e-107 2.33519e-107
0.554167 -9.16998e-107 4.35428e-106 5.85887e-106
0.558333 -2.2484e-105 1.0585e-104 1.4244e-104
0.5625 -5.34395e-104 2.4944e-103 3.35703e-103
0.566667 -1.23169e-102 5.70049e-102 7.67269e-102
0.570833 -2.75397e-101 1.26385e-100 1.70129e-100
0.575 -5.97583e-100 2.71942e-99 3.66107e-99
0.579167 -1.25886e-98 5.68086e-98 7.64885e-98
0.583333 -2.57543e-97 1.15256e-96 1.55202e-96
0.5875 -5.11881e-96 2.27183e-95 3.05958e-95
0.591667 -9.88742e-95 4.35211e-94 5.86189e-94
0.595833 -1.85668e-93 8.10547e-93 1.09187e-92
0.6 -3.39055e-92 1.46809e-91 1.97788e-91
0.604167 -6.02313e-91 2.5868e-90 3.48549e-90
0.608333 -1.04119e-89 4.43548e-89 5.97723e-89
0.6125 -1.75196e-88 7.40322e-88 9.97786e-88
0.616667 -2.87035e-87 1.20318e-86 1.62184e-86
0.620833 -4.58024e-86 1.90458e-85 2.56764e-85
0.625 -7.12046e-85 2.93728e-84 3.96043e-84
0.629167 -1.07874e-83 4.41463e-83 5.95322e-83
0.633333 -1.59305e-82 6.46788e-82 8.72332e-82
0.6375 -2.29385e-81 9.23982e-81 1.24637e-80
0.641667 -3.22134e-80 1.2874e-79 1.73685e-79
0.645833 -4.4132e-79 1.74993e-78 2.36121e-78
0.65 -5.89963e-78 2.3211e-77 3.13238e-77
0.654167 -7.69764e-77 3.00497e-76 4.0559e-76
0.658333 -9.80515e-76 3.79805e-75 5.12716e-75
0.6625 -1.2196e-74 4.68769e-74 6.32913e-74
0.666667 -1.48165e-73 5.65111e-73 7.63113e-73
0.670833 -1.75848e-72 6.65551e-72 8.98891e-72
0.675 -2.03933e-71 7.65944e-71 1.03465e-70
0.679167 -2.31147e-70 8.61537e-70 1.16398e-69
0.683333 -2.56114e-69 9.47334e-69 1.28011e-68
0.6875 -2.77466e-68 1.01853e-67 1.37655e-67
0.691667 -2.93971e-67 1.07096e-66 1.44765e-66
0.695833 -3.04653e-66 1.1015e-65 1.4892e-65
0.7 -3.08883e-65 1.10839e-64 1.49878e-64
0.704167 -3.06445e-64 1.09139e-63 1.47606e-63
0.708333 -2.97552e-63 1.05178e-62 1.42274e-62
0.7125 -2.82814e-62 9.92213e-62 1.34242e-61
0.716667 -2.63176e-61 9.1643e-61 1.24012e-60
0.720833 -2.39812e-60 8.28861e-60 1.12183e-59
0.725 -2.14018e-59 7.34218e-59 9.93919e-59
0.729167 -1.87093e-58 6.3709e-58 8.626e-58
0.733333 -1.60235e-57 5.416e-57 7.33451e-57
0.7375 -1.3447e-56 4.51157e-56 6.11089e-56
0.741667 -1.10592e-55 3.68311e-55 4.98972e-55
0.745833 -8.91503e-55 2.94718e-54 3.99349e-54
0.75 -7.04504e-54 2.31188e-53 3.13327e-53
0.754167 -5.45844e-53 1.77809e-52 2.41031e-52
0.758333 -4.14707e-52 1.34101e-51 1.8182e-51
0.7625 -3.09002e-51 9.91893e-51 1.34512e-50
0.766667 -2.25832e-50 7.19624e-50 9.76091e-50
0.770833 -1.6191e-49 5.1217e-49 6.94845e-49
0.775 -1.13889e-48 3.57639e-48 4.85298e-48
0.779167 -7.86071e-48 2.45048e-47 3.32588e-47
0.783333 -5.32439e-47 1.64775e-46 2.23684e-46
0.7875 -3.53963e-46 1.08745e-45 1.47655e-45
0.791667 -2.3098e-45 7.04471e-45 9.56737e-45
0.795833 -1.4797e-44 4.48021e-44 6.08584e-44
0.8 -9.30678e-44 2.79746e-43 3.80083e-43
0.804167 -5.74779e-43 1.71517e-42 2.33085e-42
0.808333 -3.48598e-42 1.0327e-41 1.4037e-41
0.8125 -2.07642e-41 6.10672e-41 8.30239e-41
0.816667 -1.21483e-40 3.54693e-40 4.82328e-40
0.820833 -6.98182e-40 2.02373e-39 2.75255e-39
0.825 -3.94199e-39 1.13434e-38 1.5432e-38
0.829167 -2.18674e-38 6.24701e-38 8.50051e-38
0.833333 -1.19193e-37 3.38043e-37 4.60087e-37
0.8375 -6.38437e-37 1.79756e-36 2.44707e-36
0.841667 -3.36071e-36 9.39383e-36 1.27909e-35
0.845833 -1.73871e-35 4.82485e-35 6.57106e-35
0.85 -8.84187e-35 2.4358e-34 3.31809e-34
0.854167 -4.41989e-34 1.20879e-33 1.64699e-33
0.858333 -2.17202e-33 5.89712e-33 8.03666e-33
0.8625 -1.04937e-32 2.82841e-32 3.85544e-32
0.866667 -4.98473e-32 1.3338e-31 1.8185e-31
0.870833 -2.32824e-31 6.18453e-31 8.43383e-31
0.875 -1.06934e-30 2.81984e-30 3.84623e-30
0.879167 -4.82988e-30 1.26435e-29 1.72493e-29
0.883333 -2.1454e-29 5.57521e-29 7.60775e-29
0.8875 -9.37264e-29 2.41786e-28 3.30002e-28
0.891667 -4.02734e-28 1.03133e-27 1.40791e-27
0.895833 -1.70216e-27 4.32701e-27 5.90818e-27
0.9 -7.07665e-27 1.78574e-26 2.43878e-26
0.904167 -2.89416e-26 7.24952e-26 9.90264e-26
0.908333 -1.16441e-25 2.89522e-25 3.95557e-25
0.9125 -4.60881e-25 1.1375e-24 1.5544e-24
0.916667 -1.79471e-24 4.39675e-24 6.00937e-24
0.920833 -6.87599e-24 1.67203e-23 2.28572e-23
0.925 -2.59195e-23 6.25601e-23 8.55375e-23
0.929167 -9.61348e-23 2.30307e-22 3.14952e-22
0.933333 -3.50841e-22 8.34223e-22 1.14103e-21
0.9375 -1.25987e-21 2.97327e-21 4.06747e-21
0.941667 -4.4518e-21 1.04273e-20 1.42671e-20
0.945833 -1.54792e-20 3.59836e-20 4.92421e-20
0.95 -5.2963e-20 1.2219e-19 1.67238e-19
0.954167 -1.78325e-19 4.08293e-19 5.58903e-19
0.958333 -5.90839e-19 1.3425e-18 1.83799e-18
0.9625 -1.92641e-18 4.3438e-18 5.94778e-18
0.966667 -6.18091e-18 1.38304e-17 1.89398e-17
0.970833 -1.95154e-17 4.33319e-17 5.93473e-17
0.975 -6.06352e-17 1.33595e-16 1.82991e-16
0.979167 -1.85391e-16 4.05297e-16 5.55212e-16
0.983333 -5.57783e-16 1.20992e-15 1.6576e-15
0.9875 -1.65138e-15 3.55409e-15 4.86954e-15
0.991667 -4.81091e-15 1.02726e-14 1.40757e-14
0.995833 -1.37909e-14 2.92149e-14 4.0033e-14
1 -3.88987e-14 8.17492e-14 1.12026e-13
1.00417 -1.07954e-13 2.25064e-13 3.08428e-13
1.00833 -2.94771e-13 6.09611e-13 8.35425e-13
1.0125 -7.91877e-13 1.62445e-12 2.22618e-12
1.01667 -2.09284e-12 4.25837e-12 5.83568e-12
1.02083 -5.44126e-12 1.0981e-11 1.50479e-11
1.025 -1.39162e-11 2.78532e-11 3.81668e-11
1.02917 -3.50083e-11 6.94886e-11 9.52123e-11
1.03333 -8.66208e-11 1.70501e-10 2.33596e-10
1.0375 -2.10785e-10 4.11414e-10 5.63595e-10
1.04167 -5.04415e-10 9.76188e-10 1.33709e-09
1.04583 -1.18693e-09 2.27745e-09 3.11891e-09
1.05 -2.74608e-09 5.22374e-09 7.15238e-09
1.05417 -6.246e-09 1.17783e-08 1.61233e-08
1.05833 -1.3965e-08 2.61036e-08 3.5724e-08
1.0625 -3.06886e-08 5.68562e-08 7.77877e-08
1.06667 -6.62752e-08 1.2169e-07 1.66435e-07
1.07083 -1.40637e-07 2.55897e-07 3.49862e-07
1.075 -2.93192e-07 5.28614e-07 7.22422e-07
1.07917 -6.00393e-07 1.0725e-06 1.46504e-06
1.08333 -1.20745e-06 2.13677e-06 2.91737e-06
1.0875 -2.38433e-06 4.17955e-06 5.70323e-06
1.09167 -4.62202e-06 8.02448e-06 1.09431e-05
1.09583 -8.79354e-06 1.51186e-05 2.06035e-05
1.1 -1.64154e-05 2.79449e-05 3.80543e-05
1.10417 -3.00589e-05 5.06595e-05 6.89294e-05
1.10833 -5.39758e-05 9.00435e-05 0.000122406
1.1125 -9.50133e-05 0.000156865 0.000213031
1.11667 -0.000163897 0.000267746 0.000363214
1.12083 -0.000276943 0.000447568 0.000606422
1.125 -0.000458193 0.000732385 0.000991009
1.12917 -0.000741885 0.00117259 0.00158433
1.13333 -0.00117496 0.00183583 0.00247644
1.1375 -0.00181904 0.00280885 0.00378218
1.14167 -0.0027511 0.00419688 0.00563991
1.14583 -0.00406147 0.006119 0.00820458
1.15 -0.00584784 0.00869746 0.0116327
1.15417 -0.00820366 0.0120394 0.016057
1.15833 -0.0111999 0.0162098 0.0215497
1.1625 -0.0148599 0.0211971 0.0280763
1.16667 -0.0191292 0.026874 0.0354437
1.17083 -0.0238439 0.0329611 0.0432532
1.175 -0.0287049 0.0390016 0.0508713
1.17917 -0.0332661 0.0443616 0.057434
1.18333 -0.0369485 0.0482655 0.061901
1.1875 -0.0390857 0.0498753 0.0631686
1.19167 -0.039008 0.048414 0.0602391
1.19583 -0.0361566 0.0433189 0.0524277
1.2 -0.0302142 0.0343996 0.0395704
1.20417 -0.0212247 0.0219619 0.0221789
1.20833 -0.0096687 0.00685774 0.00149149
1.2125 0.00353746 -0.00957285 -0.0206244
1.21667 0.0171368 -0.0256771 -0.0419242
1.22083 0.0297182 -0.0397602 -0.0601588
1.225 0.0399617 -0.0503951 -0.0734873
1.22917 0.0468847 -0.0566914 -0.0808206
1.23333 0.0500217 -0.0584444 -0.0819942
1.2375 0.0494814 -0.0561141 -0.0777117
1.24167 0.0458613 -0.0506413 -0.0692775
1.24583 0.0400482 -0.0431652 -0.0582187
1.25 0.0329825 -0.0347553 -0.0459463
1.25417 0.0254781 -0.0262644 -0.0335936
1.25833 0.0181725 -0.0183603 -0.022091
1.2625 0.0116185 -0.0117047 -0.0124134
1.26667 0.00645109 -0.00715649 -0.00582395
1.27083 0.00350853 -0.00584293 -0.00390467
1.275 0.00378726 -0.00898105 -0.00824369
1.27917 0.00818115 -0.0174553 -0.0198234
1.28333 0.017074 -0.0313036 -0.0383511
1.2875 0.0299628 -0.0493617 -0.0618792
1.29167 0.0453237 -0.0692952 -0.0869959
1.29583 0.0608537 -0.0880943 -0.109628
1.3 0.0740518 -0.102877 -0.126177
1.30417 0.0829179 -0.111665 -0.134499
1.30833 0.0864535 -0.113763 -0.134247
1.3125 0.0847155 -0.109559 -0.126395
1.31667 0.0783944 -0.0998425 -0.112197
1.32083 0.0681459 -0.085045 -0.0921703
1.325 0.0540647 -0.0648501 -0.0657253
1.32917 0.0356315 -0.0384493 -0.0317085
1.33333 0.012202 -0.00534306 0.0103967
1.3375 -0.016217 0.0337544 0.0593021
1.34167 -0.0483553 0.0764398 0.111491
1.34583 -0.0816098 0.118882 0.161834
1.35 -0.112592 0.156709 0.204941
1.35417 -0.138007 0.186054 0.236502
1.35833 -0.155396 0.204253 0.253963
1.3625 -0.163416 0.20994 0.25634
1.36667 -0.16163 0.202746 0.243596
1.37083 -0.150156 0.182998 0.216246
1.375 -0.129523 0.151771 0.175572
1.37917 -0.100887 0.111223 0.124233
1.38333 -0.0663626 0.0648239 0.0666057
1.3875 -0.0290762 0.0170594 0.00830569
1.39167 0.0073168 -0.0274502 -0.045082
1.39583 0.0394809 -0.0649991 -0.0893445
1.4 0.0651285 -0.0933957 -0.122215
1.40417 0.0831761 -0.11178 -0.142872
1.40833 0.0932963 -0.119918 -0.150925
1.4125 0.0953204 -0.117649 -0.145887
1.41667 0.0890855 -0.105063 -0.127765
1.42083 0.0749562 -0.0833551 -0.0984023
1.425 0.0546245 -0.0555982 -0.0623762
1.42917 0.0314216 -0.0266012 -0.0263454
1.43333 0.00961372 -0.00155285 0.00317194
1.4375 -0.00710592 0.0158873 0.0223598
1.44167 -0.0170415 0.0248665 0.0313272
1.44583 -0.0208882 0.0271336 0.0331544
1.45 -0.0208268 0.0255085 0.0314622
1.45417 -0.0189677 0.0221091 0.0282453
1.45833 -0.0162392 0.017537 0.0234231
1.4625 -0.0124212 0.0114232 0.0161523
1.46667 -0.00710316 0.00367203 0.00658047
1.47083 -0.000652567 -0.00473659 -0.00349738
1.475 0.00563502 -0.0120374 -0.0115487
1.47917 0.0102642 -0.0167295 -0.0158633
1.48333 0.0124503 -0.0184269 -0.016373
1.4875 0.0124226 -0.0178147 -0.0141421
1.49167 0.0109528 -0.0158842 -0.0102226
1.49583 0.0086635 -0.0132534 -0.00509465
1.5 0.00581972 -0.0102023 0.000807868
1.50417 0.00273759 -0.00724758 0.00621826
1.50833 0.000248404 -0.00546629 0.00903075
1.5125 -0.000465554 -0.00599156 0.00757295
1.51667 0.0012779 -0.00897567 0.00218273
1.52083 0.00484169 -0.012994 -0.00445148
1.525 0.00834163 -0.0156306 -0.00880587
1.52917 0.00975578 -0.0149748 -0.00885814
1.53333 0.00826781 -0.0108836 -0.00536787
1.5375 0.00475278 -0.00497714 -0.00104518
1.54167 0.00100402 0.000623473 0.00164915
1.54583 -0.00163001 0.00474737 0.00219066
1.55 -0.00305514 0.00764525 0.00184212
1.55417 -0.0040918 0.0102331 0.00204696
1.55833 -0.00543687 0.0129439 0.00298507
1.5625 -0.0069474 0.01528 0.00358159
1.56667 -0.00786733 0.016411 0.00278366
1.57083 -0.00768777 0.0161652 0.000764495
1.575 -0.0067719 0.0154475 -0.00107778
1.57917 -0.00616837 0.0157013 -0.00123782
1.58333 -0.0068214 0.0178963 0.000723883
1.5875 -0.00888518 0.0218783 0.00388993
1.59167 -0.0116624 0.0265297 0.00662702
1.59583 -0.0141088 0.0305295 0.00753748
1.6 -0.0154661 0.0331442 0.00615334
1.60417 -0.0156474 0.034587 0.00320344
1.60833 -0.0152625 0.0357937 0.000428561
1.6125 -0.0153065 0.0377192 -0.000181947
1.61667 -0.0165597 0.0404652 0.00233246
1.62083 -0.0188947 0.0427405 0.00682449
1.625 -0.0209606 0.0421786 0.0102664
1.62917 -0.0207233 0.0366062 0.00968013
1.63333 -0.0167782 0.0255712 0.00458347
1.6375 -0.00954458 0.010954 -0.00218455
1.64167 -0.00124169 -0.00404763 -0.00639748
1.64583 0.00560344 -0.0169807 -0.00583986
1.65 0.010027 -0.0276303 -0.00225347
1.65417 0.0132576 -0.0376345 7.6086e-05
1.65833 0.0174433 -0.0484768 -0.00198684
1.6625 0.0235253 -0.0595925 -0.00771459
1.66667 0.0301519 -0.0682862 -0.0132131
1.67083 0.0346216 -0.0715589 -0.0148132
1.675 0.0349946 -0.0682468 -0.0120131
1.67917 0.0314841 -0.0596761 -0.00744866
1.68333 0.0260072 -0.0484605 -0.00428726
1.6875 0.0205108 -0.0366932 -0.00369218
1.69167 0.0156789 -0.0250831 -0.00448887
1.69583 0.0110107 -0.0134644 -0.00476638
1.7 0.00583947 -0.00183023 -0.00350443
1.70417 0.000148384 0.00915828 -0.000902305
1.70833 -0.00543091 0.0184324 0.0022239
1.7125 -0.0100912 0.0250362 0.00491403
1.71667 -0.0131856 0.0284458 0.00617049
1.72083 -0.0143294 0.0287191 0.00533142
1.725 -0.0135779 0.0266343 0.00287918
1.72917 -0.0116876 0.023607 0.000697624
1.73333 -0.00995903 0.02103 0.000810662
1.7375 -0.00935917 0.0192501 0.00333263
1.74167 -0.00954902 0.0171338 0.00582728
1.74583 -0.00895191 0.0129771 0.00532635
1.75 -0.00617128 0.0062345 0.00139736
1.75417 -0.00154862 -0.00154437 -0.00298473
1.75833 0.00281821 -0.00768683 -0.00411804
1.7625 0.00487137 -0.0105356 -0.00134707
1.76667 0.00450761 -0.0106961 0.0020822
1.77083 0.00358596 -0.0101136 0.00227556
1.775 0.00390928 -0.00992802 -0.00120281
1.77917 0.00526956 -0.00937702 -0.00478411
1.78333 0.00568882 -0.00692654 -0.00463782
1.7875 0.00366454 -0.00239125 -0.000758408
1.79167 8.20953e-06 0.00232316 0.00302365
1.79583 -0.00276907 0.00478241 0.00313138
1.8 -0.00293298 0.00431752 -2.02125e-05
1.80417 -0.00122941 0.00263011 -0.00267103
1.80833 1.30378e-06 0.00204746 -0.00192209
1.8125 -0.000688435 0.00325103 0.00120471
1.81667 -0.00245755 0.00482486 0.00315287
1.82083 -0.00330188 0.00496995 0.00192607
1.825 -0.00233245 0.00340928 -0.000800482
1.82917 -0.000634088 0.00142428 -0.00183478
1.83333 0.000161153 0.000174113 -0.000238619
1.8375 -0.000184294 -0.000595413 0.00170917
1.84167 -0.000358946 -0.00191631 0.00139449
1.84583 0.000732585 -0.00390813 -0.000923409
1.85 0.0024649 -0.00523803 -0.00245031
1.85417 0.00311978 -0.00452114 -0.00132315
1.85833 0.00192141 -0.00199039 0.00104852
1.8625 -4.87789e-06 0.000649306 0.00170477
1.86667 -0.000955327 0.00203875 -0.000136092
1.87083 -0.000639351 0.00241764 -0.00199906
1.875 -0.000361856 0.00281777 -0.00121448
1.87917 -0.00116559 0.003357 0.001594
1.88333 -0.00230678 0.00293798 0.00304647
1.8875 -0.00207882 0.000793951 0.00111975
1.89167 -3.89732e-05 -0.0021174 -0.00218459
1.89583 0.00215837 -0.00373867 -0.00305382
1.9 0.0024741 -0.0029326 -0.000418122
1.90417 0.000765849 -0.000603184 0.00267965
1.90833 -0.00106549 0.00127247 0.00262971
1.9125 -0.00122536 0.00155604 -0.000493515
1.91667 3.95263e-05 0.000819218 -0.00301443
1.92083 0.000885433 0.000461416 -0.00193247
1.925 8.0554e-05 0.00110174 0.00161516
1.92917 -0.00155303 0.00186389 0.00363161
1.93333 -0.00203979 0.00132286 0.00174952
1.9375 -0.000492683 -0.000723785 -0.00209909
1.94167 0.00174223 -0.00259195 -0.00375039
1.94583 0.0023741 -0.00228548 -0.00137635
1.95 0.000661398 9.93158e-05 0.00239998
1.95417 -0.00159705 0.00209092 0.00328202
1.95833 -0.00191759 0.00156647 0.000133933
1.9625 2.8668e-06 -0.000550315 -0.00352549
1.96667 0.00176847 -0.00124045 -0.00340348
1.97083 0.00103925 0.000801302 0.000482612
1.975 -0.00155044 0.00332416 0.0036076
1.97917 -0.00300204 0.00326382 0.00225145
1.98333 -0.0015759 0.000632434 -0.00194461
1.9875 0.00104105 -0.00154084 -0.00393476
1.99167 0.0018211 -0.00103503 -0.00146744
1.99583 8.65921e-05 0.00111388 0.00225028
2 -0.0018894 0.0024578 0.00272789
2.00417 -0.00192662 0.00225399 -0.000284492
2.00833 -0.000496034 0.00169369 -0.00289229
2.0125 0.000311748 0.0017135 -0.00215823
2.01667 -0.000409204 0.00192715 0.000598599
2.02083 -0.00153754 0.00169804 0.00200486
2.025 -0.00163698 0.00109337 0.00076355
2.02917 -0.000608791 0.000455126 -0.00140949
2.03333 0.000510662 -4.04835e-05 -0.00224048
2.0375 0.000744275 -4.91234e-06 -0.0011926
2.04167 -8.44518e-05 0.00103857 0.000487642
2.04583 -0.00130145 0.00254635 0.00115006
2.05 -0.0018184 0.00290632 0.000160314
2.05417 -0.00108209 0.00147021 -0.00145793
2.05833 0.000135143 -8.45641e-05 -0.00188571
2.0625 0.000380563 0.000312762 -0.000569542
2.06667 -0.000692559 0.00223152 0.000852916
2.07083 -0.0017406 0.0032498 0.000505337
2.075 -0.00148359 0.00235525 -0.00112282
2.07917 -0.000479255 0.00122466 -0.00176674
2.08333 -0.00026804 0.00158225 -0.000650073
2.0875 -0.00111231 0.00282229 0.000406434
2.09167 -0.00175235 0.0033351 -0.000159949
2.09583 -0.0014474 0.00297627 -0.00126215
2.1 -0.000991677 0.00273802 -0.00104148
2.10417 -0.00119186 0.00270736 6.91223e-05
2.10833 -0.00147362 0.00201133 0.000144606
2.1125 -0.000919121 0.000581404 -0.000935654
2.11667 0.000127368 -0.000580435 -0.00125128
2.12083 0.000611578 -0.00102271 -6.60396e-05
2.125 0.000451619 -0.00139977 0.000933646
2.12917 0.000521573 -0.00222117 0.000438512
2.13333 0.00118987 -0.00334071 -0.000410255
2.1375 0.00200825 -0.00489599 -3.19449e-05
2.14167 0.00277401 -0.00728911 0.00112531
2.14583 0.00373809 -0.00982599 0.00169317
2.15 0.00469839 -0.0110055 0.00165398
2.15417 0.00510015 -0.0108895 0.00177408
2.15833 0.00522646 -0.0114607 0.00189556
2.1625 0.00597422 -0.0135563 0.00172232
2.16667 0.00711907 -0.0153321 0.0022495
2.17083 0.00734968 -0.0153955 0.00407362
2.175 0.00667681 -0.0154716 0.00520394
2.17917 0.00699489 -0.0174352 0.00355445
2.18333 0.00895505 -0.0193527 0.00115782
2.1875 0.0101114 -0.0179565 0.0021565
2.19167 0.00830681 -0.0142798 0.00609088
2.19583 0.00548665 -0.0127593 0.00744048
2.2 0.00528261 -0.0143873 0.00377127
2.20417 0.00744996 -0.0150135 0.000128126
2.20833 0.00802111 -0.0119216 0.00178697
2.2125 0.00530793 -0.007903 0.00607908
2.21667 0.00232074 -0.0061745 0.00635452
2.22083 0.00186979 -0.00509059 0.00205978
2.225 0.00243686 -0.00168482 -0.000855889
2.22917 0.00120246 0.00266249 0.000719399
2.23333 -0.00141282 0.00483764 0.00308144
2.2375 -0.00316762 0.00611643 0.00233852
2.24167 -0.00407711 0.0102353 -0.000215082
2.24583 -0.00576884 0.0163895 -0.00176828
2.25 -0.00797724 0.0200931 -0.00254237
2.25417 -0.00920149 0.0211676 -0.00355266
2.25833 -0.0101964 0.0245063 -0.00369703
2.2625 -0.0129976 0.0312421 -0.00272023
2.26667 -0.0165026 0.0356245 -0.00361318
2.27083 -0.0171666 0.0341052 -0.00774622
2.275 -0.0149448 0.0315567 -0.010686
2.27917 -0.0142196 0.0333025 -0.00813247
2.28333 -0.0168481 0.0358481 -0.00370718
2.2875 -0.0184546 0.0321766 -0.0044949
2.29167 -0.0148755 0.0230594 -0.00977564
2.29583 -0.00881581 0.0155927 -0.0112899
2.3 -0.00577798 0.0117844 -0.00573081
2.30417 -0.00569432 0.00636553 9.01876e-05
2.30833 -0.00360265 -0.00337884 -0.000388824
2.3125 0.00223445 -0.0129722 -0.00404128
2.31667 0.00793423 -0.0182978 -0.0036691
2.32083 0.0102163 -0.0214284 0.00135596
2.325 0.0105414 -0.0254579 0.00551631
2.32917 0.0115732 -0.0287699 0.00565516
2.33333 0.0131668 -0.028596 0.00383445
2.3375 0.0138146 -0.0261245 0.00287292
2.34167 0.0132422 -0.0236954 0.00345555
2.34583 0.0116312 -0.0202498 0.00510734
2.35 0.00863434 -0.0140481 0.00644287
2.35417 0.00495581 -0.0071873 0.00518288
2.35833 0.00264928 -0.00280777 0.00122673
2.3625 0.00204101 6.14986e-05 -0.0014779
2.36667 0.000652262 0.00428871 0.00016395
2.37083 -0.00282763 0.00906494 0.00299022
2.375 -0.0058738 0.0112392 0.00162221
2.37917 -0.00585658 0.0108052 -0.00306155
2.38333 -0.0041867 0.01026 -0.00492037
2.3875 -0.00381899 0.00965389 -0.00205888
2.39167 -0.00454625 0.00729999 0.000564775
2.39583 -0.00410182 0.00442997 -0.000627213
2.4 -0.0024403 0.00361939 -0.00281671
2.40417 -0.00129945 0.00323267 -0.00253461
2.40833 -0.00058477 -0.000350534 -0.00105683
2.4125 0.000973889 -0.00510883 -0.000640076
2.41667 0.0023382 -0.00518385 -0.000174186
2.42083 0.00152916 -0.00126633 0.00135125
2.425 7.42835e-05 -0.000986396 0.00144791
2.42917 0.00134934 -0.00612409 -0.00108165
2.43333 0.00422001 -0.00819005 -0.00207929
2.4375 0.00369448 -0.00209197 0.00155647
2.44167 -0.000700282 0.0042597 0.00504585
2.44583 -0.0029593 0.0021439 0.00230426
2.45 4.19684e-05 -0.00324998 -0.00327081
2.45417 0.00287919 -0.00108703 -0.00294441
2.45833 4.07268e-05 0.00667843 0.00319372
2.4625 -0.00473562 0.00795807 0.00549365
2.46667 -0.00411515 0.000616705 -4.36225e-05
2.47083 0.000945063 -0.00371619 -0.00509951
2.475 0.00267811 0.00110751 -0.00219123
2.47917 -0.000971953 0.00570835 0.00361901
2.48333 -0.00337152 0.00114573 0.00325731
2.4875 -0.000284214 -0.00620826 -0.00204532
2.49167 0.00358637 -0.00569876 -0.00368012
2.49583 0.00283526 -2.93369e-05 0.000261197
2.5 -0.000112472 0.000250986 0.00306052
2.50417 1.75527e-06 -0.00493518 0.00112215
2.50833 0.00231127 -0.00567564 -0.00109374
2.5125 0.00213362 0.000273313 0.000202237
2.51667 -0.0004932 0.00366348 0.00207489
2.52083 -0.00124678 5.36804e-05 0.00113384
2.525 0.000463336 -0.00247609 -0.000334592
2.52917 0.00050268 0.0024051 0.00080618
2.53333 -0.0023162 0.00792332 0.00236928
2.5375 -0.00374976 0.00545532 0.00089002
2.54167 -0.00139514 -0.000994244 -0.00161795
2.54583 0.00102672 -0.00170274 -0.000843748
2.55 -6.43987e-05 0.00273586 0.00202811
2.55417 -0.00213425 0.0034309 0.00192925
2.55833 -0.00109679 -0.00122094 -0.00142717
2.5625 0.00162832 -0.00344668 -0.00280165
2.56667 0.0016855 -0.000104712 -0.000121874
2.57083 -0.000696328 0.00212602 0.00207963
2.575 -0.00119614 -0.0012221 0.000183791
2.57917 0.00121196 -0.00473125 -0.00277438
2.58333 0.00269364 -0.00276425 -0.00237942
2.5875 0.00111727 0.000903206 0.000176445
2.59167 -0.000617063 -0.000164222 0.000655976
2.59583 0.000340613 -0.0043123 -0.0013016
2.6 0.002342 -0.00522501 -0.00233367
2.60417 0.00246009 -0.00250804 -0.0011538
2.60833 0.00116418 -0.00131267 4.34637e-05
2.6125 0.000824865 -0.00310664 -0.000210854
2.61667 0.00157812 -0.00398847 -0.00068525
2.62083 0.00168006 -0.0021146 -0.000204503
2.625 0.000819747 -0.000416015 0.000505863
2.62917 0.000299702 -0.000748953 0.000586027
2.63333 0.000408083 -0.000675583 0.000485338
2.6375 1.24148e-06 0.0019161 0.000778101
2.64167 -0.00132228 0.00506703 0.00114559
2.64583 -0.00252207 0.00592342 0.00121342
2.65 -0.002762 0.00476012 0.00114633
2.65417 -0.00235118 0.00372526 0.00100885
2.65833 -0.00190606 0.0036239 0.000653026
2.6625 -0.00165487 0.00369654 0.000383003
2.66667 -0.00159647 0.00314854 0.000576359
2.67083 -0.00148385 0.0016725 0.000681235
2.675 -0.000809537 -0.000407045 -8.89208e-05
2.67917 0.000409368 -0.00187999 -0.00113141
2.68333 0.00120607 -0.00179084 -0.0010638
2.6875 0.000907448 -0.0010781 -3.74409e-05
2.69167 0.000327626 -0.00151404 0.000255722
2.69583 0.000647855 -0.00288212 -0.000728851
2.7 0.00153925 -0.00317985 -0.00141056
2.70417 0.00167763 -0.00195701 -0.000564762
2.70833 0.000884025 -0.0011369 0.000741855
2.7125 0.000337396 -0.00168162 0.00082174
2.71667 0.000585227 -0.00184066 -0.000141051
2.72083 0.000746822 -0.000231394 -0.000558996
2.725 0.000123672 0.0014382 0.000207503
2.72917 -0.00060808 0.000842245 0.00117932
2.73333 -0.000516145 -0.00121351 0.00127982
2.7375 0.000156918 -0.0019207 0.000600056
2.74167 0.000482381 -0.00065059 3.79087e-05
2.74583 0.00020454 0.000415532 0.000234246
2.75 -0.00017228 -0.000129308 0.00101326
2.75417 -0.000343696 -0.000944113 0.00161723
2.75833 -0.000515016 -0.000319251 0.00148147
2.7625 -0.000829 0.00118891 0.000928249
2.76667 -0.00110418 0.00175032 0.000947404
2.77083 -0.00122931 0.00087503 0.00204014
2.775 -0.00133755 -0.000301778 0.00344205
2.77917 -0.00142495 -0.000921226 0.0039133
2.78333 -0.00119754 -0.00135242 0.00331641
2.7875 -0.000561868 -0.00217306 0.00289896
2.79167 2.3814e-05 -0.00311507 0.00368822
2.79583 2.49352e-05 -0.00339519 0.00502932
2.8 -0.00048408 -0.00268531 0.00534702
2.80417 -0.000915883 -0.00152034 0.00422223
2.80833 -0.000888748 -0.000848299 0.00293483
2.8125 -0.000588245 -0.00106434 0.00270881
2.81667 -0.000438427 -0.00139839 0.00310857
2.82083 -0.000618069 -0.000707402 0.00270413
2.825 -0.000879664 0.000856101 0.000919662
2.82917 -0.000741261 0.0017144 -0.00135324
2.83333 -6.15685e-06 0.00107141 -0.00286338
2.8375 0.000819281 0.000376041 -0.00335128
2.84167 0.000974816 0.00134358 -0.00379901
2.84583 0.000542334 0.00316398 -0.00536261
2.85 0.000599205 0.00338447 -0.00789249
2.85417 0.0017935 0.00142518 -0.00976246
2.85833 0.00327599 -0.000642348 -0.00975177
2.8625 0.00382179 -0.00118084 -0.00885594
2.86667 0.0036317 -0.00105021 -0.00919106
2.87083 0.00398907 -0.00174109 -0.0110345
2.875 0.00521133 -0.00293549 -0.012284
2.87917 0.0060706 -0.00314136 -0.0114392
2.88333 0.00556449 -0.00189367 -0.00983737
2.8875 0.00433641 -0.000241598 -0.00983494
2.89167 0.003787 0.000556035 -0.0116402
2.89583 0.00434834 0.000182441 -0.0132224
2.9 0.00516509 -0.000589425 -0.0130085
2.90417 0.00522369 -0.000688509 -0.011575
2.90833 0.00447206 -6.2681e-05 -0.0106126
2.9125 0.00385084 6.38853e-05 -0.0108103
2.91667 0.00411936 -0.000933481 -0.0108683
2.92083 0.00456437 -0.00146843 -0.00861324
2.925 0.0034199 0.000453019 -0.00344123
2.92917 9.35151e-05 0.00402622 0.00261479
2.93333 -0.00368106 0.00623709 0.00719893
2.9375 -0.00589833 0.00599021 0.010827
2.94167 -0.00697206 0.00552645 0.0161806
2.94583 -0.00898424 0.00682985 0.0238479
2.95 -0.0123859 0.00865331 0.0306671
2.95417 -0.015074 0.00861817 0.0335043
2.95833 -0.0152227 0.00674899 0.0330967
2.9625 -0.0136167 0.00514084 0.0324238
2.96667 -0.0122626 0.00492033 0.0322715
2.97083 -0.011611 0.00507796 0.0303629
2.975 -0.0101819 0.0040177 0.0247229
2.97917 -0.00660938 0.00128784 0.0163983
2.98333 -0.0013426 -0.00203536 0.00849856
2.9875 0.00371596 -0.00429779 0.00318585
2.99167 0.00711693 -0.00500862 -0.000185964
2.99583 0.00938037 -0.00551482 -0.00388043
