0 0 0 0
0.00416667 0 0 0
0.00833333 0 0 0
0.0125 0 0 0
0.0166667 0 0 0
0.0208333 0 0 0
0.025 0 0 0
0.0291667 0 0 0
0.0333333 0 0 0
0.0375 0 0 0
0.0416667 0 0 0
0.0458333 0 0 0
0.05 0 0 0
0.0541667 0 0 0
0.0583333 0 0 0
0.0625 0 0 0
0.0666667 0 0 0
0.0708333 0 0 0
0.075 0 0 0
0.0791667 0 0 0
0.0833333 0 0 0
0.0875 0 0 0
0.0916667 0 0 0
0.0958333 0 0 0
0.1 0 0 0
0.104167 0 0 0
0.108333 0 0 0
0.1125 0 0 0
0.116667 0 0 0
0.120833 0 0 0
0.125 -1.82804e-322 3.78948e-321 8.18173e-321
0.129167 -2.0713e-316 2.85593e-315 6.08258e-315
0.133333 -1.00455e-310 1.3401e-309 2.85475e-309
0.1375 -3.2105e-305 4.14804e-304 8.8383e-304
0.141667 -6.93327e-300 8.68412e-299 1.85075e-298
0.145833 -1.03513e-294 1.25802e-293 2.68169e-293
0.15 -1.09098e-289 1.2876e-288 2.74542e-288
0.154167 -8.27431e-285 9.49094e-284 2.02415e-283
0.158333 -4.59591e-280 5.12731e-279 1.09379e-278
0.1625 -1.90009e-275 2.0632e-274 4.40247e-274
0.166667 -5.93523e-271 6.27688e-270 1.33972e-269
0.170833 -1.42026e-266 1.46383e-265 3.12521e-265
0.175 -2.63716e-262 2.65056e-261 5.66038e-261
0.179167 -3.84511e-258 3.77086e-257 8.0551e-257
0.183333 -4.4514e-254 4.26181e-253 9.1065e-253
0.1875 -4.13408e-250 3.86607e-249 8.26335e-249
0.191667 -3.10983e-246 2.84208e-245 6.07653e-245
0.195833 -1.91195e-242 1.70841e-241 3.65382e-241
0.2 -9.68857e-239 8.46814e-238 1.81168e-237
0.204167 -4.07862e-235 3.48854e-234 7.46581e-234
0.208333 -1.437e-231 1.20329e-230 2.576e-230
0.2125 -4.26691e-228 3.49931e-227 7.49388e-227
0.216667 -1.07482e-224 8.63624e-224 1.85011e-223
0.220833 -2.311e-221 1.82e-220 3.9003e-220
0.225 -4.2662e-218 3.29417e-217 7.06201e-217
0.229167 -6.79903e-215 5.14913e-214 1.10427e-213
0.233333 -9.40325e-212 6.98694e-211 1.49896e-210
0.2375 -1.13415e-208 8.27064e-208 1.77502e-207
0.241667 -1.19853e-205 8.58043e-205 1.84222e-204
0.245833 -1.11465e-202 7.83633e-202 1.68312e-201
0.25 -9.16126e-200 6.32656e-199 1.35939e-198
0.254167 -6.68087e-197 4.53316e-196 9.74433e-196
0.258333 -4.33927e-194 2.8937e-193 6.22276e-193
0.2625 -2.51926e-191 1.65154e-190 3.55303e-190
0.266667 -1.31187e-188 8.4565e-188 1.82006e-187
0.270833 -6.14743e-186 3.89744e-185 8.39193e-185
0.275 -2.60037e-183 1.62183e-182 3.49364e-182
0.279167 -9.95883e-181 6.11168e-180 1.31712e-179
0.283333 -3.46298e-178 2.09158e-177 4.50958e-177
0.2875 -1.09632e-175 6.51818e-175 1.406e-174
0.291667 -3.16814e-173 1.85456e-172 4.00224e-172
0.295833 -8.37776e-171 4.82946e-170 1.04271e-169
0.3 -2.03209e-168 1.1538e-167 2.49231e-167
0.304167 -4.5315e-166 2.53467e-165 5.47778e-165
0.308333 -9.31052e-164 5.13127e-163 1.10948e-162
0.3125 -1.76625e-161 9.59283e-161 2.07519e-160
0.316667 -3.09991e-159 1.65944e-158 3.59163e-158
0.320833 -5.04322e-157 2.66138e-156 5.76313e-156
0.325 -7.61963e-155 3.96449e-154 8.58942e-154
0.329167 -1.07104e-152 5.49514e-152 1.19119e-151
0.333333 -1.40302e-150 7.09944e-150 1.53977e-149
0.3375 -1.71567e-148 8.56329e-148 1.85826e-147
0.341667 -1.96156e-146 9.65867e-146 2.0971e-145
0.345833 -2.10009e-144 1.02028e-143 2.21645e-143
0.35 -2.10853e-142 1.01085e-141 2.19719e-141
0.354167 -1.98815e-140 9.40667e-140 2.04579e-139
0.358333 -1.76296e-138 8.23308e-138 1.79157e-137
0.3625 -1.47209e-136 6.78641e-136 1.47761e-135
0.366667 -1.15899e-134 5.27502e-134 1.1492e-133
0.370833 -8.61419e-133 3.87122e-132 8.43869e-132
0.375 -6.05145e-131 2.68552e-130 5.85752e-130
0.379167 -4.02268e-129 1.76308e-128 3.8478e-128
0.383333 -2.53316e-127 1.0966e-126 2.39471e-126
0.3875 -1.51279e-125 6.46905e-125 1.41352e-124
0.391667 -8.57616e-124 3.62304e-123 7.92161e-123
0.395833 -4.62026e-122 1.92845e-121 4.21912e-121
0.4 -2.36765e-120 9.76479e-120 2.13772e-119
0.404167 -1.1552e-118 4.70809e-118 1.03136e-117
0.408333 -5.37129e-117 2.16347e-116 4.74236e-116
0.4125 -2.38216e-115 9.48344e-115 2.08013e-114
0.416667 -1.00857e-113 3.96882e-113 8.71105e-113
0.420833 -4.07988e-112 1.58708e-111 3.48574e-111
0.425 -1.57814e-110 6.06916e-110 1.33387e-109
0.429167 -5.8417e-109 2.22121e-108 4.88503e-108
0.433333 -2.0709e-107 7.78595e-107 1.7135e-106
0.4375 -7.03603e-106 2.61586e-105 5.76079e-105
0.441667 -2.29273e-104 8.42959e-104 1.85769e-103
0.445833 -7.17034e-103 2.6073e-102 5.74989e-102
0.45 -2.15368e-101 7.74571e-101 1.70936e-100
0.454167 -6.21673e-100 2.21157e-99 4.88406e-99
0.458333 -1.72569e-98 6.07281e-98 1.34209e-97
0.4625 -4.60949e-97 1.60471e-96 3.54896e-96
0.466667 -1.18548e-95 4.08302e-95 9.03655e-95
0.470833 -2.93725e-94 1.00092e-93 2.21687e-93
0.475 -7.01522e-93 2.36536e-92 5.24274e-92
0.479167 -1.61597e-91 5.39156e-91 1.19591e-90
0.483333 -3.59215e-90 1.186e-89 2.63263e-89
0.4875 -7.70953e-89 2.51902e-88 5.59582e-88
0.491667 -1.59837e-87 5.16869e-87 1.14905e-86
0.495833 -3.20273e-86 1.02505e-85 2.28052e-85
0.5 -6.20534e-85 1.96578e-84 4.3768e-84
0.504167 -1.16311e-83 3.64717e-83 8.12666e-83
0.508333 -2.10999e-82 6.54946e-82 1.46049e-81
0.5125 -3.70633e-81 1.13888e-80 2.54163e-80
0.516667 -6.30667e-80 1.91852e-79 4.2849e-79
0.520833 -1.04e-78 3.13221e-78 7.00112e-78
0.525 -1.66273e-77 4.95805e-77 1.10911e-76
0.529167 -2.57837e-76 7.61243e-76 1.70425e-75
0.533333 -3.87946e-75 1.13412e-74 2.54107e-74
0.5375 -5.66588e-74 1.64014e-73 3.67782e-73
0.541667 -8.0352e-73 2.30333e-72 5.16914e-72
0.545833 -1.10692e-71 3.14224e-71 7.05758e-71
0.55 -1.48179e-70 4.16568e-70 9.36395e-70
0.554167 -1.92819e-69 5.36842e-69 1.20775e-68
0.558333 -2.43984e-68 6.72773e-68 1.51481e-67
0.5625 -3.00303e-67 8.20152e-67 1.84819e-66
0.566667 -3.59656e-66 9.72892e-66 2.19422e-65
0.570833 -4.19258e-65 1.12335e-64 2.53569e-64
0.575 -4.75855e-64 1.26294e-63 2.85316e-63
0.579167 -5.26015e-63 1.3829e-62 3.12683e-62
0.583333 -5.66473e-62 1.47527e-61 3.33851e-61
0.5875 -5.94487e-61 1.53372e-60 3.47375e-60
0.591667 -6.08147e-60 1.55431e-59 3.5234e-59
0.595833 -6.06592e-59 1.53591e-58 3.48467e-58
0.6 -5.90096e-58 1.48027e-57 3.36133e-57
0.604167 -5.60014e-57 1.39181e-56 3.16318e-56
0.608333 -5.18604e-56 1.277e-55 2.90476e-55
0.6125 -4.6875e-55 1.14361e-54 2.60361e-54
0.616667 -4.13638e-54 9.99895e-54 2.27839e-53
0.620833 -3.56431e-53 8.53721e-53 1.947e-52
0.625 -2.9999e-52 7.11974e-52 1.62515e-51
0.629167 -2.46669e-51 5.80092e-51 1.32527e-50
0.633333 -1.98194e-50 4.61859e-50 1.05608e-49
0.6375 -1.55644e-49 3.59414e-49 8.22548e-49
0.641667 -1.19489e-48 2.73429e-48 6.26312e-48
0.645833 -8.96947e-48 2.03398e-47 4.66308e-47
0.65 -6.58473e-47 1.47976e-46 3.39543e-46
0.654167 -4.72852e-46 1.05307e-45 2.41847e-45
0.658333 -3.3221e-45 7.33213e-45 1.68536e-44
0.6625 -2.28391e-44 4.99564e-44 1.1493e-43
0.666667 -1.53676e-43 3.33134e-43 7.67078e-43
0.670833 -1.01221e-42 2.17466e-42 5.01175e-42
0.675 -6.52747e-42 1.38989e-41 3.20595e-41
0.679167 -4.12198e-41 8.6989e-41 2.00824e-40
0.683333 -2.54932e-40 5.33225e-40 1.23208e-39
0.6875 -1.54444e-39 3.20177e-39 7.40442e-39
0.691667 -9.16671e-39 1.88353e-38 4.35959e-38
0.695833 -5.33112e-38 1.08573e-37 2.51516e-37
0.7 -3.03844e-37 6.13343e-37 1.42206e-36
0.704167 -1.69736e-36 3.3961e-36 7.88067e-36
0.708333 -9.29502e-36 1.84339e-35 4.28119e-35
0.7125 -4.99045e-35 9.80999e-35 2.28024e-34
0.716667 -2.62724e-34 5.11914e-34 1.19088e-33
0.720833 -1.35641e-33 2.61974e-33 6.09942e-33
0.725 -6.86852e-33 1.31494e-32 3.06403e-32
0.729167 -3.41173e-32 6.47435e-32 1.50986e-31
0.733333 -1.66256e-31 3.12738e-31 7.29909e-31
0.7375 -7.94917e-31 1.48221e-30 3.46213e-30
0.741667 -3.72956e-30 6.89339e-30 1.61142e-29
0.745833 -1.71725e-29 3.14629e-29 7.3606e-29
0.75 -7.76062e-29 1.40946e-28 3.29991e-28
0.754167 -3.44263e-28 6.19787e-28 1.45218e-27
0.758333 -1.49921e-27 2.67553e-27 6.27352e-27
0.7625 -6.4099e-27 1.13396e-26 2.66083e-26
0.766667 -2.69092e-26 4.71895e-26 1.1081e-25
0.770833 -1.1093e-25 1.92839e-25 4.53146e-25
0.775 -4.49094e-25 7.73899e-25 1.81982e-24
0.779167 -1.78567e-24 3.05035e-24 7.17776e-24
0.783333 -6.97388e-24 1.18094e-23 2.7807e-23
0.7875 -2.67543e-23 4.49106e-23 1.05818e-22
0.791667 -1.0083e-22 1.67784e-22 3.95578e-22
0.795833 -3.73336e-22 6.15831e-22 1.45281e-21
0.8 -1.35815e-21 2.22082e-21 5.24224e-21
0.804167 -4.85473e-21 7.86924e-21 1.85859e-20
0.808333 -1.70521e-20 2.73999e-20 6.47498e-20
0.8125 -5.88593e-20 9.37531e-20 2.21668e-19
0.816667 -1.99663e-19 3.1526e-19 7.45769e-19
0.820833 -6.65659e-19 1.04189e-18 2.46583e-18
0.825 -2.18121e-18 3.38425e-18 8.0131e-18
0.829167 -7.02513e-18 1.08048e-17 2.55939e-17
0.833333 -2.22404e-17 3.39076e-17 8.03502e-17
0.8375 -6.92115e-17 1.04598e-16 2.47953e-16
0.841667 -2.11727e-16 3.17183e-16 7.52142e-16
0.845833 -6.36727e-16 9.45524e-16 2.2428e-15
0.85 -1.88243e-15 2.7709e-15 6.57431e-15
0.854167 -5.47124e-15 7.983e-15 1.89449e-14
0.858333 -1.56337e-14 2.26109e-14 5.36687e-14
0.8625 -4.3919e-14 6.29623e-14 1.49467e-13
0.866667 -1.21301e-13 1.7237e-13 4.09229e-13
0.870833 -3.29385e-13 4.6394e-13 1.10151e-12
0.875 -8.79362e-13 1.22768e-12 2.91483e-12
0.879167 -2.30812e-12 3.19394e-12 7.5829e-12
0.883333 -5.95621e-12 8.16934e-12 1.93933e-11
0.8875 -1.51113e-11 2.05428e-11 4.87592e-11
0.891667 -3.76914e-11 5.07849e-11 1.20515e-10
0.895833 -9.24239e-11 1.23426e-10 2.92814e-10
0.9 -2.228e-10 2.94888e-10 6.99352e-10
0.904167 -5.27983e-10 6.92587e-10 1.64186e-09
0.908333 -1.22993e-09 1.59897e-09 3.78875e-09
0.9125 -2.81629e-09 3.62853e-09 8.59306e-09
0.916667 -6.33847e-09 8.09327e-09 1.91544e-08
0.920833 -1.40209e-08 1.77415e-08 4.19591e-08
0.925 -3.04805e-08 3.82209e-08 9.03212e-08
0.929167 -6.51158e-08 8.09128e-08 1.91038e-07
0.933333 -1.36688e-07 1.68307e-07 3.96987e-07
0.9375 -2.81912e-07 3.43961e-07 8.10423e-07
0.941667 -5.71197e-07 6.90546e-07 1.62508e-06
0.945833 -1.13683e-06 1.36175e-06 3.20044e-06
0.95 -2.2222e-06 2.63732e-06 6.18946e-06
0.954167 -4.26564e-06 5.01562e-06 1.17527e-05
0.958333 -8.03953e-06 9.36505e-06 2.1907e-05
0.9625 -1.48745e-05 1.71649e-05 4.00785e-05
0.966667 -2.70106e-05 3.08765e-05 7.19496e-05
0.970833 -4.81297e-05 5.44974e-05 0.000126716
0.975 -8.41344e-05 9.43579e-05 0.000218884
0.979167 -0.000144245 0.000160221 0.000370721
0.983333 -0.000242477 0.000266727 0.000615457
0.9875 -0.000399523 0.000435193 0.00100119
0.991667 -0.000644998 0.000695669 0.00159525
0.995833 -0.00101988 0.00108907 0.00248861
1 -0.00157878 0.00166893 0.00379916
1.00417 -0.00239143 0.00250228 0.00567264
1.00833 -0.00354255 0.00366856 0.00827916
1.0125 -0.00512888 0.00525577 0.0118029
1.01667 -0.00725208 0.00735252 0.0164226
1.02083 -0.0100063 0.0100352 0.0222818
1.025 -0.01346 0.0133497 0.0294472
1.02917 -0.017631 0.0172889 0.0378591
1.03333 -0.0224589 0.0217678 0.047278
1.0375 -0.0277763 0.0265997 0.0572394
1.04167 -0.0332862 0.0314813 0.067027
1.04583 -0.0385523 0.0359907 0.0756828
1.05 -0.0430124 0.0396078 0.0820644
1.05417 -0.0460185 0.04176 0.0849599
1.05833 -0.0469089 0.0418935 0.0832553
1.0625 -0.0451078 0.0395657 0.0761372
1.06667 -0.0402383 0.0345419 0.063296
1.07083 -0.0322301 0.0268797 0.0450851
1.075 -0.0213946 0.016976 0.022585
1.07917 -0.00844068 0.0055564 -0.00246485
1.08333 0.00558506 -0.00640211 -0.0278801
1.0875 0.0194378 -0.0178128 -0.0513683
1.09167 0.0318728 -0.0276599 -0.0709234
1.09583 0.0418636 -0.03518 -0.0851862
1.1 0.0487854 -0.0399979 -0.0936714
1.10417 0.0525137 -0.0421775 -0.0967898
1.10833 0.0534041 -0.0421691 -0.0956504
1.1125 0.0521556 -0.0406669 -0.0917021
1.11667 0.0496001 -0.0384223 -0.0863353
1.12083 0.04649 -0.036076 -0.0805906
1.125 0.0433619 -0.0340716 -0.0750915
1.12917 0.040532 -0.0326815 -0.0702289
1.13333 0.0382224 -0.0321287 -0.0665123
1.1375 0.0367584 -0.0327412 -0.0649031
1.14167 0.0367265 -0.0350444 -0.0669163
1.14583 0.0389846 -0.0397135 -0.0743441
1.15 0.0444583 -0.0473555 -0.0886045
1.15417 0.0537529 -0.0581716 -0.109908
1.15833 0.0667057 -0.0716201 -0.136569
1.1625 0.0820622 -0.08623 -0.164793
1.16667 0.0974507 -0.0996829 -0.18915
1.17083 0.109729 -0.109189 -0.203661
1.175 0.115639 -0.112066 -0.203196
1.17917 0.112573 -0.106341 -0.184696
1.18333 0.0991839 -0.0911831 -0.147812
1.1875 0.0756426 -0.067025 -0.0947614
1.19167 0.0434773 -0.0353753 -0.0295538
1.19583 0.00510062 0.00156414 0.0430291
1.2 -0.0367362 0.0412928 0.118232
1.20417 -0.0793321 0.0812636 0.191621
1.20833 -0.120148 0.118949 0.258912
1.2125 -0.156695 0.151799 0.315644
1.21667 -0.186397 0.177246 0.357113
1.22083 -0.206629 0.192884 0.378831
1.225 -0.21504 0.196837 0.377434
1.22917 -0.210081 0.188207 0.351685
1.23333 -0.191519 0.167413 0.303117
1.2375 -0.160693 0.136256 0.235998
1.24167 -0.120396 0.0976715 0.156656
1.24583 -0.0744152 0.0552561 0.0724305
1.25 -0.0269373 0.0127453 -0.00934072
1.25417 0.0180034 -0.0264127 -0.0820772
1.25833 0.0569024 -0.0593304 -0.140437
1.2625 0.0870204 -0.0838425 -0.180676
1.26667 0.106561 -0.098634 -0.200994
1.27083 0.114842 -0.103362 -0.201797
1.275 0.112404 -0.0987234 -0.185664
1.27917 0.100946 -0.0863778 -0.156838
1.28333 0.0830111 -0.0686837 -0.120333
1.2875 0.0614786 -0.0482967 -0.080979
1.29167 0.0390562 -0.0277658 -0.0428125
1.29583 0.0179763 -0.00924945 -0.00899542
1.3 -4.57371e-05 0.00561594 0.0179599
1.30417 -0.0137166 0.015772 0.0360972
1.30833 -0.0221593 0.0208199 0.044374
1.3125 -0.0251186 0.0211391 0.043329
1.31667 -0.0232585 0.0179241 0.0354777
1.32083 -0.0182423 0.0129645 0.0248288
1.325 -0.0123281 0.00810649 0.0154194
1.32917 -0.00752069 0.00456873 0.0095349
1.33333 -0.00469423 0.00247265 0.00671124
1.3375 -0.00325287 0.000921011 0.00431971
1.34167 -0.00164966 -0.00132809 -0.00043759
1.34583 0.00145853 -0.00493424 -0.00830641
1.35 0.00612009 -0.00936221 -0.0170309
1.35417 0.0108116 -0.013019 -0.0224528
1.35833 0.0132458 -0.0141264 -0.0210844
1.3625 0.0118123 -0.0118267 -0.0125184
1.36667 0.00672939 -0.00682846 -4.40903e-05
1.37083 0.000121149 -0.00116106 0.01101
1.375 -0.0050744 0.0028353 0.0161729
1.37917 -0.00668718 0.00367355 0.0141147
1.38333 -0.0043898 0.0013514 0.0069347
1.3875 0.00036192 -0.00286124 -0.00152068
1.39167 0.00536682 -0.00723817 -0.00798076
1.39583 0.00891263 -0.0104364 -0.0111259
1.4 0.0104015 -0.0118747 -0.0113431
1.40417 0.0101173 -0.0115808 -0.00949989
1.40833 0.00855747 -0.00982719 -0.00602512
1.4125 0.00600168 -0.00693996 -0.00108719
1.41667 0.0026563 -0.00338871 0.00449617
1.42083 -0.00089839 7.37699e-05 0.00876593
1.425 -0.00355874 0.00254563 0.00938746
1.42917 -0.00419712 0.00344934 0.00534333
1.43333 -0.00253226 0.00303035 -0.00179834
1.4375 0.000360736 0.00241834 -0.00831332
1.44167 0.00247318 0.00304913 -0.0104875
1.44583 0.00208914 0.0057449 -0.00711379
1.45 -0.00101029 0.0100874 -0.000460395
1.45417 -0.00528698 0.0145871 0.00514211
1.45833 -0.00841294 0.0176045 0.00619316
1.4625 -0.00883204 0.0184189 0.00234195
1.46667 -0.0068066 0.0176979 -0.00353208
1.47083 -0.00419359 0.0170378 -0.00748907
1.475 -0.0031286 0.0179043 -0.00730108
1.47917 -0.0045944 0.0207267 -0.00379199
1.48333 -0.00790231 0.0247537 0.000130666
1.4875 -0.011391 0.0286957 0.0018538
1.49167 -0.0137243 0.0316074 0.000946688
1.49583 -0.0147621 0.0333341 -0.00083258
1.5 -0.0153835 0.0342427 -0.00124941
1.50417 -0.0164995 0.0345422 0.000474672
1.50833 -0.0181189 0.0338082 0.00308658
1.5125 -0.0192384 0.0311276 0.00447939
1.51667 -0.0186194 0.0257532 0.00357018
1.52083 -0.0157843 0.0177268 0.00127662
1.525 -0.0113981 0.00795762 -0.000239051
1.52917 -0.00671772 -0.00232117 0.000553915
1.53333 -0.00256599 -0.0122833 0.00311881
1.5375 0.00131053 -0.0218378 0.00509887
1.54167 0.00593981 -0.0312867 0.00414809
1.54583 0.0120851 -0.0405957 -6.68371e-05
1.55 0.0193011 -0.0488989 -0.00533181
1.55417 0.0258937 -0.0547068 -0.00836899
1.55833 0.0299084 -0.0567392 -0.00729522
1.5625 0.0304493 -0.0547879 -0.00315592
1.56667 0.0283144 -0.0499435 0.000752991
1.57083 0.0254117 -0.043968 0.00137788
1.575 0.0233511 -0.0382468 -0.00166231
1.57917 0.022285 -0.0330883 -0.00565636
1.58333 0.0209197 -0.0278922 -0.00684454
1.5875 0.0177292 -0.0220328 -0.00341884
1.59167 0.0124278 -0.0157348 0.00289153
1.59583 0.00649526 -0.0102051 0.00800518
1.6 0.00225944 -0.00686687 0.00861759
1.60417 0.00119463 -0.00627901 0.00482146
1.60833 0.00277721 -0.00761344 7.51755e-05
1.6125 0.00485248 -0.00915464 -0.00153347
1.61667 0.0052754 -0.00947746 0.00143624
1.62083 0.00353991 -0.00839447 0.00662431
1.625 0.00108496 -0.00691808 0.00980358
1.62917 1.89583e-05 -0.00625425 0.00832791
1.63333 0.00129477 -0.00662512 0.00326029
1.6375 0.00382376 -0.00686906 -0.00155938
1.64167 0.00524833 -0.00515396 -0.00269666
1.64583 0.0037297 -0.000252389 0.00011319
1.65 -0.000709611 0.00761157 0.00388755
1.65417 -0.00634469 0.0169701 0.00498094
1.65833 -0.0111971 0.0261409 0.00209419
1.6625 -0.0145156 0.0342073 -0.00279479
1.66667 -0.0170734 0.041183 -0.00623984
1.67083 -0.0201274 0.0473302 -0.00622423
1.675 -0.0240156 0.0523234 -0.00368576
1.67917 -0.0276271 0.0550473 -0.00150014
1.68333 -0.0291738 0.054231 -0.00193982
1.6875 -0.0275732 0.0493723 -0.00481525
1.69167 -0.0232685 0.0411605 -0.00777795
1.69583 -0.0178383 0.031048 -0.00837253
1.7 -0.0127792 0.0203542 -0.00602915
1.70417 -0.00849326 0.00965142 -0.00239092
1.70833 -0.00427205 -0.00110653 0.000143213
1.7125 0.000798345 -0.0119141 0.000340043
1.71667 0.00682144 -0.0221414 -0.00104443
1.72083 0.0128006 -0.0305637 -0.00208231
1.725 0.0172651 -0.0359521 -0.00133349
1.72917 0.0192615 -0.037735 0.00103132
1.73333 0.0189189 -0.036239 0.00347527
1.7375 0.0171994 -0.0324032 0.00440263
1.74167 0.0151128 -0.027251 0.00342405
1.74583 0.0130558 -0.0215061 0.00159059
1.75 0.0107651 -0.0155396 0.000474831
1.75417 0.00783512 -0.00956376 0.000886232
1.75833 0.00429925 -0.00384659 0.00225924
1.7625 0.000772214 0.00123852 0.00318233
1.76667 -0.0019573 0.00536917 0.00261089
1.77083 -0.00352975 0.00851344 0.000761014
1.775 -0.00430691 0.0110319 -0.00105407
1.77917 -0.00509968 0.0134766 -0.00151524
1.78333 -0.00652838 0.0161521 -0.000412004
1.7875 -0.00850843 0.0187649 0.00116736
1.79167 -0.0102744 0.0205138 0.00176346
1.79583 -0.0109492 0.0206423 0.000827586
1.8 -0.0102274 0.0190271 -0.000760116
1.80417 -0.00861521 0.0162669 -0.00144644
1.80833 -0.0069996 0.0131586 -0.000425145
1.8125 -0.00588429 0.010043 0.00155356
1.81667 -0.00496485 0.00664981 0.00279418
1.82083 -0.00346164 0.00257493 0.00220847
1.825 -0.000940093 -0.00212423 0.000370314
1.82917 0.00215752 -0.00683513 -0.000997921
1.83333 0.00482386 -0.0108616 -0.000696469
1.8375 0.00638061 -0.0139253 0.000739479
1.84167 0.00707017 -0.0161754 0.00154745
1.84583 0.00771699 -0.0177693 0.000529963
1.85 0.00878094 -0.0185548 -0.00167138
1.85417 0.00979916 -0.0182226 -0.00317688
1.85833 0.00984521 -0.0167213 -0.00278183
1.8625 0.00854791 -0.0144255 -0.00119511
1.86667 0.00656399 -0.0118454 -0.000266659
1.87083 0.00494945 -0.00920146 -0.000998711
1.875 0.0040816 -0.00632874 -0.00247956
1.87917 0.00331404 -0.0029973 -0.0029073
1.88333 0.00176142 0.00070947 -0.00157857
1.8875 -0.000647562 0.00432879 0.000358458
1.89167 -0.00301286 0.00727613 0.00119901
1.89583 -0.00435733 0.00916834 0.000532545
1.9 -0.00456952 0.0100112 -0.000424104
1.90417 -0.00440007 0.0102054 -0.000298535
1.90833 -0.00461295 0.010336 0.000910013
1.9125 -0.00526181 0.0107456 0.00193696
1.91667 -0.00578213 0.0111588 0.00173047
1.92083 -0.00564575 0.010817 0.000565514
1.925 -0.00483668 0.00918312 -0.000352708
1.92917 -0.003755 0.00654079 -0.000209351
1.93333 -0.00276959 0.00375382 0.000627496
1.9375 -0.00189205 0.00140208 0.0010756
1.94167 -0.000856456 -0.000663575 0.000499387
1.94583 0.000490449 -0.0028259 -0.000613292
1.95 0.00189644 -0.00500812 -0.00113841
1.95417 0.00287996 -0.00675726 -0.000518713
1.95833 0.00325575 -0.00791118 0.000566073
1.9625 0.00339928 -0.00880817 0.000889599
1.96667 0.0038453 -0.00972766 7.89126e-05
1.97083 0.00463185 -0.0104203 -0.000889455
1.975 0.00519682 -0.0104176 -0.000783522
1.97917 0.00499148 -0.00964012 0.000437278
1.98333 0.00408918 -0.00845988 0.00155453
1.9875 0.003097 -0.00722245 0.00146692
1.99167 0.00251189 -0.00586869 0.000374406
1.99583 0.0022034 -0.00398156 -0.000498727
2 0.00148834 -0.00114952 -0.000198031
2.00417 -0.000228189 0.00249737 0.000994594
2.00833 -0.0026951 0.00595496 0.0017596
2.0125 -0.00471137 0.00788947 0.000981053
2.01667 -0.00513926 0.00793869 -0.000945125
2.02083 -0.0042174 0.00725092 -0.00217745
2.025 -0.00348173 0.00720478 -0.00135494
2.02917 -0.00397441 0.00777402 0.000510506
2.03333 -0.00488045 0.00785696 0.00089336
2.0375 -0.00460766 0.00708594 -0.00104636
2.04167 -0.00301818 0.00623127 -0.00302679
2.04583 -0.001624 0.00555468 -0.00242206
2.05 -0.00136932 0.00405434 0.000163971
2.05417 -0.00128004 0.00122499 0.0015983
2.05833 -1.86795e-05 -0.00155582 0.00040799
2.0625 0.00207179 -0.00276086 -0.00142608
2.06667 0.00352004 -0.00302778 -0.00142277
2.07083 0.0037917 -0.00404623 0.000237992
2.075 0.00361606 -0.00562969 0.00160078
2.07917 0.00352466 -0.00599251 0.00169072
2.08333 0.00337244 -0.0049471 0.000952212
2.0875 0.0032787 -0.00439583 -7.55058e-05
2.09167 0.00359388 -0.0049316 -0.000859788
2.09583 0.00368427 -0.00451269 -0.000421555
2.1 0.00235814 -0.00206105 0.001294
2.10417 0.000130159 6.82132e-05 0.00215597
2.10833 -0.00068137 -0.000368705 0.000277921
2.1125 0.000701309 -0.00149989 -0.00249663
2.11667 0.00177494 -5.84271e-05 -0.00234686
2.12083 0.000178159 0.00323795 0.000819035
2.125 -0.00257447 0.00480239 0.00258091
2.12917 -0.00323174 0.0041008 0.000387931
2.13333 -0.00175409 0.00415939 -0.00246426
2.1375 -0.00111799 0.00574576 -0.00183943
2.14167 -0.00233981 0.00574416 0.000989673
2.14583 -0.00305858 0.00305689 0.00175138
2.15 -0.00190059 0.00142772 -1.17639e-05
2.15417 -0.000886398 0.00323838 -0.000933046
2.15833 -0.00166532 0.00472886 8.14171e-05
2.1625 -0.00239004 0.00187708 0.000493636
2.16667 -0.00103561 -0.00239331 -0.000622299
2.17083 0.000672153 -0.00260699 -0.000736816
2.175 8.95806e-05 -0.000115031 0.00104445
2.17917 -0.00137705 -0.00127031 0.00154085
2.18333 -0.000236425 -0.00667365 -0.00102423
2.1875 0.00296195 -0.00959817 -0.00306282
2.19167 0.00397161 -0.00681178 -0.00103877
2.19583 0.00169121 -0.00379286 0.0022632
2.2 0.000108921 -0.0053937 0.00169531
2.20417 0.00179112 -0.00765677 -0.00194819
2.20833 0.00366009 -0.00466228 -0.00300274
2.2125 0.00212205 0.00123396 0.000140121
2.21667 -0.0010388 0.00314114 0.00272184
2.22083 -0.00171019 0.000915288 0.0013485
2.225 -6.87179e-05 0.000899475 -0.0010776
2.22917 0.000229137 0.00488547 -0.000686136
2.23333 -0.00160191 0.0072168 0.0012994
2.2375 -0.00250402 0.00469167 0.00143118
2.24167 -0.00118395 0.00207879 1.12842e-05
2.24583 -0.00030938 0.00383218 -4.54072e-05
2.25 -0.00161303 0.00629988 0.00125039
2.25417 -0.00262562 0.00390114 0.00101926
2.25833 -0.000897847 -0.00106179 -0.00105816
2.2625 0.00144037 -0.00171513 -0.00166293
2.26667 0.000811786 0.00210418 0.000610872
2.27083 -0.00184885 0.00336079 0.00237817
2.275 -0.00226099 -0.000718309 0.000594431
2.27917 0.000415244 -0.00397735 -0.00226626
2.28333 0.00207011 -0.00132327 -0.00167741
2.2875 7.47309e-05 0.00289967 0.00182082
2.29167 -0.00253163 0.00202614 0.00317113
2.29583 -0.00187632 -0.00196621 0.000546674
2.3 0.000625834 -0.00193006 -0.00182096
2.30417 0.000777823 0.00215892 -0.000340701
2.30833 -0.0014046 0.00284982 0.00238108
2.3125 -0.0018074 -0.00211165 0.00203849
2.31667 0.000723716 -0.00538814 -0.000374051
2.32083 0.00231106 -0.00198118 -0.000672497
2.325 0.000620058 0.00226527 0.00118426
2.32917 -0.0010951 0.000300613 0.00131734
2.33333 0.000409896 -0.00432597 -0.000838605
2.3375 0.00267042 -0.00360219 -0.00138068
2.34167 0.00174917 0.00128562 0.000798955
2.34583 -0.000795874 0.00223795 0.00147728
2.35 -0.000512774 -0.00162767 -0.00150018
2.35417 0.00209518 -0.00270086 -0.00381306
2.35833 0.00229411 0.00145258 -0.00171477
2.3625 -0.000601534 0.00367387 0.001309
2.36667 -0.00184662 -0.000197337 0.00013952
2.37083 0.000682679 -0.00402909 -0.0034585
2.375 0.00295227 -0.00211888 -0.00392352
2.37917 0.00169433 0.00120023 -0.00100493
2.38333 -0.000418735 -0.000341623 0.000569523
2.3875 0.000108152 -0.0040845 -0.000725953
2.39167 0.0017914 -0.00370615 -0.00166127
2.39583 0.00150383 -0.0002242 -0.000657469
2.4 -1.1877e-05 0.000823185 0.000218659
2.40417 -0.000331992 -0.000323303 0.000193003
2.40833 -0.000216057 0.00109464 0.0011228
2.4125 -0.00171524 0.00473819 0.00284207
2.41667 -0.00351127 0.00537227 0.00248616
2.42083 -0.00280216 0.00221749 2.51334e-05
2.425 -0.000506184 0.000225755 -0.000620411
2.42917 -3.51605e-05 0.00148256 0.0018749
2.43333 -0.00159138 0.00248053 0.00340615
2.4375 -0.00207162 0.00112043 0.00098329
2.44167 -0.000469856 -0.000183941 -0.0022326
2.44583 0.000853998 -9.43788e-05 -0.0020008
2.45 0.000650009 -0.000884177 0.000448544
2.45417 0.000527518 -0.00316232 0.00103368
2.45833 0.00138648 -0.00381131 -0.000610618
2.4625 0.00180909 -0.00194147 -0.001569
2.46667 0.0012745 -0.00140763 -0.00102112
2.47083 0.00147696 -0.00389087 -0.000692707
2.475 0.00271496 -0.0047567 -0.000669667
2.47917 0.00236325 -0.000514555 0.000654166
2.48333 -0.000604536 0.00425681 0.00229449
2.4875 -0.00272386 0.00353533 0.00113949
2.49167 -0.00107207 -0.000129579 -0.00203942
2.49583 0.00141614 0.000274879 -0.00207677
2.5 0.000164987 0.00400877 0.00228686
2.50417 -0.00316599 0.00340275 0.00464787
2.50833 -0.00268491 -0.0025128 0.000307711
2.5125 0.00189323 -0.00500289 -0.00504891
2.51667 0.00386625 1.08156e-05 -0.00312807
2.52083 0.000104632 0.00424915 0.00345654
2.525 -0.00351488 0.00062101 0.00450274
2.52917 -0.00151832 -0.00433868 -0.00156445
2.53333 0.00225514 -0.00154918 -0.00511326
2.5375 0.00144355 0.00433164 -0.00107484
2.54167 -0.00199539 0.00261538 0.00334041
2.54583 -0.00174557 -0.00419586 0.0015264
2.55 0.00142613 -0.00414089 -0.00201837
2.55417 0.00145356 0.00294485 -0.00112586
2.55833 -0.00150509 0.00467742 0.00118298
2.5625 -0.0014155 -0.00170024 -5.7439e-05
2.56667 0.00180452 -0.00393749 -0.00160825
2.57083 0.00147286 0.0031462 0.0010304
2.575 -0.00311093 0.00756563 0.00343221
2.57917 -0.0040459 0.00103437 -0.000129557
2.58333 0.00136625 -0.00610703 -0.00466883
2.5875 0.0048626 -0.00272657 -0.00192236
2.59167 0.000863056 0.00419361 0.00458463
2.59583 -0.00391082 0.00258881 0.00441794
2.6 -0.00174046 -0.00388893 -0.00236403
2.60417 0.0034511 -0.00355295 -0.00524883
2.60833 0.0032534 0.00276691 -0.000261364
2.6125 -0.00162335 0.00445525 0.00471122
2.61667 -0.00370255 -0.000288413 0.00300303
2.62083 -0.000837771 -0.00303552 -0.0020743
2.625 0.0020865 -0.000327545 -0.0039832
2.62917 0.00163343 0.00209983 -0.00142754
2.63333 -0.00044871 0.000259564 0.00212388
2.6375 -0.00129068 -0.00257604 0.00290228
2.64167 -0.000317963 -0.00236098 3.35168e-05
2.64583 0.00113224 0.000190828 -0.00313792
2.65 0.00135254 0.00160098 -0.00224543
2.65417 7.65655e-05 -0.000107041 0.00183418
2.65833 -0.00080143 -0.0031136 0.00339602
2.6625 0.000123121 -0.00327664 0.000424014
2.66667 0.00123918 0.000238513 -0.00239267
2.67083 0.000657152 0.00242159 -0.00151448
2.675 -0.00025067 -0.000285799 0.000549268
2.67917 0.000331626 -0.00311554 0.000963153
2.68333 0.000667143 -0.000226263 0.000808318
2.6875 -0.00109911 0.00448853 0.000781347
2.69167 -0.00229069 0.00315529 -0.000685096
2.69583 -8.56082e-05 -0.00219342 -0.00243367
2.7 0.00234862 -0.002576 -0.000801969
2.70417 0.000587936 0.00249121 0.00288535
2.70833 -0.00287683 0.00439758 0.00268112
2.7125 -0.00233463 0.000368708 -0.00187278
2.71667 0.00144888 -0.00268749 -0.00400125
2.72083 0.00260194 -0.000628109 -0.000552104
2.725 -0.000193302 0.00214913 0.00322456
2.72917 -0.00239606 0.00143695 0.00240977
2.73333 -0.00125997 -0.000949133 -0.0010455
2.7375 0.00113263 -0.00196841 -0.00281407
2.74167 0.0020659 -0.0013991 -0.00152701
2.74583 0.00100565 -0.000192617 0.001479
2.75 -0.00098442 0.000590674 0.00325142
2.75417 -0.00181404 -4.49967e-05 0.0010026
2.75833 -0.000157797 -0.000948065 -0.00327761
2.7625 0.00182259 0.00021567 -0.00337181
2.76667 0.000805228 0.00210881 0.00176165
2.77083 -0.00195429 0.00102084 0.00469987
2.775 -0.00201357 -0.00179284 0.000920086
2.77917 0.000710377 -0.0014088 -0.00354268
2.78333 0.00182534 0.00126269 -0.00221193
2.7875 0.000301083 0.00056646 0.00163991
2.79167 -0.000440603 -0.00257704 0.00208495
2.79583 0.000363679 -0.00155442 0.000221626
2.8 2.22655e-05 0.0028178 -0.000441824
2.80417 -0.00109274 0.00262729 -0.000762889
2.80833 3.04251e-06 -0.00232146 -0.00156886
2.8125 0.00201139 -0.00348461 -0.000254327
2.81667 0.000945116 0.000869709 0.00264551
2.82083 -0.00181974 0.00289083 0.00193998
2.825 -0.00137259 -7.69727e-05 -0.00243007
2.82917 0.00157817 -0.00162562 -0.00344192
2.83333 0.00181049 0.000799077 0.000932755
2.8375 -0.00099753 0.00215463 0.00370256
2.84167 -0.00218737 0.000566225 0.00089551
2.84583 -0.00051869 -0.000185507 -0.00245477
2.85 0.000903395 0.000520296 -0.00193029
2.85417 0.00081208 -0.000195494 0.000261109
2.85833 0.000350944 -0.0012741 0.00147764
2.8625 -0.000456016 -5.38126e-05 0.00193094
2.86667 -0.00135131 0.000869821 0.000872261
2.87083 -0.000287768 -0.00131574 -0.00200431
2.875 0.002185 -0.00260773 -0.0025385
2.87917 0.00183216 0.000439115 0.00184002
2.88333 -0.0017991 0.00290703 0.0052599
2.8875 -0.00312601 0.000413567 0.00200387
2.89167 9.94119e-05 -0.00215949 -0.00275099
2.89583 0.00251777 -7.91107e-05 -0.00106002
2.9 0.000563911 0.00215179 0.00433163
2.90417 -0.00174862 0.000179802 0.00545057
2.90833 -0.000791541 -0.00154621 0.00253387
2.9125 0.000881651 0.000780859 0.00146694
2.91667 0.000755276 0.00247854 0.00314983
2.92083 0.00065375 3.19727e-05 0.00485893
2.925 0.00153721 -0.00186985 0.0066615
2.92917 0.00147397 -5.46439e-05 0.00868164
2.93333 0.000977045 0.000987389 0.00835275
2.9375 0.00289495 -0.00136848 0.00652973
2.94167 0.0059983 -0.0028564 0.00862536
2.94583 0.00634174 -0.0014849 0.0147343
2.95 0.00498322 -0.00118037 0.0177319
2.95417 0.00646505 -0.0030792 0.0154627
2.95833 0.0104106 -0.00355229 0.0147339
2.9625 0.0125355 -0.00249978 0.0192872
2.96667 0.0126012 -0.0034235 0.0241974
2.97083 0.0137419 -0.00536248 0.0256529
2.975 0.0159386 -0.00484273 0.0261655
2.97917 0.017249 -0.00401198 0.0275248
2.98333 0.0186539 -0.00668038 0.0281929
2.9875 0.0211695 -0.00957127 0.0288553
2.99167 0.0219456 -0.00777479 0.0313216
2.99583 0.0193005 -0.0045302 0.0323862
