0 0 0 0
0.00416667 0 0 0
0.00833333 0 0 0
0.0125 0 0 0
0.0166667 0 0 0
0.0208333 0 0 0
0.025 0 0 0
0.0291667 0 0 0
0.0333333 0 0 0
0.0375 0 0 0
0.0416667 0 0 0
0.0458333 0 0 0
0.05 0 0 0
0.0541667 0 0 0
0.0583333 0 0 0
0.0625 0 0 0
0.0666667 0 0 0
0.0708333 0 0 0
0.075 0 0 0
0.0791667 0 0 0
0.0833333 0 0 0
0.0875 0 0 0
0.0916667 0 0 0
0.0958333 0 0 0
0.1 0 0 0
0.104167 0 0 0
0.108333 0 0 0
0.1125 0 0 0
0.116667 0 0 0
0.120833 0 0 0
0.125 0 0 0
0.129167 0 0 0
0.133333 0 0 0
0.1375 0 0 0
0.141667 0 0 0
0.145833 0 0 0
0.15 0 0 0
0.154167 0 0 0
0.158333 0 0 0
0.1625 0 0 0
0.166667 0 0 0
0.170833 0 0 0
0.175 0 0 0
0.179167 0 0 0
0.183333 0 0 0
0.1875 0 0 0
0.191667 -2.94463e-321 4.49254e-320 6.03748e-320
0.195833 -1.03784e-316 1.48628e-315 1.99843e-315
0.2 -2.78814e-312 3.90721e-311 5.25317e-311
0.204167 -6.01419e-308 8.25099e-307 1.10924e-306
0.208333 -1.0509e-303 1.41206e-302 1.89819e-302
0.2125 -1.49996e-299 1.97473e-298 2.65437e-298
0.216667 -1.7625e-295 2.27439e-294 3.05694e-294
0.220833 -1.71756e-291 2.17329e-290 2.92085e-290
0.225 -1.3978e-287 1.73491e-286 2.33152e-286
0.229167 -9.56269e-284 1.16464e-282 1.56504e-282
0.233333 -5.53368e-280 6.6153e-279 8.88903e-279
0.2375 -2.72456e-276 3.19812e-275 4.29707e-275
0.241667 -1.14774e-272 1.32324e-271 1.77783e-271
0.245833 -4.15855e-269 4.71049e-268 6.32837e-268
0.25 -1.30248e-265 1.44993e-264 1.94781e-264
0.254167 -3.54314e-262 3.87739e-261 5.20855e-261
0.258333 -8.40934e-259 9.04906e-258 1.21551e-257
0.2625 -1.74887e-255 1.85098e-254 2.48619e-254
0.266667 -3.20001e-252 3.33202e-251 4.47527e-251
0.270833 -5.17176e-249 5.29924e-248 7.11713e-248
0.275 -7.4103e-246 7.47362e-245 1.0037e-244
0.279167 -9.44679e-243 9.37991e-242 1.25966e-241
0.283333 -1.07512e-239 1.0512e-238 1.41163e-238
0.2875 -1.09588e-236 1.05536e-235 1.41716e-235
0.291667 -1.00356e-233 9.52094e-233 1.27845e-232
0.295833 -8.28121e-231 7.7413e-230 1.03945e-229
0.3 -6.17508e-228 5.68895e-227 7.63849e-227
0.304167 -4.17228e-225 3.78892e-224 5.08718e-224
0.308333 -2.56106e-222 2.29294e-221 3.07852e-221
0.3125 -1.43175e-219 1.264e-218 1.69702e-218
0.316667 -7.30733e-217 6.36247e-216 8.54189e-216
0.320833 -3.4127e-214 2.93105e-213 3.93497e-213
0.325 -1.46166e-211 1.23851e-210 1.66269e-210
0.329167 -5.75349e-209 4.81043e-208 6.45783e-208
0.333333 -2.08565e-206 1.72091e-205 2.31023e-205
0.3375 -6.97643e-204 5.68175e-203 7.62732e-203
0.341667 -2.1574e-201 1.7345e-200 2.32842e-200
0.345833 -6.17918e-199 4.90492e-198 6.58435e-198
0.35 -1.64209e-196 1.28711e-195 1.7278e-195
0.354167 -4.05571e-194 3.13951e-193 4.21442e-193
0.358333 -9.32509e-192 7.12986e-191 9.57098e-191
0.3625 -1.99913e-189 1.50994e-188 2.02691e-188
0.366667 -4.00218e-187 2.98647e-186 4.00898e-186
0.370833 -7.49302e-185 5.5248e-184 7.41641e-184
0.375 -1.31384e-182 9.57305e-182 1.28508e-181
0.379167 -2.16048e-180 1.55582e-179 2.08852e-179
0.383333 -3.33622e-178 2.37472e-177 3.18786e-177
0.3875 -4.84423e-176 3.40866e-175 4.57578e-175
0.391667 -6.62185e-174 4.60661e-173 6.18413e-173
0.395833 -8.53222e-172 5.86886e-171 7.8788e-171
0.4 -1.03747e-169 7.05668e-169 9.47362e-169
0.404167 -1.1918e-167 8.01697e-167 1.0763e-166
0.408333 -1.29488e-165 8.61503e-165 1.15662e-164
0.4125 -1.33201e-163 8.76596e-163 1.17691e-162
0.416667 -1.29864e-161 8.4544e-161 1.13512e-160
0.420833 -1.20116e-159 7.73641e-159 1.03875e-158
0.425 -1.05503e-157 6.72339e-157 9.0276e-157
0.429167 -8.80825e-156 5.55436e-155 7.45818e-155
0.433333 -6.99631e-154 4.36589e-153 5.86254e-153
0.4375 -5.29159e-152 3.26802e-151 4.38848e-151
0.441667 -3.81428e-150 2.33154e-149 3.13104e-149
0.445833 -2.62248e-148 1.58675e-147 2.13094e-147
0.45 -1.72122e-146 1.03093e-145 1.38456e-145
0.454167 -1.07926e-144 6.39961e-144 8.59524e-144
0.458333 -6.47018e-143 3.79847e-142 5.10196e-142
0.4625 -3.71134e-141 2.15735e-140 2.89783e-140
0.466667 -2.03837e-139 1.17328e-138 1.57608e-138
0.470833 -1.0727e-137 6.11439e-137 8.21406e-137
0.475 -5.41268e-136 3.05545e-135 4.10494e-135
0.479167 -2.62044e-134 1.46506e-133 1.96839e-133
0.483333 -1.21799e-132 6.74482e-132 9.06265e-132
0.4875 -5.43868e-131 2.98329e-130 4.00874e-130
0.491667 -2.33449e-129 1.26852e-128 1.70466e-128
0.495833 -9.63824e-128 5.18836e-127 6.97271e-127
0.5 -3.8297e-126 2.04245e-125 2.74507e-125
0.504167 -1.46534e-124 7.74295e-124 1.04073e-123
0.508333 -5.40207e-123 2.82836e-122 3.8019e-122
0.5125 -1.91984e-121 9.9602e-121 1.33896e-120
0.516667 -6.5808e-120 3.38327e-119 4.54854e-119
0.520833 -2.17684e-118 1.10908e-117 1.49119e-117
0.525 -6.95222e-117 3.51043e-116 4.72029e-116
0.529167 -2.14478e-115 1.07335e-114 1.44341e-114
0.533333 -6.39456e-114 3.17188e-113 4.26582e-113
0.5375 -1.84335e-112 9.0632e-112 1.21901e-111
0.541667 -5.14012e-111 2.50515e-110 3.36977e-110
0.545833 -1.38706e-109 6.70141e-109 9.01518e-109
0.55 -3.6238e-108 1.73566e-107 2.33515e-107
0.554167 -9.16983e-107 4.35422e-106 5.85876e-106
0.558333 -2.24836e-105 1.05848e-104 1.42437e-104
0.5625 -5.34382e-104 2.49435e-103 3.35694e-103
0.566667 -1.23166e-102 5.70035e-102 7.67246e-102
0.570833 -2.75389e-101 1.26381e-100 1.70123e-100
0.575 -5.97563e-100 2.71933e-99 3.66094e-99
0.579167 -1.25881e-98 5.68066e-98 7.64856e-98
0.583333 -2.57534e-97 1.15252e-96 1.55196e-96
0.5875 -5.11862e-96 2.27175e-95 3.05946e-95
0.591667 -9.88705e-95 4.35194e-94 5.86167e-94
0.595833 -1.85661e-93 8.10517e-93 1.09183e-92
0.6 -3.39043e-92 1.46804e-91 1.97781e-91
0.604167 -6.02294e-91 2.58671e-90 3.48539e-90
0.608333 -1.04116e-89 4.43534e-89 5.97706e-89
0.6125 -1.75191e-88 7.40302e-88 9.97763e-88
0.616667 -2.87028e-87 1.20315e-86 1.6218e-86
0.620833 -4.58015e-86 1.90454e-85 2.56759e-85
0.625 -7.12034e-85 2.93723e-84 3.96037e-84
0.629167 -1.07872e-83 4.41456e-83 5.95315e-83
0.633333 -1.59303e-82 6.46779e-82 8.72325e-82
0.6375 -2.29383e-81 9.23972e-81 1.24636e-80
0.641667 -3.22132e-80 1.28739e-79 1.73684e-79
0.645833 -4.41317e-79 1.74992e-78 2.3612e-78
0.65 -5.89961e-78 2.32109e-77 3.13237e-77
0.654167 -7.69761e-77 3.00495e-76 4.05589e-76
0.658333 -9.80513e-76 3.79804e-75 5.12715e-75
0.6625 -1.2196e-74 4.68769e-74 6.32913e-74
0.666667 -1.48165e-73 5.6511e-73 7.63112e-73
0.670833 -1.75848e-72 6.65551e-72 8.98891e-72
0.675 -2.03933e-71 7.65944e-71 1.03465e-70
0.679167 -2.31147e-70 8.61538e-70 1.16398e-69
0.683333 -2.56114e-69 9.47334e-69 1.28011e-68
0.6875 -2.77466e-68 1.01853e-67 1.37655e-67
0.691667 -2.93971e-67 1.07096e-66 1.44765e-66
0.695833 -3.04653e-66 1.1015e-65 1.4892e-65
0.7 -3.08883e-65 1.10839e-64 1.49878e-64
0.704167 -3.06445e-64 1.09139e-63 1.47605e-63
0.708333 -2.97551e-63 1.05178e-62 1.42274e-62
0.7125 -2.82814e-62 9.92212e-62 1.34241e-61
0.716667 -2.63175e-61 9.16428e-61 1.24011e-60
0.720833 -2.39811e-60 8.28858e-60 1.12182e-59
0.725 -2.14017e-59 7.34215e-59 9.93914e-59
0.729167 -1.87092e-58 6.37086e-58 8.62594e-58
0.733333 -1.60234e-57 5.41597e-57 7.33445e-57
0.7375 -1.34469e-56 4.51154e-56 6.11083e-56
0.741667 -1.10591e-55 3.68308e-55 4.98967e-55
0.745833 -8.91494e-55 2.94715e-54 3.99345e-54
0.75 -7.04496e-54 2.31185e-53 3.13323e-53
0.754167 -5.45837e-53 1.77807e-52 2.41028e-52
0.758333 -4.14701e-52 1.341e-51 1.81817e-51
0.7625 -3.08997e-51 9.91878e-51 1.3451e-50
0.766667 -2.25828e-50 7.19613e-50 9.76074e-50
0.770833 -1.61907e-49 5.12161e-49 6.94832e-49
0.775 -1.13887e-48 3.57632e-48 4.85288e-48
0.779167 -7.86055e-48 2.45044e-47 3.32581e-47
0.783333 -5.32428e-47 1.64771e-46 2.23679e-46
0.7875 -3.53955e-46 1.08743e-45 1.47651e-45
0.791667 -2.30975e-45 7.04456e-45 9.56714e-45
0.795833 -1.47966e-44 4.48011e-44 6.08569e-44
0.8 -9.30656e-44 2.7974e-43 3.80074e-43
0.804167 -5.74765e-43 1.71513e-42 2.3308e-42
0.808333 -3.48589e-42 1.03267e-41 1.40367e-41
0.8125 -2.07637e-41 6.10657e-41 8.30218e-41
0.816667 -1.2148e-40 3.54685e-40 4.82316e-40
0.820833 -6.98164e-40 2.02368e-39 2.75248e-39
0.825 -3.94189e-39 1.13432e-38 1.54316e-38
0.829167 -2.18668e-38 6.24685e-38 8.50031e-38
0.833333 -1.1919e-37 3.38035e-37 4.60076e-37
0.8375 -6.38421e-37 1.79752e-36 2.44701e-36
0.841667 -3.36063e-36 9.3936e-36 1.27906e-35
0.845833 -1.73868e-35 4.82473e-35 6.57092e-35
0.85 -8.84168e-35 2.43574e-34 3.31802e-34
0.854167 -4.4198e-34 1.20876e-33 1.64696e-33
0.858333 -2.17197e-33 5.897e-33 8.03652e-33
0.8625 -1.04935e-32 2.82836e-32 3.85537e-32
0.866667 -4.98464e-32 1.33377e-31 1.81847e-31
0.870833 -2.3282e-31 6.18443e-31 8.4337e-31
0.875 -1.06933e-30 2.81979e-30 3.84617e-30
0.879167 -4.8298e-30 1.26433e-29 1.7249e-29
0.883333 -2.14538e-29 5.57513e-29 7.60765e-29
0.8875 -9.37252e-29 2.41782e-28 3.29998e-28
0.891667 -4.02729e-28 1.03132e-27 1.4079e-27
0.895833 -1.70214e-27 4.32696e-27 5.90812e-27
0.9 -7.07658e-27 1.78572e-26 2.43876e-26
0.904167 -2.89414e-26 7.24945e-26 9.90256e-26
0.908333 -1.1644e-25 2.89519e-25 3.95554e-25
0.9125 -4.60878e-25 1.13749e-24 1.55439e-24
0.916667 -1.7947e-24 4.39672e-24 6.00933e-24
0.920833 -6.87594e-24 1.67202e-23 2.2857e-23
0.925 -2.59193e-23 6.25597e-23 8.5537e-23
0.929167 -9.61343e-23 2.30305e-22 3.1495e-22
0.933333 -3.50839e-22 8.34219e-22 1.14102e-21
0.9375 -1.25986e-21 2.97326e-21 4.06745e-21
0.941667 -4.45178e-21 1.04273e-20 1.4267e-20
0.945833 -1.54792e-20 3.59835e-20 4.9242e-20
0.95 -5.29629e-20 1.2219e-19 1.67238e-19
0.954167 -1.78324e-19 4.08292e-19 5.58902e-19
0.958333 -5.90838e-19 1.3425e-18 1.83798e-18
0.9625 -1.92641e-18 4.34379e-18 5.94777e-18
0.966667 -6.1809e-18 1.38303e-17 1.89397e-17
0.970833 -1.95154e-17 4.33319e-17 5.93472e-17
0.975 -6.06351e-17 1.33595e-16 1.82991e-16
0.979167 -1.85391e-16 4.05297e-16 5.55211e-16
0.983333 -5.57783e-16 1.20992e-15 1.6576e-15
0.9875 -1.65138e-15 3.55408e-15 4.86953e-15
0.991667 -4.81091e-15 1.02726e-14 1.40757e-14
0.995833 -1.37909e-14 2.92148e-14 4.0033e-14
1 -3.88987e-14 8.17492e-14 1.12026e-13
1.00417 -1.07954e-13 2.25064e-13 3.08428e-13
1.00833 -2.94771e-13 6.0961e-13 8.35425e-13
1.0125 -7.91877e-13 1.62445e-12 2.22618e-12
1.01667 -2.09284e-12 4.25837e-12 5.83568e-12
1.02083 -5.44126e-12 1.0981e-11 1.50479e-11
1.025 -1.39162e-11 2.78532e-11 3.81668e-11
1.02917 -3.50083e-11 6.94886e-11 9.52123e-11
1.03333 -8.66209e-11 1.70501e-10 2.33596e-10
1.0375 -2.10785e-10 4.11414e-10 5.63595e-10
1.04167 -5.04415e-10 9.76188e-10 1.33709e-09
1.04583 -1.18694e-09 2.27745e-09 3.11891e-09
1.05 -2.74608e-09 5.22374e-09 7.15239e-09
1.05417 -6.246e-09 1.17783e-08 1.61233e-08
1.05833 -1.3965e-08 2.61036e-08 3.5724e-08
1.0625 -3.06886e-08 5.68562e-08 7.77877e-08
1.06667 -6.62752e-08 1.2169e-07 1.66435e-07
1.07083 -1.40637e-07 2.55897e-07 3.49862e-07
1.075 -2.93192e-07 5.28614e-07 7.22422e-07
1.07917 -6.00393e-07 1.0725e-06 1.46504e-06
1.08333 -1.20745e-06 2.13677e-06 2.91737e-06
1.0875 -2.38433e-06 4.17955e-06 5.70323e-06
1.09167 -4.62202e-06 8.02448e-06 1.09431e-05
1.09583 -8.79354e-06 1.51186e-05 2.06034e-05
1.1 -1.64154e-05 2.79449e-05 3.80543e-05
1.10417 -3.00589e-05 5.06595e-05 6.89294e-05
1.10833 -5.39758e-05 9.00434e-05 0.000122406
1.1125 -9.50132e-05 0.000156865 0.000213031
1.11667 -0.000163897 0.000267746 0.000363214
1.12083 -0.000276943 0.000447568 0.000606422
1.125 -0.000458192 0.000732385 0.000991008
1.12917 -0.000741884 0.00117259 0.00158433
1.13333 -0.00117495 0.00183583 0.00247644
1.1375 -0.00181904 0.00280884 0.00378218
1.14167 -0.0027511 0.00419688 0.00563991
1.14583 -0.00406147 0.00611899 0.00820458
1.15 -0.00584783 0.00869745 0.0116327
1.15417 -0.00820365 0.0120393 0.016057
1.15833 -0.0111999 0.0162097 0.0215497
1.1625 -0.0148599 0.021197 0.0280763
1.16667 -0.0191292 0.026874 0.0354436
1.17083 -0.0238439 0.0329611 0.0432532
1.175 -0.0287048 0.0390016 0.0508713
1.17917 -0.0332661 0.0443616 0.0574341
1.18333 -0.0369484 0.0482655 0.0619011
1.1875 -0.0390857 0.0498753 0.0631687
1.19167 -0.039008 0.048414 0.0602391
1.19583 -0.0361566 0.043319 0.0524278
1.2 -0.0302142 0.0343997 0.0395705
1.20417 -0.0212248 0.021962 0.0221791
1.20833 -0.00966879 0.00685784 0.00149162
1.2125 0.00353738 -0.00957276 -0.0206243
1.21667 0.0171367 -0.025677 -0.0419241
1.22083 0.0297182 -0.0397601 -0.0601588
1.225 0.0399617 -0.0503951 -0.0734873
1.22917 0.0468847 -0.0566914 -0.0808207
1.23333 0.0500217 -0.0584444 -0.0819943
1.2375 0.0494815 -0.0561142 -0.0777118
1.24167 0.0458613 -0.0506413 -0.0692775
1.24583 0.0400483 -0.0431652 -0.0582187
1.25 0.0329826 -0.0347553 -0.0459463
1.25417 0.0254781 -0.0262644 -0.0335936
1.25833 0.0181725 -0.0183603 -0.022091
1.2625 0.0116185 -0.0117047 -0.0124134
1.26667 0.0064511 -0.0071565 -0.00582393
1.27083 0.00350853 -0.00584293 -0.00390466
1.275 0.00378726 -0.00898104 -0.00824368
1.27917 0.00818114 -0.0174553 -0.0198234
1.28333 0.017074 -0.0313036 -0.038351
1.2875 0.0299628 -0.0493616 -0.061879
1.29167 0.0453236 -0.0692951 -0.0869958
1.29583 0.0608536 -0.0880943 -0.109628
1.3 0.0740517 -0.102877 -0.126177
1.30417 0.0829179 -0.111665 -0.134499
1.30833 0.0864535 -0.113763 -0.134247
1.3125 0.0847155 -0.109559 -0.126395
1.31667 0.0783944 -0.0998424 -0.112197
1.32083 0.0681459 -0.085045 -0.0921702
1.325 0.0540647 -0.06485 -0.0657252
1.32917 0.0356315 -0.0384493 -0.0317084
1.33333 0.012202 -0.0053431 0.0103966
1.3375 -0.016217 0.0337544 0.059302
1.34167 -0.0483552 0.0764397 0.111491
1.34583 -0.0816097 0.118882 0.161834
1.35 -0.112592 0.156709 0.204941
1.35417 -0.138007 0.186054 0.236502
1.35833 -0.155396 0.204253 0.253963
1.3625 -0.163416 0.20994 0.25634
1.36667 -0.16163 0.202746 0.243596
1.37083 -0.150156 0.182998 0.216246
1.375 -0.129523 0.151772 0.175572
1.37917 -0.100887 0.111224 0.124233
1.38333 -0.066363 0.0648251 0.0666059
1.3875 -0.0290769 0.0170614 0.00830611
1.39167 0.00731564 -0.0274469 -0.0450814
1.39583 0.0394791 -0.0649938 -0.0893437
1.4 0.0651257 -0.0933873 -0.122214
1.40417 0.0831717 -0.111767 -0.14287
1.40833 0.0932895 -0.119898 -0.150923
1.4125 0.09531 -0.117618 -0.145884
1.41667 0.0890695 -0.105016 -0.12776
1.42083 0.0749321 -0.0832846 -0.0983954
1.425 0.0545885 -0.0554936 -0.0623656
1.42917 0.0313682 -0.026448 -0.0263296
1.43333 0.00953563 -0.00133095 0.0031951
1.4375 -0.00721865 0.0162045 0.0223932
1.44167 -0.017202 0.0253137 0.0313745
1.44583 -0.0211138 0.027756 0.0332206
1.45 -0.0211396 0.0263629 0.0315534
1.45417 -0.0193954 0.0232659 0.0283694
1.45833 -0.0168161 0.019081 0.0235895
1.4625 -0.0131882 0.013454 0.0163719
1.46667 -0.00810792 0.00630287 0.00686616
1.47083 -0.00194876 -0.00138137 -0.00313142
1.475 0.00398907 -0.00782745 -0.0110873
1.47917 0.00820821 -0.0115361 -0.0152912
1.48333 0.00992579 -0.0121333 -0.0156758
1.4875 0.00937839 -0.0103299 -0.0133082
1.49167 0.0073512 -0.00715824 -0.00924503
1.49583 0.00448822 -0.00329476 -0.00397268
1.5 0.00108359 0.000904827 0.00206615
1.50417 -0.00250943 0.00483312 0.00759421
1.50833 -0.00541591 0.00731194 0.0104936
1.5125 -0.00640574 0.00710371 0.00907896
1.51667 -0.00474842 0.00395832 0.00367539
1.52083 -0.00103706 -0.000779013 -0.00303973
1.525 0.00287814 -0.00474082 -0.00755046
1.52917 0.0049934 -0.00602223 -0.00783762
1.53333 0.00448963 -0.00443538 -0.00465792
1.5375 0.00221462 -0.00150064 -0.000711788
1.54167 -9.08982e-05 0.00081109 0.00155655
1.54583 -0.00115384 0.00151793 0.0016451
1.55 -0.000971716 0.0010779 0.000842881
1.55417 -0.000462539 0.000605668 0.000620306
1.55833 -0.000413574 0.00069374 0.00118127
1.5625 -0.000750716 0.000935568 0.00146829
1.56667 -0.000752071 0.000500786 0.000435922
1.57083 0.000101098 -0.000882926 -0.00174729
1.575 0.00150259 -0.00250507 -0.00370052
1.57917 0.00250283 -0.00318534 -0.00394654
1.58333 0.00228492 -0.002242 -0.00208057
1.5875 0.000828581 -8.67347e-05 0.000944934
1.59167 -0.0010552 0.00199542 0.00346869
1.59583 -0.00225654 0.00265881 0.00407946
1.6 -0.00202243 0.00132288 0.0023158
1.60417 -0.000356194 -0.00146067 -0.00106377
1.60833 0.00195657 -0.00425641 -0.00426632
1.6125 0.00367365 -0.00550216 -0.00523252
1.61667 0.00372484 -0.00446001 -0.00292221
1.62083 0.00194277 -0.00184503 0.00159596
1.625 -0.000579312 0.000406612 0.00536035
1.62917 -0.00198854 0.000337624 0.00543588
1.63333 -0.000955334 -0.0025419 0.00135251
1.6375 0.00214713 -0.00665038 -0.00407345
1.64167 0.00526765 -0.00932529 -0.0066726
1.64583 0.00615411 -0.00883576 -0.00431652
1.65 0.00419964 -0.0058131 0.00114345
1.65417 0.00104077 -0.00279646 0.00529859
1.65833 -0.000748408 -0.0021573 0.00488662
1.6625 0.00018497 -0.00413984 0.000514959
1.66667 0.00285601 -0.00671505 -0.00402647
1.67083 0.00485549 -0.00734463 -0.00514702
1.675 0.00443174 -0.00506121 -0.00238942
1.67917 0.00185629 -0.00107641 0.00160755
1.68333 -0.00104467 0.00244178 0.00371877
1.6875 -0.00256998 0.00415709 0.00286834
1.69167 -0.00242112 0.00435639 0.000356265
1.69583 -0.00158586 0.00431891 -0.00175629
1.7 -0.00125767 0.00512746 -0.00229275
1.70417 -0.00194685 0.00700304 -0.00131115
1.70833 -0.00341027 0.00944381 0.000479348
1.7125 -0.00507329 0.011694 0.00217814
1.71667 -0.00634926 0.0130978 0.00279664
1.72083 -0.00676478 0.0133601 0.00163923
1.725 -0.00619457 0.0128384 -0.000871455
1.72917 -0.00519596 0.0126039 -0.00291679
1.73333 -0.00491478 0.0138625 -0.00252596
1.7375 -0.00623936 0.0169221 0.000383373
1.74167 -0.00881534 0.0206565 0.00336189
1.74583 -0.011061 0.0232616 0.00343535
1.75 -0.0115125 0.0238425 0.000156295
1.75417 -0.0103205 0.0232828 -0.00353757
1.75833 -0.00924672 0.0233243 -0.00400809
1.7625 -0.00990171 0.0245971 -0.000682067
1.76667 -0.011917 0.0256123 0.00311231
1.77083 -0.0130508 0.0239193 0.00342202
1.775 -0.0113105 0.0183993 -0.000204582
1.77917 -0.00696599 0.0103711 -0.00416349
1.78333 -0.00229939 0.00232566 -0.00454518
1.7875 0.000713226 -0.004426 -0.00124192
1.79167 0.00235318 -0.0107431 0.00201446
1.79583 0.00465777 -0.0182745 0.00171852
1.8 0.00902044 -0.0272287 -0.00168263
1.80417 0.0145065 -0.0357108 -0.00443421
1.80833 0.018704 -0.0413349 -0.00366592
1.8125 0.0201461 -0.0433608 -0.000432439
1.81667 0.0196471 -0.0430752 0.00168882
1.82083 0.019151 -0.042105 0.000699163
1.825 0.0194734 -0.0406242 -0.00171509
1.82917 0.0194992 -0.0374601 -0.00235068
1.83333 0.0176742 -0.0318779 -0.00027334
1.8375 0.0139889 -0.024881 0.00220934
1.84167 0.0101279 -0.0184714 0.00243016
1.84583 0.00764816 -0.0137663 0.000582205
1.85 0.00637857 -0.0102327 -0.000601501
1.85417 0.00494432 -0.00689986 0.000704179
1.85833 0.00272076 -0.00393519 0.00308714
1.8625 0.000758847 -0.00252813 0.00362214
1.86667 0.00048718 -0.00321675 0.00159004
1.87083 0.00179628 -0.00485351 -0.000461613
1.875 0.00296194 -0.00564395 0.000198047
1.87917 0.00260848 -0.00503085 0.00297669
1.88333 0.00130812 -0.00406695 0.00448548
1.8875 0.000779423 -0.00381101 0.00265377
1.89167 0.00162281 -0.00376547 -0.00058912
1.89583 0.00240228 -0.00228184 -0.00150508
1.9 0.00125605 0.00160514 0.000922795
1.90417 -0.00190106 0.00712957 0.00363834
1.90833 -0.00525319 0.0126837 0.00306295
1.9125 -0.00718465 0.0175216 -0.000663474
1.91667 -0.00811155 0.0223745 -0.00378699
1.92083 -0.00992094 0.0283781 -0.00324014
1.925 -0.0136838 0.0354298 -0.00012186
1.92917 -0.0182116 0.0416243 0.00157725
1.93333 -0.0210399 0.0444821 -0.000525388
1.9375 -0.0208055 0.0430219 -0.00451647
1.94167 -0.0185277 0.0386267 -0.00623891
1.94583 -0.0164015 0.0335037 -0.00385453
1.95 -0.0153071 0.028158 3.33808e-05
1.95417 -0.0137531 0.0209099 0.00114304
1.95833 -0.00963668 0.0104418 -0.0016642
1.9625 -0.00303086 -0.00159694 -0.00489323
1.96667 0.00333505 -0.0115497 -0.00428841
1.97083 0.00683058 -0.0175398 9.53501e-05
1.975 0.00783285 -0.0213221 0.00370491
1.97917 0.00912342 -0.0256037 0.00280284
1.98333 0.0122957 -0.030237 -0.000983939
1.9875 0.015623 -0.0323171 -0.00262996
1.99167 0.0161565 -0.0299555 8.78415e-05
1.99583 0.0133858 -0.0246014 0.00393463
2 0.00977874 -0.0190637 0.00440872
2.00417 0.00768006 -0.0143382 0.00127806
2.00833 0.00673419 -0.00943529 -0.00151679
2.0125 0.00494853 -0.00369088 -0.000981084
2.01667 0.00155387 0.0020785 0.00161072
2.02083 -0.00212005 0.00668782 0.00289866
2.025 -0.00438463 0.00971319 0.0015671
2.02917 -0.00493107 0.0112837 -0.000700928
2.03333 -0.00472592 0.0117648 -0.00165284
2.0375 -0.00486163 0.0120619 -0.000743657
2.04167 -0.00576672 0.0132373 0.000816039
2.04583 -0.007029 0.0150915 0.00141961
2.05 -0.00769353 0.0159327 0.000457751
2.05417 -0.00714207 0.0146649 -0.00105481
2.05833 -0.00592528 0.0124134 -0.00133739
2.0625 -0.0052476 0.0109088 0.000117329
2.06667 -0.00532247 0.00977453 0.00164127
2.07083 -0.00485873 0.00698906 0.001354
2.075 -0.00277871 0.00206014 -0.000241384
2.07917 0.000118112 -0.00293994 -0.00086861
2.08333 0.00211799 -0.00612109 0.000242252
2.0875 0.00289149 -0.00807138 0.00124698
2.09167 0.00369176 -0.0103528 0.000559319
2.09583 0.00523136 -0.0129121 -0.000736645
2.1 0.00661874 -0.0144498 -0.000756449
2.10417 0.00690825 -0.0146359 0.000110028
2.10833 0.00657594 -0.0143342 -2.58439e-05
2.1125 0.00655399 -0.0138646 -0.00127474
2.11667 0.00662614 -0.0125847 -0.00173406
2.12083 0.00590288 -0.0102858 -0.000694634
2.125 0.00440276 -0.00761972 0.000145195
2.12917 0.00298781 -0.0049215 -0.00050852
2.13333 0.00194686 -0.00192886 -0.00148267
2.1375 0.000793451 0.00106185 -0.00117457
2.14167 -0.000581004 0.00318565 -4.36812e-05
2.14583 -0.00169995 0.00457122 0.000495094
2.15 -0.00251092 0.00635532 0.000365409
2.15417 -0.0034225 0.00850469 0.000296494
2.15833 -0.00418857 0.0093943 0.000136633
2.1625 -0.00408745 0.00859004 -0.000366103
2.16667 -0.00351992 0.0080774 -0.000163228
2.17083 -0.00384106 0.00901741 0.00137198
2.175 -0.00491577 0.00924395 0.0022425
2.17917 -0.00464576 0.00655275 0.000334034
2.18333 -0.00224513 0.00290347 -0.00233957
2.1875 -0.000194924 0.00193647 -0.00162005
2.19167 -0.000837561 0.00308563 0.00208403
2.19583 -0.00243885 0.00216936 0.00331314
2.2 -0.00146798 -0.0018962 -0.000329818
2.20417 0.00188739 -0.0052645 -0.00380645
2.20833 0.0038003 -0.00543751 -0.00188311
2.2125 0.00266852 -0.00510691 0.00272212
2.21667 0.0014371 -0.00708212 0.00333301
2.22083 0.0027193 -0.00925208 -0.000595
2.225 0.00479085 -0.0084333 -0.00307985
2.22917 0.0047534 -0.00617764 -0.000978068
2.23333 0.00312651 -0.00603189 0.00201581
2.2375 0.00235669 -0.00711352 0.00199391
2.24167 0.00259833 -0.00577724 0.000220949
2.24583 0.0022453 -0.00256925 -0.000517421
2.25 0.00142781 -0.00154973 -0.000454309
2.25417 0.00144761 -0.00257352 -0.000607187
2.25833 0.00140974 -0.000689076 0.00012047
2.2625 -0.000735899 0.00506743 0.00196258
2.26667 -0.00380362 0.00873886 0.00188755
2.27083 -0.00415949 0.00672422 -0.00152876
2.275 -0.0017479 0.00406204 -0.00390871
2.27917 -0.00104096 0.00637581 -0.000999589
2.28333 -0.00404036 0.0104529 0.00354346
2.2875 -0.00649797 0.00942821 0.0026172
2.29167 -0.00431108 0.00407513 -0.00306306
2.29583 -0.000173988 0.0013859 -0.00523082
2.3 0.000472324 0.00319615 -0.000561642
2.30417 -0.00221012 0.00398816 0.00416118
2.30833 -0.00312785 0.000683851 0.00241765
2.3125 -0.000359976 -0.00272845 -0.00260675
2.31667 0.00244721 -0.0026854 -0.00363718
2.32083 0.00227116 -0.00175576 4.42384e-05
2.325 0.000793426 -0.00333916 0.0030107
2.32917 0.000803134 -0.00586158 0.00218261
2.33333 0.00215673 -0.0063559 -0.000326327
2.3375 0.00324063 -0.00567914 -0.00167501
2.34167 0.00362078 -0.00584855 -0.00118122
2.34583 0.00333008 -0.00559377 0.000659752
2.35 0.00192563 -0.00308476 0.0024296
2.35417 6.73581e-05 -0.000358236 0.00180357
2.35833 -0.000230196 -0.000385034 -0.00137865
2.3625 0.00126328 -0.00182132 -0.00324034
2.36667 0.00188089 -0.00125889 -0.00075914
2.37083 5.81025e-05 0.00102219 0.00284114
2.375 -0.0019126 0.00215655 0.00213894
2.37917 -0.0015096 0.00204088 -0.0020118
2.38333 -7.45145e-05 0.00275182 -0.00348381
2.3875 -0.00035481 0.00382988 -0.00039005
2.39167 -0.00190947 0.00324658 0.00230879
2.39583 -0.00232366 0.00216142 0.00104428
2.4 -0.00152458 0.00322605 -0.00133928
2.40417 -0.00128031 0.0047937 -0.00133321
2.40833 -0.00147911 0.00300199 -0.000171583
2.4125 -0.00073089 -0.000515575 -7.8063e-05
2.41667 0.00010007 -0.000176713 7.84124e-05
2.42083 -0.000854569 0.00337766 0.00132276
2.425 -0.0021069 0.00286528 0.00118222
2.42917 -0.000445252 -0.00312063 -0.00152347
2.43333 0.00283578 -0.00599339 -0.00262554
2.4375 0.00271549 -0.000904793 0.000972711
2.44167 -0.00116317 0.00390367 0.00447176
2.44583 -0.00265969 -0.000322467 0.00176454
2.45 0.00133701 -0.00793913 -0.0037618
2.45417 0.00517247 -0.00736167 -0.00336632
2.45833 0.00299319 4.19736e-05 0.00287183
2.4625 -0.00170638 0.00223048 0.00529963
2.46667 -0.00158092 -0.0034221 -0.000106862
2.47083 0.00265577 -0.00593997 -0.0050649
2.475 0.00353261 0.000449515 -0.00211588
2.47917 -0.000850436 0.00642421 0.0036808
2.48333 -0.00389659 0.00330101 0.00327541
2.4875 -0.00148197 -0.00247607 -0.00207753
2.49167 0.0016725 -0.00054516 -0.00376529
2.49583 0.000305571 0.00592525 0.000106945
2.5 -0.0029524 0.00613752 0.00281215
2.50417 -0.00274941 0.000205138 0.000771521
2.50833 -5.61865e-05 -0.00148658 -0.00151368
2.5125 0.000228591 0.00365641 -0.000215895
2.51667 -0.00200242 0.0063294 0.0017336
2.52083 -0.00238818 0.00173658 0.000906349
2.525 -0.000181333 -0.0022765 -0.000465943
2.52917 0.000567591 0.000856003 0.000721722
2.53333 -0.00145964 0.00500422 0.00229528
2.5375 -0.0023164 0.00214097 0.000832137
2.54167 0.000151943 -0.00366218 -0.00162179
2.54583 0.00222913 -0.0032325 -0.000762739
2.55 0.00060777 0.00206737 0.00218425
2.55417 -0.00183309 0.00292087 0.00211319
2.55833 -0.000839278 -0.00209712 -0.00126302
2.5625 0.00206429 -0.00467308 -0.00266634
2.56667 0.0022718 -0.00127584 1.89078e-05
2.57083 -0.000149686 0.0013259 0.00226912
2.575 -0.000820556 -0.00177084 0.000430059
2.57917 0.00148526 -0.00547576 -0.00251301
2.58333 0.00306622 -0.00402215 -0.00216609
2.5875 0.00171185 -0.000674027 0.000303504
2.59167 8.41368e-05 -0.0014031 0.00070683
2.59583 0.000837281 -0.00453733 -0.00128928
2.6 0.00233877 -0.0042028 -0.00234083
2.60417 0.00187697 -0.000537549 -0.00120982
2.60833 0.000159013 0.00109643 -0.000124715
2.6125 -0.000364015 -0.000567961 -0.000540566
2.61667 0.000342484 -0.00130723 -0.0011709
2.62083 0.000392752 0.000787263 -0.00078485
2.625 -0.000540235 0.00248792 -9.02047e-05
2.62917 -0.00101178 0.00154608 2.8203e-05
2.63333 -0.000564503 0.00029949 -1.81027e-05
2.6375 -0.000318104 0.001205 0.000329801
2.64167 -0.000849978 0.00287413 0.000768834
2.64583 -0.00138347 0.00285927 0.000947296
2.65 -0.00125668 0.00145747 0.00102767
2.65417 -0.000774148 0.00057076 0.00103899
2.65833 -0.000432233 0.000790624 0.000788972
2.6625 -0.000361565 0.00135788 0.00056395
2.66667 -0.00056128 0.0015931 0.000764043
2.67083 -0.000831176 0.00116952 0.000879553
2.675 -0.000645817 0.000138695 0.000148263
2.67917 0.000105807 -0.000656981 -0.000842024
2.68333 0.000616585 -0.000424113 -0.000750128
2.6875 0.000271956 9.19506e-05 0.000240034
2.69167 -0.000212823 -0.000495843 0.000439145
2.69583 0.000170613 -0.00173663 -0.000663383
2.7 0.00100037 -0.00175488 -0.00145
2.70417 0.00102272 -0.000466976 -0.000682295
2.70833 0.000225727 -5.38784e-05 0.000561828
2.7125 -0.000106938 -0.00136822 0.000579438
2.71667 0.000508207 -0.00225233 -0.000443833
2.72083 0.00100187 -0.000952069 -0.000901753
2.725 0.000516741 0.000868101 -0.000139902
2.72917 -0.000276143 0.000609437 0.000851786
2.73333 -0.000313268 -0.0012199 0.000959566
2.7375 0.000294182 -0.00184852 0.000234124
2.74167 0.00062743 -0.00042349 -0.000442554
2.74583 0.00033057 0.00107139 -0.000412633
2.75 -0.000168766 0.00110562 0.000179888
2.75417 -0.000495977 0.00058292 0.000594963
2.75833 -0.000657821 0.000809909 0.000255817
2.7625 -0.000634303 0.00126419 -0.000547113
2.76667 -0.000289367 0.000676036 -0.00084967
2.77083 0.000214357 -0.000701271 -0.000149947
2.775 0.000411237 -0.00133179 0.000814419
2.77917 0.000148521 -0.000587019 0.000839658
2.78333 -0.000149366 0.00048246 -0.000182411
2.7875 -7.30812e-05 0.000661883 -0.000982892
2.79167 0.000190458 3.14491e-05 -0.000509043
2.79583 0.000161977 -0.000361873 0.000624138
2.8 -0.000227925 0.00016961 0.000890803
2.80417 -0.000564984 0.00118042 -8.81379e-05
2.80833 -0.000510427 0.00149993 -0.00101943
2.8125 -0.000156609 0.000501729 -0.000692399
2.81667 0.000159559 -0.000942628 0.000435285
2.82083 0.000195866 -0.00122758 0.000923374
2.825 -1.01099e-05 -3.16633e-05 0.000202512
2.82917 -0.000166708 0.00112184 -0.000829013
2.83333 -6.28381e-05 0.000960975 -0.000938682
2.8375 4.3121e-05 0.000279397 7.48628e-05
2.84167 -0.00030135 0.00050448 0.00114119
2.84583 -0.000890524 0.0011887 0.00101149
2.85 -0.000815624 0.000655201 -0.000238446
2.85417 0.00023612 -0.00106543 -0.00103066
2.85833 0.00117641 -0.00190824 -0.000174153
2.8625 0.000823711 -0.000825428 0.00131889
2.86667 -0.000334049 0.000613864 0.0013368
2.87083 -0.000702708 0.000572044 -0.000356545
2.875 0.000160103 -0.000509018 -0.00157479
2.87917 0.000934481 -0.000838673 -0.000709851
2.88333 0.000455347 0.000156062 0.000995342
2.8875 -0.000702375 0.00127779 0.00122871
2.89167 -0.00108825 0.00114563 -0.000237436
2.89583 -0.00022739 -0.000338827 -0.00144489
2.9 0.000933707 -0.00186413 -0.000927626
2.90417 0.0011826 -0.00190259 0.000606979
2.90833 0.000344903 -0.000468944 0.00131107
2.9125 -0.000504418 0.000563752 0.000311406
2.91667 -0.000220348 -0.000233283 -0.00128509
2.92083 0.000903286 -0.00165358 -0.00146772
2.925 0.00128654 -0.00140597 0.000283032
2.92917 0.000184935 0.000406901 0.00196263
2.93333 -0.00102591 0.00133453 0.00136875
2.9375 -0.00066234 0.000360017 -0.000710324
2.94167 0.000721132 -0.000574485 -0.00121542
2.94583 0.00102778 0.000238374 0.000905323
2.95 -0.000251376 0.00158633 0.00300689
2.95417 -0.00121762 0.00136654 0.00246766
2.95833 -0.000332844 -0.000192038 0.000455053
2.9625 0.00141096 -0.00107523 0.000221193
2.96667 0.00198752 -0.000423815 0.00261899
2.97083 0.00107404 0.000593794 0.0052267
2.975 0.000295765 0.000507644 0.00573938
2.97917 0.00110393 -0.000858579 0.00473135
2.98333 0.0031288 -0.00233208 0.00474253
2.9875 0.00466758 -0.00255013 0.00731952
2.99167 0.00465099 -0.00158767 0.0112163
2.99583 0.0040719 -0.00128611 0.013655
