0 0 0 0
0.00416667 0 0 0
0.00833333 0 0 0
0.0125 0 0 0
0.0166667 0 0 0
0.0208333 0 0 0
0.025 0 0 0
0.0291667 0 0 0
0.0333333 0 0 0
0.0375 0 0 0
0.0416667 0 0 0
0.0458333 0 0 0
0.05 0 0 0
0.0541667 0 0 0
0.0583333 0 0 0
0.0625 0 0 0
0.0666667 0 0 0
0.0708333 0 0 0
0.075 0 0 0
0.0791667 0 0 0
0.0833333 0 0 0
0.0875 0 0 0
0.0916667 0 0 0
0.0958333 0 0 0
0.1 0 0 0
0.104167 0 0 0
0.108333 0 0 0
0.1125 0 0 0
0.116667 0 0 0
0.120833 0 0 0
0.125 0 0 0
0.129167 0 0 0
0.133333 0 0 0
0.1375 0 0 0
0.141667 0 0 0
0.145833 0 0 0
0.15 0 0 0
0.154167 0 0 0
0.158333 0 0 0
0.1625 0 0 0
0.166667 0 0 0
0.170833 0 0 0
0.175 0 0 0
0.179167 0 0 0
0.183333 0 0 0
0.1875 0 0 0
0.191667 -5.00884e-320 1.17094e-321 1.48801e-318
0.195833 -4.39793e-316 1.92117e-317 1.27306e-314
0.2 -3.18071e-312 2.03873e-313 9.00283e-311
0.204167 -1.91831e-308 1.67257e-309 5.31086e-307
0.208333 -9.73009e-305 1.09801e-305 2.63561e-303
0.2125 -4.18391e-301 5.89032e-302 1.10915e-299
0.216667 -1.53656e-297 2.6205e-298 3.98767e-296
0.220833 -4.85302e-294 9.77865e-295 1.23331e-292
0.225 -1.32653e-290 3.08933e-291 3.30217e-289
0.229167 -3.15616e-287 8.32896e-288 7.69855e-286
0.233333 -6.57034e-284 1.92969e-284 1.57093e-282
0.2375 -1.20231e-280 3.86604e-281 2.81885e-279
0.241667 -1.942e-277 6.73585e-278 4.46646e-276
0.245833 -2.77908e-274 1.02595e-274 6.27268e-273
0.25 -3.53541e-271 1.37267e-271 7.8345e-270
0.254167 -4.01057e-268 1.62053e-268 8.7293e-267
0.258333 -4.06867e-265 1.69522e-265 8.70173e-264
0.2625 -3.70135e-262 1.57757e-262 7.78152e-261
0.266667 -3.02731e-259 1.31088e-259 6.25861e-258
0.270833 -2.2317e-256 9.76053e-257 4.5387e-255
0.275 -1.48649e-253 6.53387e-254 2.97494e-252
0.279167 -8.96753e-251 3.94483e-251 1.76664e-249
0.283333 -4.91121e-248 2.15454e-248 9.52699e-247
0.2875 -2.44741e-245 1.06756e-245 4.67615e-244
0.291667 -1.11227e-242 4.81208e-243 2.09372e-241
0.295833 -4.62011e-240 1.97837e-240 8.57037e-239
0.3 -1.75782e-237 7.43711e-238 3.21412e-236
0.304167 -6.13889e-235 2.56248e-235 1.10666e-233
0.308333 -1.97193e-232 8.11093e-233 3.50547e-231
0.3125 -5.83779e-230 2.36369e-230 1.02358e-228
0.316667 -1.5959e-227 6.35532e-228 2.76045e-226
0.320833 -4.0363e-225 1.57976e-225 6.88872e-224
0.325 -9.46189e-223 3.63745e-223 1.59365e-221
0.329167 -2.05951e-220 7.77272e-221 3.42382e-219
0.333333 -4.16956e-218 1.54419e-218 6.84293e-217
0.3375 -7.86472e-216 2.85718e-216 1.27441e-214
0.341667 -1.38435e-213 4.93187e-214 2.2152e-212
0.345833 -2.27753e-211 7.95471e-212 3.59945e-210
0.35 -3.5075e-209 1.20076e-209 5.47565e-208
0.354167 -5.06388e-207 1.69886e-207 7.81e-206
0.358333 -6.86347e-205 2.25614e-205 1.04592e-203
0.3625 -8.7454e-203 2.81637e-203 1.31699e-201
0.366667 -1.04899e-200 3.30917e-201 1.56126e-199
0.370833 -1.18601e-198 3.6646e-199 1.7448e-197
0.375 -1.26552e-196 3.82971e-197 1.84051e-195
0.379167 -1.27599e-194 3.78156e-195 1.83475e-193
0.383333 -1.21713e-192 3.53232e-193 1.73053e-191
0.3875 -1.09962e-190 3.12495e-191 1.5461e-189
0.391667 -9.41932e-189 2.6211e-189 1.30989e-187
0.395833 -7.65888e-187 2.08677e-187 1.05351e-185
0.4 -5.91732e-185 1.57858e-185 8.05197e-184
0.404167 -4.34849e-183 1.1358e-183 5.85415e-182
0.408333 -3.04251e-181 7.78059e-182 4.05276e-180
0.4125 -2.02872e-179 5.0794e-180 2.6741e-178
0.416667 -1.29037e-177 3.16307e-178 1.68324e-176
0.420833 -7.83601e-176 1.8806e-176 1.01169e-174
0.425 -4.54724e-174 1.06845e-174 5.81114e-173
0.429167 -2.52371e-172 5.80562e-173 3.19266e-171
0.433333 -1.34071e-170 3.01959e-171 1.67914e-169
0.4375 -6.82315e-169 1.50456e-169 8.46093e-168
0.441667 -3.32915e-167 7.18738e-168 4.08773e-166
0.445833 -1.55849e-165 3.29429e-166 1.89498e-164
0.45 -7.00514e-164 1.44977e-164 8.43535e-163
0.454167 -3.02538e-162 6.13047e-163 3.60816e-161
0.458333 -1.25631e-160 2.4926e-161 1.48409e-159
0.4625 -5.01958e-159 9.75149e-160 5.8738e-158
0.466667 -1.93098e-157 3.67317e-158 2.23847e-156
0.470833 -7.15664e-156 1.33303e-156 8.21936e-155
0.475 -2.55702e-154 4.66387e-155 2.90971e-153
0.479167 -8.81289e-153 1.57407e-153 9.9369e-152
0.483333 -2.93171e-151 5.1278e-152 3.27568e-150
0.4875 -9.41879e-150 1.61333e-150 1.04292e-148
0.491667 -2.92406e-148 4.90509e-149 3.20886e-147
0.495833 -8.77681e-147 1.44193e-147 9.54637e-146
0.5 -2.54848e-145 4.10065e-146 2.74757e-144
0.504167 -7.16226e-144 1.12876e-144 7.65438e-143
0.508333 -1.94924e-142 3.00892e-143 2.06512e-141
0.5125 -5.13975e-141 7.77143e-142 5.39844e-140
0.516667 -1.31369e-139 1.94571e-140 1.36801e-138
0.520833 -3.25624e-138 4.72445e-139 3.36211e-137
0.525 -7.83104e-137 1.11306e-137 8.01745e-136
0.529167 -1.82807e-135 2.54552e-136 1.85591e-134
0.533333 -4.14412e-134 5.65352e-135 4.17221e-133
0.5375 -9.12687e-133 1.21992e-133 9.11278e-132
0.541667 -1.95365e-131 2.55858e-132 1.93461e-130
0.545833 -4.06614e-130 5.21794e-131 3.99365e-129
0.55 -8.23203e-129 1.03516e-129 8.0197e-128
0.554167 -1.62177e-127 1.99847e-128 1.5672e-126
0.558333 -3.11025e-126 3.75605e-127 2.98153e-125
0.5625 -5.80882e-125 6.87502e-126 5.52407e-124
0.566667 -1.05688e-123 1.22599e-124 9.97119e-123
0.570833 -1.87398e-122 2.13069e-123 1.75411e-121
0.575 -3.23935e-121 3.61021e-122 3.00842e-120
0.579167 -5.46076e-120 5.96584e-121 5.03204e-119
0.583333 -8.98041e-119 9.61794e-120 8.21139e-118
0.5875 -1.44122e-117 1.51324e-118 1.30767e-116
0.591667 -2.25784e-116 2.32428e-117 2.03297e-115
0.595833 -3.45399e-115 3.48625e-116 3.08635e-114
0.6 -5.16118e-114 5.108e-115 4.57697e-113
0.604167 -7.53538e-113 7.31302e-114 6.63217e-112
0.608333 -1.07527e-111 1.02334e-112 9.39304e-111
0.6125 -1.50005e-110 1.40007e-111 1.30063e-109
0.616667 -2.04643e-109 1.87328e-110 1.76123e-108
0.620833 -2.73089e-108 2.45188e-109 2.333e-107
0.625 -3.56574e-107 3.1402e-108 3.02388e-106
0.629167 -4.55662e-106 3.9363e-107 3.83601e-105
0.633333 -5.7003e-105 4.83066e-106 4.76401e-104
0.6375 -6.9827e-104 5.80524e-105 5.79363e-103
0.641667 -8.37774e-103 6.83341e-104 6.90117e-102
0.645833 -9.84722e-102 7.88067e-103 8.05365e-101
0.65 -1.13419e-100 8.90638e-102 9.2101e-100
0.654167 -1.28041e-99 9.86624e-101 1.03238e-98
0.658333 -1.41708e-98 1.07155e-99 1.13452e-97
0.6625 -1.53789e-97 1.14126e-98 1.2226e-96
0.666667 -1.63695e-96 1.19223e-97 1.29225e-95
0.670833 -1.70929e-95 1.22188e-96 1.33997e-94
0.675 -1.75129e-94 1.22882e-95 1.36339e-93
0.679167 -1.76098e-93 1.21289e-94 1.36147e-92
0.683333 -1.73816e-92 1.17522e-93 1.3346e-91
0.6875 -1.68442e-91 1.11807e-92 1.28449e-90
0.691667 -1.60295e-90 1.04461e-91 1.21404e-89
0.695833 -1.49825e-89 9.58634e-91 1.12704e-88
0.7 -1.37569e-88 8.64273e-90 1.02786e-87
0.704167 -1.24112e-87 7.65642e-89 9.21067e-87
0.708333 -1.10036e-86 6.66585e-88 8.11134e-86
0.7125 -9.58881e-86 5.70448e-87 7.02123e-85
0.716667 -8.21443e-85 4.79935e-86 5.97486e-84
0.720833 -6.91906e-84 3.97035e-85 4.9993e-83
0.725 -5.7312e-83 3.23017e-84 4.11369e-82
0.729167 -4.66921e-82 2.58491e-83 3.32938e-81
0.733333 -3.74206e-81 2.03496e-82 2.65078e-80
0.7375 -2.95064e-80 1.57625e-81 2.07651e-79
0.741667 -2.28942e-79 1.20149e-80 1.60069e-78
0.745833 -1.74825e-78 9.01375e-80 1.21439e-77
0.75 -1.31407e-77 6.65651e-79 9.06895e-77
0.754167 -9.72364e-77 4.83956e-78 6.66747e-76
0.758333 -7.08436e-76 3.46454e-77 4.82653e-75
0.7625 -5.08268e-75 2.44245e-76 3.44063e-74
0.766667 -3.59142e-74 1.69592e-75 2.41563e-73
0.770833 -2.49964e-73 1.15996e-74 1.6706e-72
0.775 -1.71391e-72 7.81625e-74 1.1382e-71
0.779167 -1.15785e-71 5.1895e-73 7.64063e-71
0.783333 -7.7077e-71 3.39531e-72 5.05425e-70
0.7875 -5.05665e-70 2.18935e-71 3.29501e-69
0.791667 -3.26978e-69 1.39151e-70 2.1173e-68
0.795833 -2.08422e-68 8.7186e-70 1.34118e-67
0.8 -1.30976e-67 5.38573e-69 8.37567e-67
0.804167 -8.11548e-67 3.28044e-68 5.15744e-66
0.808333 -4.9586e-66 1.97042e-67 3.1317e-65
0.8125 -2.98797e-65 1.16727e-66 1.87544e-64
0.816667 -1.77588e-64 6.82058e-66 1.10779e-63
0.820833 -1.04117e-63 3.93145e-65 6.45479e-63
0.825 -6.02198e-63 2.23569e-64 3.71047e-62
0.829167 -3.43652e-62 1.25443e-63 2.10447e-61
0.833333 -1.93509e-61 6.94537e-63 1.17779e-60
0.8375 -1.07531e-60 3.79496e-62 6.50499e-60
0.841667 -5.89738e-60 2.04655e-61 3.54588e-59
0.845833 -3.1924e-59 1.08939e-60 1.90784e-58
0.85 -1.70589e-58 5.72446e-60 1.0133e-57
0.854167 -8.99919e-58 2.9697e-59 5.31327e-57
0.858333 -4.68718e-57 1.5211e-58 2.75072e-56
0.8625 -2.41056e-56 7.69322e-58 1.40615e-55
0.866667 -1.22422e-55 3.84242e-57 7.09838e-55
0.870833 -6.14006e-55 1.89532e-56 3.53887e-54
0.875 -3.04157e-54 9.23382e-56 1.74255e-53
0.879167 -1.48823e-53 4.44361e-55 8.4754e-53
0.883333 -7.19329e-53 2.11242e-54 4.07214e-52
0.8875 -3.43482e-52 9.92092e-54 1.9329e-51
0.891667 -1.62044e-51 4.60346e-53 9.0647e-51
0.895833 -7.55358e-51 2.11062e-52 4.2004e-50
0.9 -3.47931e-50 9.56232e-52 1.92333e-49
0.904167 -1.58375e-49 4.2813e-51 8.70312e-49
0.908333 -7.12476e-49 1.89443e-50 3.89213e-48
0.9125 -3.1679e-48 8.28525e-50 1.72037e-47
0.916667 -1.39226e-47 3.58166e-49 7.5164e-47
0.920833 -6.04857e-47 1.53055e-48 3.24625e-46
0.925 -2.59773e-46 6.46578e-48 1.38601e-45
0.929167 -1.103e-45 2.70045e-47 5.85054e-45
0.933333 -4.63049e-45 1.11512e-46 2.44172e-44
0.9375 -1.92209e-44 4.55305e-46 1.00762e-43
0.941667 -7.88944e-44 1.83827e-45 4.11172e-43
0.945833 -3.20236e-43 7.33947e-45 1.65922e-42
0.95 -1.2855e-42 2.898e-44 6.62168e-42
0.954167 -5.10366e-42 1.13171e-43 2.61359e-41
0.958333 -2.0041e-41 4.37116e-43 1.02033e-40
0.9625 -7.78421e-41 1.66998e-42 3.94004e-40
0.966667 -2.99081e-40 6.31103e-42 1.50502e-39
0.970833 -1.13676e-39 2.35933e-41 5.68711e-39
0.975 -4.27441e-39 8.72568e-41 2.12603e-38
0.979167 -1.59014e-38 3.19267e-40 7.86321e-38
0.983333 -5.85284e-38 1.15578e-39 2.87744e-37
0.9875 -2.13155e-37 4.13983e-39 1.04186e-36
0.991667 -7.68142e-37 1.46723e-38 3.73275e-36
0.995833 -2.73922e-36 5.14568e-38 1.3234e-35
1 -9.66656e-36 1.78581e-37 4.64313e-35
1.00417 -3.37596e-35 6.13333e-37 1.61217e-34
1.00833 -1.16687e-34 2.0847e-36 5.54004e-34
1.0125 -3.99177e-34 7.01288e-36 1.88423e-33
1.01667 -1.3516e-33 2.33492e-35 6.34295e-33
1.02083 -4.52988e-33 7.69464e-35 2.11352e-32
1.025 -1.50279e-32 2.50993e-34 6.97098e-32
1.02917 -4.93519e-32 8.10418e-34 2.27601e-31
1.03333 -1.60442e-31 2.59028e-33 7.35633e-31
1.0375 -5.16366e-31 8.19575e-33 2.35382e-30
1.04167 -1.64528e-30 2.56715e-32 7.45635e-30
1.04583 -5.19012e-30 7.96066e-32 2.33849e-29
1.05 -1.62102e-29 2.44397e-31 7.26132e-29
1.05417 -5.01289e-29 7.42856e-31 2.23245e-28
1.05833 -1.53493e-28 2.23558e-30 6.79591e-28
1.0625 -4.65379e-28 6.66135e-30 2.04846e-27
1.06667 -1.39718e-27 1.96533e-29 6.11413e-27
1.07083 -4.15378e-27 5.74144e-29 1.8071e-26
1.075 -1.22289e-26 1.66084e-28 5.28909e-26
1.07917 -3.56532e-26 4.7574e-28 1.53301e-25
1.08333 -1.02941e-25 1.34944e-27 4.40032e-25
1.0875 -2.94354e-25 3.79047e-27 1.25086e-24
1.09167 -8.33589e-25 1.05437e-26 3.52155e-24
1.09583 -2.338e-24 2.90445e-26 9.81895e-24
1.1 -6.49471e-24 7.92345e-26 2.71152e-23
1.10417 -1.78692e-23 2.14067e-25 7.41631e-23
1.10833 -4.86955e-23 5.72768e-25 2.00908e-22
1.1125 -1.31438e-22 1.51778e-24 5.39077e-22
1.11667 -3.51407e-22 3.98328e-24 1.4327e-21
1.12083 -9.306e-22 1.03534e-23 3.77152e-21
1.125 -2.4411e-21 2.66529e-23 9.83432e-21
1.12917 -6.34288e-21 6.79551e-23 2.54006e-20
1.13333 -1.63257e-20 1.71602e-22 6.4986e-20
1.1375 -4.1624e-20 4.29188e-22 1.64694e-19
1.14167 -1.05126e-19 1.06316e-21 4.13452e-19
1.14583 -2.63013e-19 2.60845e-21 1.02817e-18
1.15 -6.51847e-19 6.3386e-21 2.53277e-18
1.15417 -1.60037e-18 1.52558e-20 6.18057e-18
1.15833 -3.89228e-18 3.63668e-20 1.49404e-17
1.1625 -9.37779e-18 8.58622e-20 3.57766e-17
1.16667 -2.23826e-17 2.00782e-19 8.48673e-17
1.17083 -5.29218e-17 4.6502e-19 1.99429e-16
1.175 -1.23958e-16 1.06668e-18 4.6424e-16
1.17917 -2.87628e-16 2.42334e-18 1.07054e-15
1.18333 -6.61155e-16 5.45258e-18 2.4455e-15
1.1875 -1.50553e-15 1.21504e-17 5.53398e-15
1.19167 -3.39617e-15 2.68149e-17 1.24053e-14
1.19583 -7.58924e-15 5.86067e-17 2.75473e-14
1.2 -1.68002e-14 1.26851e-16 6.0596e-14
1.20417 -3.68414e-14 2.71899e-16 1.32039e-13
1.20833 -8.00307e-14 5.77133e-16 2.85e-13
1.2125 -1.72215e-13 1.21307e-15 6.09352e-13
1.21667 -3.67091e-13 2.52476e-15 1.29053e-12
1.22083 -7.75102e-13 5.20316e-15 2.70728e-12
1.225 -1.62113e-12 1.06171e-14 5.62546e-12
1.22917 -3.35849e-12 2.14497e-14 1.1578e-11
1.23333 -6.8917e-12 4.29033e-14 2.36021e-11
1.2375 -1.40074e-11 8.49552e-14 4.76537e-11
1.24167 -2.81982e-11 1.66531e-13 9.52931e-11
1.24583 -5.62228e-11 3.23134e-13 1.88726e-10
1.25 -1.11023e-10 6.20611e-13 3.70165e-10
1.25417 -2.17127e-10 1.17971e-12 7.19011e-10
1.25833 -4.20529e-10 2.21931e-12 1.38305e-09
1.2625 -8.06574e-10 4.13149e-12 2.63442e-09
1.26667 -1.53194e-09 7.61031e-12 4.96889e-09
1.27083 -2.88119e-09 1.38695e-11 9.27984e-09
1.275 -5.36551e-09 2.50053e-11 1.71596e-08
1.27917 -9.8933e-09 4.45928e-11 3.14152e-08
1.28333 -1.80609e-08 7.86501e-11 5.69392e-08
1.2875 -3.26421e-08 1.37174e-10 1.02164e-07
1.29167 -5.84031e-08 2.36543e-10 1.81457e-07
1.29583 -1.03439e-07 4.03216e-10 3.19012e-07
1.3 -1.8134e-07 6.79306e-10 5.55098e-07
1.30417 -3.14652e-07 1.13083e-09 9.55934e-07
1.30833 -5.40339e-07 1.85961e-09 1.6291e-06
1.3125 -9.18253e-07 3.02007e-09 2.74721e-06
1.31667 -1.54413e-06 4.84219e-09 4.58374e-06
1.32083 -2.56914e-06 7.66187e-09 7.56643e-06
1.325 -4.22896e-06 1.19594e-08 1.23555e-05
1.32917 -6.88612e-06 1.84057e-08 1.99563e-05
1.33333 -1.10908e-05 2.79129e-08 3.18785e-05
1.3375 -1.76664e-05 4.16835e-08 5.03571e-05
1.34167 -2.78275e-05 6.12437e-08 7.86521e-05
1.34583 -4.33392e-05 8.8439e-08 0.000121446
1.35 -6.67276e-05 1.25355e-07 0.000185359
1.35417 -0.00010155 1.74112e-07 0.000279596
1.35833 -0.000152733 2.36451e-07 0.000416731
1.3625 -0.000226978 3.13018e-07 0.000613629
1.36667 -0.000333235 4.02209e-07 0.000892467
1.37083 -0.000483216 4.98429e-07 0.00128179
1.375 -0.000691921 5.89595e-07 0.00181752
1.37917 -0.000978117 6.53728e-07 0.00254366
1.38333 -0.00136467 6.54512e-07 0.00351266
1.3875 -0.00187863 5.3579e-07 0.00478492
1.39167 -0.00255088 2.15122e-07 0.00642725
1.39583 -0.00341528 -4.23261e-07 0.0085099
1.4 -0.00450693 -1.53544e-06 0.0111017
1.40417 -0.00585959 -3.32372e-06 0.0142634
1.40833 -0.00750202 -6.04006e-06 0.0180383
1.4125 -0.00945329 -9.98524e-06 0.0224416
1.41667 -0.0117171 -1.55015e-05 0.0274479
1.42083 -0.0142754 -2.29571e-05 0.0329786
1.425 -0.0170824 -3.27196e-05 0.0388903
1.42917 -0.0200587 -4.51192e-05 0.0449664
1.43333 -0.0230879 -6.03993e-05 0.0509143
1.4375 -0.0260155 -7.86593e-05 0.0563708
1.44167 -0.0286528 -9.97918e-05 0.0609166
1.44583 -0.0307854 -0.000123423 0.0641026
1.45 -0.0321872 -0.000148865 0.0654869
1.45417 -0.0326399 -0.000175089 0.0646802
1.45833 -0.0319566 -0.000200737 0.0613962
1.4625 -0.0300071 -0.000224168 0.0554991
1.46667 -0.0267409 -0.000243563 0.047042
1.47083 -0.022205 -0.00025707 0.0362859
1.475 -0.0165514 -0.000262987 0.0236923
1.47917 -0.01003 -0.000259958 0.00988406
1.48333 -0.00296615 -0.000247169 -0.00442604
1.4875 0.00427777 -0.000224486 -0.0185332
1.49167 0.0113537 -0.000192526 -0.0318532
1.49583 0.0179846 -0.000152616 -0.0440319
1.5 0.0240175 -0.000106642 -0.0550287
1.50417 0.0294623 -5.67867e-05 -0.0651538
1.50833 0.0345044 -5.18356e-06 -0.075041
1.5125 0.039485 4.64451e-05 -0.0855485
1.51667 0.0448446 9.71114e-05 -0.0975931
1.52083 0.051035 0.000146767 -0.111938
1.525 0.0584106 0.00019633 -0.12897
1.52917 0.0671169 0.000247504 -0.148501
1.53333 0.0769988 0.000302391 -0.169651
1.5375 0.087548 0.000362953 -0.190833
1.54167 0.0979084 0.000430418 -0.209863
1.54583 0.106943 0.000504731 -0.2242
1.55 0.113362 0.000584186 -0.23126
1.55417 0.115889 0.000665308 -0.228788
1.55833 0.113445 0.000743039 -0.215194
1.5625 0.105314 0.00081119 -0.189819
1.56667 0.0912663 0.000863091 -0.153077
1.57083 0.0716148 0.000892317 -0.106448
1.575 0.0472031 0.000893356 -0.0523455
1.57917 0.0193243 0.000862126 0.00612525
1.58333 -0.0104073 0.000796289 0.06547
1.5875 -0.0402114 0.000695373 0.122123
1.59167 -0.0683017 0.00056075 0.172747
1.59583 -0.0930343 0.000395564 0.214497
1.6 -0.113037 0.000204641 0.245242
1.60417 -0.127314 -5.58872e-06 0.263731
1.60833 -0.135327 -0.000227207 0.26971
1.6125 -0.137046 -0.000451041 0.263954
1.61667 -0.132953 -0.000667088 0.248193
1.62083 -0.123995 -0.000865146 0.224894
1.625 -0.111465 -0.0010356 0.196921
1.62917 -0.0968165 -0.00117019 0.167074
1.63333 -0.0814328 -0.00126266 0.137627
1.6375 -0.0663959 -0.001309 0.109945
1.64167 -0.0523143 -0.00130733 0.0843246
1.64583 -0.0392626 -0.00125755 0.0601131
1.65 -0.0268669 -0.00116084 0.0361141
1.65417 -0.014527 -0.0010194 0.0111808
1.65833 -0.00171874 -0.000836719 -0.0151764
1.6625 0.0117121 -0.00061816 -0.0423696
1.66667 0.025366 -0.000371931 -0.0686614
1.67083 0.0382884 -0.000109836 -0.0915005
1.675 0.0491692 0.000152638 -0.108184
1.67917 0.0566924 0.000397276 -0.116642
1.68333 0.0599259 0.000605234 -0.116089
1.6875 0.058622 0.000759922 -0.107307
1.69167 0.05332 0.000850007 -0.0924545
1.69583 0.0452115 0.000871671 -0.0744656
1.7 0.0358121 0.000829408 -0.0562442
1.70417 0.0265531 0.000735041 -0.0399432
1.70833 0.0184387 0.000605199 -0.0265741
1.7125 0.0118843 0.000457955 -0.0160627
1.71667 0.00677908 0.000309615 -0.00768569
1.72083 0.00272734 0.000172523 -0.000670768
1.725 -0.000648926 5.43434e-05 0.00531291
1.72917 -0.00348231 -4.12842e-05 0.00998609
1.73333 -0.00560391 -0.000113302 0.0126714
1.7375 -0.00667446 -0.000161795 0.0127666
1.74167 -0.00643064 -0.000187219 0.0102366
1.74583 -0.00492042 -0.000190507 0.00587016
1.75 -0.00260468 -0.000173808 0.0011527
1.75417 -0.000262778 -0.000141236 -0.00221862
1.75833 0.00127041 -9.90099e-05 -0.00298292
1.7625 0.00142895 -5.46362e-05 -0.000850944
1.76667 0.000162167 -1.53055e-05 0.0033114
1.77083 -0.0020086 1.39265e-05 0.00774838
1.775 -0.00415745 3.14062e-05 0.0104425
1.77917 -0.00528859 3.90083e-05 0.00987252
1.78333 -0.00471327 4.09887e-05 0.0056167
1.7875 -0.00232737 4.1964e-05 -0.00142258
1.79167 0.00131385 4.48035e-05 -0.00925627
1.79583 0.00515166 4.92831e-05 -0.0154257
1.8 0.00795651 5.20652e-05 -0.0177903
1.80417 0.00872442 4.80552e-05 -0.0152255
1.80833 0.00700657 3.26414e-05 -0.00800713
1.8125 0.00306626 3.9667e-06 0.00224057
1.81667 -0.00218659 -3.56597e-05 0.0130191
1.82083 -0.00746363 -7.98182e-05 0.0217063
1.825 -0.011486 -0.000119588 0.0263485
1.82917 -0.0133697 -0.000146234 0.0262358
1.83333 -0.0128825 -0.000154061 0.0220649
1.8375 -0.0104851 -0.000142411 0.0156291
1.84167 -0.00713921 -0.000116021 0.00914503
1.84583 -0.00395291 -8.3507e-05 0.00446921
1.85 -0.00179474 -5.44653e-05 0.00250725
1.85417 -0.00102662 -3.62112e-05 0.00304178
1.85833 -0.0014556 -3.1419e-05 0.00502214
1.8625 -0.00250959 -3.75883e-05 0.0071496
1.86667 -0.00354072 -4.85374e-05 0.00845945
1.87083 -0.00410367 -5.72433e-05 0.00861871
1.875 -0.00407705 -5.87352e-05 0.00782418
1.87917 -0.00358597 -5.17111e-05 0.00641294
1.88333 -0.0027967 -3.81707e-05 0.00445844
1.8875 -0.00172483 -2.13551e-05 0.00162353
1.89167 -0.000185035 -3.1731e-06 -0.00262726
1.89583 0.00208192 1.74064e-05 -0.00858986
1.9 0.00518598 4.40064e-05 -0.0159477
1.90417 0.00891728 8.06012e-05 -0.0237257
1.90833 0.0127496 0.000128509 -0.0306288
1.9125 0.0160304 0.000184236 -0.0355731
1.91667 0.0182474 0.000239402 -0.0380769
1.92083 0.0192052 0.000282939 -0.0382665
1.925 0.0190019 0.000304592 -0.0365037
1.92917 0.0178282 0.000298134 -0.0329126
1.93333 0.0157367 0.000262956 -0.0271706
1.9375 0.012563 0.0002036 -0.0187696
1.94167 0.00808022 0.000127845 -0.00762041
1.94583 0.00230635 4.45052e-05 0.00539832
1.95 -0.0042452 -3.81281e-05 0.0183742
1.95417 -0.010573 -0.000112927 0.028934
1.95833 -0.0155075 -0.000174092 0.0352052
1.9625 -0.0181942 -0.000217449 0.0366301
1.96667 -0.0184682 -0.000241079 0.0341451
1.97083 -0.0168925 -0.000245911 0.0295989
1.975 -0.0144256 -0.000235601 0.0247493
1.97917 -0.0119143 -0.000215362 0.0204354
1.98333 -0.00971064 -0.000190138 0.0164031
1.9875 -0.00763211 -0.00016315 0.0118317
1.99167 -0.005259 -0.000135768 0.00616222
1.99583 -0.00234835 -0.000108916 -0.000348339
2 0.000919788 -8.51856e-05 -0.00669969
2.00417 0.00401675 -7.02449e-05 -0.011747
2.00833 0.00638377 -7.24741e-05 -0.0148621
2.0125 0.00775063 -0.000100843 -0.0161753
2.01667 0.00822578 -0.000162174 -0.0162566
2.02083 0.00811137 -0.000259325 -0.0155289
2.025 0.00760947 -0.000391158 -0.0139137
2.02917 0.00666798 -0.000553929 -0.0110175
2.03333 0.00510029 -0.000742705 -0.00672529
2.0375 0.00288678 -0.00095148 -0.00170239
2.04167 0.000401674 -0.00117165 0.00267451
2.04583 -0.00165842 -0.00138986 0.00502607
2.05 -0.00264936 -0.00158687 0.00487497
2.05417 -0.00241545 -0.00173863 0.00308182
2.05833 -0.00145993 -0.00181938 0.00141725
2.0625 -0.000682954 -0.00180548 0.00147298
2.06667 -0.000823058 -0.00167846 0.00361531
2.07083 -0.001967 -0.00142684 0.00670783
2.075 -0.00347203 -0.00104736 0.00882636
2.07917 -0.00437189 -0.000547021 0.00850144
2.08333 -0.00400124 5.35461e-05 0.00564487
2.0875 -0.00241425 0.000716654 0.00153325
2.09167 -0.000314784 0.00138659 -0.00211091
2.09583 0.00143947 0.0019937 -0.00426108
2.1 0.00239539 0.00246437 -0.00512892
2.10417 0.00272589 0.00273506 -0.00574448
2.10833 0.00297113 0.00276645 -0.00693491
2.1125 0.00351603 0.00255366 -0.00850917
2.11667 0.00421506 0.00212951 -0.00929323
2.12083 0.00446036 0.00156031 -0.00800856
2.125 0.00364967 0.000935452 -0.00433844
2.12917 0.00170271 0.000352911 0.000630402
2.13333 -0.000769233 -9.67977e-05 0.00494932
2.1375 -0.00278277 -0.000345717 0.00696858
2.14167 -0.00357349 -0.000359736 0.00630416
2.14583 -0.00304385 -0.000143148 0.00395091
2.15 -0.00176336 0.000265445 0.00151151
2.15417 -0.00054475 0.000805384 0.000135227
2.15833 8.24743e-05 0.00141062 -8.00785e-05
2.1625 0.00013134 0.00202476 0.000131597
2.16667 3.65095e-06 0.00260869 -3.0347e-05
2.17083 9.00099e-05 0.00313793 -0.000762581
2.175 0.000452156 0.00359202 -0.00157491
2.17917 0.000815915 0.00394217 -0.00177845
2.18333 0.00083835 0.00414458 -0.0010823
2.1875 0.000402064 0.00414452 0.000200581
2.19167 -0.000305722 0.00389047 0.001468
2.19583 -0.000972206 0.00335279 0.00234738
2.2 -0.00142062 0.00253854 0.00295233
2.20417 -0.00172231 0.00149505 0.00366529
2.20833 -0.00207036 0.000299674 0.00466087
2.2125 -0.0025389 -0.00096056 0.00561268
2.21667 -0.00295161 -0.00221116 0.00586668
2.22083 -0.00298656 -0.00340417 0.00495609
2.225 -0.002437 -0.00451725 0.00302811
2.22917 -0.00140802 -0.00553756 0.000810343
2.23333 -0.000275577 -0.00643797 -0.000881194
2.2375 0.000570877 -0.00715777 -0.00171146
2.24167 0.00100067 -0.00759979 -0.00202261
2.24583 0.00121178 -0.00764896 -0.00250408
2.25 0.0015433 -0.00720766 -0.00360383
2.25417 0.00218192 -0.00623408 -0.00515022
2.25833 0.0029973 -0.00476758 -0.00647806
2.2625 0.00363477 -0.00293 -0.00694649
2.26667 0.00378708 -0.000903252 -0.00642854
2.27083 0.00342593 0.00110674 -0.00538349
2.275 0.00281002 0.00290492 -0.00446006
2.27917 0.00226585 0.00433047 -0.00394911
2.28333 0.0019171 0.00526746 -0.00352062
2.2875 0.00157781 0.00564941 -0.00246008
2.29167 0.000897368 0.00546535 -0.000239841
2.29583 -0.000346427 0.00476834 0.00299111
2.3 -0.00202245 0.0036787 0.00635993
2.30417 -0.00365746 0.00237141 0.00871468
2.30833 -0.00468439 0.00104347 0.00927138
2.3125 -0.00476411 -0.000130298 0.00804105
2.31667 -0.00396987 -0.00103406 0.00576867
2.32083 -0.00271928 -0.00162332 0.00344287
2.325 -0.00150796 -0.00190883 0.00171211
2.32917 -0.000626193 -0.00192608 0.000591517
2.33333 -4.27198e-05 -0.00171293 -0.000365267
2.3375 0.000479874 -0.00130991 -0.00158042
2.34167 0.00113597 -0.000777941 -0.00302557
2.34583 0.00188471 -0.000210969 -0.00418549
2.35 0.00246323 0.000278011 -0.00445174
2.35417 0.00259933 0.000598435 -0.0036459
2.35833 0.00225885 0.000725792 -0.00224088
2.3625 0.00172139 0.000712247 -0.0010549
2.36667 0.00139985 0.00064796 -0.000610899
2.37083 0.00152489 0.000594064 -0.000665589
2.375 0.00194698 0.000536003 -0.00033784
2.37917 0.00224291 0.000398445 0.00118726
2.38333 0.00207929 0.000119449 0.0039035
2.3875 0.00155582 -0.000268492 0.00682452
2.39167 0.00122715 -0.000618858 0.00864906
2.39583 0.00173388 -0.000743511 0.00880445
2.4 0.00329845 -0.000538142 0.00803987
2.40417 0.00549146 -7.23058e-05 0.00801837
2.40833 0.00749637 0.000430204 0.0101342
2.4125 0.00870846 0.000719792 0.0144482
2.41667 0.00920878 0.000674418 0.0196086
2.42083 0.00971898 0.000368901 0.0238661
2.425 0.0110447 9.5207e-06 0.0263939
2.42917 0.013438 -0.000215638 0.0278424
2.43333 0.0163932 -0.000255668 0.0296695
2.4375 0.019043 -0.00019665 0.0328113
2.44167 0.0208216 -0.00015285 0.036829
2.44583 0.02183 -0.000150449 0.0402683
2.45 0.0225921 -0.000109037 0.0419151
2.45417 0.0234229 6.27845e-05 0.0418305
2.45833 0.0239784 0.000347868 0.041215
2.4625 0.0234151 0.00059574 0.0411773
2.46667 0.0210492 0.000630821 0.0414814
2.47083 0.0169512 0.000408839 0.0404181
2.475 0.0119399 8.14171e-05 0.0360028
2.47917 0.00695087 -0.000102187 0.027528
2.48333 0.00230606 1.26932e-05 0.0161556
2.4875 -0.00248374 0.00035766 0.00402223
2.49167 -0.00820317 0.000688565 -0.00739107
2.49583 -0.0151407 0.000774167 -0.0182437
2.5 -0.0227045 0.000570807 -0.0298598
2.50417 -0.0297811 0.00024005 -0.0432487
2.50833 -0.0355309 2.20752e-06 -0.0579399
2.5125 -0.0399466 -4.23911e-05 -0.0721462
2.51667 -0.043719 2.66e-05 -0.0840847
2.52083 -0.0475654 4.58463e-05 -0.0932772
2.525 -0.0516283 -7.98567e-05 -0.10071
2.52917 -0.0554585 -0.000308497 -0.107774
2.53333 -0.0585491 -0.000522808 -0.114979
2.5375 -0.0608923 -0.000647618 -0.121592
2.54167 -0.0630237 -0.000707156 -0.126458
2.54583 -0.065494 -0.000779882 -0.129192
2.55 -0.0682283 -0.000911525 -0.130581
2.55417 -0.0703351 -0.00107644 -0.131803
2.55833 -0.0705326 -0.00121384 -0.13311
2.5625 -0.0678326 -0.00128643 -0.133115
2.56667 -0.0619286 -0.00129843 -0.129308
2.57083 -0.0530242 -0.00126964 -0.119359
2.575 -0.0413372 -0.00121295 -0.102187
2.57917 -0.0267773 -0.00114569 -0.0780425
2.58333 -0.00910934 -0.00110688 -0.0477815
2.5875 0.0115326 -0.00113413 -0.0121358
2.59167 0.0342263 -0.00120803 0.0282932
2.59583 0.0573018 -0.00123308 0.0723474
2.6 0.0788212 -0.00110574 0.117623
2.60417 0.0971394 -0.000821711 0.160502
2.60833 0.111159 -0.000506372 0.197022
2.6125 0.120196 -0.000309303 0.224011
2.61667 0.123699 -0.0002483 0.239747
2.62083 0.121181 -0.000165269 0.243806
2.625 0.112483 0.000137922 0.236451
2.62917 0.0981534 0.000702138 0.218209
2.63333 0.0796066 0.0013519 0.190017
2.6375 0.0588253 0.00184625 0.153738
2.64167 0.0377829 0.00209483 0.11245
2.64583 0.017951 0.00222011 0.0700407
2.65 0.000196135 0.00240439 0.0302307
2.65417 -0.0149651 0.0026863 -0.00438279
2.65833 -0.02707 0.00292132 -0.0326456
2.6625 -0.0356782 0.00293772 -0.0544325
2.66667 -0.0406252 0.00270827 -0.0699631
2.67083 -0.0422819 0.00235371 -0.0794523
2.675 -0.0415247 0.00199593 -0.0832984
2.67917 -0.0393813 0.00164649 -0.0824607
2.68333 -0.0366202 0.00125522 -0.0784983
2.6875 -0.033587 0.000835002 -0.0730842
2.69167 -0.0303541 0.000484286 -0.0673411
2.69583 -0.0269711 0.000268406 -0.0615358
2.7 -0.0235563 0.000118612 -0.0553479
2.70417 -0.0201806 -9.71827e-05 -0.0484225
2.70833 -0.0167205 -0.000397713 -0.0407145
2.7125 -0.0128834 -0.000632843 -0.0324003
2.71667 -0.00842504 -0.000652753 -0.023577
2.72083 -0.00339098 -0.000521298 -0.0141464
2.725 0.00179914 -0.000501239 -0.00405812
2.72917 0.00646965 -0.000787796 0.00628264
2.73333 0.0099198 -0.00128186 0.015805
2.7375 0.011647 -0.00168232 0.0229797
2.74167 0.0114838 -0.00181552 0.0263723
2.74583 0.00961626 -0.001825 0.025258
2.75 0.00648999 -0.00198773 0.0199823
2.75417 0.00266715 -0.00236129 0.01188
2.75833 -0.00126328 -0.00268057 0.0028014
2.7625 -0.00467566 -0.00263705 -0.00548157
2.76667 -0.006892 -0.00221683 -0.0116483
2.77083 -0.00732116 -0.00169811 -0.0148566
2.775 -0.00577301 -0.00131782 -0.0146377
2.77917 -0.00271737 -0.00101509 -0.0109935
2.78333 0.000811574 -0.000556801 -0.00473335
2.7875 0.00369913 0.000127703 0.00236502
2.79167 0.00528062 0.000830489 0.00803505
2.79583 0.00550334 0.00130805 0.0105638
2.8 0.00465958 0.0015625 0.00966757
2.80417 0.00304966 0.00179689 0.00646248
2.80833 0.000945546 0.00211122 0.00256071
2.8125 -0.00119413 0.00234739 -0.000879162
2.81667 -0.00266357 0.00229378 -0.00335916
2.82083 -0.00285422 0.00197794 -0.00457889
2.825 -0.00174043 0.00165037 -0.00409814
2.82917 2.01018e-05 0.00147069 -0.00167213
2.83333 0.00155822 0.00131385 0.00212454
2.8375 0.00243269 0.000965837 0.00586806
2.84167 0.00285102 0.000456452 0.00815546
2.84583 0.00332028 7.58905e-05 0.0086486
2.85 0.00413357 3.04394e-05 0.00826846
2.85417 0.00517688 0.000180323 0.00832427
2.85833 0.00611996 0.000211236 0.00939714
2.8625 0.00666652 2.33952e-05 0.0109558
2.86667 0.00659894 -0.000169325 0.0118778
2.87083 0.00569695 -0.000153637 0.0112323
2.875 0.00377128 -1.67362e-05 0.00866575
2.87917 0.000867935 -2.98802e-05 0.00434054
2.88333 -0.0025539 -0.00028323 -0.00119842
2.8875 -0.00567485 -0.00057481 -0.00701443
2.89167 -0.00760562 -0.000697106 -0.0117991
2.89583 -0.00776531 -0.000711718 -0.014177
2.9 -0.006185 -0.000830189 -0.0132823
2.90417 -0.00359793 -0.00108758 -0.00932142
2.90833 -0.00120341 -0.00129172 -0.0037835
2.9125 -0.000133764 -0.00132082 0.000924792
2.91667 -0.000910475 -0.00131407 0.00241478
2.92083 -0.00327124 -0.0014429 -0.000537741
2.925 -0.00645892 -0.00159024 -0.00730668
2.92917 -0.0096325 -0.00145704 -0.0157188
2.93333 -0.0120136 -0.00100989 -0.0231623
2.9375 -0.0128239 -0.000620686 -0.0276455
2.94167 -0.0114275 -0.000612264 -0.0281076
2.94583 -0.00781241 -0.000793822 -0.0241844
2.95 -0.00292324 -0.000691016 -0.0161924
2.95417 0.00173581 -0.000243823 -0.00554426
2.95833 0.00506638 -2.1622e-06 0.00517331
2.9625 0.00701006 -0.000437745 0.0132233
2.96667 0.00821254 -0.00123657 0.0173407
2.97083 0.00914606 -0.00159877 0.018427
2.975 0.00970704 -0.00126304 0.0184881
2.97917 0.00965207 -0.000896383 0.0188167
2.98333 0.00915311 -0.00122645 0.0192319
2.9875 0.00864382 -0.00199985 0.0189213
2.99167 0.00814322 -0.0022059 0.0176007
2.99583 0.00702589 -0.00137244 0.0155548
